3.8175668135940777 0.009688050378666878 0.06983600051856297 0.034762913122174485 0.01591885782301184 2.0138212133597215 0.3914283534255111 3.999683346627275 1.6440091768831642 1.217877865040298 2.316456587638986 2.9375857273256716 2.9827828990961214 2.4055793583946814 3.654858900466375 2.9766770424250066 1.0422966892850238 0.6386992685621896 0.9398686775815186 0.5302609983917349 0.7555777004627764 1.6887045754754146 0.7172743374232985 0.896703575226239 1.4724428544576886 0.07122818518603509
3.6880609936009967 0.00986658518473302 0.032866680954988216 5.294174105986744e-07 0.01557237249090079 2.0619884974444878 0.39448161912796204 3.999999999634102 1.6218347901672923 1.1852590019984404 2.2139440815138 2.755235168596192 2.696221122421886 2.095849696174979 3.0692133158706896 2.40930953580514 0.8130423782144205 0.48020695635776695 0.6811144528657426 0.370387586553731 0.5087495552731662 1.0960894539597852 0.4487669731941998 0.5408323920730169 0.6200466788538377 0.0699594580674007
3.6881610184964737 0.009864994840814495 0.03289691577937501 2.59592810638708e-06 0.015573122084723268 2.0618892212715956 0.39447678058498253 3.999999994598749 1.6218513645365495 1.185281747380067 2.214021534866054 2.755372058699004 2.6964328178899324 2.096074472860357 3.069634702168367 2.4097091912153874 0.8131994436996495 0.48031322143120575 0.6812849052801584 0.37049045771131445 0.5089055835700675 1.096463117597549 0.44892981667071835 0.5410447397477476 0.6204860931648741 0.06995741534743108
3.6881394058801233 0.009865239942718646 0.03289054169100816 3.0117655436476665e-06 0.01557333817408623 2.0618605962858934 0.3944778675568984 3.9999999945670304 1.6218478219996328 1.1852768777358698 2.2140049488281592 2.7553427498225465 2.6963874767773457 2.096026316251918 3.069543466516275 2.4096228997700986 0.8131658875216061 0.48029055053289915 0.6812484838176895 0.3704685563239974 0.5088722848248168 1.096381830139415 0.4488951002899763 0.5409992355367917 0.6203837181575639 0.069956293940111
3.688071120984887 0.009866235609153213 0.03287001853384869 1.4810082239258438e-06 0.015573051617601676 2.061898565537053 0.39448119049373176 3.9999999998971223 1.6218365231745873 1.1852613695303784 2.21395214084855 2.755249419895947 2.6962431452305253 2.095873068523098 3.0692557615682894 2.4093501361077805 0.8130588457471037 0.480218147423915 0.681132318948399 0.3703984867467804 0.5087659703035594 1.0961264966323403 0.44878414721913357 0.5408544390971806 0.620079284492104 0.06995673762448924
3.688094843806244 0.009866185958267194 0.0328767061176494 5.494238328257969e-07 0.015572164267135116 2.0620160682769155 0.39447994269954884 3.999999999999989 1.6218403564218944 1.1852666492257395 2.2139701247257637 2.755281190426288 2.696292306897222 2.095925288045266 3.0693561022576685 2.4094446884053964 0.8130950916417561 0.4802425793219249 0.6811716601269219 0.37042201732724406 0.5088018685076745 1.096216530396647 0.44882153701723 0.5409038207636451 0.6202046556326326 0.06996068622370721
3.6881571432476687 0.009865240899336368 0.032895468258522485 1.4845283618403274e-06 0.015572465446165846 2.0619761857731214 0.3944769062602235 3.9999999999986153 1.6218506647845676 1.1852807984408527 2.2140183074764055 2.755366344596459 2.696424005272032 2.096065135674331 3.069618728190785 2.409693656245259 0.8131927749395407 0.48030864992775074 0.6812776666902652 0.37048595719289673 0.5088988852156721 1.0964495770816571 0.4489227721611012 0.5410359537819914 0.6204809795597392 0.06996010267411848
5.455631989188982 0.00928237136594532 0.07401362233883259 0.036569399413388465 0.01641937218541984 1.9292165969030601 0.321785187459099 3.6533623522777625 1.58649650579123 1.2032890690210747 2.334867730374718 2.974889594390109 3.033714053650185 2.4559243878607044 3.7454769386448814 3.0620059350381705 1.0762316643750314 0.6619755995400718 0.9778577450351229 0.5537765621761697 0.792076300354201 1.777475340382744 0.7578707171640683 0.9512858372432595 1.631469266398052 0.07542160943634088
3.6938374797368363 0.009863385508763606 0.03290119907503208 1.4447889971748095e-06 0.015575633340425908 2.061557195529732 0.39410619372844424 3.9978884120007923 1.6214035761094039 1.185125186925895 2.213988632022506 2.7554125110664005 2.6964995856416256 2.096132670758168 3.0697275777537514 2.409788755000594 0.8132287574711987 0.4803318798815669 0.6813132994694777 0.37050696432500885 0.5089296548677014 1.0965176023454608 0.4489537555004699 0.5410752899939625 0.6205352858332823 0.06997351455588208
3.6881085776968576 0.009866394438871886 0.032880268947837736 4.1116941436790827e-07 0.015571078517467057 2.062159870100902 0.3944791400512167 3.999999999999971 1.6218425331124924 1.1852696542982961 2.2139803596962886 2.7552992625951234 2.6963202849043424 2.0959550202153054 3.0694144434973825 2.409499361813904 0.813115627291921 0.4802563644868148 0.6811939402182317 0.37043523486546953 0.5088221353501672 1.0962693956632998 0.4488426232430152 0.5409320519007182 0.6202862166562693 0.06996540494638763
3.6880097510923773 0.009868945298396183 0.03284894015337119 2.733956245042619e-10 0.015568001458245991 2.0625711350988594 0.39448360958262974 3.999999999999979 1.6218259447685566 1.185246920569159 2.213903051505229 2.7551626800765634 2.6961088700512605 2.095730177631183 3.068997345079229 2.409101901460748 0.8129575715424351 0.4801491057022957 0.6810220086143624 0.37033093625789265 0.5086641157496959 1.0958981347711345 0.4486771732645976 0.5407173827989455 0.6198775107587168 0.06997735450309674
3.6881087627191653 0.00986600389698188 0.03288085402271422 6.038774247601308e-07 0.015572132962709526 2.0620202143706177 0.39447925500085096 3.9999999999486406 1.621842650099107 1.1852697994260597 2.2139808527794576 2.7553001490077613 2.6963216306454663 2.095956428054398 3.0694148105269408 2.4095002862124817 0.8131168187313369 0.48025726705795907 0.6811952398842521 0.37043621970107443 0.5088234372623515 1.096268726047106 0.44884403637732184 0.5409332457089607 0.6202684146478571 0.0699609651997312
3.6880533311668775 0.009866859003681897 0.03286415135345146 1.0363647198564826e-07 0.015571873525342582 2.0620545754181685 0.39448194563885663 3.9999999999999996 1.6218334825966705 1.1852572146636806 2.213937996278519 2.755224407978329 2.6962044917235897 2.095832044831138 3.0691811831513234 2.409278819745379 0.8130299506631138 0.4801985121098468 0.6811009690422982 0.3703793657870911 0.5087371694672466 1.0960613906972843 0.44875402194192354 0.5408157573743462 0.6200214221201106 0.06996146542473142
3.688058434731937 0.009866298605061172 0.03286644300035171 2.680729347210793e-06 0.015573602181905207 2.0618256587153634 0.3944818395549809 3.999999998959115 1.621834485472654 1.18525855954402 2.213942566106117 2.7552325074736213 2.6962169681083714 2.0958452605823146 3.0692020622717697 2.4092995977582263 0.8130395718999124 0.48020516689415504 0.6811114013138229 0.37038600165543273 0.5087469004651107 1.0960782096303174 0.44876430110892296 0.5408281724935629 0.6200097062330268 0.06995433585525844
3.6880623091389264 0.009866267229490489 0.03286757301513856 2.686871079330738e-06 0.015573541776486946 2.0618336534792645 0.3944816463727118 3.9999999999474607 1.6218351208286808 1.185259432574969 2.213945538833393 2.755237760156918 2.6962250928184046 2.095853887765755 3.069218427055199 2.4093150702503165 0.8130455811830161 0.4802092245874005 0.6811179223503258 0.3703899197893261 0.5087528598747013 1.0960928086795485 0.4487705158745766 0.5408363269225399 0.6200285929184169 0.06995462968365848
3.688104272298149 0.00986592135681404 0.03287972249210413 1.0899475630115336e-06 0.015572586981659212 2.061960086682224 0.3944795278804966 3.9999999999999996 1.6218419511649176 1.1852688313843434 2.21397755393113 2.755294324823687 2.6963126096486945 2.095946838342534 3.0693957102345326 2.409482453015723 0.8131102285298791 0.4802528490012418 0.6811880840384028 0.37043199707957875 0.5088169373474284 1.096251310684079 0.4488372877056094 0.5409241550210555 0.6202393842099042 0.0699590223701449
3.6881659069305126 0.009865105521702215 0.0328981157147627 1.7689994013251935e-06 0.015572535444676208 2.061966913227542 0.39447648579578576 3.9999999999999996 1.621852118734419 1.1852827932070813 2.2140250998092506 2.7553783490462362 2.6964425699250443 2.09608484725135 3.0696556648969473 2.4097286911346534 0.8132065557188435 0.4803179708987414 0.681292617610572 0.37049498202561715 0.5089125725964301 1.0964823177982421 0.4489370585913471 0.5410545807864945 0.620519110233944 0.0699599099701601
3.688168067972581 0.009864990416503832 0.032898878495659416 1.86416821549126e-06 0.01557277209017735 2.0619355788510667 0.3944764011039563 3.9999999999999996 1.6218524943434585 1.1852833055747427 2.214026844264652 2.755381435673001 2.6964473375357394 2.0960899055824047 3.06966466559718 2.409737351022677 0.8132101314949858 0.48032041291718264 0.681296503127654 0.37049736948575923 0.5089161526211565 1.0964900966939453 0.4489408074848092 0.5410593352186869 0.6205247665779697 0.06995893834060878
3.6880836264961303 0.009865981746142555 0.03287390327928712 2.7826084774991633e-06 0.015573432386580734 2.061848133771895 0.394480599030036 3.9999999979120564 1.6218386281856592 1.185264250841162 2.213961947576658 2.7552667571292893 2.696269940938062 2.09590150842536 3.0693082901715334 2.409400148729548 0.8130787960898384 0.4802316731358491 0.6811539674437778 0.37041162032905095 0.5087858251904811 1.0961727527485359 0.4488049032310737 0.5408813161099366 0.6201279160409227 0.06995531218407147
3.688077506026589 0.009866342528163879 0.03287162147865068 7.462139610338747e-07 0.015572429205014442 2.061980983057672 0.39448082011893637 3.999999972915733 1.6218375019813747 1.1852627307532573 2.213956785879229 2.7552576220174023 2.6962558477665155 2.0958865674677494 3.0692825947297404 2.4093752022261357 0.8130681268626291 0.4802243693624195 0.6811423943249767 0.3704044342660684 0.5087751217246465 1.096150955925409 0.44879365167833124 0.540867223683475 0.6201203786026431 0.0699593968364505
3.6881915762876805 0.009865229530318402 0.03289442971670017 1.3522411810633313e-06 0.015574085449217423 2.061777174391998 0.39447377024247715 3.9999999999999996 1.62185243028948 1.1852841367912739 2.214035547702079 2.7554013158551487 2.696467341528936 2.0960926901096797 3.0696644385470644 2.4097031588299886 0.8131865826315101 0.48029933376716516 0.681253189469927 0.37046574391818404 0.5088578830853184 1.0963186783917627 0.4488571896696098 0.5409331366650225 0.6198493784413571 0.069953697952111
3.6881399982219634 0.009865625920178225 0.03289009937949644 4.93525397027536e-08 0.015571895659807385 2.0620516455694053 0.3944776809718227 3.9999999999999996 1.6218477753454452 1.1852768437678962 2.214004846368614 2.7553425472093367 2.696387221915839 2.096026096841183 3.069546676884884 2.409625035894555 0.813165377582831 0.4802900779809569 0.6812479402152654 0.370467924385333 0.5088716313804786 1.0963861207239136 0.44889427672174986 0.5409990620754588 0.6204142887613605 0.06996227366990525
3.6881265780834895 0.009866046257902094 0.03288579353487515 6.78828800013568e-07 0.015571366952191038 2.0621216540807494 0.3944783083215949 3.999999999999847 1.6218455287309685 1.1852737630478885 2.213994351886962 2.7553239922654487 2.69635852921952 2.095995626695495 3.06949029061625 2.4095713652023356 0.8131440382763243 0.4802755901623085 0.6812247611512587 0.370453860252292 0.5088503618904959 1.096336497518775 0.44887208435901615 0.5409703842515435 0.6203622778639468 0.06996438551553956
3.6881174266913694 0.009865617870702234 0.03288385536355565 2.330510624848554e-06 0.015573066983173778 2.0618965157616116 0.3944789221180651 3.9999999999997096 1.6218441714074714 1.1852718694973159 2.2139878948437413 2.755312606972592 2.6963408660262953 2.0959768282936238 3.0694509599980484 2.4095350950798835 0.813131281024975 0.4802671268181418 0.6812109275767838 0.3704458671923199 0.5088378933284506 1.0962999027197684 0.44885919661112744 0.5409524846399989 0.6202893288632046 0.06995718261692929
3.6881655883125477 0.00986518289776696 0.03287822124610824 8.643681567843432e-07 0.015578018883164759 2.061811233660089 0.39447408859403044 3.9999999999993565 1.621848950071003 1.185279125364433 2.2140182149382945 2.7553673526623657 2.696402146673091 2.096009187091684 3.0694754902846326 2.4094974474469244 0.8130957439136606 0.48023053123103443 0.6811296687180762 0.37038357784324255 0.5087202144617341 1.0959564227229681 0.4486857446447145 0.5406908418569814 0.6189726365297943 0.06993744578452128
3.849857906379256 0.009712697680548612 0.07811141084253745 0.043702102846232244 0.015973678246382066 2.001669995472378 0.3872859010553458 3.9999993308122703 1.6505876559554298 1.2228466901015336 2.3404732200838647 2.9800098416348213 3.0517018039435793 2.481602770755879 3.801772362073934 3.122029889638433 1.1022326661194963 0.6809915090570723 1.0104765420158754 0.5748053341297504 0.8259217111715961 1.8616423952737549 0.7972917679432728 1.0052181418182002 1.8064818210864952 0.07186056345798741
3.6881376148932734 0.009865727954999987 0.032889317430528406 7.91330404633653e-07 0.01557181212242361 2.0620627046889823 0.39447779891367485 3.9999999999999236 1.6218473844640102 1.1852763052175959 2.2140030087891587 2.755339298415436 2.696382192274916 2.096020748764614 3.0695366382744664 2.40961551506774 0.813161653701994 0.48028754737340945 0.6812438894062194 0.3704654729386918 0.5088679110152088 1.096377266197184 0.4488904144080811 0.5409940687207823 0.6204044683716042 0.06996262780595784
3.6880460407623894 0.009866584761093799 0.03286250645345977 1.0801851740165492e-06 0.015573012170207382 2.0619037971132 0.39448240598568524 3.9999999999940603 1.6218323792395917 1.185255680511073 2.213932768270518 2.755215183521144 2.6961901982303558 2.0958168512176245 3.0691500620776138 2.4092499666461764 0.8130195948308586 0.4801916067010477 0.6810897260179084 0.37037281158241153 0.508727001178994 1.0960326228627557 0.4487434833172782 0.5408013291902132 0.6199658212902258 0.06995663213587006
3.6880792338396207 0.009866614413385988 0.032871741644541395 1.42260724256847e-07 0.015571555274397611 2.0620967281609714 0.3944806312415693 3.999999999999999 1.6218377300972917 1.1852630520021996 2.2139578749352142 2.755259535002616 2.696258826265856 2.0958897459117396 3.0692905010042297 2.4093822102958136 0.8130701530783337 0.4802256704003877 0.6811446018207296 0.37040560032908804 0.5087770579508009 1.0961588179222395 0.44879561710263893 0.5408702933037324 0.6201450713536396 0.06996307701720164
3.6881879040153818 0.009865143597755106 0.0328923185264453 1.24775160462054e-06 0.015574819521316431 2.0617862235122266 0.39447380831247897 3.999999999999998 1.6218521342865675 1.1852836045350401 2.2140337707608957 2.7553976280673385 2.6964595123286332 2.096082056032756 3.0696387293929632 2.4096748782389272 0.8131739535794613 0.4802896113419124 0.6812354765160038 0.3704538394624444 0.5088377434698647 1.096265280234659 0.4488317800271761 0.5408970655531279 0.6197199136924941 0.06995062227370168
3.688191969683347 0.009865018522720283 0.03289474641770758 1.355932465860239e-06 0.015574147761472926 2.0617758871062346 0.3944737378656386 3.9999999999999996 1.6218525594519067 1.1852842603707585 2.214036208920221 2.7554027090336617 2.696468959157109 2.0960936005722113 3.0696660016679513 2.409703505451578 0.8131864701523291 0.4802990803214916 0.6812525014319891 0.37046515654602996 0.5088567397771736 1.0963154411220404 0.44885547211196913 0.5409305780996364 0.6198387132821669 0.0699534677931539
3.6881921646039006 0.009865251802593752 0.03289493196924727 1.3740139403855692e-06 0.015573868813965696 2.061776056184063 0.3944737857380711 3.9999999999953504 1.621852460398573 1.1852842121099767 2.2140357419097425 2.755401765400983 2.6964686681929413 2.0960948343240706 3.0696700727874395 2.4097097108471495 0.8131896143714015 0.48030172584363184 0.681257646977893 0.3704687867825077 0.5088631189780003 1.0963328409155264 0.44886396600528544 0.5409428718784131 0.6198866684776723 0.06995460295401568
3.68817872233799 0.009864543077133333 0.03288537181055318 1.007861349591478e-06 0.015576818687628804 2.061809026839834 0.3944738846471039 3.9999988047424764 1.6218519027286422 1.1852849287725387 2.214023532823231 2.755367372766647 2.696413843841735 2.0960461310120464 3.069561144208214 2.409588209100714 0.813135655325694 0.48026061616769905 0.6811837899355858 0.3704195016111978 0.5087804556822555 1.0961158922397938 0.4487610090204344 0.5407976180206177 0.6193707544760373 0.06994179739849929
3.688103294836842 0.009865768289315804 0.032879673265041674 2.2394807863140234e-06 0.015573188723732156 2.0618804001509186 0.39447962708773754 3.9999999788644707 1.621841835220353 1.1852686644756374 2.213976985550025 2.755293329826909 2.6963110494006934 2.095945165863661 3.0693911003503613 2.4094784486582856 0.8131092059292164 0.48025221049892186 0.6811869696767396 0.370431451857169 0.5088159858112486 1.096246599490852 0.4488363460206509 0.5409225572133569 0.6202225343291363 0.06995651972890828
3.688798387352024 0.009866038180713882 0.03308035618789883 0.000201531820052561 0.015572962017442342 2.0619104727216877 0.39444556770112843 3.9999999999999725 1.6219587669344764 1.1854284740037448 2.2145203471518977 2.756253248107934 2.697794304234082 2.097519749459938 3.0723172542048007 2.4122600088199615 0.8142105255913631 0.4809992440941738 0.6823838107520729 0.37115663507864244 0.5099147461271307 1.098839343351939 0.44998628869051877 0.5424181385915406 0.6232156165293441 0.06997185829930191
3.688045287864945 0.009866431717335342 0.03286257873529651 2.6931174153714738e-06 0.015573740271017515 2.061807383480722 0.39448248684956944 3.999999999999207 1.6218323289941217 1.1852555957182762 2.2139324722398563 2.755214671085951 2.6961893800029206 2.095815966689527 3.069146627230095 2.409247151968536 0.8130191547713929 0.4801913753454081 0.6810892458707098 0.3703726782749723 0.5087266475467846 1.096028816736573 0.44874317826943283 0.5408004935136715 0.6199468967282379 0.06995362207867349
3.6881913593098266 0.009865181632704707 0.032894039608772054 1.3385539836577025e-06 0.015574332241065985 2.0617766208265658 0.3944737343368756 3.9999999999999996 1.6218524741694322 1.1852841585603597 2.2140356839049367 2.755401438619661 2.696466831596946 2.0960913371663543 3.0696601440196343 2.4096977510391366 0.8131839666015732 0.4802971899803731 0.6812490725017084 0.3704628742880382 0.5088528571458699 1.096304891008892 0.4488505259937275 0.540923478994575 0.6198109077140515 0.06995267398123192
3.6880481212880327 0.00986614069060967 0.032863725030108454 6.946731663137041e-08 0.015574167129711538 2.0617508628776395 0.3944823415849479 3.9999999999999996 1.6218328040622618 1.1852562506386652 2.2139347126962563 2.7552186383261374 2.696195527128237 2.0958225174694567 3.0691584895171524 2.4092585198060092 0.8130237226055302 0.4801945290906481 0.6810942449583307 0.37037576006932016 0.5087312870515284 1.0960389722105432 0.4487479621305747 0.5408064632420614 0.6199530977000983 0.06995175895093178
3.688193106880347 0.009865278774216214 0.032895577938653164 1.4051663579850107e-06 0.015573642688194566 2.061773435507147 0.39447379066948446 3.9999999999999476 1.6218525488786233 1.1852843728448033 2.2140361874142784 2.7554026334053527 2.6964707304968294 2.096097892306859 3.069677531842695 2.409718190431514 0.8131934712812312 0.48030471587149837 0.6812631337916804 0.3704724926988637 0.5088694344498158 1.0963497859568856 0.4488720301444975 0.5409543994816672 0.6199298315520972 0.06995555070397363
3.6881653020254577 0.009865192345994136 0.03288196837686349 7.36410097540504e-07 0.015576724594434665 2.061842360492675 0.3944744909858849 3.9999999999999996 1.6218492973294514 1.185279482806647 2.214018878862212 2.755368867439521 2.696408945365111 2.096022213658878 3.0695089440679206 2.4095401990589056 0.8131163484910315 0.4802469821164834 0.681160646313254 0.3704049054413817 0.5087572580206203 1.0960580350226545 0.44873451229909717 0.5407615745089266 0.6192748924749285 0.0699425959000317
3.6881036425748706 0.00986654022635922 0.03287869139781843 4.601206724338492e-07 0.015570883142110326 2.0621857470772467 0.3944793623099889 3.9999999999996922 1.6218417046880313 1.1852685189893148 2.213976492946287 2.755292426240594 2.6963097147918584 2.095943798087185 3.0693937113051817 2.409479620521111 0.8131077599274324 0.4802510263015168 0.6811853992603653 0.3704300518524449 0.508814300122724 1.0962511563827038 0.44883444239746545 0.5409214800095666 0.6202672374972894 0.06996617961513651
3.688077270029541 0.009867273906481393 0.032853701922513516 8.997117611742575e-08 0.015574560177258674 2.0621745956733193 0.3944785508430653 3.999999999973489 1.62183461528785 1.1852593500177193 2.2139503018202427 2.755247401339406 2.696220061563979 2.0958204235277162 3.0691316192964093 2.4091790996423343 0.8129723910101809 0.48014880234458335 0.6810023275487711 0.3703084083329325 0.5086101137546254 1.0957089272474123 0.4485786321409787 0.5405578332707139 0.618856077577633 0.06995084743246908
3.6881691320136296 0.009864915421254433 0.032899288222441626 2.1792303127300895e-06 0.015572972885436792 2.0619089869633878 0.39447636766173305 3.999999999288006 1.621852689982692 1.1852835700262785 2.214027742923862 2.7553830270394495 2.6964497910971588 2.096092504731935 3.069669069905738 2.409741646391231 0.8132119906921635 0.48032168993312324 0.6812985224343205 0.370498628662082 0.5089180233378531 1.0964938127937416 0.4489427761134157 0.541061778920885 0.6205258764576784 0.06995811445514086
3.6881424409968755 0.009865603124329167 0.032890840222477576 9.254058485545992e-07 0.015571980638147376 2.0620403879381612 0.39447757858328847 3.9999999977332004 1.6218481934332056 1.1852774139512352 2.2140067846675975 2.755345973954577 2.6963925126780746 2.0960317046643184 3.069556891377802 2.409634796406287 0.8131693353790632 0.48029275710026015 0.6812522273222383 0.37047053045165773 0.5088755576379984 1.0963951010545314 0.4488984020873662 0.5410044041875165 0.620423254782054 0.06996197249208931
3.688162474398646 0.009865231486814464 0.03289698436303521 1.758145458589262e-06 0.015572328975189707 2.0619942487061933 0.39447664170872376 3.999999999999999 1.621851536479139 1.1852819964426713 2.2140223866272315 2.755373550763298 2.6964351533585535 2.0960769735552107 3.0696412798991406 2.4097149507397826 0.8132010247240974 0.48031420808808306 0.6812866077854159 0.3704913208802674 0.5089070520882363 1.0964697221497255 0.4489312892868036 0.5410471643928523 0.6205071012723309 0.06996074386496735
3.688159288345421 0.009865318663530683 0.032875292287228665 3.1701476769101165e-08 0.015578083178732086 2.0618310708164964 0.3944743064366834 3.9999999999999996 1.6218477841501175 1.1852775593230127 2.2140130354026035 2.7553581387685084 2.6963868280471055 2.095991498679549 3.0694404081791546 2.409461419377397 0.8130805816537328 0.48021966029242413 0.6811111394672542 0.37037174497312514 0.5087011475000642 1.0959079197300392 0.4486633921045104 0.5406600011445422 0.6188726401317197 0.06993716022725942
3.688188904334752 0.009864721780427157 0.03288223380241975 1.5380172463280834e-06 0.015579474643512626 2.0617030238112757 0.394472641734049 3.999999999999994 1.621852224267897 1.185283757985548 2.214034985905298 2.7553973279782156 2.696444977405144 2.096049598408418 3.0695450397168544 2.409554195989546 0.8131152237051583 0.4802418722300391 0.6811443328739388 0.37039050749425245 0.5087270363705134 1.0959611078889826 0.4486849896513086 0.5406839502601862 0.6188223631171944 0.06993188021080846
3.6881411653200873 0.009865704292766298 0.032890353341749314 1.052879453107774e-06 0.015571777952665065 2.0620672228151102 0.39447763127345464 3.999999999839717 1.6218479706196078 1.1852771096366843 2.2140057473928354 2.7553441370662544 2.6963896757748413 2.096028693386363 3.069551635008689 2.409629709948414 0.8131672037266863 0.48029129139708193 0.6812499039807792 0.37046909237631503 0.5088734101652382 1.0963906082069321 0.4488961544735537 0.5410015889196876 0.6204208383152261 0.06996281840099139
3.6881595245318515 0.009865142402122698 0.03289627166666951 1.6100939384180653e-06 0.015572654273726194 2.0619511805241757 0.39447680950270997 3.999999999999999 1.621851073410261 1.1852813566821134 2.2140202081419087 2.7553697063504123 2.6964291995874152 2.096070647379886 3.069628682682396 2.409703193549894 0.8131966607243418 0.4803112951124604 0.681281885378625 0.3704885363162669 0.5089027650035666 1.0964582436660595 0.44892683167228176 0.5410411427362666 0.6204883922930603 0.0699593359451687
3.6880847549458955 0.00986642849348352 0.03287355430289255 6.260231037718143e-07 0.015571907791745117 2.0620500336840086 0.39448041243850646 3.9999999999701745 1.6218386733714774 1.1852643410187458 2.2139622633566116 2.7552672942212864 2.696270817759736 2.0959024702372635 3.069313651044704 2.4094043431065835 0.8130791210053459 0.48023175716577343 0.6811543251726001 0.37041152477726547 0.5087859821698748 1.09617905224165 0.4488049566738218 0.540882303809638 0.6201634487298022 0.06996166534480909
3.688136589003069 0.00986619686045564 0.03287831818091199 1.6207901041225116e-07 0.015573303291448407 2.061985549474557 0.39447647727612906 3.999999999878919 1.6218443176412183 1.1852727106659062 2.213995586370029 2.755329248836269 2.696355548181697 2.095974817472008 3.0694399457425323 2.409491707334833 0.8131030361742781 0.4802423659488215 0.6811613747144224 0.3704098451851227 0.5087728731770155 1.096118357342725 0.4487678609248278 0.5408171356611607 0.6196432403091842 0.06995638240535323
3.688057385763573 0.00986626821345721 0.03286620320206884 3.2175196234286527e-06 0.015573798974312863 2.061799590532908 0.39448190131056676 3.999999993073162 1.6218343299005644 1.1852583424593022 2.2139418256826016 2.755231202138502 2.696214941514662 2.0958431037930834 3.0691974994716826 2.4092954021937256 0.8130381166699451 0.4802042012644599 0.6811098214490814 0.37038509333439534 0.5087454795874504 1.09607395766263 0.44876283861870553 0.5408261418005645 0.6200005672080143 0.06995351769800454
3.6880361151014682 0.00986676352035057 0.03285946406011493 8.445238291060175e-07 0.015572879400015874 2.0619213804827594 0.3944828747020885 3.9999999821497036 1.6218307184669711 1.185253405943445 2.213925026906102 2.7552015019340685 2.696169041997302 2.0957943895823172 3.0691080826291386 2.4092101200148157 0.8130038875609911 0.4801809759855144 0.6810726818543494 0.37036251526359754 0.5087113956404525 1.0959954539790255 0.4487271927064124 0.5407801188410555 0.6199229943022917 0.06995708069007335
3.688149573933398 0.009864990836351234 0.03288435986588721 3.2875766634045546e-07 0.015575407456974314 2.0619692969755166 0.39447607247305533 3.9999999999997113 1.6218492876469852 1.1852796950530404 2.214010095493788 2.7553470889904474 2.6963861558333893 2.0960172945837074 3.069502121296992 2.4095644945755756 0.8131327436636857 0.4802620815095015 0.6811924709920689 0.37042836334158014 0.5088008420366319 1.0961869294332625 0.44879742546001705 0.5408565987853209 0.6197705248473216 0.06994745267609026
3.688190364343497 0.009865179673453787 0.032893584082005205 1.3131782299208081e-06 0.015574437785828297 2.061779697081679 0.3944737611461286 3.9999999999999996 1.6218523626833206 1.1852839845823422 2.2140350906023665 2.7554002965202513 2.696464742021587 2.0960887736386327 3.069654432696208 2.4096917560834292 0.8131813759799857 0.4802952554308866 0.68124564426008 0.37046061727629825 0.5088491144687912 1.096295159426365 0.4488459451047768 0.5409170594938126 0.6197894704376969 0.06995222656863295
3.688093047757699 0.009866071233860515 0.03287601644553085 2.1979854406744094e-06 0.015572811136165307 2.0619304047042712 0.3944800780955383 3.9999994792165734 1.621839787858568 1.1852659665636387 2.213967916138581 2.755277319978561 2.6962862960551286 2.095918880589231 3.06934239542027 2.409432108044663 0.8130907886164609 0.4802397202131367 0.6811669762463591 0.37041933089309204 0.5087976501344841 1.0962036868226497 0.44881720393035385 0.5408977725439894 0.6201769200432578 0.06995799463302792
3.688140636580615 0.009865517891998323 0.03289045420195407 1.0171032480463656e-06 0.015572285085648738 2.062000070681792 0.39447769991178305 3.9999999999999973 1.6218479229508633 1.1852770372686692 2.214005500424696 2.7553437090931223 2.696389000939691 2.0960279682422045 3.069549177339827 2.4096276608548015 0.8131667867432282 0.48029106438446156 0.6812494664635472 0.37046892612845533 0.50887306427148 1.0963879640405743 0.4488958195276095 0.5410008378949338 0.620409848063118 0.06996067269387393
3.68816298389058 0.009865031095897432 0.03289740394117965 1.9879284305821493e-06 0.015572870311447438 2.0619225698771486 0.3944766607111402 3.9999999999999996 1.6218516662650222 1.185282166110212 2.2140229624559797 2.755374577215085 2.6964367251014347 2.0960786320834015 3.0696431902033234 2.4097170691293552 0.8132022839870918 0.4803151176351591 0.6812879883942862 0.3704922595206913 0.5089083736237415 1.0964709198090352 0.4489327013253178 0.5410486758534202 0.6205000089555293 0.06995847523106254
3.6881633234587183 0.009865000335774175 0.032897544963111654 2.1510339860369087e-06 0.015572961089979409 2.0619105474940578 0.39447665307902086 3.999999999998879 1.6218517307334994 1.185282252954169 2.214023257578227 2.7553751002238163 2.6964375304152837 2.096079484234757 3.0696445704091855 2.4097184327202545 0.8132029000611778 0.4803155427571863 0.6812886569883848 0.37049268169409594 0.5089089958228371 1.0964720554349638 0.4489333584759902 0.5410494763689667 0.6204998173874989 0.06995810201414544
3.6881598422635964 0.009865300236110134 0.03287557158648763 3.143430218317585e-08 0.01557807600370613 2.0618301447608856 0.3944742893569377 3.9999999999999996 1.6218479006250017 1.1852777132891164 2.2140135248218358 2.7553589880453644 2.6963882414534095 2.095993151221162 3.0694436282120283 2.4094647616533624 0.8130819952538577 0.48022067171715827 0.6811128604173835 0.3703728429437505 0.5087029179100646 1.0959124401646365 0.4486654732263791 0.5406628802138695 0.6188823484747732 0.06993718780955312
3.688014557917652 0.00986877007830233 0.03285038442652622 3.115406131020903e-09 0.015568314483852978 2.062539271784924 0.3944834611359255 3.9999999999979576 1.6218268181632753 1.1852480975916093 2.2139070390160165 2.755169631970189 2.6961193062601816 2.0957408981837897 3.069016261294365 2.409119344346579 0.8129643893229982 0.4801535255804005 0.6810287873390185 0.37033487579605123 0.5086697764467645 1.0959103918715223 0.4486825033524666 0.5407237962653709 0.6198798724470186 0.06997607659186104
4.316700992554581 0.009467202888685687 0.0774525304796153 0.04128029925898744 0.01635881299953149 1.955733447472435 0.3638165279477402 3.8584832948743486 1.6205822024202037 1.2234604666821975 2.339358606420451 2.966453626450424 3.0507160015117707 2.480859242979642 3.7953609845960896 3.1165124460691533 1.1020671746239576 0.6804198552870065 1.0084019799042492 0.5731025904965488 0.8222736874285583 1.8509345740406737 0.791866716875356 0.9974072780951099 1.7678128531944544 0.0722678364215448
3.6881886693446435 0.009865020620115171 0.03287587387109198 1.7899021463322501e-06 0.015580604187191444 2.061646954000872 0.39447207095888914 3.9999999999999996 1.6218505378308488 1.1852818269398704 2.2140308810993305 2.7553914725942388 2.6964299133472385 2.0960242225213146 3.0694903773149274 2.409484979420062 0.8130824239193638 0.4802165419801407 0.6810978853889197 0.37035911566826946 0.508673184519693 1.0958136089488815 0.4486150643807683 0.5405826429378559 0.618376030430039 0.06992779117424422
3.6880191918021143 0.009868846609696127 0.03284870434876604 2.4124930698175553e-08 0.015568587108218566 2.06250359904603 0.3944827971776319 3.9999999999999996 1.621826451997406 1.1852478482818123 2.2139079355808735 2.7551726460696813 2.6961210660483923 2.0957376294197587 3.0690092456048284 2.409103333936657 0.8129554360467623 0.4801461375335879 0.6810144695260719 0.3703248162641175 0.5086518079838808 1.0958588490925452 0.4486577965688461 0.5406870971523673 0.6196941898333388 0.06997496585940097
3.688000095109869 0.009869079040701131 0.03284493459806146 1.596792265704466e-08 0.015568211662855881 2.0626012166102035 0.39448401224813306 3.9999999999999996 1.6218243983839247 1.1852448394251411 2.213895588189513 2.7551489163674683 2.6960863672683013 2.0957050160812485 3.0689467021788133 2.4090512291288926 0.8129364560190719 0.48013393942262583 0.6809962975807426 0.3703145387319611 0.5086378267896752 1.0958320991932977 0.44864671411689133 0.5406757017188099 0.6197514215220733 0.06997633508561923
3.84992885013089 0.009267028189408557 0.0770903473062152 0.0376345522346151 0.016642351867136335 1.8403212216899458 0.38724867367021987 3.9992290921074933 1.6477639609647818 1.2209397733611411 2.3363436884524864 2.9733907149764365 3.0400382583027143 2.4684873029537457 3.7760289104511333 3.096172132416513 1.0914296407201225 0.6731181790925221 0.9971186785593126 0.5661744422186857 0.8119643282231521 1.8267299604738847 0.7807853080831118 0.9822753463411494 1.7389155700733083 0.06995878569547312
3.6881577594501045 0.009864608323352883 0.03289644934733932 3.71159732433327e-08 0.015573931842310911 2.061782023787201 0.3944769777337863 3.9999999999999996 1.6218508672786298 1.1852810610121132 2.214019206468976 2.7553679565482856 2.6964264755902505 2.0960677535915235 3.0696207745455624 2.409696329860242 0.8131948235187144 0.4803101954232007 0.6812799329529552 0.37048760032668865 0.5089011391950848 1.0964500113818205 0.44892514226286 0.541038122842106 0.6204583265040831 0.06995387800322539
3.688121125902124 0.009865625905113806 0.03288485637811675 1.4763579142435342e-06 0.015572791538494756 2.061932998379815 0.39447872186815913 3.9999999999999996 1.6218447515161911 1.1852726728069587 2.2139906344021383 2.7553174439249286 2.6963483608805157 2.0959847975985033 3.069466703817712 2.4095498279924317 0.8131367696562986 0.4802708120923668 0.6812168868179037 0.37044939453972636 0.5088433101041437 1.0963141901989197 0.4488648168291618 0.5409600086304213 0.6203119782221919 0.06995834992422857
3.6881561461485175 0.009864751381297302 0.032887394149862914 1.783876330661873e-08 0.015575971572054204 2.061957532183981 0.3944757619458279 3.9999999999999996 1.6218512052929743 1.1852817798257427 2.2140186734284786 2.755362743244249 2.696407992912788 2.0960369005232278 3.0695385832543582 2.4095923135315354 0.8131438099539084 0.48026885060850255 0.6812020769993051 0.3704335085956961 0.5088078021502503 1.0962026784398935 0.4488031908843559 0.5408634610300292 0.6197834290797883 0.06994525609555656
3.6881383420644496 0.009865802146717817 0.032885795880345986 1.86226188061558e-07 0.015572332113520543 2.06204615048091 0.39447713469877654 3.999999999999135 1.621846616506197 1.1852754024678394 2.2140017248448327 2.7553381157817936 2.6963759174032647 2.0960071907484323 3.0695068226376683 2.40957487769451 0.8131418095327441 0.48027192927023776 0.681214931039971 0.37044570214754813 0.5088338425722602 1.096284186851267 0.4488459227105857 0.5409296252703836 0.6201264580260359 0.06996041090005847
3.6880981358700837 0.009865896528304632 0.03287805097765856 1.6152645701484584e-06 0.015572955281324498 2.0619113158261158 0.3944798638769376 3.999999999871132 1.621840972650325 1.1852674809601647 2.2139729531076924 2.7552861989924224 2.6963000303092723 2.095933472260256 3.069369678325151 2.40945800762231 0.8131009854579754 0.48024663091070785 0.6811780500953745 0.3704260254892594 0.5088077973009648 1.0962278113230053 0.44882778047974164 0.5409115105525627 0.620204181686704 0.069957426539719
3.688139698339407 0.009865846172550357 0.03288610967942854 2.1139738629636803e-07 0.01557232407425494 2.0620411981107254 0.39447707385860853 3.9999999999994102 1.621846786594605 1.1852756634920383 2.21400256477188 2.7553395820545306 2.6963784060083884 2.0960101077044064 3.0695125320584755 2.409580671093728 0.8131441945585623 0.48027363234657977 0.6812177946881717 0.3704475168603896 0.508836707262437 1.0962911698433997 0.4488491473964637 0.5409339520242773 0.6201368430400047 0.06996045175703579
3.688106880705859 0.009866072857262728 0.03288021771589802 1.0363598271495538e-07 0.015571953324112594 2.0620440098896506 0.3944793181554677 3.9999999999999996 1.6218423197140623 1.185269350063757 2.2139793245326387 2.755297446174925 2.6963174575257143 2.0959520045673434 3.069406943331567 2.409492718935469 0.8131136785147146 0.48025513361058647 0.6811918397101434 0.37043413523562946 0.5088203126411671 1.0962619124285122 0.44884075434515563 0.5409290577079973 0.6202634241855723 0.06996168499783126
3.688143327570878 0.009865236292366434 0.03289163410281169 2.543440287502102e-06 0.015573137051649583 2.0618872358246505 0.3944776544346263 3.9999999998463456 1.621848450282201 1.1852777442414189 2.2140079010058904 2.7553479641743404 2.6963955499038863 2.0960348958848294 3.069560133971807 2.4096385610466964 0.8131718241878952 0.4802945476532769 0.6812549295941985 0.370472397606976 0.5088781598208958 1.0963968417496237 0.44890120903364533 0.5410073422237098 0.6204056244374896 0.06995716509243702
3.68814113849777 0.00986568594388513 0.032890368537051816 1.010149874659767e-06 0.015571821543339198 2.0620614534519692 0.39447763181054635 3.999999999999102 1.6218479687441947 1.1852771067203607 2.2140057376090003 2.755344120725158 2.696389649558582 2.096028665692464 3.06955149510081 2.4096296004792546 0.8131671893496194 0.48029128801994375 0.6812498920197899 0.37046909347322315 0.5088734040712583 1.0963904474368906 0.4488961494297409 0.541001556565693 0.6204200201389772 0.06996263287282353
3.6881005291126963 0.009865787542158973 0.03287890318320673 2.7548239870734566e-06 0.015573308804930745 2.0618644934580015 0.39447976717933936 3.999999999999999 1.6218414074795153 1.1852680690406325 2.213974950341796 2.755289734312789 2.6963054811427574 2.0959392479875816 3.069379612908126 2.4094676502241237 0.813105110561004 0.4802494535033123 0.6811825241754431 0.3704288031857139 0.508811935979947 1.0962362539349557 0.44883213721385656 0.5409169766646388 0.620207450800785 0.06995600516548205
3.688157746517588 0.009864823585364937 0.0328878756570337 1.7262219632995738e-08 0.015575722148783496 2.0619533304917588 0.39447569793900294 3.9999999999999996 1.6218514362310419 1.1852820878757913 2.2140198692182214 2.7553649953069526 2.696411634433885 2.0960407844037436 3.069546892028641 2.409600350656596 0.8131471376875766 0.48027123204706323 0.681206100853078 0.37043606844946675 0.5088118790274664 1.0962127988763957 0.4488078641012438 0.5408698083678323 0.61980148755532 0.06994631895406894
3.6881693537454914 0.009865030411353384 0.03289918578874697 1.8792937831470068e-06 0.015572620589600721 2.0619556377289308 0.3944763254879301 3.999999999999982 1.6218526946721468 1.1852835827281671 2.2140277882883628 2.7553831015043797 2.69644991807022 2.0960926483998663 3.0696701591134454 2.4097424709364086 0.8132120198354325 0.48032167287468347 0.6812985473706085 0.3704985723939922 0.508918007296127 1.0964951133915386 0.4489427341669765 0.5410619455312601 0.6205331248496613 0.06995959118440076
3.6881349262157213 0.009866214207862285 0.03287919139638964 2.3834067657802897e-08 0.015572480054661109 2.0619992166953214 0.394476704647352 3.9999999999999996 1.6218438899833016 1.185272168971909 2.2139938189436097 2.7553267716107435 2.696353524489427 2.0959745834067167 3.0694452524508145 2.409500226908406 0.8131077736319374 0.48024666102179187 0.681170285094271 0.37041634811291335 0.5087847711960086 1.0961524368383728 0.4487845537223304 0.5408418924879653 0.6197540139238378 0.06995980470135328
3.6881699070354648 0.009865044705654582 0.03289932771700283 2.0669736936548853e-06 0.015572587030440366 2.0619600771545636 0.3944762930004082 3.9999999999999996 1.6218527856404612 1.1852837073176778 2.2140282115387064 2.7553838492229517 2.696451073482221 2.0960938741761246 3.0696725039216175 2.409744681924083 0.8132128736083317 0.48032224712613336 0.6812994723997831 0.37049912646239486 0.5089188523957038 1.0964972183742645 0.4489436178228022 0.5410631149361754 0.6205360364669587 0.0699597454203768
3.68816700543656 0.009865531423184346 0.032869761426098223 1.1895071176001047e-06 0.015579761593507714 2.0617259882762857 0.39447318628748973 3.999999997928196 1.6218469685234091 1.1852769123206661 2.2140141103951057 2.7553619541703633 2.6963850386354578 2.095977516264236 3.069405312563007 2.409405954368929 0.8130517849677055 0.4801962255223923 0.681066179121018 0.37034039048263295 0.5086456902686632 1.0957512687775945 0.4485881903982871 0.5405490838985121 0.6183416612847528 0.06993100148994187
3.6881387720750176 0.009865516358485116 0.03288990429536328 6.513743096502662e-08 0.015572232407677931 2.0620070543835602 0.3944777710145209 3.9999999999999996 1.621847600795293 1.1852765990071563 2.214004011931652 2.755341078231641 2.696384940589926 2.096023667567367 3.0695413624772065 2.4096201900902945 0.8131637430477873 0.48028900936008573 0.6812461758141779 0.3704669269582091 0.508870053878993 1.0963810884408556 0.44889264963849007 0.5409967236859489 0.6204029807573708 0.06996084109655898
3.6881695462040955 0.009865170833651803 0.0328841720820483 8.623573193616829e-07 0.015576323392682926 2.0618368773254643 0.394474377387085 3.9999999982024574 1.6218499015024388 1.1852803270754422 2.214021879114705 2.7553746006360984 2.6964191570097666 2.0960345318057554 3.0695355523471233 2.4095682883599596 0.8131284665973839 0.48025598472644165 0.6811765118653488 0.3704153115926393 0.5087744433073922 1.096102601487377 0.4487554323306703 0.5407908502718854 0.6193756346173875 0.0699442652798366
3.6881328105348694 0.009866390740043762 0.03287821491294578 1.0407822999367347e-07 0.015572530314253742 2.0620044776667825 0.39447679395767954 3.999999999999998 1.6218435389938566 1.185271707789798 2.213992075482575 2.75532343396881 2.69634842575682 2.0959694014399544 3.0694347506364443 2.409490478479565 0.8131038692027472 0.4802439582215382 0.6811658209591066 0.3704135813307795 0.5087804265815232 1.096141629693647 0.44877969413129654 0.5408353260625628 0.6197358347469885 0.06995956015470606
3.6881423109707474 0.009865815607341 0.03287765633668462 2.811791193487479e-08 0.015574966479369018 2.06195210726578 0.39447591066662957 3.9999999999999996 1.6218456717472232 1.1852744635042938 2.2140012905532247 2.7553380521077 2.6963651124228503 2.09598060156061 3.069439350083012 2.4094831168203577 0.813096721187922 0.4802357525347315 0.6811464975102614 0.37039847011519356 0.5087514167026703 1.0960558686478201 0.44873666032403137 0.5407704013904636 0.6194256799093028 0.06994955193523753
3.6881930277110935 0.009865267922591642 0.032895488826161064 1.4009881066680173e-06 0.01557368796852412 2.061773576718135 0.3944737843550524 3.9999999999999956 1.6218525476617696 1.1852843627044756 2.2140361840782927 2.755402624952015 2.696470564482654 2.096097521373691 3.069676519325909 2.4097169204972966 0.8131928652375855 0.48030422927619526 0.6812622147849933 0.3704718589867071 0.5088683341606556 1.0963467824011994 0.4488705870762181 0.5409523141420552 0.6199216063039846 0.06995536265491342
3.6881650516596536 0.009865158830170823 0.03288071780930326 2.6780199071924264e-08 0.015577181220818076 2.0618427619405413 0.39447438798855344 3.9999999999999996 1.6218492993394356 1.18527950284862 2.2140187554105255 2.7553681486175314 2.6964064520478317 2.096018064426806 3.06949720355946 2.409526014822253 0.8131096027379979 0.48024156130051354 0.6811503805636788 0.37039781849545445 0.5087449409716943 1.0960243858013425 0.4487183227652651 0.5407381570752247 0.6191786062902315 0.06994071928182881
3.6881352327751125 0.009865757006090738 0.03288858818423135 4.882932683945536e-08 0.015571726268459957 2.062074076799977 0.39447790134206584 3.9999999999999996 1.6218469767885233 1.1852757492010635 2.2140011185626096 2.7553359565672326 2.6963770317936064 2.0960152777574415 3.0695266588494565 2.409605982269546 0.8131577959143595 0.4802849345134804 0.6812397086646357 0.3704629317751032 0.5088640814380525 1.0963684920262144 0.4488863935356918 0.5409888632723776 0.620395676676889 0.06996293805220499
3.68807744419684 0.009866084755953223 0.032872059187195116 2.5729542841792347e-06 0.015573447348698399 2.061846150927891 0.3944809064079204 3.9999999998483338 1.6218376085469302 1.1852628507419947 2.213957180216145 2.7552583317334935 2.696256912090263 2.0958876758185165 3.069282258246201 2.409375487727308 0.8130691410361373 0.48022514473615713 0.6811434894469799 0.37040530536086125 0.5087762375024486 1.0961496271204647 0.44879489789040866 0.5408682436592163 0.6200996783457475 0.06995517728715003
3.68808549003628 0.009865955569364643 0.03287445407719918 2.4955042702862934e-06 0.015573393162100015 2.0618533329223423 0.3944805120067033 3.999999999999999 1.6218389309811998 1.1852646677724146 2.2139633684247997 2.7552692669312 2.696273826454671 2.095905636754005 3.069316199204003 2.4094076091350116 0.813081664330311 0.48023360693492384 0.6811570796059295 0.37041348296250304 0.5087886639256525 1.096179835499323 0.44880785739203977 0.540885208427045 0.6201374967110591 0.06995548552935901
3.688138209320417 0.009865799129326492 0.03288571852536134 1.8081993131362235e-07 0.015572369965791632 2.0620463341367734 0.3944771356983347 3.999999999999959 1.6218466149347768 1.1852753947778203 2.214001680326561 2.755337991670142 2.6963756398594723 2.096006819831849 3.0695058314256074 2.4095738016739263 0.8131413313419162 0.48027155365208646 0.6812142367277337 0.3704452310725456 0.5088330402884892 1.0962820522726175 0.44884490426962576 0.5409281772509184 0.6201213118131335 0.06996024947776798
3.688101229465824 0.009866892207536249 0.032877656381928654 4.156219657999563e-06 0.015570529834564315 2.062232555870239 0.3944794183682587 3.9999999999999996 1.6218413216820469 1.1852679832998392 2.2139746508899845 2.7552891606680947 2.696304638755602 2.0959384022759795 3.069383523616771 2.4094699667926287 0.8131039501622629 0.48024847678567056 0.6811813038339314 0.3704276016987113 0.5088105995307889 1.0962422500914968 0.44883062656990075 0.5409165323810524 0.6202594117399789 0.06996777811795592
3.6881209280937 0.009866146100676315 0.03288405576242887 4.199996896367316e-08 0.015571229460064425 2.062139863349587 0.3944785713740168 3.9999999999999996 1.6218445786981877 1.1852724627172115 2.213989926596823 2.7553161695889434 2.6963464381364077 2.0959827945420795 3.069466533340784 2.409548758800466 0.8131350374999335 0.48026949385182666 0.6812149964496733 0.37044794528133485 0.5088414171277436 1.0963155284805257 0.448862729088587 0.5409582368895978 0.6203395511788656 0.06996488300810363
3.688162244732526 0.009865241420256412 0.03289690652571302 1.7646126349195448e-06 0.01557231221526588 2.061996467137789 0.39447665271667937 3.999999999781954 1.621851497054536 1.1852819426162118 2.2140222034359 2.75537322674224 2.6964346525543874 2.096076441741485 3.069640313193847 2.409714025951989 0.8132006511169624 0.4803139533435122 0.6812862013538552 0.3704910727685894 0.5089066784299684 1.0964688777269471 0.4489308988194512 0.5410466638459388 0.6205063338884993 0.06996081229795612
3.6881552905575243 0.009864864779711033 0.03288708008534566 4.130962689922069e-07 0.015575759375922003 2.0619562090476125 0.3944758089726772 3.999999999999999 1.6218510470117076 1.1852815496707425 2.214018024528189 2.7553616984134277 2.6964063933702667 2.096035049592852 3.069535906657309 2.4095896092509648 0.813142797032617 0.4802682096298128 0.6812011236581017 0.3704329760131214 0.5088070688343275 1.0962011445527147 0.448802577119043 0.5408627683653673 0.6197842222697603 0.0699461565084285
3.68815731768794 0.009864793349033216 0.03288780349216437 1.7393766989960236e-08 0.015575728093280993 2.0619546375684594 0.39447571519555397 3.9999999999999996 1.6218513955993556 1.1852820193579667 2.2140196466629543 2.7553645886409606 2.696410885499792 2.0960398414596075 3.0695449206247543 2.409598286806734 0.8131462678302965 0.48027058811371887 0.6812049862978167 0.37043534281634044 0.5088107123357656 1.096209933853853 0.44880650844961245 0.5408679700157004 0.619796606685646 0.06994629642433595
3.688120729152375 0.009866092682768923 0.03288407143943392 6.77596589314552e-08 0.015571379791712393 2.062119967266244 0.39447857404538333 3.9999999999999996 1.6218445577144003 1.1852724316795307 2.2139898199974084 2.755315984767063 2.6963461471253654 2.0959824846971675 3.0694656099028554 2.409547972746787 0.813134841692996 0.48026938477035036 0.6812147976827603 0.37044785650981527 0.5088412521145212 1.096314579186264 0.4488625665562867 0.5409579347013589 0.6203361466156424 0.06996424847603469
3.6881509823697365 0.009864818465471518 0.03288524264602789 3.222606442873037e-07 0.015576147490165412 2.06196725946713 0.3944759470130235 3.999999891354541 1.6218503652932306 1.1852806507516827 2.2140146607838442 2.7553553552839216 2.696395752672388 2.0960229843470013 3.069510558773746 2.4095638668046213 0.8131319488499895 0.48026031750047365 0.6811875321196688 0.370424208595961 0.5087928753211813 1.0961652181789323 0.44878585122375275 0.5408397356962985 0.619712195765112 0.06994449516358443
3.688148149388628 0.009865506845101258 0.03288373599126601 1.964356232426987e-08 0.01557408358835418 2.0619707478785085 0.3944761394154635 3.9999999999999996 1.6218482264568783 1.1852786982049912 2.214005993340036 2.755339983395217 2.6963769545740424 2.096010990319955 3.0695066367269543 2.4095591050481517 0.8131309447505967 0.4802616685430592 0.6811932438842525 0.37042960500515143 0.5088038971567456 1.0961962158017402 0.4488028465578179 0.5408648720914839 0.6197983419558594 0.06995288527171184
3.688275897529897 0.009865225682443253 0.03288215182775484 3.1011857546597045e-07 0.015575536027504623 2.061970484885661 0.39446749976222756 3.999950872120642 1.6218375514929735 1.185273642850809 2.2140066583344087 2.755346783715347 2.6963814025604984 2.0960036637706723 3.0694785446092876 2.409530491694209 0.8131179221638947 0.4802509722956102 0.681172666319152 0.3704152960666624 0.5087791495596848 1.0961303399692137 0.4487707757905275 0.5408191310966485 0.6196382667917673 0.06994769335556757
