0.6817971517520343 0.07034223223435816 0.06475001113372178 0.19981004560841958 0.04419001483092852 1.0604363716983842 0.9190890812368551 1.9240508729817136 1.2470891789400431 1.3731441559568824 0.7269078836680879 1.542391964792074 1.252076039147755 1.3753991033801718 0.6464679299628355 1.2729492164461007 1.837131739514482 1.3807823772301986 2.3752377975695063 0.6698763959537167 0.9230501895444677 0.8017507000094135 1.7975069973990903 1.6039448408951191 3.987320419124694 0.16777683648910752
0.6787009109207852 0.07027285995256428 0.054870816407601324 0.19032504240743572 0.04394548964821567 1.0465768721607847 0.921099690769337 1.9263289601533329 1.2464655787139969 1.3700274130011634 0.7226088830106329 1.527447424212366 1.2300419305210384 1.3397415880493808 0.6241261586787671 1.2176347956285605 1.7410298114259861 1.2960018865197045 2.208073480616853 0.6166693677839288 0.8414841055084338 0.7238042838146452 1.606696041015769 1.419726888074088 3.2009392459448436 0.1611603784966704
0.634943045146901 0.07113395911934771 0.06537593583052403 0.19981617787294412 0.04172618559969926 1.1078554927663566 0.9819889179662993 2.0454601487641466 1.3191093521743864 1.4451274002438708 0.7581582288998816 1.5952187861775853 1.2774379222540717 1.3895579675817191 0.6489427713392506 1.2727948125294797 1.8318022589907892 1.376002797353726 2.366245555564356 0.667517799705989 0.9200317715925673 0.7996753751092257 1.7959078716776016 1.603449115266218 3.9995310222131524 0.17050542302387
0.6726842286461264 0.07056175680676485 0.06469054631192556 0.19988216927149935 0.043817385789714614 1.0636939590505567 0.9292493272885751 1.945099761727814 1.2595177664674526 1.3856442924712729 0.7322829408612618 1.551506462632491 1.2564323557934105 1.3777263468087035 0.6467463158645115 1.2723425118567488 1.8354522668455577 1.3788764348632951 2.3717498364089398 0.6686717895765671 0.9212640168121503 0.8001693995690212 1.7942266454271214 1.6009620709189556 3.989885478356045 0.16804772154071337
0.5949261292344901 0.07441312767670841 0.05512733026159566 0.19996431468115564 0.03938299633000064 1.1887715281745745 1.0417076969066128 2.1578213284159573 1.3837872407438825 1.5083323326038804 0.7835018410095874 1.6339381176572059 1.2871188732690477 1.3796372337669147 0.635717413006294 1.2317598849716809 1.7542056197469635 1.3040085280964444 2.2220585982035685 0.6213672571400318 0.849663284427723 0.7328398480824703 1.6325960343825192 1.4474633720563912 3.4064787673819854 0.16423938850470254
0.669781223751878 0.07117605907645028 0.06060369920213098 0.19853771065524886 0.0434079914591858 1.0800485089169183 0.933765493147445 1.9511220483881617 1.2624220726623436 1.387623403663197 0.7321202792370395 1.548522361915214 1.2497464345203393 1.3656692103487849 0.6388656141914005 1.2525212203764644 1.8004864714128586 1.34809424481051 2.3106634656726635 0.6493171865303575 0.8917951459745485 0.7719864180108279 1.7249838883658304 1.5343131225531392 3.703200817696239 0.16512349617879335
0.6371287344068284 0.07126543553817248 0.06473563310626622 0.19991288726506729 0.04229495298936028 1.106895396443668 0.9811767879227657 2.03921396247728 1.3153364987991987 1.4409628693964232 0.756384880852063 1.5928427178080016 1.2768866794674443 1.3900444002344 0.6491926789755348 1.273198725862302 1.829023423370476 1.3735986035728067 2.3583122660406732 0.6648022232348719 0.9155770608305233 0.7950506490493628 1.7847693206484403 1.592158842131645 3.9381714189103985 0.16953300687798895
0.6191280593205312 0.07347221152302873 0.05667270702268896 0.1999254808346768 0.0408085642976742 1.148734190653622 1.001956727395021 2.0805246197290455 1.338064313460489 1.4625655485713864 0.7637463071876779 1.60054744834812 1.271438015058484 1.3721803045357157 0.6357333331140659 1.2371871034372868 1.767578042712046 1.3176169352794258 2.2498963387887008 0.6302744054354209 0.8630637974049996 0.745349021490595 1.662612757674859 1.4754895745281156 3.4994387451128293 0.1640464792888969
0.5815352648085549 0.0756991478178672 0.050724859890333145 0.19970754793267534 0.03852597931433792 1.2179626797567948 1.0632599869704207 2.1978146396336578 1.4065130172211775 1.5302147775402186 0.7919454341579877 1.6459555065381888 1.2884505727277644 1.373274998164999 0.6295562323365792 1.2141716728619922 1.7219273781982225 1.274957799364906 2.1645829917042607 0.6031971342049551 0.8221213010399812 0.7068444674439184 1.56972197427357 1.3876221528056516 3.176613388081673 0.16202070253948375
0.6717670539558082 0.07092919093146322 0.060365191121314304 0.19749993145462413 0.04366500613941475 1.052273739998358 0.9305599860190168 1.9460768171241052 1.25934376293726 1.384412688142169 0.73059748545919 1.5455988927035567 1.2476734672716876 1.363487974943917 0.6377850102732299 1.2501681151208521 1.796652768811716 1.3447336609608636 2.3040656856924646 0.6472466920902585 0.8884642243155254 0.7688175634853133 1.7169605223769768 1.5264473883997351 3.660747186525346 0.1648293695241444
0.6850153350405507 0.07025327376205083 0.06481998059262711 0.19982276197481488 0.044377121199656186 1.049190295344236 0.9135383102179665 1.915375938612549 1.2420117297489788 1.3681803124903384 0.7247512249636419 1.538710573792149 1.2503172288797513 1.3744440569853402 0.6463530151138859 1.2730632246568896 1.8382871115268082 1.3815768869349365 2.3774722884368726 0.6703946710484383 0.9236630280480073 0.8023443854909335 1.7992763747195173 1.605441976028517 3.9972010428534093 0.16766529712786726
0.6602752490389522 0.07106497653374862 0.06369700389671354 0.1999585855953177 0.04322377285395911 1.0705583719096907 0.94545137112728 1.975966201554553 1.2775532668282883 1.403504123880169 0.739791232102673 1.5637501431218117 1.2613173921667291 1.378746317323228 0.6456419214730524 1.267735372140442 1.826042303674457 1.3701464323042873 2.354415387831691 0.6632151792901984 0.912998844050309 0.7924627248764274 1.7759451402454374 1.583640939447525 3.926929295372887 0.16768620731146228
0.666785502786014 0.07090528130386102 0.06354613905944674 0.1997567818049014 0.04352514473512397 1.0602911278799965 0.9369733424603752 1.9602058540752856 1.268216282302897 1.3941326168449186 0.7356785482854926 1.5565846519596784 1.2575449866643174 1.3761752599803658 0.6449265457742667 1.2668826750389028 1.825406964521873 1.3697009291364866 2.353809951986846 0.6629685627536347 0.9124630996405979 0.7918983159960405 1.7745374096975857 1.5820422886172785 3.9118627978930385 0.16729474729793997
0.5837131546487243 0.07560354689747635 0.051240326955257015 0.19999178670770126 0.03864591138968303 1.2143961671413244 1.0598754582254342 2.1914685327606995 1.4029005665542558 1.5267170992794794 0.7905762656561661 1.6439386200283614 1.2880923825066053 1.3740236830355583 0.6303570696693362 1.2164893215614534 1.7263364029553923 1.2788588389080255 2.172390417696885 0.6056533898270824 0.825851761653674 0.7103773333038661 1.5782349184563067 1.3957678440520398 3.2091870010285817 0.16223884521571932
0.6958797061899507 0.07005392761852619 0.06479319413368928 0.19991698930098661 0.04481249856254283 1.0419190006598031 0.9018958773230346 1.8911370983840519 1.2277613970415162 1.3538162524656505 0.7185679324546488 1.5282097783167305 1.2452618915678872 1.3716642917131068 0.6459624520161255 1.2735372525868516 1.8396306649090524 1.3833508826429255 2.380443799777605 0.6714449095217125 0.9255123933335806 0.8039296860584737 1.8020837992580845 1.6082192999827418 3.999978222600439 0.1673387434115317
0.6378372096428113 0.07239801969219535 0.059874976613851466 0.19994360218779159 0.04183803249146941 1.1197693814906318 0.976770430423359 2.034254613820354 1.31136162966298 1.4365761216566553 0.7532544941638037 1.5846048072038625 1.2673306675164564 1.3755011903955658 0.6402943937666521 1.2509688771393221 1.793946176949257 1.341100904412944 2.2965449443209036 0.644945045081933 0.8853576038459001 0.7663611089020259 1.7128609368747196 1.5235709781250957 3.690153653415186 0.16569809367621718
0.5792592109101237 0.07493402090368759 0.03562502315406554 0.18281842575696133 0.038228855401201536 1.2279296104249973 1.0652877238716085 2.1965641600842294 1.4023953818356816 1.5219236053369876 0.7835872873014461 1.6197080848170926 1.2532776853814562 1.3192028821878492 0.5968027123573888 1.1350813164713502 1.587007836846979 1.1577473763389716 1.9363387111858794 0.5313971343287515 0.7131932938378496 0.6037379929553245 1.3198323769482905 1.1485820411973544 2.2446679215563643 0.15379597842473494
0.6109177603062795 0.07397106222302097 0.05551951190727464 0.19995403763391062 0.04025874705391679 1.1638912499805656 1.0171328897614669 2.1096101927852535 1.3550576191581147 1.4794070741075973 0.7708358999046155 1.6121109206192827 1.2761254361425978 1.3731517286255615 0.6346559448305452 1.232543534451169 1.758187470820586 1.3088573177363945 2.232491536292258 0.6248300409256609 0.8549257798850243 0.7377757087776755 1.6445330759293941 1.458522901616719 3.440371043764705 0.16373444950897625
0.7422908187697314 0.06784072859318134 0.06639110651809985 0.19570389585673198 0.04711309423794009 0.991099609279711 0.8499406043418243 1.7918237920488373 1.1692765669724283 1.2955045060122747 0.6936129405053456 1.486356703331035 1.2260610500728746 1.362467009601011 0.645550225047751 1.2778740921773624 1.85063631636003 1.3937314786996 2.4002156789830544 0.6772573484811981 0.9336110166500177 0.8107458525446394 1.816482205138786 1.6203047762496563 3.9965913620940237 0.16773942852923973
0.6818404318368366 0.07050486672434736 0.06260639671123754 0.19863020674970824 0.044196659586099606 1.0434398822533686 0.9181359381575758 1.9229837246151438 1.2460803657296968 1.3716311807196981 0.7256591093117865 1.5387398204376384 1.247334254912882 1.36803459198726 0.6419225575502447 1.2617342468251465 1.8177669874387627 1.3636277027079307 2.34141080530641 0.65910170250975 0.9065071199531153 0.7859509730740188 1.7584644235014113 1.5662709267854615 3.8226793824826744 0.16610200955826943
0.7144647601090727 0.06897069132442231 0.06574955067707934 0.19777377234927002 0.04592611457392043 0.9980191780473072 0.8799275122892083 1.8501562492911003 1.2034927394582566 1.3296005880890478 0.7082141131462822 1.5109195799604054 1.2374591392957919 1.3682087627186867 0.646048587715296 1.2760964065486051 1.8456195783084153 1.3889236706876251 2.391135982598578 0.6747052499244041 0.9299724622809361 0.8078637823552287 1.8104855516146279 1.6154888418301774 3.999999714116558 0.1676188802460821
0.585643932466921 0.07547512333829703 0.05119393569967674 0.19963997254812577 0.03875964843273087 1.2107716333815925 1.0565493497536447 2.185014059672462 1.3990431023278869 1.5228058189031592 0.788824258002209 1.6408030624505257 1.286285055953249 1.3726061148895157 0.6298667254433827 1.2157342493861416 1.7253779152804969 1.2781708909646614 2.1711346255811805 0.6052600604817489 0.8252303066349869 0.7097572296603112 1.5766562987539745 1.3941628299684983 3.1998974695469524 0.1621152088851099
0.6700108520109891 0.07092656264941054 0.05881901325846905 0.1959123490283343 0.04354227735759357 1.058251210228902 0.9326591234687786 1.9497465871774582 1.2611660791016521 1.38582882486322 0.7307322732399771 1.5446283228827233 1.2448743078498465 1.3582588165202907 0.6343417682615171 1.2414388909767609 1.7813328399694452 1.3311711036028537 2.277296545281536 0.6387390671302734 0.8753871611858172 0.7563325931408733 1.6865009529867514 1.4970180829993949 3.5342155951814758 0.16387302508993784
0.6571042426658849 0.07189055781982787 0.059892143725119314 0.1997797154793437 0.04278921436669015 1.082342499817452 0.9493481972919647 1.983286842452894 1.2812586022802768 1.4064115765844538 0.7401086097049896 1.561938111364139 1.2558694916849564 1.3684437366443924 0.6388367699188041 1.2505053613195614 1.7956236858483927 1.3435171257832745 2.3017481951740235 0.6467262695098631 0.888134636656061 0.7689135431762537 1.7179549841747699 1.528326314987358 3.689071226677152 0.16493401140890596
0.7308421836351952 0.06786301512972079 0.0667000185567638 0.19525012349744214 0.04678354599349994 0.9888701916033166 0.860049261611804 1.8131518401914448 1.181805186765777 1.3080869894589076 0.6990135664950498 1.495469140074137 1.2304216871975455 1.364935870065279 0.6460003471745296 1.2778995870749967 1.8505138008399848 1.3932049520299232 2.399841614824027 0.6770309036652875 0.9330271598531809 0.8103696018979547 1.816640676790006 1.6203404982925749 3.9999896537548842 0.16820156218391646
0.5866213421540308 0.0753277880388792 0.05097063229579762 0.1989118979861554 0.03881819391320941 1.2087106893629167 1.0549351199740977 2.1818582223600598 1.3971346164142708 1.5208050800947204 0.7878536553711287 1.638871163250837 1.284826037146138 1.3709900421551482 0.6290515438856551 1.2139341127370655 1.7224561491659536 1.2756466778310025 2.1661979601291073 0.6037005560002979 0.8228074306106643 0.7074193923615348 1.570858582315657 1.388511622679363 3.1737481137189874 0.1619556009877207
0.6706959098919109 0.07055748822045319 0.0649233012942767 0.19984279224122814 0.043733621298010894 1.0683894838447627 0.9330686377300457 1.9513586585151654 1.2631412719902746 1.389224718692219 0.7338995229975795 1.5544468974731105 1.2581930462132913 1.3792422102155004 0.6473619712133176 1.2735279914487156 1.8369056344506158 1.3802301970710689 2.374032015774279 0.6696054423808335 0.9226873560541098 0.8016534960636851 1.7973838031425915 1.6042626435364924 3.997162509887997 0.1683360319201812
0.6152744424863593 0.07155078728874484 0.06575389329383653 0.19987624887789496 0.0407960548850951 1.1324086058589795 1.0110111885497906 2.1015179027686317 1.3525624246832357 1.4789068933092793 0.773100438411123 1.621678001693966 1.29183116392716 1.3996216813338151 0.6516593555292712 1.2754079683808823 1.8324660543294278 1.3753732087279744 2.3641230334289958 0.6667799639192922 0.9190567176637208 0.7991470994418743 1.7958648184995174 1.604099163018678 3.995022600018252 0.17209438145303851
0.6481853987635404 0.07189521850387297 0.06109369079059994 0.19993402053344123 0.042395922949587606 1.1065208862720937 0.9624815560550027 2.007010842241381 1.295469262455069 1.4208878614283165 0.7467099959533531 1.574109915112168 1.2634690166603195 1.3753426666668915 0.6417498012993019 1.2562486075959067 1.8044163508011155 1.3507431316199838 2.3157527284359993 0.6510121510700008 0.894540919273536 0.7749844851541745 1.7335291477167187 1.5431939323948485 3.764355457969227 0.1662006665463117
0.7076743641876317 0.06941629445545008 0.06533358263135279 0.19865923524123494 0.04538959486731517 1.0321527430097932 0.8882097238238296 1.8646135083860564 1.21212093325966 1.3382283775235004 0.7119131269459458 1.5170637111038756 1.2401949521136915 1.3693633839421393 0.6459717276268097 1.275125233169597 1.8433382238566542 1.3869392420416562 2.387193573744515 0.6735482721871205 0.9284948927252731 0.8065018346770264 1.8075590595383415 1.6130173092944182 3.9909576129783755 0.1675132723916221
0.606543028956958 0.07413629880390075 0.05093893092120236 0.19620248793570688 0.03995211989392136 1.1725952425257897 1.02147361313505 2.117189195610991 1.3585776201062696 1.4818548841776142 0.7705651854103269 1.6082561328775993 1.2678054400631542 1.3584293057907635 0.6251411605806568 1.2087943681142177 1.7172596754595726 1.2725881483005315 2.1613485916579593 0.6022192762158932 0.8204347197189561 0.7049233663855129 1.5640715762048831 1.381276409313809 3.121743951487154 0.161016138745909
0.6837998145590163 0.07028954334666479 0.06479212568293288 0.1998371941340411 0.04430881950755776 1.0518808540387241 0.9170138958989655 1.9198774047749285 1.2446118287388228 1.3704783456646341 0.7257123823017246 1.540261630484655 1.2509983553216142 1.374691032145863 0.6463487184784762 1.2728141404330102 1.8369023909057205 1.3809594204031097 2.37560944269701 0.6702009944898 0.9239013943774786 0.8027988262130792 1.8003552352218557 1.6071635653065892 3.9984298110976737 0.16775933418371278
0.6935290531148215 0.06997017760616588 0.0650142374555885 0.1999130974303435 0.04468757574384765 1.047737536114634 0.9079270876510811 1.8982996604459244 1.231649042124753 1.3570912303680904 0.7198760469724444 1.5296192015615278 1.2449829371222279 1.3706211857769297 0.645525123253912 1.273430524284269 1.8386618468502136 1.384624511062228 2.382900072956296 0.6727301951328882 0.9278743721463514 0.8062617441688996 1.8091136426475976 1.614902459574347 3.9769669960271705 0.1673285863279791
0.6826049231707036 0.07036249904395808 0.06451981538646054 0.19981599779102546 0.044315415402322825 1.0399430551114774 0.9174932855622585 1.922199060231413 1.245914347384547 1.3718974192795486 0.7263026929193325 1.5412111865276241 1.25120594625163 1.3744411710268187 0.6459801557963307 1.2718379935901096 1.8353620194346048 1.3791922687298626 2.372173124366328 0.6688923062821016 0.9215396940403616 0.8003589227209214 1.79381658279475 1.6004830226414257 3.973094111871049 0.16747874970512328
0.7187590333522833 0.06874939703525923 0.065695285958948 0.1971281541485776 0.04613636006573568 0.9941812449896381 0.8749568138212106 1.8407846350515196 1.1979568908909268 1.3240257964369757 0.7057611351874418 1.5066343881775603 1.235152886854249 1.3665392581242048 0.6455054356158025 1.2752522982478285 1.8444708426714285 1.3879676221751696 2.3891562985312023 0.6740437854336155 0.9288536525766701 0.8067039940692592 1.807396324890837 1.612306319816682 3.979593891016355 0.1675178669906856
0.6654050269908897 0.0711195618555765 0.056881440522549245 0.19452761491173923 0.043205693341415954 1.0772006902488849 0.938383367702461 1.960199901977051 1.2669709318530966 1.3911916580397568 0.7325072286086345 1.5462599211072712 1.242985776054067 1.3529816439729856 0.6304824275696915 1.231308371038692 1.7633190033042248 1.3151827670117666 2.24579588867489 0.6287203973493413 0.8601240305433097 0.7418003794187701 1.6512534238163636 1.4631314588084023 3.397159354144857 0.16279510798363658
0.6760323813856404 0.07072907212305064 0.06340283411874995 0.19972729638509898 0.0438404151933409 1.0686647995818868 0.9259080972869356 1.9374167449054838 1.2547666493216858 1.3805632174643057 0.7297841260691852 1.5464550686408622 1.2524222678525354 1.3730051500704592 0.6442219950924146 1.2665656482723717 1.8255276137065939 1.3703184096709549 2.354643531317334 0.6632861464096715 0.9130885612377236 0.7923095641372901 1.7745233742707938 1.5819819504492165 3.903307443583322 0.16693031180191625
0.5408890333166368 0.0750928262819139 0.00016536053385383305 0.14770289107206605 0.035728589127936125 1.3129669336438425 1.1302804086035338 2.3095628708456193 1.4610696169153221 1.571149493171243 0.7942806767396257 1.6121808787823064 1.2030224787332149 1.2214457562383536 0.5330978974362522 0.9782185764654362 1.3199614834934348 0.9292394604315845 1.5000857410364252 0.3973228617842027 0.5146570546309285 0.4205534763325702 0.8874838970138754 0.7454971524303144 1.0233755629843713 0.14022258440480506
0.6996698847705484 0.06973735792171576 0.0642646401243205 0.19840551660430247 0.045034742563687065 1.036087278535217 0.896842589759521 1.882209325399323 1.2222927055987112 1.348172243514098 0.7159071082049036 1.5231471098503873 1.2417152663328803 1.367962465975151 0.6441276958314734 1.2695181861561466 1.8329597819770984 1.3774494966367106 2.368655817685866 0.6675775636900404 0.9193148354009424 0.7978431916286295 1.7869340045190127 1.5931414627040785 3.9253814615949003 0.16691465605050226
0.6650085807855913 0.07130954052792186 0.06025564322934126 0.1983763157044262 0.04327036097073552 1.0687128625646798 0.9393384784081281 1.963081514278733 1.2693706348850304 1.39446987023331 0.7349742412626705 1.5531628004609037 1.2515569258850994 1.3659857110090423 0.6384054852242119 1.2506708792429166 1.7968186619729287 1.3446623229392696 2.303949938742413 0.6472645944966817 0.8885946093871309 0.7690857286960612 1.717971421570482 1.5277100360593847 3.674654201668896 0.16494747432868795
0.6995038826361223 0.06990345716959162 0.06488611319509914 0.1996449051503867 0.044933315528132574 1.0441750001708592 0.8975965684406343 1.88275439499747 1.2228449308951939 1.3489441273616656 0.716478551091584 1.5246509282484513 1.2435550096532633 1.370746269219792 0.6458581917948152 1.2737888161200213 1.8404139142071048 1.3842109040136674 2.3821644721376263 0.672040739287394 0.9264141780664342 0.8047373899489809 1.803757928018509 1.609796697992998 3.9923524261958674 0.16734468708610173
0.6387976895473658 0.07219325620623422 0.047939540569643314 0.18845972872286793 0.04161490219125189 1.1278002703326555 0.9742167050306688 2.024828520388819 1.3033845651839149 1.4255242218797923 0.7449085068349485 1.5611178292547145 1.238290354391069 1.3317133833046448 0.6137899199325233 1.1866262354503165 1.6833072382383454 1.2442741792951562 2.106383867669001 0.5847057603873254 0.7934354170693266 0.6787222090077772 1.4987819375110814 1.3175148803546046 2.832575554127127 0.1582105939896476
0.6626321786119401 0.07159825573141296 0.06093738603404936 0.1999961709755619 0.04297039841568764 1.0898535193239571 0.9426936960226062 1.9676314069717014 1.2722631674390776 1.3975207335061595 0.7366253495183372 1.5565568377879506 1.2545673689161814 1.3697899036703973 0.6405317688270019 1.2557125878593631 1.8051124235163956 1.352173371934303 2.318493492880276 0.6519065188616513 0.89600008013966 0.7761101802589612 1.7352602464923534 1.5446370992332388 3.7584138204379443 0.16559965233850008
0.6983551600991169 0.06967382496799603 0.06332253924053304 0.19719607057475994 0.04507161269682398 1.0192611314210456 0.8981948395507418 1.8847597216940573 1.2235502798754887 1.3491486451404344 0.7160263561289713 1.5225582633695949 1.239887666665462 1.364498585450587 0.6418258726300111 1.2636854151605934 1.8226724536458059 1.3683360306163228 2.350581196838615 0.6618891208048906 0.9105148366185762 0.7894781912523433 1.766226079724074 1.5731505236213623 3.832112122266051 0.16623134663299943
0.6381210309239563 0.07235392150092604 0.0600696979210632 0.1999554421114513 0.04186153670290556 1.1198279919599254 0.9764754548246218 2.03358813518138 1.3109935721159631 1.4362381304570893 0.7531749196162439 1.5845573219985618 1.2675378050952348 1.375981760428864 0.6406369462158833 1.25185638243688 1.7954892930974236 1.342495026628413 2.2992239595129216 0.6458672672745913 0.8867486078168639 0.7677076913757505 1.7159232261397985 1.5265153323828626 3.700443030233968 0.16583154654191729
0.5942778635787217 0.07478007749271866 0.05069475114845581 0.19722577332826982 0.0392714242674545 1.1922138171048438 1.0420951413753676 2.157159522318336 1.3823934622483929 1.5058346019008735 0.781123260228193 1.6267417182312776 1.2776844149115503 1.3651568878136182 0.6268972785169495 1.210304040321125 1.7175183974939936 1.2718207460094266 2.1590250445633887 0.6014158034535481 0.8192436807116733 0.7039077289463942 1.561928821212312 1.3796047387686023 3.1273650594737212 0.1614442374880224
0.5949107812616626 0.0749403416975768 0.049218412753602794 0.19670864357412352 0.03920881017997071 1.1970740612212678 1.0414770442374361 2.1544471565386356 1.380419947326072 1.5033684462344676 0.7795945722003591 1.6229503778828727 1.2737510088930357 1.3598520888483436 0.623927257974144 1.2034780246373644 1.7057141480401685 1.2620351936998366 2.1395222352551473 0.5953777558946328 0.8103723634079243 0.6954023136671625 1.5407984411747975 1.3595531098639548 3.0475736421487176 0.1605790039240285
0.6867802893943299 0.07027470542736246 0.06229377858281134 0.19778649694484868 0.04437218504880167 1.0487377833468032 0.9115357644188872 1.9105143490410263 1.2386828397899823 1.3642138131027635 0.7223230713354309 1.5327151853819045 1.243752207895611 1.3649737630402652 0.6406889661590692 1.2593360057244005 1.8143239891894174 1.360569113856828 2.3356590070640024 0.6570754350473706 0.9032636789964495 0.7827205441969662 1.750848862340264 1.5585691293281032 3.786702664373267 0.16581236266595845
0.6056582048874728 0.07419997841555333 0.055019779240765954 0.19986259101307116 0.039973599591167155 1.1728390524788572 1.024407554080569 2.1244654007216632 1.363879370946467 1.4883001925249597 0.7746688980192913 1.6185967049214725 1.279113941624956 1.3744241906829893 0.6344530067552895 1.2308667555094566 1.754656149849885 1.3049791391428764 2.2245697690075805 0.6221768298786187 0.8508934419310668 0.7339027229124719 1.6347949172679324 1.4494113964317816 3.4085299359332644 0.16366256900387666
0.7021765463441465 0.06972038030461995 0.0652097521765196 0.1993425247945645 0.04506867920539497 1.040816048751097 0.8956351771665165 1.8773950004078122 1.219515238983383 1.3455282362534318 0.715069837018033 1.522424826063616 1.2428625556519806 1.3710064679934222 0.6464305360114149 1.2756195902917757 1.8433034062144529 1.3871634901019796 2.3873391946375575 0.6737115905483384 0.9290391291865351 0.8070519675135586 1.8089295993313184 1.61470746452887 3.973833853304914 0.167547429087349
0.6923300131007837 0.07002345810350241 0.061971143953753506 0.19689428945770376 0.04459744691324717 1.0503791802220397 0.9055441789729141 1.8976182808621165 1.2309874601457307 1.3563562634109596 0.7188165965257411 1.5264195942813696 1.2400537158758345 1.3618841039220897 0.6394519904033256 1.2571040144766705 1.8106668250268945 1.357632068053098 2.329436543783216 0.6551112840632314 0.9003040111798565 0.7797068420755032 1.7427518480745754 1.5506045483214141 3.7469307334458457 0.16552432271550094
0.6166611897980108 0.07291178738571262 0.037229824294933725 0.17967595747516424 0.04028411974580821 1.1652886143717691 1.0057403343449751 2.0814098831824817 1.3344756151957875 1.4539229728580598 0.7541368606932479 1.5691675981272908 1.2278482565913689 1.3037063649780427 0.5936728547830457 1.1345424708104153 1.5916489471228252 1.163973443454882 1.9496972270170096 0.5356449084808953 0.7195495329773899 0.6092876358380823 1.3317758148675314 1.1590875522019453 2.2569531245675725 0.15314959282238969
0.6842131904155809 0.07047748038252657 0.06248249642548767 0.19858426845580726 0.04421619955103595 1.054581002371516 0.9148940580307652 1.9169042283641926 1.2425203289726865 1.3681385939901614 0.7241150391658617 1.536016946352178 1.2458441336943713 1.366914190442219 0.6415472817302635 1.2610856260059804 1.817112378143913 1.3629836157920425 2.3404471482639604 0.6586470398592875 0.9057415375076102 0.7851625025846353 1.756991137234677 1.5646713239387402 3.819168029406473 0.16600028695719665
0.6880932542686585 0.06991291618812227 0.05603179824021246 0.19062836182515913 0.0443189969153138 1.0554266358476079 0.9097029401620514 1.9046396786162618 1.2338693862363976 1.3576983438956192 0.7175772231526095 1.5196519975107474 1.2277127344696437 1.340697701646629 0.6258910382770634 1.2231854399413893 1.7515024328818893 1.305411282890815 2.226556859189281 0.6224287779426957 0.8501825367033771 0.7319070254556752 1.626104672942991 1.4380720082178322 3.2698169572830085 0.16175982595734745
0.6013763709014041 0.07459207326864677 0.053041642283034554 0.19932174999101257 0.0396825304647016 1.1774059394047622 1.030838678662919 2.1364126464384916 1.3706540433649994 1.494658489411868 0.7769406498477678 1.621238990913607 1.2780830545719901 1.3701997316976515 0.6311659511139551 1.2220566083462232 1.738888815618819 1.2909437374857842 2.19688195341341 0.6134380565290133 0.8375763132958328 0.7213133317487858 1.6041647646022301 1.4201344038722463 3.2900034251293633 0.1625408065216829
0.6767947046497926 0.07061999862378113 0.05873197423145878 0.1951205635518385 0.043815536658496974 1.0624149910850516 0.9239643879465218 1.9330397976966132 1.2512684044894247 1.375878579455832 0.7263559217047322 1.536981722815221 1.2407736701833931 1.3553511193644026 0.6334534528922486 1.2402083194854738 1.7799034105201497 1.3300948265387584 2.2751972831624214 0.6379861766678463 0.874161796228703 0.7550114610889299 1.6830229052353463 1.493384401824481 3.5138219037093035 0.1637003325742073
0.6898958449357323 0.07021686641073535 0.06276642213151173 0.1982291129334296 0.04446964982202206 1.0547387509891613 0.908842117155299 1.903749162982428 1.234784614858051 1.360375934174031 0.7208304534880169 1.5305485983710294 1.2434378826499153 1.3659635089873934 0.6416672654560963 1.262242702075542 1.8193624297645754 1.3652783698008175 2.344544699411038 0.6599505415630618 0.9078494149926036 0.7869770708559706 1.7606728177116835 1.5680975338596579 3.828914074143897 0.16611507688778293
0.6015340376469861 0.07374598835573629 0.03959998038644987 0.18389521718146426 0.0395563091024487 1.1831916803539035 1.0278972646475757 2.125888509253927 1.3612054198272692 1.481424498196884 0.7668569848814725 1.5930553131694292 1.2437111171149688 1.3191886676197344 0.6007493161897234 1.1491217840982926 1.614648613281581 1.1831757754624923 1.9868517597739335 0.5472861154519598 0.7370370047176409 0.6259791736615948 1.3728352711511203 1.1983316717174817 2.4079889766512625 0.15483759012502882
0.5749144231574569 0.0757234027583575 0.04414555786612241 0.1931969234650393 0.03806913209029783 1.2328646383189998 1.0741313489889512 2.216390237983165 1.4160914156096611 1.5380740379476088 0.7933901259316418 1.6434796194610062 1.278030566771604 1.3531714922988245 0.6162461213713766 1.1806293045691294 1.6634973937190123 1.2235333736081055 2.063719671033747 0.5713082968816041 0.7735961861069733 0.660770202549501 1.4576803452712572 1.2801933166246102 2.745537303181112 0.15854675168891874
0.7159792331914365 0.06869416737414706 0.06595317643012731 0.19690022426562515 0.04604878894490071 0.995802242579346 0.8771167765155397 1.8457145562747395 1.2009669632450952 1.327145747711676 0.7071452821321135 1.5090465320786368 1.236493891602422 1.3675652323837053 0.6458790704032827 1.2758338497123134 1.8456754645375841 1.3887610682326468 2.3912645522786495 0.6744851925063983 0.9294395384742842 0.8072550143609439 1.8097846671809814 1.6144042845099011 3.992197217666077 0.1678067728017324
0.6005664642136367 0.07448328797036319 0.05121009203427687 0.19727425896647424 0.03965199575084908 1.1823195087502691 1.030508621715239 2.134720825764007 1.369080768922198 1.492533695779822 0.7753817751361691 1.6170031634629403 1.273049844558707 1.3628346419355186 0.6268129597096345 1.211683393343135 1.7212324686298184 1.2756499141834163 2.167022344993251 0.603990488889316 0.8231680287802294 0.7075871189142735 1.5707544005245162 1.3878969212108425 3.1553141004183964 0.16140226809845767
0.5847797097279627 0.07551136601418476 0.05106192261136018 0.1995526826564265 0.03870285274081462 1.2126330746345868 1.058099203106804 2.1879179267720916 1.4007433800501476 1.5244730008829377 0.7895234690514039 1.64192825937456 1.2867169351440575 1.3726442878382978 0.6297154798724893 1.2151365115335737 1.724348421987341 1.277072342498002 2.1691707684826467 0.6045929508170139 0.8240826006545011 0.7087145031861689 1.5744283653586824 1.391918030432137 3.190372640906878 0.16206201254948943
0.6917900404821781 0.07020960848199097 0.06442556366410065 0.19996909524169693 0.04448438215659816 1.0516149773447772 0.9048441302248064 1.8955940626337198 1.230332958040612 1.3562360654373113 0.7195859419930828 1.5294850013096772 1.2453014714408324 1.370809151566983 0.6452370927765432 1.2717082969656452 1.8362312642762522 1.3805935425351596 2.3748374802728636 0.6696771207437634 0.9228920397128929 0.8013513490065296 1.7957717381141711 1.602120209800244 3.977035210987151 0.16729072339125572
0.678342585748522 0.0703928442696848 0.056999708867346066 0.19273646675158285 0.04394420490012308 1.0490600994212327 0.9217371084678136 1.9283736612319793 1.2481102967871303 1.3722248454387607 0.7242120992484682 1.5318727044632783 1.2354675168652425 1.3479331397102703 0.6291017524180355 1.229760518043395 1.7619550164316105 1.3143559744185076 2.2441613595072156 0.6281372656070326 0.8590069603230867 0.7405255588258836 1.6474807652089638 1.459024739644115 3.3636541431274765 0.1625126135278365
0.6945486397509832 0.06996792897749914 0.06491369104230044 0.19954730134177512 0.04483375645916811 1.0353495493460374 0.9028289990972315 1.8942971064912193 1.2295707568092873 1.355630750048295 0.7193506989215128 1.5295832965984044 1.2459632885680307 1.3721363641047093 0.646078811504221 1.2736851643630933 1.8397828009836363 1.383386953422221 2.3804648617500215 0.6714763476583673 0.9253227308748782 0.8037650626592737 1.801641352281244 1.607621052182771 3.9917838760881876 0.1674457409347325
0.6876509737628682 0.07029514314416879 0.06335588804929003 0.19894143907613113 0.04450081364999361 1.0331637587108224 0.9105063636740047 1.9094124513066912 1.2382207309263598 1.3639957174033792 0.7225529021522619 1.5339436936024065 1.2459818341549456 1.3688042173290365 0.6431542337520466 1.2655102402767324 1.8250988823495637 1.3701437476960052 2.3546028592255945 0.6631477926118082 0.9126104707272406 0.7917088917716222 1.7729580372554026 1.5800570082829557 3.8794837267657876 0.16645503332300582
0.6697348577204312 0.07100967664894678 0.059560405688572356 0.1969172477264825 0.04352313427171287 1.0595759585548603 0.9331395999730747 1.9506574559734702 1.2618953274973348 1.3867809081658249 0.7313954372978829 1.546375917984328 1.2469270544099231 1.3612961255874774 0.636162745792359 1.2458963815202726 1.789031632972211 1.3379571527664744 2.290694824006018 0.6429850091323936 0.8819640092542268 0.7626166076317424 1.7018839209743382 1.5119305190893906 3.6006537222977304 0.16436425108879027
0.5783960399614055 0.07571795059198873 0.048155470975841906 0.19714233875904508 0.03832637957699015 1.2244839012684705 1.0684680010732088 2.2070041296541736 1.4114091067561618 1.5344384150068937 0.7930183763931635 1.6458631159608348 1.2848249201754363 1.3656653061604858 0.6243788815719965 1.200955994214207 1.6988026983307665 1.25450634893576 2.1243510432721657 0.5904492086976464 0.8027150134076682 0.688378854613304 1.5246462048062757 1.3443734864641366 3.0007213455253345 0.1606537873430636
0.63861987260621 0.07239103099125022 0.051544077445863416 0.19255405492497452 0.04169309010900679 1.1181425943534624 0.9746369375045244 2.0274815126565007 1.3057015463788293 1.4287826376568893 0.7474310627240108 1.568279436297735 1.2472315159019165 1.3452178909931762 0.621961305167971 1.2064063688304183 1.7172314747577249 1.273881854262253 2.1643064017283717 0.6030033173478067 0.8212818577414629 0.7051839821365691 1.5631453631798078 1.3793038028449554 3.080998567599716 0.16029050566802794
0.6976984523214161 0.06993377182720988 0.06498093765172287 0.19968920827997064 0.04487731737198064 1.0409756397934737 0.8997206112514978 1.8870843749318962 1.2253459036514416 1.3514151699923518 0.7175771145514077 1.5265887893773593 1.2446467054413106 1.371607347782003 0.6461659098987409 1.2743600910185635 1.8412336256781525 1.3850006641976456 2.3834837713873105 0.6725431090280481 0.9271707345383244 0.8054601816357324 1.8054318461925278 1.6114449596752554 3.9868388954726304 0.1674262301092053
0.6168385261572371 0.07359754447729731 0.056604850521410705 0.1999322211959494 0.040611750760762996 1.1548555950212405 1.00773549437221 2.0919536102933805 1.3449604373609192 1.4696191360333135 0.766897085510091 1.6061151660917332 1.2745138296155136 1.3742391398999896 0.6362061844460816 1.2372651394566165 1.7673615128348499 1.3167716474016073 2.2480735050020324 0.629700793039668 0.86227812010967 0.7446835952570887 1.660493217097037 1.4738878717216393 3.495934894733185 0.16422551038293892
0.6206611407288061 0.07336899859559412 0.05716738064858865 0.19987111220692375 0.040839625129424066 1.1481659748555422 1.0015499934442809 2.081146297220951 1.3386435186431669 1.4633939283206647 0.7643104869484382 1.6019755612556554 1.2730169563021205 1.374238512864299 0.6368258876363875 1.2394727899939249 1.7717277226934367 1.3207746737005632 2.2560894151078275 0.6321724894455775 0.866045201976796 0.7482105536688143 1.6689465965475863 1.4818855195031164 3.5295973390950333 0.16447599153087006
0.6356849012268744 0.07251417473540724 0.059543981062108266 0.19991974067109544 0.04170995792144912 1.124137558627629 0.9798191142344499 2.040000893367824 1.314699549772803 1.439858964035619 0.7546033500815675 1.5867144705993677 1.2680097394300347 1.3753192379083958 0.6398530305640812 1.249520849010853 1.7911606912345628 1.3385535500187205 2.291485066405426 0.6433439431582297 0.8829276963317734 0.7640725984274327 1.7073546951785592 1.518329020702486 3.669834834964583 0.16554855706218335
0.6684677424958428 0.07064121431989771 0.06485463788362264 0.1999277224724717 0.04362771694471452 1.07031227819795 0.9360365832956965 1.9568483555751885 1.2663774590343668 1.392456376332809 0.7352896168539019 1.5567951418650186 1.2592938052043623 1.3797901689211671 0.6473952207752937 1.2732774756231657 1.836215510142455 1.379555800640358 2.3726781825191705 0.6691814913805169 0.9220725722656102 0.8010694465848228 1.796152913321248 1.6031302700990817 3.994786002160671 0.1683558561755018
0.7279280575276177 0.06849455539981865 0.06521747605644583 0.19628767765366975 0.046359917936607715 1.0127047752669445 0.866446744652693 1.8213519324373078 1.1862660489765877 1.3121832809267948 0.7005152311805684 1.4973338850699012 1.2299333192684048 1.3624259935477834 0.6439785365371714 1.2725821592457487 1.8402532335917516 1.3845560105351098 2.381853533907667 0.671532248268555 0.9252127293225259 0.8028143770030548 1.7973758155714639 1.602328594500763 3.937802966458919 0.16713884500732862
0.5709411009178637 0.07583057512510474 0.041425788357558224 0.19078584554296008 0.03781220663531125 1.2411825679844748 1.0807722149574435 2.2282414250055163 1.4224788136113564 1.5437634695388818 0.7950608254680637 1.6443699082467342 1.2748305807197013 1.3457906365985886 0.6111202450930426 1.1675040928783886 1.6404425197775852 1.203314479624776 2.024105061898418 0.5588512231667675 0.7547740053647977 0.6429878046788712 1.4146526405586153 1.2391876116267664 2.589657421149398 0.1572465818793164
0.6578826610272882 0.07113643906285658 0.06352151447043512 0.1998231611066459 0.04304890412453433 1.085512928118646 0.9491042690622535 1.9828319271629897 1.281530066192709 1.407465567967625 0.7414598521972737 1.5665127083053154 1.2624789954754074 1.3791024016748792 0.6454728904875066 1.2668794915302641 1.8241726210995737 1.3683718099877347 2.3509203311967286 0.6620895844117418 0.9112142866375654 0.7908085171662129 1.7722566376063242 1.5800736759805063 3.9094870305748235 0.1676938918103132
0.6436769920016985 0.07208595405231202 0.060692418389169674 0.1999362885228364 0.04216638654832667 1.1113130591757943 0.968645546645143 2.0188413403851633 1.3023828377323545 1.4277360737141676 0.7495973197568205 1.5788192008145197 1.2653640072602028 1.3757632184388153 0.6413379523159095 1.2545025056173706 1.800814099920501 1.3473900404668449 2.3090540103101307 0.6488972160314808 0.8913413009453743 0.7719905873770482 1.7264033651440587 1.5364414987803854 3.739395925148584 0.16607318717602312
0.677634810682493 0.07061963237183234 0.06372310336541805 0.19970841545928597 0.04396241187973075 1.0604903956596687 0.9248169610765222 1.9335680605671122 1.2526191679793228 1.3784164973851039 0.7289418788776026 1.5451855894210904 1.2521605776772544 1.373420883345064 0.6447059052506415 1.2680002824546608 1.828130622529073 1.372771505276722 2.3594887326256755 0.66492657608227 0.9156048321490065 0.7947111105862893 1.780358015140261 1.587574633821361 3.9164985158014827 0.16705253752497223
0.6948631048493139 0.07008861235301486 0.06474590057945143 0.19993436005052276 0.04476551822668136 1.0442705252993874 0.9028092792117199 1.8932491089786876 1.2290132265590106 1.3550878092132839 0.7191155554833127 1.5291282397470185 1.2456642481456908 1.3718247578599025 0.6459342881449925 1.2733533493969325 1.839233909724561 1.3829202942410854 2.37963575100036 0.6711497569580277 0.9250395740813948 0.8034816314250098 1.8010054420003925 1.6071607280053426 3.996603456500263 0.16732934525180101
0.6439981048732716 0.07208980961697087 0.06062085741309489 0.19992056561991428 0.042172568144666946 1.111880971295684 0.9681926933423193 2.017936910188775 1.3018434433370112 1.4271822214176024 0.7493366242572852 1.578326954770964 1.265028567400505 1.3754244518943721 0.6411782864906788 1.254162163706329 1.800275815114277 1.3469260468975115 2.308156567421245 0.6486118677767634 0.8909030544530451 0.771570292276206 1.7253602651112303 1.5354338538271932 3.7350082958191315 0.16601081771207138
0.6290554726406634 0.07293160561405056 0.05833027134642947 0.199932450089886 0.04130907050956603 1.135967615098157 0.9892860298109295 2.0577612882420664 1.325067992071099 1.4500135130629823 0.7587588052759705 1.5930968925635918 1.2698403941990228 1.3743054018411671 0.6382056753889899 1.2443381012617067 1.7812969024269787 1.3296113397399814 2.2736974390656273 0.6377602763926621 0.874560542808474 0.7562155256711096 1.688161411398494 1.5001680565253046 3.5986973247346494 0.1649490678408681
0.6559638230586993 0.07172577670547775 0.05887407501366992 0.19804210017727533 0.04278161074751339 1.0805942016387278 0.9512351016682078 1.985386513099849 1.2823209515759189 1.4071517838164815 0.7401275356318362 1.561087943706476 1.2537663514879196 1.364618976539131 0.6363019369277398 1.2441436722428245 1.7844850553668976 1.3335008979551186 2.2818552386618256 0.6402644472878045 0.8779916034564004 0.7590718710786893 1.6939052196872417 1.5047492206139208 3.5863626912999815 0.1642885557464027
0.6939597049229699 0.06960548398160572 0.06475027766378788 0.19776481112994673 0.044899704225217656 1.0341434939305827 0.9038515826990489 1.895632161209479 1.230129340095738 1.3560322805786558 0.7193678336681173 1.5292215610164888 1.2450174965254401 1.3704052784930323 0.6449429821636388 1.2708047031572025 1.8345512327702451 1.3787337231937555 2.371059514665799 0.6684818892159571 0.9205919832795905 0.7992463931899483 1.7902373474948503 1.5964815160677925 3.934231091421483 0.16750358303887022
0.5808522469683818 0.07570368442441557 0.05004443270544668 0.19905339766175845 0.038483739366337234 1.2191634703572731 1.0641865348576303 2.1994177730861972 1.407301895891225 1.5308268703003198 0.7920008810893638 1.645529998308744 1.2872675061566428 1.3711018708254044 0.6281415623111448 1.2106319911732148 1.7157919376175932 1.2695576658237686 2.1539923588282743 0.5998437610784734 0.8170068437409621 0.7019788397298826 1.557859760167687 1.3762202715089995 3.1296766543207517 0.16163935555452844
0.6261085615455408 0.0730662436341973 0.05796082810984079 0.19986598615141263 0.04115305999786617 1.1393397082172936 0.9935468235774723 2.065986708762862 1.3297754467463547 1.4546656884363383 0.7606938594929785 1.5962160201717015 1.2709866721276963 1.3743481980369536 0.6377647713487945 1.2427470914274625 1.778153461985882 1.3266887381469321 2.2678689809032115 0.6359033121020821 0.8716638009562373 0.7534821352648662 1.681660486340314 1.4939241473047593 3.5754369025461616 0.16480444700252037
0.686802027378099 0.07025831729976223 0.06299302588414686 0.19837424122035072 0.04446110501302888 1.0365717168050432 0.9120414736103508 1.9113917313020687 1.2392836435078773 1.3648907354509303 0.7228200312024852 1.5340997892134791 1.245454942770891 1.3675739004690646 0.64227905951863 1.2632889434146313 1.8209465652651113 1.3665576617543527 2.3471772484990683 0.660906255066366 0.909191454283719 0.7884332647499972 1.764295164860125 1.5717249468641694 3.8403100121253706 0.1662540109825645
0.6328425806976438 0.07270240720965776 0.05896007347361989 0.19990885459525468 0.04153456104876936 1.1290881564276112 0.983860969654235 2.0475554649891916 1.3190816209362075 1.444137218985763 0.7563296044025878 1.589327507133494 1.2686544758583465 1.37467987633092 0.639022850348018 1.2470032529565318 1.7864399239933608 1.3342794064027257 2.2830139115978207 0.6406650748629626 0.8788702826462746 0.7602427506757415 1.698101499860649 1.5095146596619984 3.634408456172427 0.1652339744899753
0.6700495399805794 0.07066214231220203 0.053505079367371686 0.18996856047236937 0.04348226118830267 1.057410476884851 0.9319185405293104 1.946764445343233 1.258279634025257 1.3815502079820883 0.727243991827068 1.534464250236299 1.2317890375956182 1.338132303921608 0.622020652803441 1.211301684691558 1.7292482362554777 1.285441034055496 2.187337852196268 0.610160576041376 0.8316714731311278 0.7146092538208725 1.5846820805330832 1.398858526501547 3.1241814444962066 0.16052482086508357
0.6833048134249881 0.07040705906616755 0.06220874625882763 0.19798493066130649 0.04427196783006508 1.0406656478176601 0.9162840300976317 1.9192730471497232 1.2437927651643115 1.3692258648380111 0.724483765331329 1.5363857391416171 1.245505082544766 1.3659251988281618 0.64081175985307 1.2592003554286197 1.8135002853422653 1.3598952452756432 2.334014365806566 0.6567242046578086 0.9028259324989646 0.7823867596028722 1.7496378579068301 1.5576547879851486 3.7828105961839817 0.1657972990845733
0.6267241083424006 0.07304459833139236 0.058026475824706054 0.199895948073842 0.04118220264168077 1.1386849219865376 0.9926742545192724 2.0642702453881197 1.3287993071052764 1.4536715332330672 0.7602718044431614 1.5955527050507008 1.2707333595285788 1.3743226971281377 0.637845721515968 1.2430524985821623 1.7787848837891538 1.3272627180624732 2.269059693079205 0.6362515092578085 0.8721805824839467 0.7539472392985432 1.682959105723518 1.4951193273454746 3.5794884589250344 0.16481708008480364
0.5836512944159528 0.07559656137100298 0.05124998965472858 0.19995647089798996 0.03864186702858147 1.2137511001096766 1.0599616129934832 2.1917333750163914 1.4030816081466584 1.5269041702847739 0.7906624508550318 1.644091302736111 1.288180715719762 1.3740878697256482 0.6303753193347754 1.2165040545944483 1.726364889415057 1.27885945421028 2.1723881019028797 0.6056528605817144 0.8258492963161764 0.7103726451840469 1.5781996165967513 1.3957472140548812 3.2089303981047577 0.1622538286737131
0.6472557086050749 0.0719403541950174 0.061025701713344566 0.19997625463176588 0.042353446095209975 1.1066909494974706 0.963676945787478 2.009451416339646 1.2968910590628226 1.4222991571572368 0.7473315608890762 1.5751087273972681 1.2639033301728722 1.3755013367735187 0.6417101393112573 1.2560062486477395 1.8038670635585206 1.3502347388162375 2.314694127853463 0.6506867269333199 0.8940614901603731 0.7745318027100806 1.7323974857496982 1.5421323683103718 3.761430695711413 0.16618195968469135
0.6367692366127543 0.07246927772591139 0.05963201145192003 0.19991896901577463 0.041764232947122365 1.1233320269509928 0.9782960594360052 2.037085551032802 1.3129856571953258 1.4381340220619847 0.7538911311922891 1.5855256579231716 1.2675086018865755 1.3751677641382551 0.6399275303047419 1.2498900841583054 1.7919260420995948 1.339287440406806 2.2929211983896436 0.6438250465962752 0.8836920401304869 0.7648081359572061 1.7089090781405072 1.5198552809581298 3.675349494379756 0.1655759310238604
0.6686996622645106 0.07083581075471027 0.05547462733072393 0.1923731672413587 0.04343313921037108 1.0596732582008732 0.9339097883872248 1.9511867868682602 1.261316042831283 1.3851149350257834 0.7294051567480792 1.539743414430896 1.237437839594783 1.3461348359360303 0.626735628300063 1.222625986821615 1.7486525908182484 1.3024100255763087 2.2206608921312325 0.6207360781848892 0.8478436985782444 0.7300400142372987 1.6223294519219038 1.4351398148679326 3.274604366238967 0.16177537678928566
0.6878699586410785 0.06985771864924499 0.056555313458527684 0.1908934072943537 0.04444775016135294 1.0338282850960983 0.9098747876440262 1.9054297825758924 1.2344174682562812 1.3583366515346968 0.7179909452877625 1.520707033245745 1.2289080504163477 1.3424474207212083 0.6269408663072044 1.2257386543054858 1.755890063836719 1.3092652026106204 2.234105824589545 0.6248810965119606 0.8538641625178178 0.7354577137023829 1.634671523545397 1.4463308979357925 3.3000413718654733 0.16200956965047072
0.6063856524642228 0.07415687831978063 0.05076843881761981 0.19610147122258229 0.03993625559824515 1.1725739914073439 1.0219264346589565 2.118047849512078 1.359058687721053 1.482298402172689 0.7707126119043307 1.6084024209460008 1.2676769220405752 1.358050378361883 0.6248610670811755 1.2080568348626115 1.715917688602294 1.2714009242336466 2.1589869522460523 0.6014697109955348 0.8192853281709462 0.7038277400452244 1.5614148873234655 1.3787145031293893 3.1109225931514612 0.16092217705004544
0.6793122953570935 0.07063210533927826 0.0627075818014959 0.19904673007910495 0.0440943445351235 1.0418367634551238 0.9213052669085664 1.9290962946499357 1.2497317960868035 1.37532621909178 0.7273088702090543 1.5416801919814476 1.249019396762408 1.3693838025300595 0.6424242020739763 1.2626200793024696 1.819059942809821 1.364707683651791 2.343558868029489 0.6598124966859715 0.9076379876040721 0.787085344174557 1.7613873626378551 1.5692023972253322 3.8386837776009197 0.16621333979908287
0.7016396457533498 0.0699616810516515 0.06469962528522824 0.19993938412847048 0.04502016812010009 1.0369995233437181 0.8951244762096826 1.8782718111791867 1.2201856952973662 1.3461675564966458 0.7152117244672925 1.5223283043066826 1.2422236642147333 1.3696212251077118 0.6454679755275209 1.2730014597978077 1.8392899439813963 1.3834748126823264 2.380938222707165 0.6717589024936523 0.9261203954970956 0.8044903226669587 1.8031589278021625 1.6092865515971628 3.9983967448603774 0.16712998776337232
0.6869537070385368 0.06971730731017041 0.0649300845443556 0.19777608110158112 0.04462967177659852 1.038061893914436 0.9124666969543491 1.9119941956847981 1.239807735186028 1.3657409655541326 0.7236050225638762 1.5365406431975728 1.2487761330054823 1.3728504507319086 0.6455649490347988 1.2714076166462072 1.8348653353189892 1.3788311624570935 2.3712232191483777 0.6684649425826075 0.9206500426864328 0.799283539617357 1.7910071485340147 1.5972041424973171 3.951035495380713 0.1679149828650322
