6.995205915843458 0.09070634701914615 0.09804314209356389 0.1273523177616307 0.012722625248013146 2.4315256555777363 1.5239138365714517 3.5209994018944775 0.9628658783909688 3.3013301123081344 2.9318788048925817 2.5186946865833333 3.509605091886728 0.19219586259630633 2.4079889151028957 2.4724321271128726 2.7283210126203405 1.6563720786929008 0.3224107043364128 0.7969057309235498 27.33692967239923
1.8327592804622808 0.014625508920427051 0.06073320088598768 0.10915224481187347 0.11808191471457519 1.6810885574702779 1.244934866746336 1.4170401443970206 0.9769160515233083 1.1039176579445045 1.3889194546269872 1.4377047449326323 0.9751659708386037 1.7616734641946394 1.7038097961766094 1.7590089584113084 2.8407083419131873 2.9895371855103288 3.27462269580046 3.858843216019643 0.32889336868753577
1.8535730520764593 0.014365304987284352 0.0608927850137884 0.10802635972120636 0.11861226041303014 1.6730286367878613 1.2342850013722033 1.4073457949549961 0.9718322137138762 1.0996316515415383 1.38609016318112 1.436324009893694 0.9750422413207895 1.7617267604748261 1.7036895410178354 1.7585768519015221 2.835498956283585 2.9837669468925268 3.267886525289312 3.8505177142876272 0.32880264138772686
1.8320318659464596 0.014626090037135081 0.06002699715427829 0.10844946223029528 0.1180358899368632 1.6817440498577783 1.245205303380561 1.417096157342905 0.9767805925132489 1.103568355882575 1.3879873909858915 1.43623140901104 0.9734785395278356 1.757384049801489 1.6972641123693 1.7497800498240847 2.7940829422599096 2.938393550702195 3.216324556766256 3.7874793427953626 0.3285967449507213
1.8338351031015767 0.014626602116734631 0.06192219169025707 0.11034585069818814 0.1181558820207694 1.6800361139121787 1.2445500885729124 1.4170171738667379 0.9771816111729351 1.1045381586038232 1.390513058177422 1.44020174615521 0.978018278463257 1.7689275192078586 1.7149012233579641 1.7746784286049648 2.921105841580422 3.077809211038598 3.375337529300563 3.982250085490425 0.3294047088743491
1.8334898758645386 0.014627918298108711 0.06173454563503064 0.11016433617791886 0.11814038436925929 1.6802561715789825 1.2446909572620608 1.4171027116389188 0.9771823285556839 1.1044761938124288 1.3902861080058169 1.4398196632399378 0.9775704373957954 1.767784421973035 1.7131530527860184 1.7722087399672828 2.908356842977193 3.0638041928130852 3.3593498968935407 3.962652453823898 0.3293238272230027
1.8322625540088986 0.014631173392735503 0.06064498843575884 0.10909245252037539 0.11806646427720309 1.6813081924850883 1.2451593060373225 1.417239228706007 0.9769997469157107 1.1039600924179467 1.3888636605716296 1.437554509401378 0.9749667021575541 1.7611585762781958 1.7030263750575663 1.7579089042264175 2.83518694006525 2.983478846191775 3.267712318477299 3.850388514954013 0.32885853631238965
1.8325888775125514 0.014632702766052042 0.06101658372823257 0.10947212540648912 0.11808890667821428 1.68098882241882 1.2450461418523038 1.4172376574117616 0.9770859752370381 1.1041572795632473 1.3893644554308804 1.4383376372219503 0.975859619888862 1.7634283413754475 1.7064935368438812 1.7628022756047474 2.860103538389862 3.010823017986817 3.2988955422967683 3.8885796594533613 0.3290169926219944
1.8420198077494572 0.014519666406349776 0.06189557070776293 0.10978885334460746 0.11836028836972988 1.6770153902140628 1.2403455881528676 1.4131472352877477 0.9751282307224963 1.1027746554414857 1.3892549875085838 1.4394535771522878 0.9777463964589752 1.7683840443328465 1.7139866741118617 1.7732775649183317 2.912577100889797 3.0684208855963835 3.364576203623362 3.969015287205783 0.3293282791647414
1.8297473190817013 0.014627032806130395 0.0577646844168219 0.10619327679555168 0.11788962100344114 1.683830635989044 1.2460512214046713 1.4172550743138943 0.9763361841347262 1.1024411957491114 1.3849998594190853 1.4315187178058952 0.9680915307889062 1.7437108711312583 1.6764591981979642 1.72053230504667 2.649757764478341 2.780315974211743 3.036401115598677 3.5675522728033644 0.3276780517133471
1.8301236830667527 0.014628006885343861 0.05820794014084565 0.10664125741748653 0.11791652629117291 1.6834464179679145 1.2459192098710559 1.4172579040723872 0.9764410557777284 1.102677253660652 1.385595583135597 1.4324471426903618 0.9691470448703561 1.7463861113243069 1.6805229040647351 1.7262356024635208 2.677504132673312 2.8106782696547334 3.0709266685090824 3.609717285179525 0.32785476916364903
1.8341000755954124 0.01462506515423606 0.062063261459618574 0.11047926772660509 0.11816780992196811 1.6798665886242092 1.2444404482434193 1.4169493251984953 0.9771790818723313 1.104582786675576 1.3906819491339872 1.4404873649867838 0.9783538411021567 1.7697843324081481 1.7162120328619443 1.7765308551934482 2.930689515465601 3.088338782558165 3.387360614395456 3.9969890187153774 0.32946559601164244
1.8335966333719393 0.014625058253585045 0.061552831069026356 0.1099691025471236 0.11813511578557967 1.680331495280035 1.2446248157519888 1.4169787696719858 0.9770752778296287 1.1043250138520257 1.3900035002010416 1.4394177744463579 0.9771287807469127 1.766666421549557 1.7114405601530396 1.7697841000847785 2.8958142499649524 3.0500292843667522 3.3436296858493972 3.9433804842771156 0.3292438408240783
1.8365679880450392 0.014662690316785963 0.06204993944270661 0.11070046165516272 0.11821000184146559 1.6789291998627023 1.2431558397282487 1.4157860373324465 0.9765839911944098 1.104092758462608 1.3903907816039112 1.440395122695763 0.9784209485364557 1.7699992794185526 1.7165166026346865 1.7769254007391095 2.932562867494819 3.0904357494646972 3.389712225617297 3.9999678964657437 0.3294613323712519
1.8325830585356506 0.014625386984790696 0.06054300573442773 0.10896157256055905 0.11806998403006642 1.6812584280498983 1.2449983761401122 1.4170457974246753 0.9768746202842846 1.1038193286921198 1.3886653546875116 1.4373060927404904 0.9747106191271702 1.7605160956211894 1.7020426219495728 1.75651585512124 2.828057907687737 2.9756573175717875 3.2587972860583907 3.839465657722131 0.328812890158124
1.8355871074348886 0.014603870263961469 0.06194023601771338 0.11025108116537638 0.11820076060942308 1.6793579824315599 1.2436599202276704 1.4161970744361008 0.9767517123267803 1.1041765094525515 1.3902776404848465 1.4400926814619244 0.978017084377201 1.7689563338940975 1.714928276116268 1.774694100969696 2.920906302746698 3.0775909746049046 3.375093316667198 3.9819290444318596 0.3293993249619198
1.833174408190153 0.014637669508778733 0.0619578154266871 0.1104378102651973 0.11814075301229951 1.6802507760901986 1.2448684056884987 1.417343971730517 0.9773616145462672 1.1047046330738965 1.3906657002942444 1.4403376313011593 0.9781267585910643 1.7691903687285204 1.7153089395768406 1.7752638556309943 2.9242569900950515 3.0812731006537684 3.3792915726442683 3.9871079358511703 0.3294253623775487
1.829668733034879 0.014626354958570799 0.05764444692985351 0.1060696278319782 0.11788290707973306 1.683926546322419 1.2460757632877206 1.4172429892104264 0.9763017864995902 1.1023720330919367 1.384834605758926 1.4312647715603242 0.9678045133335902 1.7429841116474696 1.6753557487092985 1.7189842532481525 2.6422566757014483 2.772110029804779 3.027072965171468 3.5561626720354034 0.32763026399654
1.8320935025395095 0.014625573187391027 0.06005714149777339 0.10847694983296874 0.11803859844157315 1.6817054621961691 1.2451792186363162 1.4170790999575047 0.9767786719694319 1.1035766343321813 1.3880224228548108 1.436291511752961 0.9735494500035031 1.7575648826594936 1.6975397002341397 1.7501679736984683 2.7960270173743815 2.9405253314625175 3.218754146656902 3.7904516400933166 0.3286091116843324
1.8190530275815195 0.014629372776753222 0.04708016283291112 0.09552588088747356 0.11720115402667308 1.6937218831707894 1.2500341210581976 1.4179893789904432 0.9742360861540422 1.0971351696650937 1.37098999519857 1.4094892051300725 0.9430647879254375 1.6805841229250462 1.5816138702440823 1.5888833940589824 2.0625870803457014 2.141207237563433 2.313520418915172 2.6894084118759274 0.3239278318714635
1.8933290178998825 0.013722975233382109 0.061802835511889934 0.10564662899918423 0.11969207329973479 1.656369843310452 1.2147690454056244 1.3897029243546253 0.9626907281183582 1.0921058671177215 1.3816339535906252 1.4348519489025606 0.9759402475529091 1.7646263981085524 1.7077258784426856 1.7637993526497966 2.8559563686010745 3.006077675802224 3.2931806315980827 3.8812945517477457 0.32889265015544794
1.8201008733918427 0.01462909950927192 0.048122893932745374 0.09656677094919817 0.11726845223781839 1.6927498601297766 1.2496409535093786 1.4179135413515864 0.9744383139616982 1.0976493110146288 1.372348286544055 1.4116216290745403 0.9454769167625457 1.686640117514668 1.5906260940649541 1.6012720459324943 2.113628937979158 2.1964842691418487 2.375726448780613 2.764595484387065 0.3242549310332836
1.8325926428073065 0.014626067421089269 0.060593950057301796 0.10901597403619788 0.11807224780934376 1.681226191350963 1.2449993069337635 1.41706232372696 0.9768952024979609 1.1038538463164287 1.388739287427896 1.437416334765885 0.9748339550933469 1.7608287813739905 1.7025202174455474 1.7571900007105916 2.831481534525942 2.9794133708703474 3.26307896153071 3.844709107650674 0.32883466898692276
9.39897243699915 0.017712443408764236 0.17125578714753806 0.13815374003778816 0.10578095518929416 0.20161891291184392 2.0023926700841814 0.7032959989050046 0.8193222986587673 2.044350344411602 2.525981156541393 3.7313295260447523 2.5406867778594 3.0819507773001766 2.2066610607176043 0.1504266670935553 1.3517805039189825 0.5169212821963227 2.4413973266670084 1.2512337199755283 25.46806514494525
1.8887952932046885 0.013632680274469804 0.06272997910586947 0.10602304754472458 0.1196860937838468 1.6564528375126 1.2170855685145998 1.3920391872321425 0.9640884159555912 1.0935514694681825 1.3833880508696936 1.4368844104010654 0.9779327494589305 1.769619510446959 1.7154077801398917 1.7747079362176226 2.912338362251177 3.0678367627675005 3.36356738442315 3.967233141309736 0.32927279461282644
1.8325165995170505 0.014626845941475914 0.060567552949142595 0.10899354923256455 0.11806934141355101 1.6812675665275914 1.245032571315714 1.4170877541407247 0.9769023880616173 1.1038513124850375 1.3887119369206342 1.437365556029943 0.9747724583885125 1.7606714167760373 1.7022802885195105 1.7568521921368503 2.8297776351799415 2.977543943999098 3.260947040962447 3.8421000255650384 0.3288238423980416
1.861697573655685 0.014115076050055408 0.06258012693259568 0.10836232301956744 0.11894990587362309 1.6678684815636613 1.2304902744920705 1.404264702566798 0.9705406876667131 1.099036779041327 1.3871688006599685 1.4389893889009209 0.9785482776963673 1.7707575054252127 1.7174255488951062 1.7778961249196052 2.9331968598438714 3.090934274315742 3.3900940997433535 3.999999798283515 0.32943052277249935
1.8601970058090942 0.01414505318347709 0.06156155190873414 0.10751197652070445 0.11887242908851837 1.6686620261673637 1.2310164139993798 1.40452026977727 0.9704510391241784 1.0986308258621078 1.3859083998447448 1.4369343631075127 0.9761626166127167 1.7646847006362765 1.7081496162981327 1.7647943644689936 2.865859550576929 3.017036266793667 3.3058275473647285 3.8967973457579954 0.32899644251998034
0.9941046861255842 0.019704921659379517 0.08286175703825392 0.15808479716355328 0.18151370413682508 1.576425871805492 1.0596846836310256 2.323831884463598 1.8042846465608426 1.0329390523781348 0.5512615271717748 0.2682943019201161 0.39817483857261676 3.1197686930545934 3.8231478326655206 3.2200015779338393 2.698062987008896 1.8146485793103746 1.1399832158111272 1.9400024762123556 11.444132632409875
1.8324204867660627 0.01463380220153188 0.061300567390014944 0.1097584996838375 0.11809807774082699 1.680855237909205 1.2451493209759747 1.4174276786818925 0.9772516229016127 1.1043906226855313 1.3898004086838966 1.438957883978516 0.976540593907655 1.765152058802617 1.7091328785699447 1.7665364280626445 2.879256473037644 3.0318471401235536 3.32288159846054 3.9179643654131486 0.32913979347849354
1.8333358285873191 0.01463197987055244 0.0618209128990396 0.11027146590594598 0.11813979158814784 1.6802644755269085 1.244774479362023 1.4172109967718296 0.9772594963735459 1.104571166725723 1.390437485163675 1.4400223304814899 0.9777861635596722 1.7683289373172797 1.7139881712793232 1.7733924804849133 2.914514682084225 3.0705690661003135 3.367071856162687 3.972121798066612 0.32936320341837194
1.83351288927176 0.014625073167632556 0.06146843630393335 0.10988483641743643 0.11812969475583367 1.6804086064763537 1.2446555763633755 1.4169838925292018 0.9770582542560676 1.1042825249481556 1.3898914549382957 1.439241079513875 0.9769264177320337 1.7661515261410794 1.7106530593206712 1.7686712532704834 2.890089131745612 3.043742289615187 3.336455156689443 3.9345880048123454 0.3292074349514301
1.7907067616072034 0.014634740535204707 0.018903133725462724 0.06738416288882079 0.11538194318281286 1.7204264818786723 1.2608777689424415 1.4202346752630761 0.9689170056255589 1.0834751533003775 1.334961461159345 1.3532395177258152 0.880270391987089 1.5251020604917318 1.3566550395873813 1.2882247757919767 1.0655217580038516 1.0753993781389064 1.1296168252265837 1.2767289329720877 0.31743910599158476
1.878650877036368 0.013830791260927068 0.06257366261840931 0.10689649942765088 0.11939257056073439 1.6612657979409087 1.222087178229842 1.3965535505224074 0.9664472329847955 1.0955267677355156 1.3846674974499527 1.4374843639743482 0.9779632144333865 1.7695412887310569 1.7153892623340774 1.7748045578586875 2.914459116217627 3.070254362365453 3.366425244650535 3.9708376888945427 0.32929334104873664
1.823605351064073 0.014628163445476459 0.051617880054400156 0.10005533157199949 0.11749386277985167 1.689502336450786 1.2483305688845348 1.4176664367465834 0.9751206651479796 1.0993785534493232 1.3769151052988187 1.4187963812941136 0.953609138995728 1.707101800087115 1.6212126224234806 1.6435081428340927 2.294104816218871 2.3923834009717093 2.5966893613948794 3.0322784043366617 0.32540954968728
1.8327558426942858 0.014626220708530346 0.0608420153289242 0.10926403382162084 0.11808659159161951 1.6810218643702362 1.2449459641916991 1.4170859180410023 0.9769652061940596 1.1039953201094268 1.3890793963802748 1.4379397664555684 0.9754277901436534 1.7623367966043002 1.7048237060550169 1.7604413223286952 2.848006900523201 2.997545898963222 3.28375493856618 3.8700280334573294 0.3289398973897381
1.8341307051563267 0.014624875937734236 0.06208368392099846 0.11049870169436297 0.11816938068434228 1.679844259142382 1.2444280670208445 1.416943117632119 0.9771805896114996 1.1045908162190812 1.3907074549100997 1.4405291939262286 0.9784024839678314 1.7699083800490372 1.7164019025148554 1.7767993395870376 2.932081240141487 3.0898679655218366 3.3891068311861003 3.999129902976547 0.3294744478787902
1.8279950678531331 0.014629306375936462 0.056129131882571064 0.10457022915541506 0.1177813910283412 1.68537789049439 1.2467123223404883 1.4174196030146948 0.9760413055343288 1.1016498942702786 1.3828609350978753 1.4281317516999503 0.9642199487208106 1.733900425578214 1.6615893720964405 1.699709985533924 2.550174627113336 2.67145662866457 2.9127396235532967 3.416691468318303 0.32704369365447356
1.828705159506569 0.014627204780621437 0.0567186786613678 0.10514872020905733 0.11782234785546054 1.6847920551337072 1.2464363627639734 1.4173225036320396 0.9761277041834882 1.101917909264219 1.3836191941201326 1.4293443676133795 0.9656108042386942 1.7374246833754565 1.6669252547502276 1.707173222022831 2.585557523496834 2.7101150581206253 2.9566321205962147 3.4702083468794696 0.3272690845048982
1.8202024024986876 0.01462953023490735 0.04825733631228328 0.09670331275776865 0.11727633314116812 1.6926361021768392 1.2496063288381523 1.4179200249250095 0.9744729179040283 1.097722938665548 1.3725287464742486 1.4118998069112931 0.9457894636138366 1.687424494177881 1.5917947998319197 1.6028808033269242 2.1203230581379655 2.2037380360041356 2.383893974372269 2.774473718072476 0.3242978539566117
1.828618266291292 0.014626680227799433 0.05659886216978036 0.10502627864404268 0.11781544152031244 1.6848908189731093 1.2464650002864917 1.4173146219395552 0.9760956315826125 1.1018509254673217 1.3834560702346754 1.4290925408085815 0.9653258782632479 1.7367037772948273 1.665832995967524 1.7056441472780248 2.5782724736431755 2.7021537908501267 2.94759150266688 3.459181498567603 0.32722265054404187
1.8338885537497132 0.014629928794541187 0.06207734819057599 0.11051885077392247 0.11816265975677843 1.6799397996735799 1.2445444620235435 1.41705691668962 0.9772392091856862 1.1046397116954578 1.3907371392445471 1.4405398364286317 0.9783982033146128 1.769892764107113 1.716379356551755 1.7767701211560083 2.93197784819192 3.089754780350395 3.3889743285292937 3.998974762977834 0.32947372557595184
1.832654781199922 0.014631108484909042 0.061049276690345114 0.10949607757678685 0.11809226376931309 1.680940829491583 1.2450156963664103 1.4172184893902655 0.9770832287048103 1.1041651460042827 1.3894010122146505 1.4384004145507443 0.9759343967506061 1.7636190912221976 1.7067848463924797 1.7632133813741804 2.862192283338199 3.0131150778856908 3.3015102104183183 3.8917810083587088 0.32903031921521403
1.8336922108450093 0.014629500596345291 0.06182057177464209 0.11026032120636643 0.11814743621035645 1.6801562655836362 1.244611184738827 1.417044894682212 0.9771730386676836 1.1044982565239574 1.3903877510064235 1.4399977287116337 0.9777808983759737 1.7683226322776477 1.7139753772385071 1.7733691224730366 2.914348746718616 3.070387007926402 3.366862559503284 3.971864097148659 0.32936158767705126
1.8278026920407977 0.014626941612825625 0.055787985493088804 0.1042171698791642 0.11776309734006457 1.6856397314371292 1.2467676658638733 1.4173709355738893 0.9759362331312009 1.1014474075414558 1.3823883754268018 1.4274105881278496 0.963408245212185 1.731849230222844 1.658485574092483 1.6953703466109922 2.529720853195524 2.649119866176866 2.8873927828292345 3.385796336057933 0.326913215914532
1.8340571150795992 0.014624885421763982 0.062009736318706654 0.11042484615103208 0.11816462876719257 1.6799118130378285 1.2444550706024053 1.4169476907600496 0.9771657098630806 1.1045536036497068 1.3906092373552117 1.4403742357414668 0.9782249191868624 1.7694563405467147 1.7157098059167402 1.7758202755785912 2.927001108190627 3.0842862530231376 3.3827336766367764 3.9913154029962943 0.3294421476720631
1.8342336929767002 0.014655220852280855 0.06206079243327676 0.11064725626155535 0.11815947549607399 1.679934617721552 1.2443822183095052 1.4168953258981527 0.9771590030589457 1.1045751095043208 1.3907045548795307 1.440538713904008 0.9784189299447296 1.7699510298091117 1.7164652162817533 1.776886665041429 2.932611689084794 3.0904686350606663 3.389775725889067 3.999999557875538 0.32947395348740066
1.800697039716639 0.014633157631435427 0.02880044029319722 0.0772715871402553 0.11602163320670957 1.7109408849279888 1.257007555112404 1.4193895754593608 0.9707464976778843 1.0882164206522689 1.3474652563577654 1.3726968614262398 0.9018109872792242 1.5779621445043968 1.4317346169984424 1.3866918375417625 1.3437278260280223 1.3696753384308236 1.45305392232473 1.658600429403191 0.31927771714204395
1.8628024075304321 0.014024160465404596 0.05643068405678973 0.10176049476656375 0.11872501934453746 1.6714493058416828 1.228989174905617 1.4012505204327843 0.9675185969393871 1.0944209015678323 1.3779483299925306 1.425521809602108 0.9636644308285823 1.733123781768815 1.66013272624033 1.6972863197769201 2.5340752943200706 2.653746198468626 2.8925345319944196 3.3917436038746427 0.3268599925522182
4.832178251028102 0.03964755378075189 0.0657399950352281 0.07067884435119542 0.047178789598709886 0.08961115058602351 0.2563275858548652 3.8228411792941426 1.6289076168381662 2.096092270218623 0.44858991091320555 1.9518496761434798 3.122466352557358 3.5949820378559956 1.027826272213141 3.9108700072674742 2.9711565992465987 1.2367019840201061 0.5475017256951579 1.01704093418002 16.03492177855308
1.8346438327199164 0.014624347385418728 0.06206202571717235 0.1104784752872082 0.11817875273325576 1.6797032797679228 1.2441656546440418 1.416694639000306 0.9770456532303886 1.1044702853815587 1.3906082970137061 1.440452336762321 0.9783520175703602 1.7697891769196934 1.716213776726786 1.7765261833941952 2.9305936370172248 3.0882382240639563 3.3872491408133465 3.9968482522192277 0.32946322836780356
1.8341610012120924 0.014620779607255491 0.061855537179384586 0.1102498733954551 0.11816149542748405 1.6799526131762648 1.244379077762208 1.416835451680655 0.9770699068140896 1.1044203700112538 1.3903648145886862 1.4400276765162041 0.9778464314420732 1.7684976396083743 1.7142397250128378 1.773737775883458 2.9161720218962146 3.0723888577748872 3.369150905240593 3.9746599907580533 0.3293726866648549
1.8253854413262118 0.01462964641519831 0.053516069236001045 0.10196015206412071 0.11761322903327479 1.6877876189446583 1.2476804078382107 1.417593731297349 0.9755241199620966 1.100347400834166 1.3794231737217837 1.4227219023545166 0.9580610734508622 1.7183299054020684 1.6380862853544627 1.6669346322191418 2.3986101693988338 2.506124091006099 2.725326546181653 3.1885327688530074 0.32607706247956314
1.8347220870979348 0.014612321389751442 0.06183035153618445 0.11018223442015501 0.11817496768859925 1.6797498836599416 1.2440837622533114 1.4165589690314377 0.9769175711676962 1.1042814873854576 1.3902423702994795 1.4399234369723315 0.9777691083844539 1.7683116541743336 1.713949423123677 1.7733196743939388 2.913912460183349 3.0699068554204905 3.366319200317998 3.971181330168813 0.32935682349351997
1.8330555379045221 0.014625562548901396 0.06113292321541003 0.10955116638507344 0.11810572284967914 1.680749517169229 1.244833697672488 1.4170625538563373 0.9770207490369625 1.1041388365108282 1.3894630020571532 1.438546287906367 0.9761230244533983 1.7641050683744233 1.7075253740811664 1.7642551560394932 2.867460523450901 3.0188975185621096 3.308108637921356 3.89985721213772 0.3290636620978479
1.8335026080726715 0.014625074831978167 0.06145797294783008 0.1098743905053881 0.11812902526397526 1.6804181301713608 1.244659332889239 1.4169844818399373 0.977056119044252 1.1042772365081042 1.3898775510351258 1.4392191678543838 0.9769013321639213 1.7660877021715067 1.7105554520303932 1.7685333327139934 2.8893801332745133 3.0429637365471542 3.335566697271115 3.9334992854323314 0.3292029242449054
8.376394971705608 0.0360908738873492 0.18820275882874152 0.06202717623684462 0.03924364868034553 2.8270198049850537 2.356376363691348 2.154710948859778 2.2250441773083796 2.7790320798807318 2.37483349242597 1.603335014531229 1.420895690885091 0.6367156212633963 0.45058888030800615 1.3607525955119844 0.41134746449409904 3.242749837869145 0.2467520997540943 2.473945656617602 27.699571455876786
1.8329807206838074 0.014628046165102614 0.061135997088559414 0.10956758357981826 0.11810350325800734 1.6807811873955947 1.244872076018334 1.4171004106073462 0.9770417023267048 1.104158456410664 1.3894808517892228 1.4385625693905604 0.976135853134465 1.7641362361224535 1.7075733939679003 1.764323653314587 2.867830053741953 3.019303506896987 3.308570011445156 3.90042602950848 0.32906594229894365
1.8296241961721005 0.0146263705198039 0.05760001910051414 0.1060253058991545 0.1178800416421674 1.6839674722161437 1.246092252862329 1.4172459766107401 0.9762929960004515 1.102349859805439 1.3847759824281245 1.431172393496213 0.9676990620660966 1.7427167942652702 1.6749500205551913 1.7184153160209148 2.6395060002390287 2.769101119951865 3.0236526558922385 3.5519872295003947 0.32761274492945647
1.8328853314752689 0.014626464296852505 0.06091680173789638 0.10934065217740745 0.11809230163880119 1.6809406876912045 1.244894693117717 1.4170558387408414 0.9769671919154275 1.1040222277671463 1.3891717843675748 1.4380939249356182 0.9756075562024116 1.7627951425015829 1.7055233582050053 1.7614278447820944 2.8530272818080076 3.003055827006378 3.290038335424555 3.877724022843302 0.32897172270126246
1.8212629401062015 0.014631500757867366 0.04966547318585282 0.09811907830414435 0.11735966856113134 1.6914330168528289 1.2492383934044815 1.4179848080757504 0.9748331037661555 1.0984910903222609 1.374416039749593 1.414810535521054 0.9490636408140607 1.6956477782592916 1.6040665422649774 1.6197997936733994 2.1915915529873335 2.28102446028235 2.470986503178065 2.879885804125675 0.32475465877915255
1.8336652096247825 0.014632274788637031 0.062013961898580584 0.11046732576337075 0.11815467557905593 1.68005328899924 1.2446440085564268 1.417136885336853 0.9772663986628246 1.104642101290985 1.3906770927450791 1.440420800158408 0.9782507830974893 1.7695143638953497 1.7158013181090972 1.7759544931548596 2.927771830943713 3.0851338668757964 3.3836982013481047 3.992507407936852 0.3294471285803689
1.8341227286040314 0.014624867339277536 0.06207545624758205 0.11049043151779818 0.11816885990067626 1.6798516624065487 1.2444309501694375 1.4169435239428396 0.9771788774417538 1.1045866244172442 1.390696485322543 1.4405119181459294 0.978382704710147 1.769858028140783 1.7163248043215562 1.77669026524313 2.931514918578544 3.089245705580281 3.3883963185899475 3.9982586643238713 0.3294708470312965
1.8314863785513193 0.014627438998384064 0.05955556693101206 0.10798521506198293 0.11800369647579062 1.6822028459731186 1.2454144076840175 1.4171623402512479 0.9767053128126721 1.1033482847743192 1.3873749088985734 1.435254218061325 0.9723558598815906 1.7545305916225198 1.6929150896415657 1.7436561340081216 2.7634434808434203 2.9048047252388813 3.1780589411079214 3.740666477629973 0.3284017977555376
1.8331430888542062 0.014625199774603683 0.06110038551587838 0.10951765966459419 0.11810594724547196 1.6807464855072722 1.244791862418861 1.41700846916888 0.9769851881856569 1.1040982523446239 1.389403655681067 1.4384711683646358 0.9760445492055015 1.7639080715713895 1.7072233820357086 1.7638268858395598 2.865257580366539 3.0164798150622025 3.3053508332376356 3.8964781681130702 0.3290495104255227
1.8341218877573253 0.014624856850677154 0.06207383816089576 0.11048876187878058 0.11816877443617266 1.679852877345883 1.2444311677809436 1.4169432586359065 0.9771783593566886 1.104585645236905 1.3906942197662617 1.4405084617616237 0.9783787972334047 1.7698480955565135 1.7163095897551857 1.776668730571043 2.9314030044951473 3.089122737596882 3.3882559139763715 3.998086487619596 0.32947013466078573
1.8212538639939162 0.014628801116326027 0.04927259060417673 0.09771442093355148 0.11734260300327987 1.6916801798743653 1.2492091752990884 1.4178315914292607 0.974662289490358 1.098217377801892 1.3738483253245979 1.413977226255595 0.9481440116107432 1.6933432637308898 1.6006229198553183 1.6150441381694558 2.1713729293414703 2.2590881644931757 2.4462553585683797 2.8499353026936873 0.3246246727936348
1.832313719262774 0.014628342314842084 0.06060807193007989 0.10904034018847442 0.11806686596704093 1.6813021896966467 1.2451273915657426 1.4171981929316975 0.9769691354826813 1.1039208677353385 1.3887990092826648 1.437465982174096 0.974872170479106 1.7609198692975623 1.7026614177571575 1.757393311435563 2.8325503622837056 2.980585314944524 3.2644141393983306 3.846347061690122 0.32884178682942605
1.8314052694682075 0.014625785026595691 0.059371518147016855 0.10779280893288486 0.11799437673747053 1.6823357407927297 1.245433294126401 1.4171250300749245 0.9766427507724017 1.1032338124708219 1.3871154146994256 1.4348609286493492 0.9719132387008222 1.7534087058070014 1.6912055415448521 1.7412488919017648 2.7514402938456697 2.8916505236601178 3.1630798207756157 3.7223441300712232 0.3283253862418495
1.8286140490239517 0.0146266903859646 0.05659508291851522 0.10502255365495163 0.11781518538892467 1.6848944921666993 1.2464666317467314 1.4173150826244192 0.9760949950771157 1.1018491363687324 1.383451159518749 1.4290847402877154 0.9653169503435713 1.7366811595475469 1.6657987402542864 1.705596214144177 2.578044546332209 2.7019047270537975 2.9473087284236232 3.458836594503856 0.3272212011305572
1.8046032052615053 0.014632446629175474 0.032707529057033 0.08117381766627219 0.1162734410339193 1.7072355779820614 1.2555108930506116 1.419086249580187 0.971487233941523 1.0901108074176384 1.3524500942652489 1.3804685808341526 0.9104665654227343 1.5993429037468698 1.4625156898659057 1.4276146199396038 1.4726028202054275 1.506915791738587 1.6049147452519301 1.839103120112341 0.3201196286748224
1.833406357338459 0.014628157529843195 0.061547750462623396 0.10997990165316163 0.11813019695362358 1.6804014265307423 1.244714793216565 1.4170675841938853 0.9771207685661288 1.1043625298398352 1.3900254258188693 1.4394239532338926 0.9771231767132184 1.7666484027567395 1.7114142104465453 1.769749160029937 2.8956675494371638 3.0498681807384496 3.343443757372109 3.943157248554369 0.32924292867693816
1.7940194476119253 0.014634201955986754 0.022148663881578923 0.07062671572241794 0.11559243152706732 1.7172937125141672 1.2595859172030592 1.4199348166023884 0.9695040267568519 1.0850162180108083 1.3390390542496107 1.3595823087806853 0.8872733242049478 1.5422327761455694 1.3808265491110183 1.3197141028852315 1.1497372241408148 1.1641682180926811 1.2268399996468917 1.391115586200421 0.31799934560167076
1.831148041280796 0.014631577815211577 0.05977142779596254 0.10821966710745876 0.1180055242339617 1.6821745096717695 1.2455905509669507 1.4174069311226578 0.9768834118080948 1.1035703909889494 1.3877379562178596 1.4357431263421507 0.9728788455338908 1.7558479481520222 1.694927113177692 1.7464966611602475 2.77770104876835 2.9204318002974903 3.195858857227246 3.7624446967228784 0.3284933412485841
1.8327554930849732 0.01462534258843495 0.06071543165442093 0.10913366762960289 0.11808108706478944 1.6811003752657316 1.2449348932285043 1.4170346210695572 0.9769090189203021 1.103905771490915 1.3888938194110805 1.4376664700345523 0.9751230947773515 1.761564746585705 1.7036436882442483 1.7587744091524233 2.8395145853874775 2.988227322146426 3.2731292141115187 3.857014109316109 0.3288857714819905
1.833548319578065 0.014627850138913844 0.06169210546841279 0.11012242566641516 0.11813955317521917 1.680268318454612 1.2446621807748222 1.4170591681362499 0.9771499869317241 1.1044351471654001 1.3902168390658574 1.4397256248354715 0.9774687569153327 1.7675277479614095 1.7127594586062587 1.7716506946219757 2.905466495283822 3.0606299361128513 3.3557263745603993 3.9582109999802113 0.32930526366972024
1.8325950740900976 0.014625398042583417 0.06055583128887406 0.1089744471542335 0.11807079004844061 1.6812469508119714 1.244994032707534 1.4170453564806196 0.9768773833722944 1.1038259348231825 1.3886824743601864 1.4373329704853377 0.9747413253780586 1.7605941377341239 1.702161760483554 1.7566839014288735 2.8289093982731104 2.9765914780025113 3.25986228981306 3.8407695978664464 0.32881830660382433
1.8336555914019879 0.014633303999682655 0.06195980468752053 0.11041947186912261 0.11815158236709766 1.6800973029162471 1.2446454748732267 1.4171205701457457 0.9772456084623321 1.104607116930889 1.3906010172592291 1.4403073961546677 0.9781233440199478 1.7691908568246466 1.7153053255402007 1.775251873727736 2.9241294889982585 3.081133143546903 3.379130977905714 3.9869077181650616 0.32942385839487204
1.8432130617615288 0.014437482554120711 0.06112618670145829 0.10857633035714312 0.11838746003082021 1.6763764096685312 1.2396172495673043 1.4122599661153667 0.9744604949707548 1.1019309930228651 1.3878589101649166 1.4375546978146154 0.9757171472527439 1.7632608253548219 1.7061370555283115 1.7621648254701117 2.855108608022864 3.0052948975731693 3.2925380980980807 3.880669195064394 0.32896138877898723
1.8329764624761995 0.014630285623615291 0.061359573336859895 0.10980167875121276 0.11811276160503656 1.6806489638999558 1.2448944934022246 1.4171922589872243 0.9771417573696368 1.1043175569096204 1.3898097401065113 1.439047086933514 0.97667609925625 1.76550600548275 1.7096690389581837 1.7672866830260832 2.8830426707450143 3.0360046396017375 3.327623540699474 3.9237727788227796 0.3291629444954416
1.8487929813967323 0.014325300212719006 0.06096632381790532 0.10783566283878528 0.11853850803301061 1.674020043530073 1.236742815670177 1.4095779899169396 0.9729934478758492 1.1006134181871625 1.3867468516252204 1.4366605367824927 0.9751003243892196 1.7617961796697972 1.7038450985447238 1.7588580699022618 2.8373512282449984 2.9857780247073253 3.2702419883022413 3.853298210803823 0.32883653504944693
1.837817522112152 0.014601039167711233 0.062108495918601535 0.11042231657070051 0.11825871230704917 1.67831393682724 1.2425253104304987 1.4152148298796403 0.9762791827599668 1.1038364574158386 1.3902264279509713 1.440320903150657 0.9784245200367893 1.7700306448735488 1.7165522279842529 1.7769629126044113 2.9324129720479752 3.090252375806067 3.3895142455355582 3.9996824019755874 0.3294626364508715
1.834102732279174 0.014624867095292626 0.06205500029402728 0.11046998799851324 0.11816755272299145 1.6798702450490055 1.2444382593364498 1.4169446165049016 0.9771746720628405 1.1045762546624809 1.390669263298033 1.4404690257326105 0.9783335773196912 1.769732966653615 1.716133319261215 1.776419368644363 2.9301088305458967 3.0877007626232826 3.386632289530011 3.9960956337269917 0.32946190722991386
1.8304720534663455 0.014628626451265564 0.058664475132388864 0.10710012647262186 0.11794364162891366 1.68305922877621 1.2457998434002169 1.4172786146301397 0.9765581497208615 1.1029277526185348 1.3862139423347888 1.4334051571409616 0.9702344650241687 1.7491425607430087 1.6847140493943362 1.7321237214329601 2.7063581852457657 2.84226669252413 3.106863311479382 3.6536245562483263 0.32803860255721007
1.8340880964275978 0.014624899042223144 0.0620419473152135 0.11045710797712142 0.11816667290147392 1.6798827526863558 1.2444438095594075 1.4169462146634633 0.9771724613905007 1.104570045757938 1.3906521855235716 1.4404418287282144 0.9783022988724303 1.7696533051786982 1.7160113630507958 1.7762468646836749 2.9292140430380957 3.0867176251020156 3.3855097172413657 3.994719235794544 0.32945621701305905
1.8425119975439157 0.014528178698564912 0.06215725726931102 0.11010423909737257 0.1183908046100482 1.6760645754001442 1.2400927903438674 1.4130170353795986 0.9751245907961723 1.1028626463827036 1.3895807619605671 1.4400042349527438 0.9783946347792516 1.7700398048030754 1.7165200707824277 1.776856434175272 2.9310876321009895 3.0887932309617345 3.3878119855350453 3.9976120951170784 0.32944059759327604
1.8331456246184108 0.014625191009333646 0.06110245403221438 0.10951968187012648 0.11810609290648456 1.6807444126838722 1.2447908583305785 1.4170081150665783 0.9769854832913769 1.1040991882071143 1.3894063252088846 1.4384754505004897 0.9760494868404482 1.7639206386221569 1.7072425822018822 1.7638539902915433 2.8653960329830315 3.0166317907086047 3.3055241883396835 3.8966905269013563 0.3290503896968615
1.8339855967146352 0.014626715290125582 0.06203523156236043 0.11045981182940216 0.11816378583819254 1.6799237903961866 1.2444922396171658 1.4169925761478332 0.9771953192322772 1.1045876061609132 1.3906584288945512 1.440436932121355 0.9782900739375144 1.7696202335596734 1.71596131270291 1.7761772154463462 2.9288713156939625 3.0863410451906885 3.3850782543326923 3.99419316531077 0.32945401621359355
1.8334419305195948 0.0146290596407354 0.06185220894298081 0.11028698002881865 0.11814440945201532 1.6801981559481498 1.2447228555267542 1.4171715674435583 0.9772456310084874 1.104568724913344 1.3904648572048564 1.4400770085813026 0.9778548403011194 1.7685050717851767 1.714257306133912 1.7737724869178824 2.9164597994105312 3.072704645216311 3.3695098042485343 3.975108222100429 0.32937559045320997
1.8530581200385878 0.014253891875640187 0.06244899023296904 0.1089421167356212 0.11872350312489688 1.6711400404664645 1.2347511429573137 1.4081742776717532 0.9725905728066652 1.1007526801012175 1.3882584039032215 1.439465855983188 0.9785093374622159 1.7705188314793376 1.7171476228255163 1.7776080629236986 2.9331136603832353 3.0909052137380364 3.3900932208342662 3.9999924858132268 0.329441461913884
1.8313534116377714 0.014625827481855593 0.059321388604869844 0.10774292558784909 0.11799110137713364 1.6823824854580154 1.2454526710003675 1.4171291279889842 0.9766332090597797 1.1032090928014813 1.3870493711450698 1.4347565414626895 0.9717937761746419 1.7531053347502499 1.6907435417885335 1.7405988474191738 2.7482100013198356 2.8881108747971838 3.1590492330846502 3.717415256469793 0.3283048315621231
1.8327109748292392 0.014630555778623195 0.060993784950435524 0.109438493994866 0.1180910037352158 1.6809590727009998 1.2449858948689059 1.4171706109486581 0.9770454752693262 1.1041150080609954 1.389312454623264 1.4382775067092501 0.9758005591668203 1.7632809552491173 1.7062672662422003 1.762481017546738 2.858440718865782 3.008997587076343 3.2968135342948828 3.8860275172199383 0.3290062744772245
1.8402653696829847 0.014515783039838118 0.06219497355649775 0.11004930527406401 0.11834193969520573 1.6772132855406205 1.2412927954824293 1.4140891768003767 0.9756857003758732 1.1033400855292923 1.3899127913573985 1.440188290319347 0.978445888811917 1.7701293286979896 1.7166793046365465 1.7771130271225888 2.9326734342304843 3.0904928488966017 3.3897896266879277 3.9999084387751056 0.3294644873485215
1.7892584940909384 0.014634879880307707 0.01740455414578297 0.06588704662174237 0.11528633834756573 1.7218532448677906 1.26143800055178 1.4203350264530628 0.9686266202700577 1.0827483337624049 1.3330725701980692 1.350316685161901 0.8770555835813286 1.5172580829170594 1.3456390289852087 1.2739407852935036 1.02874587939777 1.0367277163984725 1.0873633119314379 1.2271344663927908 0.31719308257496637
1.8310006434409627 0.014625930694543633 0.05896972557311099 0.10739199271495363 0.11796842764278943 1.6827057859059729 1.2455829581743108 1.4171526563050636 0.9765634984954302 1.1030333148584555 1.3865844535519087 1.4340234484586176 0.9709557640665283 1.7509778537094567 1.687504810422027 1.736043556207578 2.72564395390277 2.8633886454615722 3.1309037250458345 3.6830037730405527 0.32816119983065295
1.8160808904528982 0.01463179205590564 0.044221944547669687 0.09268122831682182 0.1170141742102625 1.69642827974506 1.2511629855135127 1.4182482677227375 0.9737091690745793 1.0957510060025546 1.367291963414106 1.403672513229204 0.9364899240838073 1.6641056573798783 1.5571852919922358 1.555432863822729 1.928983970928905 1.9967982113790188 2.151323891165441 2.4937437587876117 0.3230704393018169
1.8313481994799778 0.014658210255513145 0.061648133944382746 0.11023109982430956 0.11808340612309916 1.6810642762150054 1.245722172796966 1.4180777904500772 0.9776767660451482 1.1048712826114335 1.3904797754997702 1.4398160632016779 0.9774239222373818 1.7673741822407025 1.712544467212772 1.7713750510753978 2.9043807883427366 3.0594446421377834 3.3543827358863187 3.9565811807712548 0.3293019646553947
1.8338329737193482 0.014625854232351045 0.06183845930152399 0.1102586611187122 0.11815228357869187 1.6800873362842395 1.2445432526540083 1.416984022553266 0.9771447873908806 1.1044791065923156 1.3903901825219709 1.4400203853901175 0.97781579603125 1.768413832640525 1.7141143954592721 1.7735645619968166 2.9153296225451393 3.0714639231677774 3.3680942152412254 3.973368884445094 0.32936792424926753
1.8338727660128677 0.01462494538110636 0.061826119308638385 0.11024164896542289 0.11815278520293397 1.6800802064036318 1.2445229411765162 1.4169598332500761 0.9771291830980845 1.1044615753999518 1.3903656602107344 1.4399897155767152 0.9777842377005179 1.7683345742824932 1.7139927685630474 1.7733919339632294 2.9144272244532963 3.0704726836004235 3.3669634738141876 3.971981151449374 0.3293621979367707
1.91189957270394 0.013106911763057096 0.052659430928502934 0.09324954515342189 0.11986924539507231 1.6537355509520857 1.2046581182290717 1.3778992233817562 0.9542455431832131 1.0818062688342207 1.3652936785055019 1.4129891723121666 0.9528255986741933 1.706622590256624 1.6198811015564347 1.6408185475108281 2.2726889310434446 2.3687421159798396 2.569542926913861 2.9988087479654593 0.3251128887918062
