9.99996553224988 0.02522212056898355 2.34771850220767e-05 0.0020251953383619258 0.012106699702600875 2.578606093232761 3.999999999916538 3.9999999999773435 3.9998604815769223 3.9999999998926645 1.614891497524521 1.491277926446908 1.1928321628560092 0.4340208045046428 0.47314382199121235 1.068305580105232 0.9888974315429725 1.3136626504166353 0.6200637754078318 0.3326900325582092 0.6010852147680049 0.25867171695789754 0.16312363385720008 0.28588244285226616 0.28132000137977914 11.01315803534456
9.999999958256291 0.02541139404271389 0.00027083504767614567 0.00016222353503989734 0.010719565898312135 3.854733929160318 3.999992507771792 3.9999689591314698 3.9985595362849766 3.999997146539587 1.6157112878632889 1.492249693908959 1.1936950956359 0.43403009292920824 0.4731012494313709 1.0689589072278711 0.9887635070044939 1.3146098156576784 0.6215145626603331 0.3353374690621168 0.597540471802475 0.26347532222909203 0.1621377883831412 0.29280233660927835 0.27105478987950105 11.00288093315103
9.999999999870504 0.024469231856190474 8.339477661379853e-06 6.163380568740043e-06 0.013269731044394203 2.0111295118607457 3.99999999999995 3.9999999999932645 3.999999961554923 3.999999999995975 1.6125870381423326 1.488350322210123 1.1891031792018172 0.431303252260212 0.4694928116119288 1.0610175727974718 0.9808779087889362 1.3019004407350918 0.6122405349313916 0.32639001252650535 0.5927143500552551 0.25141487974190035 0.15585176182106147 0.27692693837229215 0.22120430156780393 11.038430857833108
9.99999999988647 0.024431534426079444 1.3019376713927812e-06 3.134480976604804e-07 0.013276732947845976 2.010405089175805 3.9999999999996825 3.9999999999990576 3.9999999999545293 3.9999999999997082 1.6124946244511416 1.4882424770682146 1.188979344111704 0.43124753795013704 0.4694279610129353 1.0608772527706583 0.9807293920014573 1.3017345469402013 0.6121340704984561 0.3263133830612881 0.592561117034926 0.25136128778488614 0.15581270885545942 0.27686806812679154 0.22141382890423808 11.039146064390508
9.99973139689132 0.028309446007989895 0.000373317163209838 0.01915591597232961 0.009720303410310086 2.306416626009694 3.999999989462197 3.9999997710618818 3.999528558466084 3.999999970014383 1.6233633422931506 1.5020221178745914 1.206366916246153 0.44302491889400375 0.4853067401368967 1.0943814001830536 1.017818146388381 1.356252599838913 0.6479701070555232 0.35991144041340273 0.635371958557508 0.2821080293781063 0.18305968323278185 0.32599457503229173 0.338332002093314 10.97682627659837
9.999999985503932 0.026869973749836337 0.001229846197558471 0.003265958754217843 0.010784758869352744 2.4864763272357475 3.999999999992033 3.9999999834244213 3.999998364845555 3.9999999999983165 1.6204050529065697 1.3387143484508197 1.2003585716166791 0.4365402951397014 0.476591858449968 1.0812775275102966 1.0021940356722414 1.3385554329830274 0.6288582159941692 0.33402426301930205 0.6059355320040998 0.2604091469899186 0.16479379706297978 0.28858401110188997 0.233561245345318 11.00454258564437
9.998791821503197 0.029907669167815936 0.000376213296115635 0.03317644669426513 0.008695797473694741 3.292596860077699 3.9990540389887235 3.9999999197186793 3.99957358670203 3.999490930099812 1.627551050326871 1.5073110914981802 1.2127457649552242 0.4470031640109729 0.48749215250573075 1.1064476781166637 1.030776085106537 1.3773509640153816 0.6561237640193628 0.3539833233671999 0.6547526742218593 0.28815552394671057 0.17496755262753302 0.3314107504035672 0.2950733141088139 10.966302657370507
9.999984532540513 0.02516372026148523 0.0028345381212475504 0.00045155576733402203 0.011182267988873175 2.8906025482306816 3.9999995265115738 3.999999810017005 3.999998754452906 3.999999998581428 1.6203333741025145 1.4980227240043527 1.2006984784526002 0.43682342662557155 0.4771071155346171 1.0818726823500397 1.0023900838564512 1.333504675714377 0.628321734399623 0.3350801782162123 0.6069572962524973 0.2608956629757713 0.16207639063030574 0.28843638630826657 0.2644067660347652 11.00667178879949
9.999999923640695 0.02463051525114802 7.192681206044306e-05 0.00021703481786703967 0.012957329734995575 2.0586254808659787 3.999999999483054 3.9999999989434656 3.9999781378489114 3.9999999999994693 1.6130975489990134 1.4890087527825027 1.1898873540233492 0.4316866936354705 0.4700608293102712 1.0626364810363549 0.9824632340451906 1.304112796844232 0.6134308127515684 0.3267815601781584 0.5926616249856042 0.25196999999674935 0.15669444116883585 0.27736577073452273 0.21836748900777755 11.030158514723
9.999993661329144 0.02493616643123231 0.0038787542439821555 0.0012864050635748303 0.012179974747509238 2.1487200155861865 3.999999951725341 3.9999999998635314 3.9999300943104834 3.9999999999992446 1.6212794839200233 1.4987584154695215 1.2005296955748175 0.4362303142166878 0.4753861810049412 1.074337088486566 0.9917270951573309 1.3126759080648505 0.614965515094496 0.326024921485233 0.5861489314545154 0.24728263643854156 0.1521929866327122 0.2675183215931749 0.24087229678610053 11.040748015020984
9.99884345258313 0.027044388930483405 0.0029534162949744897 1.1754924524230718e-05 0.011242603900925713 2.3537772720811776 3.9999999244722244 3.999999998780737 3.999863064848504 3.999999999997976 1.528701208483477 1.5025250152536997 1.2026464953326848 0.43688681446955674 0.47584684031871183 1.0767360363945953 0.9959330237529184 1.3276817475256983 0.6234106159053114 0.329797263837436 0.6017027145328011 0.26042803474269594 0.16615802962395926 0.2961415098895652 0.2375539053011967 10.998911593667547
9.999802335847807 0.02521645815469132 5.1601966685631556e-05 0.0030765638451429878 0.011363143026501456 2.246835215842086 3.9999997183575005 3.9999999999918896 3.999955689451213 3.9999999921364386 1.6211803961702997 1.4907742728374356 1.1920470392572105 0.43274874199446844 0.4716853809296832 1.0677736958316548 0.9880648893546821 1.313668900706215 0.6187042679798654 0.3298905675827295 0.6000728526410225 0.25631770212684946 0.16069878143187516 0.28485924999632783 0.2654814792647038 11.000992116765833
9.999997314405748 0.025372905874968238 0.00019368331721034726 0.002637939499509643 0.012139525004421697 2.4617255810378413 3.9999999988253534 3.999999997858916 3.9999116206955208 3.999999999794293 1.6157336585374689 1.492350707593227 1.194171001718633 0.43429724884605764 0.47453717596717243 1.0716804960094537 0.9927460204723322 1.3189009010164734 0.6238758352146222 0.3345134677066832 0.6056461198022168 0.26014634380252355 0.16213338058185822 0.2883167694163603 0.24976628165503253 11.009018014878269
9.999962721983213 0.025258064368906385 7.748482035417354e-06 0.0026093878767009557 0.012125460950633637 2.569580790698877 3.9999999994961026 3.999999999994459 3.9999879772619047 3.9999999999999685 1.6149801831958142 1.4914028414066955 1.1930500149398457 0.4342237611642269 0.47340858746700837 1.0687599562087222 0.9894686334314828 1.3140760711832296 0.6208213841617668 0.33325121466796565 0.6022959101294564 0.2593104269415774 0.16329925688133606 0.2868348586465299 0.2906120458961631 11.015323476284127
9.999999999829182 0.024783392173105743 2.116179404166793e-06 0.0006681008620673928 0.012497698247377167 2.03223949029349 3.9999999999657128 3.999999999961276 3.9999994428067422 3.999999999994676 1.5895850619498244 1.4899712895197579 1.1910127247517184 0.4321559528232848 0.4706925975048112 1.0647087926110108 0.9846316269767202 1.308507200666052 0.6166345036639943 0.3286284526923384 0.5954682080044902 0.25379120840281955 0.1586030851261314 0.27925784241123375 0.2186729253512594 11.020156007288694
9.999970931934381 0.02491308142134021 0.0013341942621751396 0.0016074912304550118 0.011939005942020938 2.2125145039625522 3.999999647210406 3.9999999995763074 3.9975242286296666 3.999999998244313 1.6158418671574521 1.4921351620622088 1.192819111965312 0.43261931207897125 0.4706148146299711 1.0618140786935242 0.97903686517511 1.2955541001270992 0.6060707794069362 0.32164519729760765 0.579635057473731 0.24418459990531932 0.15167215434990733 0.2650844064228325 0.23343375261883628 11.02526645053084
9.999999998542059 0.024482652598563876 8.20549028702957e-06 2.699604171747783e-08 0.013264557861903503 1.9985537413595562 3.9999999999998335 3.9999999999999996 3.9999998645193933 3.9999999999999956 1.6126186398204556 1.488394576750827 1.189157183506012 0.4313306637975 0.4695383634785475 1.0611777855381477 0.9810430815804582 1.3022346783008834 0.6123745607894868 0.3264144236251815 0.5926921938067771 0.25147778133047194 0.1559641567334915 0.27698430429657994 0.22104934560344053 11.037999379887617
9.999675369966816 0.02517162736299602 0.001421233864062555 0.00014690903799248825 0.012348400992307834 2.1512856480311346 3.999997965086014 3.999999914278562 3.999562432470826 3.9999992847496597 1.6164090687143842 1.4926971174660961 1.193229431503095 0.4327257257450863 0.47071865210408737 1.0626407710431622 0.9803532553992285 1.2987952479036957 0.6078473771404538 0.3224768127117267 0.5830520814543505 0.24423491549237314 0.15076987636410177 0.26874764805439144 0.17878298085480065 11.025257448059042
9.999988201316103 0.026647992212799947 0.000157029343562377 0.011339980496002522 0.011166792525815953 2.1626649191417395 3.999999788555935 3.999999819771825 3.998491992624593 3.999999996325406 1.6186323402138003 1.4960428633293268 1.1989219545010268 0.43829557899122334 0.4788903390413019 1.080182481260714 1.002203693050073 1.3324525338667468 0.6333010758664618 0.34269627105206013 0.6175989685946981 0.26861165260489456 0.17056737462041782 0.2982467110415576 0.3320642092371669 11.002435056033057
9.999999999999998 0.024430325358085557 4.435232622193189e-22 1.0482791451668117e-30 0.013277457851859926 2.010300395229593 3.9999999999999996 3.9999999999999996 3.9999999999999996 3.9999999999999996 1.6124893042247652 1.4882362758467302 1.188972060702087 0.4312441819179707 0.46942397820950515 1.0608692315889527 0.9807202146010948 1.3017284032892347 0.6121266109792356 0.3263078621035251 0.5925490989053673 0.2513571578648984 0.155810222706651 0.27686320540641907 0.22142313132591548 11.039172170757386
9.999999999926766 0.02443084666988313 5.730109563159198e-07 1.2803906632209863e-07 0.013276471188470388 2.0104510425853332 3.9999999999999307 3.9999999999999774 3.999999963910035 3.999999999999974 1.6124918673140836 1.4882398052399328 1.1889763535019675 0.43124636226988655 0.46942759842432824 1.0608813294214132 0.9807329594664504 1.3017511508509159 0.6121374085029391 0.3263099779076445 0.5925466270644015 0.2513622880305194 0.15581985949790408 0.2768679811167627 0.22140202116663518 11.039141039093584
9.999999999999998 0.024431776401583557 9.222307692410448e-10 1.5249489060153176e-13 0.013276951669139895 2.010369432175041 3.9999999999999996 3.9999999999999982 3.9999999994515663 3.999999999999984 1.61249269973434 1.4882408629794637 1.1889773539725592 0.431246738215918 0.46942783393112336 1.060881374122306 0.9807325016420435 1.3017510568852975 0.6121359385061523 0.3263105962486787 0.5925506268496654 0.2513611724597207 0.15581617920760416 0.27686696451400605 0.2214136878888312 11.039132287173985
9.999999999227834 0.02446233512063285 7.154610574835801e-05 0.00010691794221981215 0.013221026117270482 2.018840050717263 3.999999999919771 3.999999999971669 3.9999999906297115 3.999999992996293 1.6127240823099984 1.4885335985042727 1.189330554799968 0.4314181782005011 0.46966762088398495 1.061552548257641 0.9814433730228942 1.3028479577618821 0.6126976068764486 0.32660869233475676 0.593095791755384 0.25165569483185785 0.15604270361752592 0.2772333424001962 0.22198529979960674 11.038008222461123
9.999832568014556 0.024830551388990065 0.0006277275344946124 0.0013601834998320447 0.012087879618986589 2.2148108386518914 3.999995352545553 3.9999799957541358 3.999737368468872 3.9999965492353127 1.614781042621808 1.4911945803852518 1.192174683284532 0.43328980946591744 0.47147824555942763 1.0665895327970962 0.9858343860759309 1.3099780770085296 0.6148980219217337 0.3270688522085213 0.5943041444717502 0.25183028305698013 0.1558228248386716 0.27936367921352356 0.22162158442738858 11.016962998781224
9.999993791818062 0.026720148566407503 0.002555293907902127 0.010784098284684462 0.009041380972574968 2.664680846735637 3.9999934920197107 3.999999982029248 3.999799818678387 3.9999999228326595 1.5999336693825486 1.5005422727096611 1.2022321179878372 0.4369072291673084 0.47644113707930624 1.0788324124600994 0.9974660582982229 1.329303584636374 0.6222719898516341 0.3302592337151627 0.6049933399392892 0.25702854382477214 0.15731647033351398 0.2897971866364404 0.21145644988365314 10.98435180716491
9.999856967980751 0.024892457353316744 0.002009895368728972 0.00012493895459979656 0.012264106723253206 2.226916226842083 3.9999997976925536 3.9999999988932777 3.9998588798193553 3.9999999987287684 1.6175340027880818 1.4943079629374212 1.1957529893984107 0.4342360692366222 0.4731294368651054 1.0697941433988665 0.988767313591598 1.3127029216772381 0.6160827967006534 0.3273802407994274 0.5928796532018458 0.251438276930683 0.15643111836254764 0.27596917278089494 0.2216766028413233 11.02439610443004
9.999999999999998 0.024430325219763863 3.9299530014955993e-22 3.8025020978436366e-29 0.013277457957014113 2.0103002915119346 3.9999999999999996 3.9999999999999996 3.9999999999999996 3.9999999999999996 1.6124893035971404 1.4882362750812927 1.1889720602519094 0.4312441815653606 0.469423977381007 1.0608692294525661 0.9807202119701585 1.3017284012489736 0.6121266088736954 0.3263078621551864 0.5925490999104133 0.25135715735727854 0.1558102218073929 0.2768632052918793 0.22142313326082158 11.039172176100973
9.999999999999998 0.024431065181169203 1.2674774074555284e-11 3.362777964570164e-15 0.013277136307709452 2.010348378578217 3.9999999999999996 3.9999999999999996 3.9999999999906586 3.9999999999999996 1.6124910115578954 1.4882385406739342 1.1889746875259106 0.4312454448938404 0.4694258388007415 1.0608749448536587 0.9807260099049656 1.3017388666707141 0.6121309787329186 0.3263093051145616 0.5925503606835583 0.2513590497119301 0.15581279145091112 0.27686502570506777 0.22141948564408448 11.039150994079934
9.999688786994302 0.02461921135324948 0.0006766594442459035 8.649435904112962e-05 0.0128752979080312 2.0608425521319687 3.9999882244632614 3.9999999999945466 3.999678443097552 3.999999425986581 1.614261641850402 1.4903982303917374 1.1913265466522105 0.43227490328284207 0.4707096147132053 1.0641288814927725 0.9837199170920661 1.3059096573238764 0.6138192344706191 0.32673306598967905 0.5933157997189824 0.25204719078072935 0.1566795470462911 0.27802264239060936 0.21477506053443682 11.032106610939005
9.99999997690618 0.024689644722862433 0.00013337921113880033 6.309819843510291e-05 0.013194118318566166 2.021769320753324 3.999999997515711 3.999999999665969 3.999956047814283 3.9999999999987996 1.613280868436788 1.4891875879175673 1.1900299428561547 0.4317114248794447 0.47000896229303196 1.0623579932337692 0.9821323641381761 1.3038995266800815 0.6129929834852617 0.3264749233588154 0.5922635448942936 0.25159073938592014 0.15646281764817513 0.276918841418512 0.217880426533125 11.033989849917308
9.999999999981117 0.024450343368892454 5.3553015903724755e-05 3.9440969290395304e-06 0.013268998232031468 2.0113932013740414 3.9999999999975087 3.9999999983866386 3.999999845082927 3.999999999586408 1.6126496628091092 1.488432722105896 1.189209017918193 0.4313579984685215 0.4695749775507479 1.0612666954975412 0.9811552367248815 1.3023690512452806 0.6124820161575146 0.32651570025757953 0.5929438717626137 0.25155583608145615 0.1559699799265667 0.2771124485232931 0.22143651522172272 11.038858769264497
9.99756117862823 0.025324705833094298 0.0014609317509502468 0.002647432884040013 0.009930260171957344 3.9999529789562334 3.9999995263008103 3.999999849247502 3.99936168151766 3.999999949543012 1.6178066625803207 1.4948356248561616 1.1964788765166192 0.4345849299426781 0.4738799638435823 1.0728458495144906 0.9919376162830036 1.3182295908384154 0.6216005632484504 0.33244229414989845 0.6011831565533305 0.26037250461153416 0.15623709500485167 0.28758325378425575 0.2445298239106348 11.004204864321238
9.999999930724966 0.024464752093215438 0.0001406750872054365 0.0001981861902978037 0.013214804722776634 2.0189805368202394 3.999999851204693 3.9999999999937983 3.999936562269142 3.9999999709607494 1.6128773788082431 1.488711235437722 1.1895525260966509 0.4315235232703523 0.46979720394772545 1.0618433167796086 0.9817841282464204 1.3032377270044009 0.61298655257645 0.32687222263218024 0.5937426153445841 0.2518500560428844 0.15608412208435823 0.2775104833039109 0.22288338243847364 11.038470183007183
9.999998832780628 0.02445062267143581 0.0005232758139893541 3.066622052642215e-05 0.012999414546537835 2.050282239663761 3.9999999053094744 3.999999998420893 3.999895630908537 3.9999999990806456 1.6000448246537637 1.4897448874528612 1.1907987773846236 0.43212650912601636 0.47065203900928015 1.0643503430199603 0.9844136227840079 1.3076542756825171 0.6150242810154603 0.3277691410085397 0.5951892630748689 0.25283899644837027 0.15702731865953568 0.27871391632668624 0.22300127164173653 11.035888429032457
9.999999999974813 0.024456203223729326 8.325905524877628e-06 3.4700896872351156e-07 0.013266285152495534 2.0119897555912205 3.9999999999903464 3.9999999998200395 3.9999989982162214 3.9999999999383933 1.6125631657856894 1.4883272853667386 1.1890800688852388 0.43129541928660753 0.4694934285543901 1.0610609959828972 0.9809227787349457 1.3020521414399089 0.6122849215452932 0.3263778140662622 0.5926464875734846 0.25143363446383776 0.1559003933347052 0.2769434796111759 0.22123550413527884 11.03850286103526
9.99999686829203 0.02456151035570503 0.0003878729826203495 0.000927133686723626 0.0126970328634263 2.037458885021721 3.999999912455116 3.9999661386638308 3.998194569781686 3.9999444130734343 1.6136482054217418 1.4897934264529418 1.1911505156412856 0.4320226090830053 0.47057836001683856 1.064286741960072 0.983840525606885 1.3067925111128393 0.6139695507202375 0.3268203984070316 0.5932292829787814 0.2518224628189132 0.15739376817667589 0.2778673051996739 0.22145849160789788 11.030199033590492
9.99999999999978 0.024441194167836675 2.395575709051071e-05 1.491168471950315e-06 0.013275415883762019 2.0105693919736884 3.9999999994100417 3.9999999999974714 3.9999873026845925 3.999999999602214 1.6125643176074451 1.4883281307210459 1.189080701371044 0.4312954421909788 0.46949178321544544 1.061047243428894 0.9809097655503972 1.3020043332792384 0.612273808685166 0.3263840509082011 0.5926840463849554 0.2514295115745786 0.1558779456442163 0.27694825713318943 0.22136456065252752 11.039037471055707
9.999999999999998 0.024430325472840204 2.2309052507914393e-23 6.578524508459311e-31 0.013277457925348698 2.010300324651049 3.9999999999999996 3.9999999999999996 3.9999999999999996 3.9999999999999996 1.6124893050012223 1.488236275827788 1.1889720614465598 0.4312441817384954 0.46942397835675975 1.0608692323989595 0.9807202143930782 1.3017284041647865 0.6121266098440354 0.3263078626480395 0.5925491013507812 0.25135715798849173 0.15581022215302648 0.27686320624726507 0.22142313232170027 11.039172170383438
9.99999977591723 0.026597617551902302 0.0002913890761192475 0.009337204773974678 0.010888867964278359 2.9163806398630094 3.9999999999923768 3.9999999999856004 3.99999999966449 3.99999999999493 1.6190097180840701 1.4964979922451613 1.1993889688960462 0.43747151080591484 0.4778807530893168 1.0806997733577088 1.002463003206123 1.3348235874241823 0.6354728701836627 0.34487266761404817 0.6207378527807674 0.2721525943831393 0.17289793107292165 0.304591287195658 0.30908003458752953 10.992556421617488
9.999999034468852 0.024676311541241794 2.4962490746916963e-06 3.4094888555556745e-05 0.013190265557583358 2.012709995414708 3.999999999973025 3.999999994661514 3.9999955143118657 3.9999999977240166 1.6129650887556346 1.4887915388638926 1.189559669533038 0.4314862693317426 0.4697018120302951 1.0615308784357704 0.9812854426929543 1.3025648645142853 0.6123741705782294 0.3262055081185917 0.591867891787225 0.25132620181206305 0.15619261038693674 0.2766124611014099 0.21772391101365612 11.03357297922716
9.993784124660836 0.028861293483617413 0.001933495959056843 0.02434944645639609 0.008633680274964611 3.9099962429336563 3.9999807812238783 3.9999994530115175 3.9987203448514608 3.9999999989243027 1.6274874767645442 1.5069280457992829 1.2112286299586315 0.4418312323273042 0.4838803600378707 1.1051419494004289 1.0289178717295921 1.3734037184147556 0.6562300063638201 0.35921587916151165 0.648842979643899 0.29114363595046866 0.1914134430213307 0.3251640969420969 0.3220644070521076 10.973574923391785
9.999999995281359 0.024440429315622233 3.4130327804456377e-06 4.621107298692943e-07 0.01326662665372 2.011858772970588 3.9999999998493254 3.9999999998868123 3.999993089838941 3.9999999999451696 1.6125179538507826 1.4882706852643421 1.189014300143002 0.4312644491793571 0.46945155222330415 1.0609453042681503 0.9808014019743467 1.3018553415339587 0.6121905282683204 0.3263359610534769 0.5925879256527257 0.25138786095953225 0.15584590399675968 0.27689519576959315 0.2213691312261391 11.03878866048922
7.065748022654043 0.04891868812730541 0.06485344795058738 0.19751867220773398 8.708941664942642e-06 3.3417562310642177 3.999560928456626 3.9556856149447377 3.9848757309307636 3.966122629584541 1.8704283584893164 1.7827065351656572 1.5284634268330224 0.6059661984855016 0.7216488114660066 1.8065968305154274 1.8133410846365614 2.6640714823237563 1.4314978854836367 0.7942818290194609 1.676759274330157 1.1353570829197186 0.9326501199047665 1.165866721905836 2.23868755188023 16.214098182540646
9.999999999999998 0.02443032485032571 2.771555005604266e-22 1.2894714205643531e-27 0.013277458296287098 2.0103002316165726 3.9999999999999996 3.9999999999999996 3.9999999999999996 3.9999999999999996 1.6124893030860963 1.4882362744568909 1.1889720591776147 0.43124418035150963 0.4694239764407478 1.0608692272729672 0.9807202100972271 1.3017283946204465 0.6121266066942482 0.3263078613268002 0.592549097655018 0.2513571558172104 0.1558102203185039 0.27686320368887174 0.22142313490810356 11.03917219006982
9.999986155506928 0.02493521796995698 0.0037333403338896363 0.0009237714765470417 0.012117709193799921 2.206092504224053 3.9999997850961773 3.9999999973301983 3.9999994596998616 3.9999999999000857 1.6209125771397968 1.4982890661022759 1.1998856450552877 0.4359388257139963 0.47490657560399246 1.0722986575264382 0.9889529018797127 1.309432095606297 0.6123033082835222 0.32443389493006086 0.5830110910725681 0.24764319043670857 0.15777059700917617 0.26264608377077014 0.2843441262983137 11.041607091158024
9.999999967829792 0.024449750269224794 2.1672083965371635e-06 2.3526084861403214e-10 0.013268538897366067 2.011574115471073 3.9999999993252 3.9999999955282073 3.9999994829578243 3.999999999991063 1.6125379386651582 1.4882994229765074 1.189046558749775 0.4312801625876991 0.4694766296250835 1.06102960398696 0.980885872331553 1.3020240273556913 0.6122552776565146 0.3263506675158358 0.5925847497674338 0.25141529253082745 0.15589328395951058 0.2769201440904533 0.22127713921055722 11.03861459307113
9.999999990568854 0.02447576731474426 2.0291781590674315e-05 8.455033387007917e-10 0.013258327320040427 2.013190907819148 3.9999999942563185 3.999999997059601 3.999995901099859 3.9999999998473608 1.6126340723739925 1.4884187252328027 1.1891889973273315 0.43134825950578537 0.4695700031979739 1.0612909054249482 0.9811629207046804 1.3024737932947936 0.6124739599932776 0.32644996303177887 0.5927325845657447 0.2515229778090858 0.15601612785653912 0.27703727193919625 0.22110467137541207 11.037989657191222
9.999999384946475 0.02482651286486582 0.0003023151335491709 0.0005347479343130995 0.013116520980983962 1.9646174551432178 3.9999999986205363 3.9999999999989666 3.9999874528578845 3.9999999999357096 1.6137722444069107 1.4897101989910173 1.190456183889471 0.4318089810762935 0.46999242965337285 1.0619109337237258 0.9812088871106017 1.3020112685994414 0.6115629838776173 0.32526838730192276 0.5891534691311155 0.25022740299009866 0.15567984839198973 0.27507433040571794 0.21124221943613536 11.033660044710238
9.998669997612424 0.02925302800942681 0.00039832811197395716 0.026927914209657705 0.008682299949209733 3.966375467727563 3.9999992895897987 3.9999999698948616 3.9991007660924387 3.999999981598539 1.6256485441309692 1.5047661565451365 1.2094906289647593 0.4426368308291815 0.48501254108459085 1.0996783660173786 1.0230774824772224 1.366673045723081 0.653976339743253 0.35798129514582694 0.6437518380344478 0.28777140667273404 0.18604209326130455 0.327157698779759 0.34634027954200963 10.972640624792307
9.99948403638513 0.030229357708377737 0.005035529778417545 0.028392752616031136 0.007594975401503249 3.2502240548262176 3.9999954994732083 3.99999928275551 3.995344215094197 3.9999997149384297 1.6366673743454045 1.5185206711511663 1.2245927687780804 0.44901732987801846 0.4927048880398488 1.1261217294477752 1.05056348891727 1.4032151653255223 0.6688617004827446 0.3550183999091281 0.6656509053246602 0.2830761722698172 0.17427936032343472 0.32793354816071424 0.40776354714803714 10.975580512897993
9.999999492309536 0.02518757319141055 1.1434563999724798e-05 0.00014694474037680455 0.011691255161660708 2.099314676134752 3.9999979192761277 3.9999997453554625 3.999960408910983 3.999999553925395 1.6149129383644585 1.4913866620862781 1.1930253315430663 0.43453241794970277 0.47385061895305247 1.0690238754891417 0.9895208635128191 1.3140383801814632 0.621289474418818 0.3345040223469158 0.6022231682531197 0.265216014796228 0.16649503832936535 0.2891009754498907 0.29474482036523114 11.002576531452686
9.999876290768816 0.025290127819943282 0.0010821285537522957 0.004494199101939829 0.010468872023162722 2.539945865356684 3.9999999825090704 3.9999993556698588 3.998753028501976 3.999999999918018 1.6186893167369067 1.4943618197147008 1.1942832832346535 0.433316961291223 0.47231789561175774 1.0684645674550513 0.987308857026408 1.3126857382507557 0.6156430631457915 0.32502610933094395 0.5889193981119105 0.2525114753879198 0.15389664889219135 0.28129021043294794 0.26657513078877415 10.99943996462784
9.999999999965857 0.024444995015278845 1.4695244849619266e-06 8.77701756925165e-09 0.013270673062087518 2.0113037805792615 3.9999999999997344 3.9999999999934523 3.9999842040184634 3.999999999513885 1.6125250854558204 1.488281762392237 1.1890260592771285 0.43127014983825895 0.46946097533392867 1.0609784675230007 0.9808341207461717 1.3019255285838571 0.6122154714328558 0.3263408565062661 0.592584667596254 0.25139829748215464 0.1558651993227498 0.27690452181146213 0.22132229706337192 11.038759866096568
9.999999998853186 0.024449341173866223 5.6686675300577196e-06 1.2838788531754366e-08 0.013273306553836399 2.010868124169592 3.999999999940644 3.99999999999999 3.999999705771022 3.9999999999837574 1.6125435574821723 1.4883042459885354 1.189051986240541 0.4312821695945955 0.4694760373783847 1.0610144976227516 0.9808733716580985 1.3019755887339022 0.6122466441812633 0.3263599665994713 0.5926201301200557 0.2514148906635842 0.15587917502889134 0.2769239661161774 0.2212770605465158 11.038751169094354
9.999907664247011 0.025635813852413057 0.002468796529549209 0.00428081204716238 0.011941625900807938 2.1981055736948645 3.9999999908952018 3.9999999995399684 3.9998447484693282 3.9999999999646785 1.6192182416066379 1.4959748033030615 1.1965077514885811 0.43398847348331415 0.47192480341749454 1.0630180217384262 0.9782390671587815 1.2916601092867945 0.6021482913858895 0.3174031883601226 0.5697433392305078 0.23907566207780329 0.1468852367064019 0.2563902282654339 0.2593724026692361 11.035584131383283
9.999999999706569 0.024468045280019914 2.3334172577921318e-05 1.9878989634619453e-06 0.013251059408471497 2.0140856321487473 3.9999999999333995 3.999999998421228 3.999839995441014 3.999999999968892 1.6126279189550843 1.4884171449009118 1.1891861262822252 0.43134796595402125 0.4695767229437829 1.061333241695984 0.981199233195429 1.3025641421059815 0.6124990087514832 0.3264372684984397 0.5926726277847681 0.2515282269960325 0.15603584084351207 0.27703764476413784 0.2211598888415365 11.037987369348208
9.99999999999774 0.024444869388589956 1.2734112367765893e-05 4.424068032232351e-07 0.013270575728121159 2.0113040378825056 3.9999999999999982 3.999999999999997 3.999999998839236 3.999999999999988 1.6125499294645766 1.4883133979765104 1.1890641612232702 0.43128871020142256 0.46948765682024335 1.0610560758742655 0.9809171667949576 1.3020602530438106 0.6122832551935784 0.32636894146664247 0.5926222786603097 0.25143245672144315 0.1559056297870124 0.2769424354414092 0.2212795602967981 11.038788720868979
9.999999998244222 0.024445635520540687 3.650950038206445e-05 2.036882161813398e-06 0.013270734968424826 2.011284743534133 3.9999999777649706 3.9999999860914937 3.999994254248827 3.9999999923976275 1.6126020234270637 1.488375863242347 1.1891380585462559 0.4313231847397317 0.4695309818985245 1.0611601110666726 0.981028257512609 1.3021997382906823 0.6123665408394342 0.32642697767368023 0.5927505072811873 0.2514769388618294 0.15592319383469389 0.2770004093539405 0.22143998358168246 11.03890045290343
9.999999999996572 0.024496720614424525 3.102810933710556e-05 9.807773869756963e-10 0.013286480545403736 2.003384152528197 3.999999999993964 3.9999999999994014 3.9999902497367015 3.9999999999869806 1.6126968525420529 1.4884914186339893 1.1892646730727958 0.4313792331168992 0.4695991249305422 1.0613244671239173 0.9811922405591096 1.3024315357480345 0.612480059446865 0.3264761365718865 0.5927967775537897 0.25152353652639237 0.15600493417465114 0.2770329868917445 0.22082167049177145 11.038292818286523
9.99999999029797 0.02444496100651509 6.184334761641266e-05 5.4003264288995803e-05 0.013258524655136862 2.0131525739726945 3.999999999999993 3.9999999999999996 3.9999998712348077 3.9999999999998774 1.6126559971844394 1.488440043248443 1.1892143554306556 0.4313587099767955 0.46957363453624146 1.061252140876908 0.9811265631789255 1.302290398131568 0.6124350446392622 0.32649394514319485 0.5929216682175457 0.25151474027788767 0.15589936379781355 0.27707196952516516 0.22172582613514719 11.03896283067404
9.999999999999998 0.0244303248649887 7.004595552560664e-17 2.6238466552429785e-17 0.013277458496949508 2.01030027375351 3.9999999999999996 3.9999999999999996 3.9999999999999996 3.9999999999999996 1.6124893030890548 1.488236273979112 1.1889720589490886 0.43124418064954656 0.46942397733141455 1.0608692278293512 0.9807202104599558 1.3017283971102296 0.6121266069834089 0.3263078612536272 0.592549098648421 0.25135715630412514 0.15581022061663835 0.2768632047957164 0.22142313386894566 11.039172193180274
9.999989723014401 0.02553663120262069 0.0002034882511866544 0.0036568631575062713 0.012045845165785928 2.3145938568105335 3.999999746323707 3.999999991473332 3.999842205064916 3.9999999999806564 1.6161601633488012 1.492898112148985 1.194876173991509 0.4347451637040586 0.47418550047927865 1.0721405125010302 0.9930648492513229 1.3210597274325482 0.6262045445366508 0.33731285724892246 0.6089988810214914 0.2634169785711358 0.16557176685405983 0.2929047153588346 0.26320070474731183 11.007699025967751
9.74425134884673 0.04444177205119702 0.06156162238731534 0.1771759331605069 0.001981809887303831 3.843624791436323 3.9999756510546955 3.9999945276717463 3.999999888273083 3.9999989198943915 1.9572981378889331 1.7357226231388105 1.5038774859952426 0.596477672713818 0.7061117592566722 1.7160064495806389 1.7245802682181288 2.482623404926305 1.3006594721596154 0.7928276128391409 1.5117901769393516 0.7759367622971279 0.5983756352172944 1.0651462051825078 3.1814958518910985 11.818661514589872
9.999851071887448 0.02450024427591036 0.0013037693287990641 0.0017394674909899238 0.012537708211559653 2.0158498989114615 3.9995594949483677 3.9997501004289417 3.999426255594553 3.999996672850299 1.6154967396642026 1.4920536268354267 1.19318806121861 0.4331419058486509 0.4719867288050645 1.0678714277302415 0.9871402646414987 1.3109996847640524 0.615577281369947 0.3273728915006204 0.5942026647444248 0.2517438831967407 0.15586326436838727 0.2766062958436132 0.21874219355707275 11.035787187812307
9.996255465422946 0.03038414676863885 0.0005457784599011018 0.03497196913816181 0.008358632504081668 2.9483182679999977 3.9999999283948693 3.9999999193205937 3.9986388806856037 3.999999999961275 1.6283648666906652 1.5082236813981493 1.2135176423588194 0.44441294884102056 0.4898164930974434 1.1085831423122436 1.0332380208410445 1.3804009019496204 0.6615585329081108 0.3632868452758182 0.6510697365032125 0.2938466850063625 0.18796685481939288 0.33847532688545695 0.3920877290879402 10.97336727220371
9.999998162256237 0.02624051589023292 3.913924361008403e-05 0.007720728217485694 0.010891191894144808 3.249979688674516 3.9999992722777282 3.999999996615987 3.9997735507634737 3.999999977626044 1.6172114376356947 1.4941539014952052 1.1962766498304045 0.43607031503327054 0.4758381643501495 1.0741078984812518 0.995027854382303 1.3219508069186507 0.6256633591410716 0.3373202816582334 0.6080945423551734 0.26407775828855085 0.1682263608485481 0.2927498938268428 0.30558203040145226 10.998682650076963
9.999344467696144 0.031110312065624042 0.008524408714616231 0.03621903721637749 0.0057465599240812855 3.956860816805491 3.999999866110754 3.9999971989323053 3.999728168283618 3.999995292039779 1.6480540642602317 1.5324856068686965 1.2415101484352729 0.45689812417696946 0.5038390195814275 1.1551117722770126 1.0831257997634267 1.4641910242846217 0.6948042597183459 0.37441385651072134 0.6826889357975766 0.2986131071806827 0.17952069625487377 0.34292469047932367 0.5100503816018236 10.997792844647012
9.99999999640866 0.024448074650023677 1.0432124601200557e-05 2.2674529999983225e-06 0.013258311725638895 2.013154163798419 3.999999999999656 3.999999999990138 3.9999992098566595 3.9999999999999365 1.6125503955601121 1.488311280926671 1.1890629334157647 0.4312878045960301 0.46948400036005655 1.0610371489106487 0.9808977977057761 1.3020109731751315 0.6122648187613766 0.32636900376928835 0.5926401066848157 0.2514218289307266 0.1558815767770752 0.276931693308073 0.2213481707917379 11.0385098972552
9.999999999320725 0.024453158974848697 1.1153032963894763e-05 1.0204790604249696e-06 0.013264318122953728 2.0122666050241604 3.9999999999980003 3.9999999999999862 3.9999999840926637 3.9999999999804454 1.6125660670956818 1.4883357519714253 1.189089563064558 0.43130093137258124 0.46950653247851126 1.0611165781946863 0.9809765031223775 1.3021707768541442 0.6123257204417667 0.32637973658504726 0.5926233336833846 0.2514497193928388 0.15592993402860933 0.27695718481858855 0.2212668139236343 11.03849437066502
9.999999999989633 0.024733366991481067 0.00013875902663962325 0.0009443316185072351 0.012527444764226169 2.4610704321587833 3.999999995293344 3.999999998216588 3.9999915398124313 3.9999999979469827 1.6134370554498312 1.4893899474187888 1.1903211330675925 0.4318700132619065 0.4702843396928937 1.0633349275986979 0.9832048948526031 1.3059539001570428 0.6139157571904715 0.32683375646130036 0.5926631528786833 0.25209454703690637 0.15688634859081796 0.27744583637220543 0.21869111504739064 11.02408518033776
9.999999997025725 0.024472562103288388 1.16579082136951e-05 3.683175655873153e-08 0.013254672821622735 2.0137012399136345 3.999999999999996 3.999999999946036 3.999999746055271 3.999999999984995 1.612607008747109 1.488383151006089 1.189147695540828 0.43132844763660144 0.46954165145968907 1.0612072467694065 0.981075756714283 1.3023221620806804 0.6124061341303724 0.3264214879177173 0.5926930064115399 0.25149109672799963 0.1559813532279155 0.2770017850958866 0.22113425324849306 11.037959000159427
9.999999999999998 0.02443032509893962 2.997250542197714e-22 2.043351366665292e-30 0.013277458093377473 2.010300245450617 3.9999999999999996 3.9999999999999996 3.9999999999999996 3.9999999999999996 1.6124893037054868 1.4882362751024678 1.1889720601826888 0.4312441809313323 0.469423976848442 1.0608692292271933 0.9807202112532813 1.3017283990513613 0.6121266088720713 0.32630786159707165 0.5925490985365768 0.25135715677168485 0.1558102214871578 0.2768632050520918 0.22142313260993157 11.039172180996275
9.999999997453624 0.024581449052344894 0.00025712205707818445 4.764801269572898e-05 0.013242246339429551 2.0108821463534796 3.9999999999999996 3.999999999559514 3.999877161350683 3.9999999999919167 1.6133256631959878 1.4892401113145388 1.1901015101743144 0.4317475870387913 0.47004386433847956 1.0623529953322537 0.9821371344692282 1.3036489143534877 0.612975046743701 0.3266742711762355 0.5929896184957052 0.2515984925417554 0.15610635827251335 0.27700812152520926 0.21953305705962997 11.037404801160562
9.999285353043696 0.02608996959043904 0.000138096652155726 0.005987376481777412 0.011940251901019112 2.1206417618108913 3.999999996330368 3.9999999944489097 3.9993986238763686 3.9999998581237177 1.615508958738716 1.4915105540516278 1.1917950630446768 0.4320490864816326 0.46967588331474064 1.0607714477222279 0.9790572168484998 1.2973727616181372 0.6095583786131866 0.3241814008195542 0.5846414836856639 0.2517988982369673 0.1571520403410606 0.2808241195071457 0.19400359816521362 11.01115825988991
9.999999999999998 0.024430325073593467 2.991823041655456e-24 1.0475183038968222e-31 0.01327745823225646 2.010300225026604 3.9999999999999996 3.9999999999999996 3.9999999999999996 3.9999999999999996 1.6124893032582437 1.4882362739288968 1.1889720590185309 0.4312441809351293 0.46942397735084623 1.060869228133471 0.9807202109689708 1.30172840032633 0.6121266074539029 0.3263078616156133 0.5925490979178095 0.25135715601463937 0.15581022134378328 0.2768632042525135 0.22142313229702293 11.039172184175257
9.999999994901229 0.02464073259346849 0.0001423838145945531 0.0006000457025405145 0.013035548823865505 2.0465861494374957 3.9999999998551607 3.9999999999997327 3.9999909874438333 3.9999999999677134 1.6188662014081663 1.488387087419134 1.1891368167051213 0.43131222975761263 0.4694966388910626 1.0610023163346178 0.9808187914785756 1.3017411925712554 0.6121315789500391 0.32636323661748773 0.5927710084545684 0.2513352179767433 0.1557034554469387 0.27686675643690417 0.22282387360361927 11.033964130407618
9.94521966362942 0.04088348192039926 0.07356014068480862 0.1620973863457247 0.0048806613661257275 1.499176435367954 3.999927261594301 3.9993993688585685 3.9999590327299748 3.9998475742863118 1.8292412095787929 1.7677601035220574 1.547619616373268 0.6273346790034848 0.7509967229840695 1.8250827126583218 1.8595963044350905 2.7116680768907844 1.4417833052694995 0.9145972346646075 1.7180145408565006 0.8840641586555444 0.7461731808250981 1.1717787776507944 3.1476012396776643 11.672398379813853
9.999969913173736 0.024528930096498272 4.765229390154245e-05 0.00023351032588194267 0.013220353184777732 1.97686881795885 3.999999697170663 3.9999999612742516 3.999842544455649 3.9999999996639928 1.6127626213162864 1.4885550784479573 1.1893069074113385 0.43138201573286145 0.4695868968987876 1.0612425118568807 0.9809869688161859 1.30210043725074 0.6121730408321768 0.32614751120924923 0.5919610541131975 0.2512234691486381 0.1558789315260065 0.27655271777488055 0.21900564012742044 11.037399312614655
9.999999999999998 0.024430325497958778 2.391478527204545e-22 5.5275631554680995e-31 0.013277457930481915 2.0103002772755447 3.9999999999999996 3.9999999999999996 3.9999999999999996 3.9999999999999996 1.6124893043996231 1.4882362755356728 1.1889720609254493 0.43124418198326053 0.46942397867237573 1.06086923320462 0.9807202147509977 1.3017284061061762 0.6121266118686766 0.3263078628925899 0.5925490993756194 0.25135715757686805 0.1558102225894135 0.27686320539203346 0.2214231309207057 11.03917216943158
9.999820952515456 0.02480659973959262 0.001409620355276836 0.00011254284268940457 0.012447176349583311 2.1173729003744803 3.9999999436412104 3.9999999649539917 3.9990196904995927 3.9999999976725085 1.616161772064583 1.4926728911210465 1.1939630012423683 0.43346495506088056 0.4722166096971465 1.0678523258899273 0.9872786122415176 1.3111622352398924 0.6158006124958142 0.32771407719113843 0.5942563468481846 0.251669974075101 0.15641546343702675 0.2770252026123658 0.21943544197327916 11.025172062269508
9.999999999999998 0.024430325375901143 2.4404616336093912e-27 4.731189350238652e-34 0.013277458046236906 2.0103002506604 3.9999999999999996 3.9999999999999996 3.9999999999999996 3.9999999999999996 1.6124893046575235 1.488236275670394 1.1889720606437266 0.4312441811316816 0.46942397838322797 1.060869231026775 0.9807202143171894 1.3017284045289463 0.6121266101181504 0.32630786210414664 0.5925490984022885 0.25135715757798194 0.15581022284185492 0.27686320522902597 0.22142313160218194 11.039172174151592
9.999999999938197 0.024432752311513328 2.8839403204100166e-06 1.2930954812635098e-06 0.013275589615255757 2.010581553461352 3.999999999999999 3.999999999999997 3.9999999795883148 3.9999999999999996 1.6125009603413853 1.4882507722627292 1.188989656717354 0.4312527103867284 0.469435925403356 1.0609031037760053 0.9807566144271629 1.3017864355262667 0.6121561817223214 0.326320884773818 0.5925676798906763 0.2513722004626041 0.15582743330659887 0.2768800104040872 0.22140334820614554 11.039101735917402
9.999994803786747 0.024734680595516763 0.0005679913280302595 0.0003194293711198567 0.013247337388222069 2.014497630516023 3.9999999077712998 3.999999847666584 3.9996335137985426 3.9999999983166923 1.614230690693422 1.490338726421667 1.191289334548088 0.43226161156553333 0.47069130469180875 1.0640641260452235 0.9836665461379885 1.3059892041908496 0.6137356997445048 0.32652821348716826 0.5917067353959797 0.25159866479851833 0.1569740271759622 0.27663160760206545 0.21704342726739106 11.037378040774893
9.999993350954199 0.025273862446349042 0.0002085673531202669 0.0027733440188877296 0.01227717829235272 2.118378519290773 3.999999998919266 3.9999999999983866 3.9994031051902885 3.999999999265908 1.6156403849685927 1.4922690972568922 1.1942317604842498 0.43508798335874244 0.47455828545736156 1.0710944645939304 0.9920763846889727 1.3179612444821385 0.6232030276717455 0.3348433841322017 0.6048775076863803 0.2607548187150445 0.16289814981271514 0.2816038481190476 0.29820119948392393 11.017881809018213
9.999999999534355 0.02445769917622401 3.035557480614401e-05 1.2124990662499023e-07 0.013270255166783993 2.0096290887269923 3.999999999999983 3.999999978322907 3.9999931728213163 3.999999999992485 1.6126199458853219 1.4884054707433658 1.1891724606431333 0.4313412755335357 0.46956450486779955 1.0612861910857285 0.9811571029838916 1.3024694952613804 0.612473717155442 0.3264441157130601 0.5927137585168429 0.2515263884075596 0.15601870491076542 0.27704573487088247 0.22117519610971123 11.038566257374374
9.999999999999998 0.024430325142965486 3.2403484679930105e-21 1.674242831049686e-29 0.013277457987961977 2.0103003937172454 3.9999999999999996 3.9999999999999996 3.9999999999999996 3.9999999999999996 1.6124893036980226 1.4882362751498701 1.188972060140551 0.43124418120477165 0.4694239772682003 1.0608692295165274 0.9807202117519161 1.3017283986663866 0.6121266091247762 0.32630786193349154 0.5925490990959935 0.2513571566256506 0.15581022252354598 0.27686320497734457 0.22142313362447252 11.039172178253255
9.999999901394228 0.024488539247305298 1.4724440117769245e-05 0.00019173853816810792 0.013212755987931738 2.0239728231190206 3.9999998753832102 3.9999999997588596 3.9999526306178583 3.999999998217073 1.6127018304273064 1.4885059815286907 1.1893182479730577 0.4314740325223085 0.46973172078090647 1.061526540083384 0.981449458820545 1.3027620214233326 0.6128180393333539 0.326923916219876 0.5935276862381532 0.251992028797221 0.15619908448014244 0.27769147252035276 0.22335201496651397 11.037334456631944
9.999997093813557 0.02509346350304697 9.944340451345281e-05 0.0007826772837178755 0.011600805244019897 3.75334322146848 3.9999996292172537 3.999999999446135 3.9998940929930873 3.9999999905072356 1.6146611007862477 1.490972259825296 1.1924399639689578 0.4333654393583754 0.47228552309607874 1.0674235411137423 0.9878516123506481 1.3122445175225244 0.6184466614926012 0.3301712322676682 0.6017370858176427 0.2553113493343268 0.15928219928389326 0.2885700204350526 0.2604807594474768 11.025150507930384
9.999997681321528 0.02501997257044573 9.468464269847244e-06 8.388303872547406e-05 0.012566925538984223 2.007623638001709 3.999999933864241 3.999999789465089 3.999999979498426 3.9999999930100576 1.6765218589939392 1.4900535293302153 1.1910909453790453 0.4327487062031534 0.47134833975617974 1.0642625023828438 0.9840647990101332 1.3062798769554154 0.6148673041176385 0.32896722155154046 0.5940436650068728 0.2550218421061174 0.16158698086293555 0.28023682869136557 0.23774303918212933 11.018565192835005
9.999999999999998 0.024430325015112934 7.752035818597835e-21 6.325769723545872e-30 0.013277458282306441 2.0103003223702927 3.9999999999999996 3.9999999999999996 3.9999999999999996 3.9999999999999996 1.6124893036381451 1.4882362744641056 1.1889720592592268 0.4312441808739575 0.4694239768131138 1.0608692270536908 0.9807202102507963 1.3017283971429359 0.6121266087990311 0.3263078619434958 0.5925490993785616 0.25135715647886414 0.15581022168887176 0.2768632040112244 0.22142313373587136 11.03917218673449
9.999999999999998 0.024430325257377 1.1741208691834003e-24 1.543082898762106e-31 0.013277458024029574 2.010300270271481 3.9999999999999996 3.9999999999999996 3.9999999999999996 3.9999999999999996 1.6124893041363406 1.488236275678053 1.1889720604599012 0.4312441813067517 0.46942397802629826 1.060869231128136 0.9807202125150034 1.301728402785562 0.6121266100371855 0.3263078619657336 0.5925490980081171 0.25135715734995734 0.15581022246659162 0.27686320559629235 0.22142313079737924 11.039172176000598
9.999986027542434 0.02594848975950194 0.000262571893553455 0.0021744995946405147 0.010743726992399968 3.997562453161113 3.9999999999953033 3.999999999999044 3.9999999746019497 3.999999999999997 1.6169729581964951 1.4946961068187328 1.19716187278985 0.4359640650563445 0.4758495812892172 1.0776911219848582 0.9994829423974058 1.3282677501730538 0.6305672564461032 0.3393192350122902 0.6135574300724898 0.26550076171993 0.1670374500370629 0.2956609744094952 0.23189135772958233 10.998476501042823
9.999999999600025 0.0244296363194987 9.745607857863784e-06 1.4345389984495786e-05 0.013271411373096483 2.0111992118759567 3.9999999999999236 3.9999999999435394 3.999999949342872 3.999999999997458 1.6125084066788908 1.4882573177274947 1.1889977216120096 0.4312559609517375 0.4694360619808152 1.0608841643746443 0.9807395322048332 1.3017118392823144 0.6121410532589724 0.3263385020748137 0.5926409666426075 0.2513699478313781 0.15578944134333786 0.27688835031560294 0.22156114325182696 11.039178015550227
9.99999986254087 0.024574860330076338 2.9401277678577325e-05 0.0003894547560311446 0.013127390123492977 2.01483407311149 3.9999999986775405 3.999999992392975 3.99998696591439 3.9999999999974594 1.6130136693293704 1.488905997518247 1.1898418965785185 0.4318361070296645 0.4702187870330429 1.0625423536847853 0.9825775999049106 1.3043343041508166 0.6139026884706126 0.3277884336082494 0.5948661499354171 0.2528848580997363 0.15682549523891395 0.27881013128617416 0.2247117260143281 11.034491397070546
9.999999999999998 0.024430325194913272 8.633635339232637e-22 4.45585817253745e-27 0.013277458135110472 2.010300247896801 3.9999999999999996 3.9999999999999996 3.9999999999999996 3.9999999999999996 1.6124893040942263 1.488236275418766 1.188972059931182 0.4312441814011799 0.46942397787718965 1.0608692305037066 0.980720212608023 1.301728400926138 0.6121266100225865 0.3263078624022717 0.5925490987385388 0.2513571571400674 0.15581022126082247 0.27686320572609147 0.22142313371254901 11.039172179636022
9.999999999999998 0.024430325121493585 6.0077884865005215e-25 2.8429949841408184e-32 0.013277458240806804 2.010300345606648 3.9999999999999996 3.9999999999999996 3.9999999999999996 3.9999999999999996 1.6124893036596406 1.4882362745303537 1.1889720596398028 0.4312441811071973 0.4694239772902366 1.0608692286502894 0.9807202122932015 1.3017284007152785 0.6121266098806533 0.3263078619763739 0.5925490998829139 0.25135715741387743 0.15581022136178774 0.27686320368005657 0.22142313243883102 11.039172183230345
9.999999999999998 0.024430325292133532 1.4813067979603125e-22 2.590644634696931e-29 0.013277457940335925 2.0103003194355775 3.9999999999999996 3.9999999999999996 3.9999999999999996 3.9999999999999996 1.6124893039463297 1.4882362759868628 1.1889720602108946 0.43124418112843466 0.46942397743338027 1.0608692311391912 0.9807202125709645 1.3017284022509663 0.6121266100655015 0.3263078619887666 0.5925490992170334 0.2513571574010781 0.15581022233738467 0.2768632052005058 0.22142313138073216 11.039172174047405
9.998822129769392 0.04226311319682585 0.0770684197105345 0.1681155897664079 0.0017475323403368238 3.9276639059953293 3.9999529200581536 3.9999997571861767 3.999467189736297 3.9999995924086837 1.8586581425901803 1.7858988513027583 1.5745976918598241 0.6553629836830308 0.7934881553915856 1.8937674644977243 1.9384970228611627 2.816153193764116 1.5481422457249745 1.0148250082462458 1.7393443682451855 0.9910608875280192 0.8742712271983063 1.3298845875958079 2.835005410467203 11.7699084804895
9.999922122295407 0.02562093990675773 0.00018202301460337557 0.00481831041314416 0.012002878223316865 2.417138102092065 3.999864461257413 3.9999995204026786 3.999922470384028 3.9999994248124824 1.6162003597035037 1.4929171105176786 1.195146268174357 0.4354869640532234 0.4751636833657297 1.072868128514638 0.9939883050127863 1.3208008119527024 0.6252536718882905 0.3362238416882024 0.6081003504410589 0.262547423631947 0.1654555713478948 0.29156390915645397 0.2530749783677302 11.007875066552119
9.999873357113175 0.025474227397120054 0.00013386470889560875 0.004121525786294937 0.011885054603389664 2.8577181929964333 3.9999998900900056 3.9999999999986664 3.9999962298448604 3.9999999999941327 1.6157236983135943 1.4923369158512716 1.194169912251333 0.43438346568946345 0.47368532727008456 1.0707950379609508 0.991599682247198 1.3177394012436356 0.6218646191133905 0.33251305177601964 0.6074212871957911 0.2637647460020659 0.16063826852423319 0.2931313670597746 0.2701855141872895 11.012309304030943
