3.5118287938212123 0.0033701510132721864 0.07693741253569251 0.09350493196837073 0.0016760098318788683 0.1323819400612049 3.73093643219643 1.8122236256363369 1.9914787997157726 0.9050684341320422 0.900688669280845 0.5768442716184387 2.3575914502048243 1.9654877108524826 0.7326762654515508 2.3755091865886224 3.505281278547035 2.781948811009296 2.562951899773269 2.1186550186032416 1.965373126229577 1.0504665008158944 3.603800172402853 1.2208819517876313 2.0340743643653734 0.012822899338418355
3.2795533483036317 0.0032445311283503895 0.08428714229074094 0.09459711507859551 0.0018963543904579696 0.2302262271736593 3.9002923308225586 1.8636535450063028 2.0274038419475517 0.916353572279589 0.9092397780134307 0.5833252719502473 2.3999071993407646 2.015205982941314 0.7566557362419195 2.471050006700196 3.6727834343107904 2.9359706524029865 2.724457803602095 2.2685010069669733 2.119625166361168 1.14113326536249 3.942735250148511 1.3455402313169458 2.4089877956273473 0.013714590300071631
3.8419867773488106 0.0032096289452348526 0.06767680877710816 0.07716072503389218 0.0019005253912256787 0.07335303072569235 3.527623154678302 1.751887177906344 1.9502053950877336 0.8920539171138255 0.8899869119740662 0.5683424152861462 2.3022014930322725 1.9013543539705304 0.7021248485010495 2.2551075194946644 3.296419264303348 2.591652804502575 2.3652440162643957 1.9369033683576238 1.77990608086066 0.9424255265982019 3.2027902153796517 1.0748368902743506 1.62944461818107 0.01207493780050749
3.1900975462552497 0.0033898303483645884 0.0636296042360398 0.08021387157782936 0.0016354247264766123 0.05103136122399757 3.95882231603459 1.8719211966006033 2.0187306232049256 0.9057175466992909 0.8876322175018121 0.5632851255162055 2.2698942598537752 1.8673069443075274 0.6868882234141189 2.1976481420613267 3.200031061517268 2.5061584949308204 2.2783912514256266 1.8585794312421433 1.7013423993766066 0.8973498917231681 3.0378647513074943 1.0155600180088322 1.4814456697067577 0.012186003426601939
3.8182479055760767 0.0033110131533199503 0.077074757254658 0.09047378298076077 0.0016776625242601647 1.7594160626833093 3.5455019736956337 1.7608386051626166 1.9620522049442723 0.898895894954772 0.9005271792164565 0.5777289621064965 2.3624774814008282 1.9697547888910756 0.7343262247937804 2.381040488515917 3.5137428069201846 2.7888684938938426 2.5695243129900986 2.124274914011098 1.9707246813584591 1.0534218665497916 3.6140548495310485 1.2244859010603064 2.0413527454939233 0.012650079468702186
3.184668027132038 0.0033789451484855944 0.07596430318434493 0.09162845424612762 0.0016235548585572478 0.07188147788896954 3.970667842381823 1.8806115687337508 2.0323832964983355 0.9140866997614734 0.900829446183086 0.5750809827486615 2.345992099688708 1.9538293454767592 0.7276273124328819 2.3568626706351807 3.4744546174717494 2.7548029976715624 2.535493073470764 2.0939594541639477 1.9405771731199706 1.03623085981397 3.5511945052259306 1.2019997303312142 1.9829995370692277 0.01303677679805611
6.955854893414221 0.003091020698818381 0.0792039612891868 0.08436439552020569 0.00190514908090127 0.16409011473835633 2.6493302913212258 1.5546360263370376 1.8739849185972304 0.8883765664046918 0.9082992276144611 0.5850710535034876 2.3983941226803225 2.003550637087879 0.748353747195295 2.4311663204583227 3.594560641240472 2.8584764768631596 2.6386918380923166 2.18561927046851 2.031508877637178 1.087982832726309 3.739858979938971 1.2694831381710112 2.156845701479486 0.01219747022410343
3.1870061111009775 0.0032282776181121547 0.06816579310204189 0.07740734431101515 0.0019052728626566537 0.05960947361208597 3.9642860830058058 1.8753883451302746 2.0238180213389807 0.9087464646398068 0.892311916538155 0.5674447216456268 2.296605310326171 1.8975610916921497 0.7010788877315776 2.252881367660333 3.294842110515167 2.591723040998215 2.366506176154946 1.9389264511989197 1.7826628930673727 0.9443635861575708 3.21100556546866 1.0781394545711873 1.6427990879406444 0.012702720993648407
3.160319448207118 0.003246686189832975 0.0794354762838557 0.08955220463169067 0.001912175214534937 0.05526560789807454 3.992437351926863 1.8883830762095268 2.039514563752659 0.9171698230828647 0.9045540745901911 0.5782560618518887 2.3665877312250045 1.9775590453488285 0.738926341363397 2.401459867894695 3.551995386689204 2.825709500232278 2.609441003166434 2.162224434900568 2.0105275407223715 1.0771591893114305 3.704094882819072 1.2578156067661714 2.1454475265404964 0.01348849066113059
3.189025229395635 0.003338521986317328 0.064672789874074 0.07942194315171192 0.0017485254187936004 0.5051521744453892 3.960780503560897 1.8729517692535103 2.020048854327595 0.9064493493019127 0.8887066991313124 0.5642270927789031 2.275910261194639 1.874111972664325 0.6900753601432232 2.2100396290999322 3.2212658685045614 2.525293670023453 2.2980649646963305 1.87649013596323 1.7194392932248133 0.9077963606889266 3.0762642987744 1.0294121114523755 1.5164782671107429 0.012298666040102593
3.4343609529164176 0.003264824963155993 0.07304061903514183 0.08459746527024362 0.0018442150936336219 0.05620099619529395 3.7812693452677784 1.824774875031724 1.9961656744801743 0.9043574497482618 0.8965033790704003 0.5727204181124839 2.3310246537401405 1.935564220900309 0.7186405627422926 2.3206957338250964 3.4107381626198077 2.6960934758356156 2.4739296410948004 2.0369146447387982 1.8819808785892742 1.0018868171224005 3.423361718153181 1.1551052725408815 1.8484723657321778 0.012694043650328637
3.9333700535171072 0.0033037232508719315 0.07827915162443175 0.09150680693490365 0.0016863965990207782 0.17654352458732567 3.4843639647471867 1.744815933141649 1.9541071122110132 0.8978993649510739 0.9019098937514438 0.5792311982444072 2.3717233036971557 1.9798397856287901 0.738970124943935 2.3989669403260936 3.544428509143787 2.8165981706290513 2.5981814383661774 2.1505379895166485 1.9974787482999161 1.0689994291327372 3.672000999005975 1.245570496208395 2.101600111583887 0.012670695424843302
3.2889441147872915 0.0032381546467622263 0.08263209498419026 0.09252703503749507 0.0019019924592848538 0.050067084459168444 3.892205551451616 1.8606115795647005 2.024409448578739 0.914947493461377 0.9073910499518136 0.5817146718497812 2.3893950620460545 2.0030528761157633 0.750844470631523 2.4479936909562863 3.6323946105668656 2.8989077528373555 2.6855962539692926 2.2324395817224967 2.082457376137994 1.1192639502030564 3.861204082002612 1.3153574106653456 2.316404980362518 0.01358808832416226
7.270273089332569 0.0031123120990562457 0.0801833208593123 0.08679546253384585 0.0019063614947266488 0.08456617995148746 2.608048066193145 1.5485379877301007 1.8738238913184646 0.889354697978214 0.9099960547143666 0.5864644223761836 2.406513860339143 2.0123458898802498 0.7523911580882514 2.4467295466343195 3.621187537018348 2.8825369548566218 2.6635668924486606 2.2084350674515916 2.0547711653949774 1.1015450122728854 3.7902814531691003 1.2878840668831137 2.2102813950982783 0.012208849872968885
3.1820284795993006 0.00330805772151166 0.05027811085109766 0.06356674689806484 0.0017857199191825969 0.05148106528103445 3.9584126385494316 1.866159693077136 2.0062836218976914 0.8972577638130576 0.8735804191944152 0.5506789832742411 2.1895110188419222 1.7771484059321847 0.6450001629799191 2.0361016541736623 2.9252448639642274 2.2603827459296473 2.0275299779228746 1.631870770486433 1.4738765441103552 0.7670041000546644 2.5619118753426524 0.8450198777386976 1.0774711782635673 0.011459063571507458
3.2403526183111313 0.003284925237828467 0.07488803349375668 0.08670354781092224 0.0018020647449101463 0.09101676636050095 3.9254675455825248 1.8669655423165128 2.023118327210917 0.9113901469215421 0.899271778790299 0.5740765354913469 2.3396302367724413 1.9462787721734636 0.7239687476728975 2.342265766667663 3.4488658856990275 2.73133208896264 2.5109491136301196 2.071260243682244 1.9172909076137228 1.0225911550769609 3.5006601591255575 1.1833916804255726 1.9297043814497217 0.012989763378632443
6.419250334931628 0.003128541835469056 0.08119295142350919 0.08784434507658143 0.00185325484931446 0.0904157089498986 2.732665995874776 1.5701176321561527 1.8797073463248026 0.8896508039574328 0.9099025701072205 0.5866759055732469 2.4098496217302925 2.0172037757165358 0.7549820406170515 2.457670793088271 3.6411152284569956 2.901372663631171 2.6837221719380318 2.2274318332330814 2.074570490355886 1.1132995977700537 3.8346852699970304 1.3042997004470573 2.2615224072357814 0.012346209375302557
3.6915903583765113 0.003201586261693706 0.06426530890880078 0.07291030310881964 0.0019019612325135828 0.05139305651298649 3.6114904647424506 1.7733969421330862 1.959905409957279 0.8924972583910249 0.8863574186763705 0.5646713574688373 2.2791267201294327 1.875859834560032 0.6903454503355614 2.209706481232509 3.2190296528209736 2.5221678571272697 2.2939707984000712 1.8721249594955853 1.7145043508314446 0.904698419054338 3.064045868439241 1.0247755463149937 1.5012287728150338 0.011974812904033426
3.192304546488584 0.0034447446827584826 0.06728961345740013 0.08703572503438171 0.0016001365983817548 0.05497794384472869 3.9595904015584935 1.8737430132909518 2.0223660306687954 0.9081299295552876 0.8915886273851479 0.5668336026269725 2.2926676182438452 1.893043527377744 0.6989358479965557 2.2444609903332036 3.2802453012390713 2.5784430574854 2.352720658924652 1.9262409144577406 1.7697390197270224 0.9368272518714506 3.1830775344052666 1.0679841545378614 1.6149635581275221 0.012432219747389714
9.999998496026171 0.003055856204421608 0.07722343871573015 0.0810350791034779 0.0018619917740225294 0.05000000000030422 2.380827881581851 1.5195542464531036 1.868615270754312 0.8891222503501746 0.9090107010086195 0.5849575640986914 2.3930981759795027 1.9950943215374815 0.7436909869691938 2.411142292777662 3.5577463553044173 2.8234851860794126 2.60111933097198 2.1501408660709864 1.9944834155302942 1.0659919167094096 3.656861927310281 1.2387787253396718 2.0621896349519546 0.011999851502611278
3.3512078793854028 0.0032748176234622985 0.04108089996559803 0.052968465307302794 0.001807274193450794 0.06623894612424855 3.8220617508684045 1.823061086954466 1.9734664077997244 0.8856243120040601 0.86284224606053 0.5422728206365418 2.137443349725959 1.7190059873030699 0.6181690948303136 1.9334632387745059 2.752257381967727 2.1071771589085935 1.872742178251108 1.4934427248518534 1.3364579195255073 0.6891010091735283 2.2805716608067432 0.7453093906543689 0.8666502432268312 0.01080676527334063
4.730324233548114 0.003196914504552025 0.04708199520644568 0.05660542737723208 0.0018405493138254118 0.055596263303102356 3.1312857134172685 1.6405606968901945 1.877303919809933 0.8685991836708256 0.8675090257523542 0.5494959117242979 2.1814037538736972 1.7648625841505103 0.6384290312267216 2.0087038742983236 2.8763520006211403 2.21526820441514 1.98050386273361 1.588758921890939 1.4302018547145035 0.7418184521056228 2.4696098931031654 0.8118839018259965 1.0015350898113207 0.010380493104888614
3.170933992507614 0.0032754407045048808 0.07284382977411616 0.0845026474921266 0.001851259600564855 0.14957499669304952 3.9800928947937426 1.8819944635275248 2.031097533910722 0.9124459601609958 0.8974555278226803 0.5719416761448143 2.325582781824455 1.9305931819277964 0.7166595047258977 2.3138660132630062 3.4000561430809886 2.6871546634841983 2.4652685069566904 2.029405370070963 1.8746943500015023 0.997822055296635 3.408842818865764 1.1499921513906968 1.8370484350036616 0.012950108631910873
5.617698234763266 0.0031037444756049424 0.07603066350699818 0.08159379917651641 0.0019631323410042164 0.10825113132789482 2.891509034308361 1.5990886185520952 1.884099824347596 0.8861212308956227 0.902131695363109 0.5800656353365546 2.370338759922806 1.9738657033870748 0.7349396708636585 2.380053657015127 3.50787754017395 2.780745128200436 2.5588358849755335 2.112789323224901 1.9576145420194715 1.045102135627619 3.5811425687489584 1.211759910231663 1.994716716669846 0.012115403227179598
6.455782055866239 0.003105410522993526 0.06968296633062032 0.07552866951633287 0.0019101544725598505 0.09378064779134102 2.722164740884556 1.5625730848853885 1.866536316288892 0.8810451752934171 0.8959761964828576 0.5743775031424295 2.3322751633133247 1.9298858392427085 0.7140222140244317 2.29768195366614 3.3650580817622497 2.650658139354879 2.423705303126616 1.988558688492926 1.8308532170409355 0.9712442178695894 3.3069491575204726 1.1119134793274985 1.717111929279186 0.011527158900610566
3.1930910058510276 0.0033868814720917568 0.06958864799221984 0.08573816262688053 0.001613441098118015 0.053825559820924414 3.9602708481722493 1.8748842910674024 2.0245633885272714 0.9095768935267986 0.893963305436311 0.568969744662439 2.306454711491059 1.9087150913237658 0.706314446264934 2.2733049355154096 3.329982298475183 2.6235066880689457 2.3993226077627994 1.9689226140677953 1.813118727511325 0.9620244412066428 3.2760260444602687 1.101802700971781 1.7056536977546737 0.012584496227445743
3.313333219410421 0.0032543449288986517 0.08247049851603991 0.09318149162785974 0.0018870076268759205 0.058850984718066185 3.873711495850961 1.8552183889779972 2.0210125542847774 0.9140972909071022 0.9071397293863884 0.5816377241800137 2.3888990395326126 2.002340552761613 0.7504612440354214 2.4463612802387202 3.629393689668125 2.8960463842781152 2.682507616991846 2.229500999291172 2.0793699441738016 1.1174133955812313 3.85416658308067 1.3127339920571803 2.307603494964233 0.013511624939694981
3.358057158555602 0.0033717219893865725 0.063500945809464 0.08012655666521214 0.0016809696092031593 0.07954836942252073 3.8304058853830423 1.8347834959135967 1.9957673736061905 0.9002246256986727 0.8866029243277093 0.5634392288601495 2.2713438448248096 1.868283121198922 0.6871470890897646 2.1981568931116544 3.2002981872203655 2.5060027566054304 2.2779158977405163 1.8579222524639378 1.700490453382243 0.8967728012697304 3.0354432252899555 1.0146047260613045 1.4778312280697707 0.01204120923953111
3.7508667183204247 0.003295668607501908 0.06937214049722332 0.08211999033760592 0.0017151160690314833 0.11259271118021413 3.5794797055363383 1.766806930922634 1.9598468710599832 0.8948530462222561 0.8919958681393971 0.5698965547319425 2.3123728061309454 1.9131516874657795 0.7077410964057483 2.27719426982448 3.3346455533374333 2.626376757705501 2.4012081003450647 1.9698617220435337 1.8134219868757453 0.9618839874304997 3.2747275521545505 1.100954363305122 1.699131587539039 0.012161283680537986
3.1877949541527357 0.0033940598312974983 0.06443156331244074 0.08187044296879112 0.0016652485583916767 0.062061353634069574 3.9616853383625297 1.8731183829962443 2.020038094741071 0.9063718170068531 0.8885178684008024 0.5640487472826289 2.2747589889711017 1.8728148576828334 0.6894696157622208 2.207687554677971 3.217237542186653 2.521668922467636 2.294341429904023 1.8731036335940263 1.7160200669139896 0.9058255579616369 3.069008523864837 1.026802892896997 1.5099455374467021 0.012251967465153505
3.168303913399562 0.0033819890708470094 0.08155338858454468 0.09834189463487601 0.0016961642239232953 0.14700015594099686 3.987204610935752 1.8878103724526687 2.0406172187694698 0.918384043263938 0.9069439996650802 0.580471774312145 2.381060908756433 1.9941444264992612 0.7468051629743498 2.4325435573471155 3.606092314034458 2.875229408616584 2.66117318437269 2.210077216474486 2.059674705318936 1.1059902795982712 3.811834041659572 1.2973431720823723 2.263762971150064 0.01346264969410751
3.1644818092883824 0.0032859845206932247 0.07497415662335737 0.08711980388127412 0.0018365814713191566 0.5327763593313694 3.986623060535881 1.88483957364648 2.034252387487313 0.9140927148825188 0.8997835198942122 0.5739887663850636 2.3388331236274067 1.9457514124339346 0.7238377162027176 2.342040230788901 3.448828925806549 2.7315437411767123 2.5113630125499165 2.0717812395899826 1.9179404977801804 1.0230265494227848 3.502450063027004 1.1840955900019932 1.9324018639806602 0.013088654081735053
4.687320705602101 0.003299914876305784 0.06706608022635333 0.08060352128940812 0.0016156525050186894 0.05087123780343663 3.155669795219171 1.6554276842602367 1.9001908822042377 0.8828344380855908 0.8901640706399482 0.5694938711106721 2.3066362423385485 1.9040453691215697 0.7027534662092455 2.255944917856613 3.2959345526872075 2.589920067684284 2.3624339450890717 1.9335974913450211 1.7759467713803991 0.9398398445126223 3.1923480350001676 1.0707864935934064 1.6150447121372722 0.011598905084695488
3.323009092211484 0.003221737473835239 0.08366116467759047 0.09297792538927224 0.001928427838305459 0.06302771260197637 3.8665790183542454 1.853915011493009 2.0209868331949536 0.9145939168764761 0.9083734593256753 0.5828094973236331 2.3965469766893497 2.011099159043893 0.7546268168367176 2.4628137795567295 3.65808393592894 2.9223744161184513 2.7100823694484832 2.2550807274522087 2.10571015109062 1.1329115674438455 3.912229063686721 1.3340944272470867 2.3732951566815923 0.013668832113328692
4.880618702794451 0.003129446485528709 0.07138422030342825 0.07787473216757891 0.001965570578991271 0.050475557883189935 3.092382657521734 1.6420848213979364 1.8975005518396542 0.8847536081515573 0.895269875869792 0.5740710748041277 2.33491099711389 1.935399702802208 0.717295432987248 2.312205391078057 3.3921698432019305 2.6766232814335065 2.4516681183925724 2.0149705560434454 1.8583713125845889 0.9875448998588817 3.368300580241004 1.1344890488081023 1.7831710816060675 0.011934663318359549
3.6636437454084616 0.003267556241876209 0.07143731557113116 0.08346133507889615 0.0018216021196921673 0.09502882286146319 3.6319991536809915 1.7821675492704836 1.9700519020025686 0.8979251502742521 0.8943149353539473 0.5717005116573328 2.324142691396421 1.9268015884871146 0.714243807742807 2.3028055503448948 3.379019536728752 2.666756328815084 2.4430978010744213 2.0083140853766603 1.8525896745087043 0.984663969768221 3.3591387802502166 1.1316240953644572 1.7824063669280303 0.0123859499049233
3.2735902973943616 0.0033594326571373826 0.06098419506163844 0.07689496045940675 0.001706877615448469 0.15915061275300407 3.8920829126289043 1.8514532280857077 2.004269668467948 0.9011617606179478 0.8843152268243534 0.5608829721338033 2.254803936962851 1.8499687704089247 0.6786922593105232 2.165626091285922 3.1449726253844577 2.4564594379669025 2.2272415018990612 1.812002028796682 1.6542716524330803 0.870194896897164 2.9380405057944525 0.9795653444627292 1.3911419619960805 0.01196197335002686
4.68613013080905 0.003155749380639977 0.08269205640293019 0.09028283480349301 0.0019353533149421142 0.07895708934930443 3.1629520882281823 1.66419346436035 1.91668168335363 0.8937445054811353 0.9080400868645737 0.5854337761542446 2.408183193726234 2.018886375959852 0.7567667589742341 2.4672410018667117 3.6608732182177124 2.921573019407766 2.7065346370783923 2.24979364371851 2.098599674292198 1.1279127275736558 3.890950965686338 1.3254627067805238 2.333620274135131 0.012792070545313276
3.3003977397628104 0.00322910644531914 0.0711610022602816 0.0805498462387308 0.0018811908444352106 0.050037535188781096 3.877172172604066 1.8514000290598303 2.0109871913791886 0.9069449119625355 0.8949174568621584 0.5705520093068113 2.3169556510779477 1.9201638744109972 0.7115591321507243 2.2934219207481004 3.3641961284039077 2.654218003132594 2.430843011190925 1.99761320894032 1.8421324393998786 0.9787955001211731 3.3380689551614897 1.1241656162372031 1.765010029422042 0.012767626552842956
3.167630001446586 0.0034559508258289262 0.068069635178561 0.08830413576040752 0.001591609864331353 0.06331739525142807 3.9803742619544824 1.8802745913274195 2.026873787066808 0.9095276275869697 0.8925732472274336 0.5675347930940999 2.2971020128141943 1.8982073485369602 0.7014075415650367 2.254231594458239 3.2972425344371343 2.5939517278543165 2.3688546587992376 1.941093832178065 1.7849049112873394 0.9456704130618948 3.215926206614503 1.0799453030813544 1.6481058632345396 0.012500698761585402
3.2373161329329285 0.003265795273594279 0.07278058891632985 0.08382882174984953 0.0018355316960220775 0.13186709426483678 3.9245319440234576 1.866228694048864 2.0209101074011517 0.909980120140644 0.8969504739507511 0.572002446335526 2.3262817153458677 1.9310805208701078 0.716797686096221 2.314112689022231 3.4001543694197447 2.6870437667115734 2.464986560426198 2.0290281487561592 1.8742048525289274 0.9974908739916152 3.407329877803886 1.149434812445811 1.8346671195967463 0.012882496094884973
4.666150537089449 0.0031543401268715535 0.08485379006437266 0.09237299170874111 0.001941071281549344 0.11624526428617073 3.1713006713224523 1.6671650910596283 1.9198021288861284 0.8953891707011603 0.9105162678656561 0.5876458709890408 2.4225028664892077 2.0352826862820046 0.7645616384924913 2.498049719575038 3.7146035021863564 2.9708633210209814 2.75814874976104 2.2976577550056883 2.147880723817128 1.156897638559617 3.9995701056711117 1.365405557990429 2.4564090436827497 0.0129701207426106
3.2233333600475897 0.0033703872526111315 0.07830045267319433 0.09487387769672752 0.0017487005180820995 0.051222290750796054 3.9407881003165457 1.872893787168982 2.0291380795466716 0.9142811493326227 0.9031284708958052 0.5774335513963427 2.361384869718126 1.9712481095816157 0.735826407036211 2.3889640056426718 3.5299564732379296 2.805348831330325 2.588035109974292 2.1423209509737755 1.9900312846060948 1.0651020321128675 3.6589589074939797 1.241267413485058 2.0964220899570143 0.013175077182129959
3.496189217912419 0.0032411876414601207 0.08525517684406583 0.0956427622760469 0.0018966637396737656 0.06179577291566926 3.7456686415082676 1.8198716492340827 2.0017018849548434 0.910958383684756 0.9097292593490808 0.5849307668369332 2.4101898139189197 2.0258576894721485 0.7613910176858552 2.488905249030472 3.702811852544694 2.9628769918018496 2.752077080798078 2.293718511538162 2.145247353928221 1.1560428744199667 3.998556711110453 1.3657397193821752 2.469234558467952 0.013562821782482429
3.667360942851639 0.003316574754385281 0.0851053821020378 0.09931634558224339 0.0017681098108977469 0.0614550900833747 3.6350156344508835 1.7887821657762586 1.9834930399094592 0.9069989988585331 0.909465996960578 0.5853796895997678 2.412630665369006 2.027787949648571 0.7620607290518507 2.4909023059115674 3.7055089858761447 2.9648145147991416 2.7536739491078843 2.2948797617654955 2.146178952253507 1.156458053836766 3.999699053244478 1.3660438891005258 2.468282384634851 0.013321506392513584
3.1429667740389546 0.0032842572251481125 0.06697217440912129 0.07897611605573489 0.0018415674278768552 0.06585496368824807 3.99997362445531 1.8853254008868985 2.0293010437907313 0.9096113136579926 0.891393878051277 0.5662822900538413 2.2889096879310196 1.8890234175733829 0.6971263790340186 2.2376242754283537 3.2687817808930197 2.568283257880556 2.342418444345526 1.9169836223902108 1.7604729895697306 0.9315350230258127 3.163759131636864 1.0610592328429307 1.5982808408681008 0.012570273051303232
4.820391379769517 0.003249841545378988 0.06497563652887581 0.0771048431495899 0.0017568126037891812 0.06132898229783462 3.1091728223875363 1.6432491732183294 1.8928945745379722 0.8806042187521711 0.8879233482224419 0.5675416553614484 2.293865663747034 1.8894560322583385 0.6958772872537733 2.2290989707887365 3.249742567133456 2.548166801411757 2.3193786130955707 1.8942997100504808 1.7361320725803993 0.9168069504903786 3.1074525970770903 1.040076783873602 1.535438761048816 0.0114096101799916
3.86192958173274 0.0033604103950015483 0.08384342053389418 0.1004114568295047 0.0016645164395432898 0.07989367810058745 3.524773859121037 1.7581320114193273 1.9655013770159355 0.9028163480318357 0.9081797269520647 0.5847240493734759 2.407537900461832 2.021059464429638 0.7586072615588242 2.4765962115742797 3.679740230338859 2.9406152297559136 2.7278759398151395 2.2706046694063913 2.1209009308845297 1.1414427581227016 3.9429986404589474 1.3450399513318116 2.4010083963945985 0.013117667544869236
5.169885441856556 0.003202622801230385 0.07876654099474661 0.088814647664626 0.0018188803693769949 0.23929670753861276 3.008290470605044 1.6259852436301283 1.8968976250338825 0.8890415532689359 0.9045663443860193 0.582330058432547 2.386294174145186 1.9927917006312867 0.7440922170026136 2.416531204038816 3.5717496773770483 2.8394140300688746 2.620241291197668 2.169636328376114 2.0159956436788073 1.0793270553248224 3.7089179966202965 1.2585687285670086 2.131643192347953 0.012294465382982005
3.1402882818192386 0.0032430031988259374 0.063080928697436 0.07314208330765663 0.0018968970952697331 0.06199252344244968 3.9999971618338948 1.883670231504909 2.025665137663492 0.9071292346342885 0.8872538876754916 0.5625529659594295 2.264926350051061 1.861901140353591 0.6844230041774492 2.1882445973891085 3.184120006525249 2.4919655564528966 2.2639113510192233 1.8454825640417305 1.6881737784104922 0.8897860044781652 3.0101303942556554 1.00558194252542 1.4564875990372435 0.012400923163379502
3.177943652368663 0.003308403575383509 0.06662826221273513 0.07989808241143509 0.0017961977280073437 0.11332625487133452 3.9708308051864716 1.8767192581554255 2.0236736438650027 0.9081146809659867 0.8908216932501085 0.5660392805994893 2.2875106898131836 1.8872889491853393 0.6962664876303738 2.234165871160461 3.262707567935554 2.562710112290119 2.336608926890772 1.911639125335308 1.755022294786297 0.9283689452881194 3.152026314203817 1.0568018271593873 1.58710539238519 0.012472036226303149
3.3092596427454506 0.003393987320784342 0.07458681384287058 0.09193471296286264 0.0016605211313380794 0.31221266242597207 3.872502858859714 1.8515797091934763 2.0135275614586394 0.9090562187554623 0.8987489497503839 0.5740485917244011 2.339553530870459 1.9458425047628287 0.7236552998220708 2.340762848870668 3.4459006650293977 2.7283977308931946 2.5077016771481984 2.0680990116481945 1.9139474505498115 1.020562650690605 3.4929409720964295 1.1805180144547347 1.9204160323427986 0.012813390835219079
4.68591407292368 0.0032401101904978866 0.08139498409340876 0.09287298412162687 0.0017873516284401948 0.05001533027196344 3.162878600350232 1.6635676097418808 1.9154243483780284 0.8928908710263206 0.9066277257782369 0.5841677528110422 2.4000658540300264 2.009640792340462 0.752386473107897 2.449990501048103 3.6308718406675595 2.8941192158443787 2.67785493374696 2.223249384442288 2.0713359448921427 1.1119075703886574 3.8311072852119072 1.3035082393246251 2.2675640892029887 0.012599509999609848
3.740702016046732 0.003182204955378949 0.07732735251659431 0.08532569278196377 0.0019523214181783163 0.39393618752183446 3.588957333647293 1.772833728456116 1.9688519670635882 0.9003371937136263 0.9006674040871779 0.5776487931110144 2.362231839097106 1.9697899240394672 0.7344319331638882 2.381674774859387 3.515096442791804 2.7902982020220306 2.5711581469052085 2.1258873389354633 1.9724582258653873 1.0544745223494454 3.618231063991621 1.2259970977573205 2.04630166442519 0.012875712030438293
3.6571973465277483 0.003216864548882322 0.08445661782508447 0.09403888851524171 0.0019118232132429452 0.08971863766044832 3.6425217716199696 1.7906927284740919 1.9841497146847258 0.9068248753158306 0.908671237843921 0.5845948216880269 2.4075142371791007 2.021970855855534 0.7593054718302554 2.480047935465589 3.6865999131602796 2.947478848852419 2.7355224586616536 2.2780475816427153 2.1288366068050197 1.1462582055322899 3.9614616255914816 1.3519462262361415 2.4241460685053786 0.013410179701482172
3.1692844984724835 0.0033644092854441536 0.07396977872137667 0.08935908546056871 0.001685078631490976 0.052860149070797086 3.9821306494192084 1.8831042722827658 2.0326012710222985 0.9133088378491553 0.8987650078522053 0.5731070866286233 2.333129505838383 1.9392101587875528 0.7207334170627098 2.329842805001152 3.4276972684039313 2.7122914376129685 2.4913556296538677 2.053372478703431 1.8991444343208976 1.0120624845722763 3.461726350361753 1.1692561292108525 1.8909078530205086 0.012911928373822254
8.652220845626028 0.0030905718806860023 0.07345860964341347 0.07884839656576514 0.0018436444895718043 0.05381862677285396 2.466680910670229 1.5257968990727198 1.8637624305900267 0.8852063793152594 0.9031936963379005 0.5801303673884303 2.364517612272023 1.9639306329017365 0.7293512491516492 2.355844754464942 3.463223476065971 2.7382452625708047 2.5132106273958716 2.069750311426764 1.9127740456747022 1.0185179875582495 3.48101570244308 1.1748357136169494 1.8845284434405263 0.011686006432092156
4.711702260445041 0.00327666277984326 0.06809923677958385 0.08145231342573028 0.0017222201744489195 0.09529095636682378 3.147611782805804 1.6539219925039523 1.9003038085386323 0.8834014848426753 0.8913594911316296 0.5705631178659726 2.3133114811755258 1.9114852387056023 0.7062118550559761 2.269340829142569 3.3188507797876783 2.6105659170605966 2.38367314396542 1.9529540187180532 1.795537313281836 0.9511696347870767 3.234094485438926 1.0858813241778191 1.6544169616999371 0.01164512661949646
3.7456046944661434 0.003342269047181774 0.08502610969189155 0.10021316725999818 0.0016589522415748948 0.10215427339301837 3.590671941345771 1.776629263765854 1.976664176953921 0.9056041332817916 0.9094418863488537 0.5855621411492141 2.413467763242255 2.0283882206216086 0.762246009217174 2.4913694680035507 3.706010970506999 2.965053698936264 2.7537483238179443 2.294819252671797 2.146007222778481 1.1563043259032038 3.9989942218870143 1.3657158157938554 2.4663358225482632 0.01327667515802847
3.8711367680218975 0.0032846376613217252 0.07571896888240158 0.08803800817492936 0.001724554800157165 0.05797463266044727 3.515952113416971 1.752219353671208 1.956273791797454 0.897089287685535 0.8989944252111249 0.5764797516135539 2.3542460965666843 1.9601847075270713 0.7297491820430935 2.3629319003847673 3.4821964662321854 2.760016478948025 2.5394289620255943 2.0964937901356113 1.9422644577330737 1.0367737143642994 3.5520819656068148 1.2018041945074711 1.976029443232125 0.012531163089583477
3.143869145192583 0.0033934852628603428 0.06848279550102564 0.0848365506640552 0.0016043270337519656 0.10314388033024482 3.999731459400118 1.886540725184783 2.0308232890428055 0.9106413104909149 0.8931075666516859 0.5678272084696561 2.298873499423036 1.900326918520607 0.702437697996798 2.258336336350809 3.304413458577686 2.600504644440516 2.375672066597376 1.9473744558736104 1.791300650599584 0.9493993004134732 3.2296972990211454 1.0849491108727876 1.6613767358689504 0.012559968656735577
3.286199665795667 0.0034244444320108264 0.06697476693676403 0.08495075689238464 0.0015392152114060195 0.16419393209304167 3.885757755121793 1.8521887890893618 2.0087831498924547 0.9047504265428506 0.8907036871845604 0.5666817915431878 2.292000400806792 1.891910625818709 0.6982954198582237 2.241707781267298 3.2752412307547747 2.573742756692086 2.3477548569280446 1.9216475743484889 1.7650308759143698 0.9340955031900258 3.172931475115991 1.0643182534558964 1.6059413005313123 0.012328938707148109
4.517922510427324 0.0031235627215200653 0.0765042399113748 0.08256438971439246 0.0020118453643914245 0.05015908822182925 3.222405490179012 1.6759942446691112 1.9172601281235502 0.8904252962714079 0.9004947136704661 0.5786261601489334 2.365334951432429 1.9706675770668713 0.7341103069134144 2.378542693115391 3.5073799198732405 2.7817211353134144 2.56099707173363 2.1156175446949828 1.961202275556356 1.0475344349514246 3.5912504335081654 1.2157794541169795 2.0112674273342206 0.01245652812164548
4.021823138173637 0.003198163670976064 0.07345334608526174 0.08235005443106455 0.0018862355223273385 0.05000627054602656 3.436369507832378 1.7298570420477104 1.9423628386387757 0.89325801683839 0.8964298948712507 0.5744884956981791 2.3409123246644294 1.944512719804191 0.7222150136895581 2.333037928951001 3.430054268581841 2.7123063114953396 2.489667793761828 2.0505810324476896 1.895262955634558 1.0093040189434932 3.449915493121681 1.1644632193365247 1.8700605382344948 0.01237013560648818
3.461987667772057 0.0032802205537993327 0.07865082042271967 0.09099100101957108 0.001821662201593246 0.2746327633114735 3.764914269828823 1.8227636634046367 1.9988262013902662 0.9074227972581808 0.9025714295218212 0.5783122055463005 2.367169442978446 1.976672545757857 0.7380451854390176 2.3967965139810965 3.5424319717876873 2.8160108844715634 2.5985496007275173 2.1515968891131894 1.99916121972177 1.070279914951171 3.6776828108544684 1.247929232905532 2.1129183460714085 0.013047523465798882
3.3186828389715832 0.00581573945140631 0.06918066340556209 0.19999833104486608 0.003052539583492552 0.05015843502330699 3.9997793549480978 3.6333819471463302 3.8135787113475215 1.144387810378673 0.9365457267585833 0.5635035811994589 2.3052845452177 1.9247189815743293 0.7165554381593482 2.3129769327451926 3.3909048582120294 2.678973055175203 2.4567257019041806 2.022266327291163 1.8682717840060807 0.9951469812663981 3.3571330676397326 1.1497767130181273 1.885932420512786 2.7879263928146223
3.1572345200170018 0.003400297428805999 0.06038761206199944 0.07724034531941486 0.001595631265902139 0.14120854623580806 3.984453321479836 1.8780564969666855 2.020462795755523 0.9048318600137224 0.8844576291815295 0.5601858173287927 2.249852971797882 1.8448332832578878 0.6764318248639658 2.1572093102242302 3.131014388621362 2.444195173785925 2.214890146054483 1.8009506124244696 1.6432700996827931 0.8639258957213258 2.915236506196703 0.9714342063627841 1.3719827372487488 0.012019406996079295
3.3184862289538977 0.0033846794433551467 0.07373765517386492 0.09092165851030772 0.0016720790460156832 0.16952252704305246 3.865142408517773 1.849098696512241 2.011431716415345 0.9082055766871596 0.8977875833027649 0.5732401482658459 2.33434079906732 1.9398672561380652 0.7208260066667097 2.3296489448805184 3.4266799049072714 2.7109158554914408 2.4895655578372606 2.051468045323177 1.896980608931575 1.0107008077665 3.45631850571842 1.1671855342307107 1.8835925578350288 0.012760016495481037
9.999827315704483 0.003057413884430592 0.061250173817855504 0.06516044063072286 0.0018607763073362833 0.05000000000000026 2.37430327350839 1.5098136873722428 1.8493285229932215 0.8764545096361185 0.8889407763899743 0.5675106851951397 2.284839705617249 1.8746929605163871 0.6878051294642242 2.194453388848454 3.1866950154427425 2.489010690603279 2.256699510302898 1.8359154871892776 1.6760300369183743 0.8816051559645459 2.9761590839825445 0.9922438466803886 1.4058642425247514 0.010860072841324868
3.9132520028298363 0.0033085303898542583 0.06571443345494436 0.0799855188727931 0.0017318849277634658 0.30973335654476464 3.4885682128147266 1.7405262232103313 1.9425808534813789 0.8896512595135502 0.8879136324337161 0.5666557576298517 2.291254874385205 1.8887938781210527 0.6961879562683682 2.2318725874643324 3.2563810575368315 2.5554082158647584 2.3278251111081576 1.9027153985402387 1.7452365960575271 0.9223506553244994 3.128736968497984 1.0480384097040518 1.5596476172828355 0.011814420559045944
3.158852322931772 0.0033312781023319355 0.06713889049174361 0.08146184709195074 0.001761828885119001 0.0654077517352467 3.986879348332768 1.8815868753978437 2.0270938281045336 0.9091614506590329 0.8915138450246469 0.5665141510355628 2.290480524272721 1.8907376574535046 0.6979109837300757 2.240635673850478 3.2739018958456314 2.5728759630196314 2.347130039272878 1.9212722605687853 1.7648079848369946 0.9340431808775259 3.172986146822482 1.0643990247413229 1.6070864880235989 0.012500169890953641
3.740542548530316 0.003313481526447248 0.07802593713387472 0.09234742690340295 0.0017470745521974138 0.10564592861053976 3.5899701766008407 1.7734127029286062 1.9697916424726631 0.9009156221726959 0.9015944931247055 0.5784780571766619 2.367576718112309 1.9758826849289002 0.7373131586443464 2.393006300407637 3.5347487302695377 2.808229762490406 2.589832295597527 2.1431082373322816 1.9900935967035795 1.0647905364053962 3.6566671076333894 1.2400612663100627 2.087287403960088 0.012763080920651287
6.980431706599701 0.0031360289334188144 0.08438010937358498 0.09167578667346997 0.0018250843595374957 0.05051961923329418 2.6481095466086764 1.557088584337362 1.879836389360868 0.8923710246384825 0.9147848845373017 0.5907894213970215 2.4345151030999963 2.044370820407841 0.7675978171981214 2.506736842942929 3.7256901741777417 2.978265041119644 2.7636617242279504 2.3011205889149324 2.1500608545785176 1.157505451295073 3.9996743641448225 1.364781134299553 2.443240698352161 0.012532766381997469
3.182138172215427 0.003270668478254446 0.06999917454345653 0.08141860975341028 0.0018520914780416093 0.16987481180704764 3.96880670400216 1.8778366408013325 2.0264427355896775 0.9101532563493485 0.894338270379869 0.5692285106510138 2.3080929244026147 1.91063055162641 0.7072325935601923 2.2769266965631885 3.336256444268554 2.6292295496384583 2.4052627245760005 1.9743733594751043 1.8186679652469482 0.965244761098669 3.288179653642287 1.1061274609820693 1.7174119591199948 0.012750209936984303
9.982557296565846 0.003055881622318104 0.08191649289447066 0.08572907355523404 0.0018634810038710048 0.050000000000021506 2.383668232821499 1.5225004846483512 1.8743075484619423 0.8928700314139174 0.914986195375756 0.5901864348866194 2.4258516080071186 2.0319184915350337 0.7609827017575136 2.4788189660920694 3.6748273018500823 2.9301357043407257 2.7120834726714285 2.25242592562805 2.099206544265134 1.1272495319700047 3.885227216911745 1.3223413845872807 2.307355127829657 0.012366571353482361
9.946145427773317 0.0030559393590845795 0.07434488012219792 0.07815885198605503 0.001862762300487542 0.05000000000000428 2.3824870857888696 1.5180205460487861 1.8650908848766001 0.8867888409570721 0.9053182314871387 0.5817428964805782 2.3730983338865284 1.9727249802519722 0.7332345528575704 2.370390698035419 3.4875316850242712 2.759778144151364 2.5350924544485354 2.0895111973480884 1.9326439638048527 1.0299552724039387 3.5230225233664454 1.189987446526716 1.924244928612882 0.011783173614788171
9.99999956462679 0.0030558799110692435 0.06457341141803445 0.06838558130085344 0.0018591845423729806 0.05000000000000551 2.3756512782358703 1.5118317450027623 1.853321113125969 0.8790650666828829 0.893063059211121 0.5710720637941124 2.306928949989641 1.8990862688968304 0.6990073587422273 2.237795735352189 3.2604787698992794 2.555060027574635 2.3242641507478736 1.897152237770184 1.7377052287325068 0.9170868441106536 3.106535879427888 1.0391380344323726 1.5245728019382223 0.011091799588208695
9.699404329044798 0.003056502909732168 0.0719699122595579 0.0758031189457299 0.0018686042475022978 0.0500000000000241 2.3951809660415115 1.517721832479385 1.8620892672863314 0.8847406416764086 0.9021441063847008 0.5790168406621437 2.3563881301069527 1.9542048110234012 0.7246363188901461 2.337068911507013 3.4304060196101984 2.7081836488726934 2.48184981407015 2.0408224060348044 1.883181511788598 1.0012432838937975 3.416785754501991 1.1514050417533181 1.8188892179433558 0.011611815060799028
9.999999935460117 0.003055628700287391 0.06743610443366366 0.07125242736755907 0.0018599541855787495 0.05000000000002475 2.3768238462362077 1.513578754319281 1.8567761324554084 0.881333798057178 0.8966504335668425 0.5741867766450068 2.326149235956106 1.9203804220129062 0.7088620069873263 2.275809073178608 3.325295817976809 2.6132545725174325 2.3839430277682925 1.9513736547452534 1.792422187028045 0.9486340724003333 3.2224523065762787 1.0809451189982302 1.6306860728957207 0.011287581200212032
9.976597287017258 0.00305594705620748 0.08161040122518563 0.08542551976924014 0.0018634441096950245 0.05000000000000004 2.3838577181804412 1.5223376754909201 1.8739306536074822 0.8926202920471773 0.9145902707284891 0.589841030396 2.423692216572795 2.0294914862666267 0.7598427425177672 2.4743532666521983 3.66709462868311 2.9230840103264044 2.7047381070821426 2.245646949395614 2.0922572232326186 1.1231794968751394 3.870029517709821 1.3167737163776778 2.2907221053544973 0.012342272410919222
9.55131357203604 0.0030566389063731015 0.07140113446385901 0.07523677504166712 0.0018728550076427648 0.05000000000006328 2.4036418292015402 1.5181504441226759 1.8613417260775114 0.8841931903636843 0.901320246114958 0.5783235120585566 2.352228518177291 1.9496462065801898 0.7225354098743734 2.328966568956334 3.4165674932138494 2.695726092490987 2.469028828090033 2.0291256021662307 1.8713233771292368 0.9943725630988284 3.391413639784237 1.1422043061224547 1.7941826187897099 0.011572665231738066
9.976692775822979 0.0030558931498463077 0.07507027717127664 0.07888299147175841 0.0018621324879258988 0.05000000000007845 2.3811729460724385 1.518334676074244 1.8659879053371626 0.8873866225900586 0.9062582654428667 0.5825580314697046 2.378145937710856 1.9783532159370891 0.7358589752841528 2.3805967727356063 3.5050818306742464 2.775671845682131 2.551535157167132 2.104583270029228 1.947990259268512 1.038883040196828 3.556124280799958 1.202034576849662 1.9577502943469816 0.011836821904730819
9.975885739842022 0.0030568363311503596 0.06723994548778679 0.07109845169569097 0.001859603360991139 0.05000000000044318 2.378010963890448 1.5135615333354557 1.8565262936807292 0.8811679504142521 0.89639632938445 0.5739766454015532 2.3248133562064273 1.9189334112128962 0.7082288590863421 2.2732930538371323 3.321033503115909 2.6094897588435964 2.3801320895445195 1.9479552692868383 1.7890006470972055 0.9466731316011695 3.2152114877187 1.0783707448232782 1.6236076888820108 0.0112685829911809
9.989532761675308 0.003055943078928643 0.06406981155422897 0.06788455453427766 0.0018593132232126307 0.05000000000000476 2.375910058918883 1.5115650726843566 1.8527096724989809 0.8786633730139044 0.8924309351293742 0.5705256990110126 2.3035520426805722 1.8953546619738642 0.6972867554873612 2.231154051175414 3.2491652466891447 2.544916364949029 2.313873496024057 1.8877215898413378 1.7281962824119184 0.9116089928337006 3.0864142585257746 1.031889471787232 1.5062364687072887 0.011057434528908
9.999999999770028 0.0030558549250991403 0.07617093290998707 0.0799823972657152 0.0018617615102272133 0.050000000000000384 2.3803967595363695 1.5189104004391372 1.867338448254825 0.8882814980837702 0.9076739398965962 0.5837905443166663 2.385817388164462 1.9869391141051975 0.739875324503125 2.3962615522755812 3.5320933564109764 2.8001995069149976 2.576976552803216 2.1279641087101266 1.9718571946955161 1.0528028593720664 3.6078650118304654 1.2209123708209217 2.0115714641943727 0.011920838587679207
9.981024026696282 0.0030559194517914374 0.052736466741850015 0.05655037713352772 0.0018572195228876785 0.05000000000001651 2.371813649457326 1.5047232767971113 1.83911626779145 0.8697478281428089 0.8783833662440349 0.5583706401912744 2.229077397734028 1.8134067231928028 0.6596176253138675 2.086844891514395 3.0047660250843533 2.3269665984000993 2.09186781556072 1.6873713702476094 1.5273696365505793 0.7965960088837569 2.6666312315777003 0.8814952714114138 1.1488912739761485 0.010333315558054348
9.999643487208163 0.0030558562867230203 0.06061182542586173 0.06442273167677147 0.001858371468107945 0.05000000000003273 2.374049712851393 1.5094223116741587 1.8485562671700997 0.8759381725789654 0.888125207562133 0.5667903798671126 2.280575721417792 1.8699645325481609 0.6855647795877178 2.1860743895015364 3.1725121530476863 2.4762821054791635 2.243681782396967 1.8241242051215956 1.6641958469503293 0.8748116740482 2.951589309395479 0.9833948157446458 1.3865504408034568 0.010828422971626854
9.905932933827208 0.00305598988383214 0.06123553093135233 0.06505042965933976 0.0018609907965625747 0.05000000000001278 2.3792924464098277 1.5102169869066258 1.8492708665745117 0.8763804153798995 0.888846803338387 0.5674280151322229 2.284568300395686 1.8744097690511736 0.687624530801997 2.1940153914252893 3.1860315516290805 2.488393842586032 2.2560704525671817 1.8353478004063186 1.675487357664401 0.8813009140114989 2.9753542895818033 0.9919366996012433 1.407455024791955 0.010870253942786453
9.999847718230875 0.0030558545000212395 0.0785996676606463 0.08241122042497155 0.0018622978925941286 0.050000000000000155 2.3813995888460378 1.5203974048616744 1.8702869114396385 0.8902235296374018 0.9107635843439597 0.5864894979225166 2.402675770368503 2.0058447424419543 0.7487314647154338 2.430840971571051 3.591776353391793 2.8544397065096754 2.6332806771413972 2.1797453678068672 2.02475143899417 1.0836726084964379 3.722683454088814 1.262830635833477 2.131787675009087 0.01210636252873041
9.964302386640313 0.003055971166474752 0.08042966776557975 0.08424642476770476 0.0018636482449877528 0.0500000000000278 2.3840212996395245 1.521665583436451 1.8724853943624744 0.8916649167658209 0.91307185731006 0.5885146802567979 2.4153860137654757 2.020150126473623 0.7554538941687193 2.4571555788407746 3.637308538815385 2.8959211753116216 2.6764427348783726 2.2195326672986773 2.065486362953026 1.107498820449912 3.811495193664861 1.2953263614080186 2.2268975623808345 0.012248645003328564
9.62090380689305 0.0030565582051019693 0.07109357538632848 0.07492709242480788 0.001870726908620128 0.05000000000000471 2.399381285929101 1.517591984008918 1.8610001995033592 0.8839955509326786 0.9009848925226781 0.5780198102297761 2.3502682544225486 1.9474225871228323 0.7214897644827725 2.324880154930925 3.4095238787417284 2.6893419003459793 2.4624244103883575 2.0230758348091236 1.8651701295859577 0.990798089717939 3.3781741114461394 1.1373968620559525 1.781085098608944 0.011549513024900683
9.792775127005765 0.0030561968755684166 0.0622514790556333 0.06607354123480864 0.0018642688796984975 0.05000000000001495 2.3859143737715827 1.5113648918381786 1.8504509843089774 0.8771197184957374 0.8900435198697635 0.5684813959768394 2.291135903346581 1.8817129078215868 0.6910076955371398 2.2070550492441456 3.2082341839862254 2.508291582808376 2.2764314439972777 1.8538025241148115 1.6940626279438278 0.8919816088193311 3.0144856719593127 1.0060108657783142 1.4420777072660511 0.010938308468266194
9.993170304107533 0.0030559007481812794 0.08251394472308758 0.0863275434971291 0.001863263606319299 0.05000000000000422 2.383352647235497 1.5228230748795113 1.8750433857471218 0.8933577550576721 0.9157602782603156 0.590862639367879 2.4300835416104936 2.0366827543527335 0.7632248136222917 2.487611911041085 3.6900759046737366 2.944061967704009 2.726611428574008 2.26585400613319 2.1129918046600964 1.1353351481035179 3.915449278771567 1.3334312728793385 2.3407711823877526 0.01241448659708128
9.999999999711628 0.00305585270163613 0.061462030760520675 0.06527281047445634 0.0018585590160688885 0.05000000000000137 2.3743795198857858 1.509938006718269 1.849578073690903 0.876608611785078 0.8891832925643457 0.5677073133312596 2.2862127140665507 1.8761864677476963 0.6884334906740437 2.1970991772656348 3.191241163734708 2.4930353067349955 2.2607988529857637 1.8396186159659034 1.6797742730508103 0.8837604038435499 2.98434998292471 0.9951670085281874 1.4153600998456937 0.010884451018274096
9.999999999142037 0.0030558517525993427 0.06957730071691529 0.07338833719352349 0.0018603281223538526 0.050000000000001245 2.3776977471533045 1.5148820650257675 1.85935641077873 0.8830299735591483 0.8993382087864952 0.576525400991408 2.340642088124675 1.9365057473159537 0.7163564836872636 2.3048426883190922 3.3750146812551023 2.6580851387106708 2.430114851397198 1.9935038031061987 1.8351206975752479 0.9733581213458535 3.3136931846163082 1.1139941978744943 1.718296436470557 0.011438434592051738
9.962944765928485 0.0030561025961726557 0.07732850950955578 0.08114977143222923 0.0018626070077123376 0.050000000000001536 2.3828250699769997 1.519773782247549 1.8687183261885445 0.8891821096065111 0.9091188986805729 0.5850592400808431 2.3937685755914844 1.9958713947332913 0.7440637487757523 2.412616143094072 3.560321654491862 2.825850023469691 2.603596845425158 2.1524385200143152 1.996847592226325 1.0673810710339922 3.66203967125403 1.24068512467085 2.06768064881235 0.01200766973618179
9.999994300956212 0.0030558562761932987 0.08002010694416653 0.08383181163398452 0.001862600835382628 0.050000000000000065 2.3819738927119176 1.521266744496604 1.8720135901334316 0.891361428403875 0.9125755809379045 0.5880738531090766 2.412590920096542 2.016985259843608 0.7539601352874347 2.451295893761325 3.627148746498463 2.886648092876169 2.666778905038909 2.2106119225666467 2.0563420399823946 1.1021447148169803 3.7915215319938285 1.2880105390873293 2.2053989065166637 0.012216899746673875
9.98935152885768 0.0030558775309473723 0.07836581293650696 0.08217808065507559 0.0018624923635543837 0.05000000000000306 2.3818496989933067 1.5202969130584891 1.8699954497138587 0.8900291816006035 0.9104575645987861 0.5862236148036449 2.4010217293229053 2.003991319510304 0.7478628373501744 2.4274456278482863 3.585907567166653 2.8490971925604143 2.627724776361736 2.1746259393061305 2.0195115512877573 1.0806082753091926 3.711262002436747 1.2586520028270087 2.1195365136079998 0.01208784091120376
9.998881049887812 0.003055862067821358 0.07479456889389123 0.07860628053375977 0.0018614706191544487 0.0500000000000819 2.379889898419375 1.5180730912299092 1.8656686337769666 0.8871817898253931 0.9059259955960968 0.5822649266150965 2.37630310636189 1.9762858245499646 0.7348924690954556 2.376834955575747 3.4986139880783127 2.76981887685934 2.545487081537601 2.0990474478616625 1.942363158420867 1.0356154823732837 3.544032962502351 1.1976431857868604 1.9458294782534882 0.011816773804887498
9.881908223822261 0.003056373677587349 0.05914728797352158 0.06297812007108224 0.0018604385165048734 0.05000000000000414 2.379741421670722 1.5090606585054631 1.8467601900927435 0.8747264872416062 0.8862427239365092 0.5651758383759969 2.270756270882223 1.8591954911962008 0.6806234591026602 2.167150115672968 3.140466060104702 2.4476989422407573 2.2145557263842788 1.7978259905981617 1.6378182848392902 0.859693120211344 2.8963582985413914 0.9635934933641328 1.3389236007785215 0.010733994892821178
