9.999999999999998 0.005356937538210661 1.938840128098199e-09 3.502808080201987e-10 0.025404527391310813 3.999999999999999 3.9999999999999996 3.9999999999999996 3.9999999999999996 2.0816895717625674 2.6151292219749336 2.8219105932484947 2.609760788109008 2.2298953303945215 2.2494302823224075 1.208641115740487 1.7800423315895757 1.9961748144095073 2.7865158226611695 1.3401681612690184 0.9775439150224303 1.1151148745432673 1.2933318025258675 1.5228303765373559 0.6037398132450587 6.056117763048118
9.999999999999998 0.00535704717617417 2.1746851758751037e-19 2.912326965300124e-29 0.025400134278354077 3.9999999999999996 3.9999999999999996 3.9999999999999996 3.9999999999999996 2.081688983730753 2.6151281248020966 2.8219090000367366 2.609758583479431 2.229892779085852 2.2494270750201624 1.2086390275560976 1.7800387782791047 1.9961702869365183 2.7865088090989043 1.340164331806738 0.9775408212892284 1.115110988881274 1.2933270117056848 1.522824435324729 0.6037357108077717 6.056191374144628
9.999999999999998 0.005357041567573323 3.149199028584905e-11 9.860971635774254e-14 0.025400172549120796 3.9999999999999996 3.9999999999999996 3.9999999999999996 3.9999999999999996 2.0816889701306516 2.615128099562883 2.821908966510126 2.6097585369202485 2.2298927314896937 2.249427015050171 1.2086389841011587 1.7800387035656178 1.996170193205697 2.78650866128087 1.3401642560427838 0.9775407626014087 1.1151109252934426 1.2933269192686982 1.522824285545294 0.6037355981423627 6.056190875553176
9.999999999999988 0.005357220897144557 1.578861465529314e-07 7.699239290198188e-12 0.025400121317840686 3.9999999999763345 3.999999999999908 3.9999999999999996 3.9999999999993388 2.081689581720683 2.615129286436643 2.8219106979707758 2.60976114083401 2.2298954253109615 2.249430460667002 1.208641412891656 1.7800427838782065 1.9961754805133152 2.7865168171243244 1.3401685600505033 0.9775441769117872 1.115114705037248 1.29333214025813 1.5228320915896447 0.6037421468318248 6.056186918614372
9.999999999999998 0.005357047050117216 1.560194966705745e-16 2.427039957473359e-18 0.025400134450633605 3.999999999999999 3.9999999999999996 3.9999999999999996 3.9999999999999996 2.081688981475174 2.6151281230943573 2.8219089986137647 2.6097585817396336 2.229892776969822 2.249427074784718 1.2086390251984798 1.780038775938025 1.9961702809756592 2.7865088031266616 1.3401643279405375 0.9775408206739393 1.1151109838691413 1.2933270092735776 1.5228244267642235 0.6037357077312971 6.056191375227928
9.999999999999998 0.005357917890927617 2.013955453374197e-06 2.2291894899383195e-14 0.025400550155684144 3.99999999999987 3.9999999999999996 3.9999999999999996 3.999999999997233 2.081694287184414 2.615138487075966 2.821924099925534 2.6097792114552374 2.2299169535945498 2.2494572000428783 1.2086579840065195 1.7800712695287386 1.9962115955499327 2.7865734056081344 1.3401984468852672 0.9775679255516694 1.1151441160397346 1.293368563724895 1.522877871877975 0.6037733132935029 6.05616466456618
9.999999999999998 0.005357047841829361 1.2805721726649656e-19 2.6778757930401248e-20 0.025400129132810347 3.9999999999999996 3.9999999999999996 3.9999999999999996 3.9999999999999996 2.0816889847214908 2.615128127982453 2.8219090043418196 2.6097585868358975 2.229892787546895 2.249427083501054 1.2086390336878154 1.780038786655832 1.9961702960906635 2.786508827043168 1.3401643416693367 0.977540831028425 1.1151109960614254 1.2933270222115194 1.5228244509406552 0.6037357217506887 6.056191444277812
9.999999999999998 0.005357047277538135 3.0769923765747655e-18 1.1639887890348141e-15 0.025400132594978614 3.9999999999999996 3.9999999999999996 3.9999999999999996 3.9999999999999996 2.0816889817960305 2.6151281247054228 2.8219089990432633 2.6097585825578093 2.229892780360877 2.2494270720773955 1.2086390276805181 1.780038779728211 1.9961702842762854 2.786508804648159 1.3401643328384796 0.9775408236574187 1.1151109879916419 1.293327009680986 1.5228244388633336 0.6037357123820731 6.056191400403028
9.999999999999998 0.005357017367875322 4.882172580887818e-11 2.5514988678875395e-14 0.02540082454331516 3.9999999999999996 3.9999999999999996 3.9999999999999996 3.9999999999999996 2.081689057691153 2.615128260256329 2.8219091942613055 2.6097588482064245 2.2298930850938237 2.249427456480355 1.2086392735976805 1.7800391926405135 1.9961708114601586 2.7865096167272534 1.3401647731162998 0.9775411757411857 1.1151114366446606 1.2933275500885602 1.5228251462371893 0.6037363159129665 6.056180139326846
9.999999999999998 0.00535704734717807 3.544528146641578e-17 8.490782758205626e-21 0.025400132786157607 3.9999999999999996 3.9999999999999996 3.9999999999999996 3.9999999999999996 2.0816889824237523 2.61512812454121 2.8219090009285477 2.6097585827749286 2.229892780168045 2.2494270781404224 1.2086390286618716 1.7800387821256376 1.9961702904282541 2.7865088128331688 1.3401643320453358 0.977540824672542 1.1151109874822775 1.2933270135089538 1.5228244377564883 0.6037357145645329 6.05619139504604
9.999999999999998 0.005357047289053525 4.342798812363696e-18 7.629043159589972e-22 0.025400132804286792 3.9999999999999996 3.9999999999999996 3.9999999999999996 3.9999999999999996 2.0816889828336786 2.6151281250502527 2.821909000229474 2.6097585842503874 2.2298927795197705 2.249427075982637 1.2086390279473944 1.780038778279674 1.996170286777831 2.786508808809802 1.340164331576555 0.9775408233271702 1.1151109884185646 1.2933270085733861 1.5228244394482244 0.6037357118822183 6.056191396414252
9.999999999999998 0.005357047059829552 1.2997801652163472e-21 2.4274019810678857e-23 0.025400135331541226 3.9999999999999996 3.9999999999999996 3.9999999999999996 3.9999999999999996 2.081688982727977 2.615128124178294 2.821908999487741 2.6097585812617194 2.2298927779100084 2.24942707483899 1.2086390272629537 1.7800387771382478 1.9961702847683966 2.786508804017382 1.3401643307240565 0.977540821737355 1.1151109855125554 1.2933270109230357 1.5228244340000239 0.6037357109115198 6.056191359180603
9.999999999999998 0.005357047160084045 1.2811719981374073e-18 3.9646193829022424e-20 0.025400134565731338 3.9999999999999996 3.9999999999999996 3.9999999999999996 3.9999999999999996 2.081688982063266 2.6151281246705342 2.821908999305191 2.6097585831757053 2.2298927796374444 2.2494270749560674 1.2086390276760217 1.780038776541994 1.9961702870496636 2.7865088084252427 1.3401643332003812 0.9775408225504278 1.1151109882147496 1.293327009491184 1.5228244383544787 0.603735709549807 6.056191369472031
9.999999999999998 0.005357047215190467 1.2763098539017304e-24 8.324375584254276e-23 0.025400134463450158 3.9999999999999996 3.9999999999999996 3.9999999999999996 3.9999999999999996 2.0816889831342555 2.6151281250020766 2.821908999812304 2.6097585846157614 2.229892780335378 2.2494270755263113 1.2086390277817305 1.7800387797063382 1.9961702862354624 2.786508811807545 1.3401643324178683 0.977540822430531 1.1151109881338581 1.2933270132992585 1.5228244403624087 0.6037357118588462 6.056191369514107
9.999999999999998 0.005357047642391052 6.0313329723632324e-18 7.251227489932091e-22 0.025400130667732584 3.9999999999999996 3.9999999999999996 3.9999999999999996 3.9999999999999996 2.081688984874363 2.615128126989287 2.8219090032886154 2.609758585669199 2.229892784610346 2.24942707990683 1.2086390316269493 1.780038783660363 1.9961702949395423 2.7865088217023715 1.3401643385466355 0.9775408271073261 1.1151109948269498 1.2933270166293376 1.5228244470323096 0.6037357190866885 6.056191423281172
9.999999999999998 0.0053570473596322235 1.2831766153652777e-22 2.7596342757842075e-29 0.02540013227429728 3.999999999999999 3.9999999999999996 3.9999999999999996 3.9999999999999996 2.0816889830779663 2.6151281248900418 2.8219089996688838 2.6097585851088425 2.22989277989776 2.2494270770387885 1.2086390269911822 1.7800387797743638 1.9961702873624332 2.7865088081949327 1.3401643328712447 0.9775408259314731 1.1151109897774432 1.293327012068591 1.5228244432562847 0.6037357120881102 6.0561914034942665
9.999999999999998 0.0053570475223277516 4.532319547326022e-18 2.258831404494908e-30 0.025400131889955154 3.9999999999999996 3.9999999999999996 3.9999999999999996 3.9999999999999996 2.081688982862896 2.6151281265439614 2.821909001443979 2.609758586372541 2.229892783782206 2.249427080422202 1.2086390314287858 1.7800387832370508 1.9961702928934133 2.7865088174898163 1.3401643379731114 0.9775408265932093 1.1151109921916365 1.2933270180989198 1.5228244461987528 0.6037357169274945 6.056191405343391
9.999999999999998 0.0053569595860224 4.730624106081997e-08 6.036414728690144e-09 0.025400674644260587 3.9999999999995755 3.9999999999999996 3.9999999999999996 3.9999999999999996 2.0816888897330115 2.615127993836567 2.8219088255699396 2.609757938984313 2.2298927405863345 2.249426890358529 1.2086384351738202 1.7800379688313892 1.9961691015212457 2.7865072803775224 1.3401635660158626 0.9775402592631766 1.1151110202444756 1.293326269890292 1.5228216906002476 0.6037328723276355 6.056184925407447
9.999999999999998 0.00535733512368962 3.304225463649955e-07 2.9238410256361e-13 0.025400087492779583 3.9999999999999996 3.9999999999999996 3.9999999999999996 3.999999999999264 2.081690127659956 2.615130354146176 2.8219122485148618 2.609763103219888 2.2298979640631407 2.249433582024361 1.2086432473275777 1.7800459940303597 1.9961795418642803 2.786523268776193 1.3401719935109193 0.977546926169654 1.1151182454599466 1.293336408506382 1.5228371956570936 0.6037457605470843 6.056184783186601
9.999999999999961 0.005357999645488052 4.438052872758353e-05 5.351846268401367e-06 0.025414555057883804 3.999999999998293 3.9999999999999996 3.9999999999999996 3.999999999967581 2.081771484881951 2.6152890748175266 2.822143421056765 2.6100807804285306 2.230263497595642 2.2498874372670405 1.2089269861534202 1.7805280362167366 1.9967863913725517 2.7874748359579637 1.3406646537488416 0.9779348566057502 1.1155965194982544 1.2939216695147526 1.523558481597429 0.6041429227254003 6.05604020928541
9.999999999999998 0.0053570472171638964 3.0801618725448617e-21 2.8906543487425846e-19 0.02540013363576252 3.9999999999999996 3.9999999999999996 3.9999999999999996 3.9999999999999996 2.081688982595821 2.615128124754371 2.8219089993004967 2.609758582924968 2.229892778381445 2.2494270743933837 1.2086390264849114 1.7800387783867853 1.9961702831971757 2.7865088064967973 1.3401643305325572 0.9775408237205498 1.115110986641253 1.293327013630363 1.5228244410299547 0.603735711752806 6.056191383887532
9.999999999999995 0.005355321213559345 4.737766133015614e-05 1.9639476841673683e-07 0.025412520366404817 3.9999999999958575 3.999999999965476 3.9999999999981903 3.999999999055432 2.081773004798331 2.61529264000217 2.8221501315177564 2.6100997498469223 2.230281527369803 2.2499185115340876 1.2089563726425125 1.7805835225768374 1.9968682930059038 2.787607500440459 1.3407461745634819 0.9780059084382351 1.1156858962096192 1.2940509023723252 1.5237486631453583 0.6043592049207885 6.056114922424352
9.999999999999998 0.0053570472244082856 6.764109849735796e-16 2.2064686074373507e-18 0.025400133838936002 3.9999999999999996 3.9999999999999996 3.9999999999999996 3.9999999999999996 2.081688983089317 2.615128125058635 2.821909000141763 2.609758583863505 2.2298927793954433 2.249427076309 1.208639028280503 1.7800387786039051 1.9961702864333952 2.786508808396719 1.3401643325168382 0.977540824612033 1.1151109880447962 1.2933270118526679 1.52282443696133 0.6037357116689518 6.056191380367794
9.999999999999998 0.005357048399138307 8.42395625635214e-14 9.383037763713743e-16 0.025400124366832973 3.9999999999999996 3.9999999999999996 3.9999999999999996 3.9999999999999996 2.0816889862504917 2.615128130730341 2.821909006753962 2.6097585928835567 2.2298927907917245 2.2494270890338792 1.2086390355702494 1.7800387932947255 1.9961703061943576 2.7865088372702624 1.3401643484040107 0.9775408361017845 1.1151110042288621 1.2933270304028652 1.5228244668437905 0.6037357288531902 6.056191510574104
9.999999999999998 0.0053570474426059495 1.243807498221358e-19 1.3891772731805974e-22 0.025400132313733167 3.9999999999999996 3.9999999999999996 3.9999999999999996 3.9999999999999996 2.0816889833528163 2.61512812602322 2.8219090022455213 2.6097585836447887 2.2298927804668027 2.2494270766913655 1.2086390299449676 1.7800387813956746 1.996170290198986 2.786508816274259 1.3401643380936918 0.9775408258763915 1.1151109920392468 1.2933270162535693 1.5228244428676405 0.6037357155646922 6.05619140037604
9.999999999999998 0.005357048407306699 1.7169874448295277e-19 6.683587695504216e-24 0.02540012356865429 3.9999999999999996 3.9999999999999996 3.9999999999999996 3.9999999999999996 2.081688985951521 2.615128130605936 2.8219090066850696 2.609758589781511 2.229892790121955 2.249427088816921 1.2086390347687648 1.780038792491124 1.9961703033009432 2.786508839111043 1.3401643466621387 0.977540835345307 1.1151110020777535 1.2933270278594193 1.5228244605517822 0.6037357276698105 6.056191524727883
9.999999999999998 0.005357202445983222 2.0785042553730015e-06 7.439415116572447e-09 0.025405930449004528 3.9999999999999964 3.9999999999999964 3.9999999999999996 3.9999999999676246 2.081692521440665 2.6151353688842356 2.821919920667783 2.6097745474924072 2.2299107906754814 2.249449804627528 1.2086534351177323 1.7800634406795879 1.996201596138886 2.786557805733643 1.3401902301423887 0.9775614168878879 1.1151364813428641 1.2933586360025966 1.5228642095546125 0.6037634414848034 6.056092028692667
9.999999999999998 0.00535704724872153 4.256338131760107e-23 1.4285209274124664e-16 0.025400133585273665 3.999999999999999 3.9999999999999996 3.9999999999999996 3.9999999999999996 2.081688981883276 2.615128124245806 2.821908999470905 2.609758583936173 2.229892780338536 2.249427078632041 1.2086390285013324 1.7800387788428882 1.9961702867630187 2.7865088096078265 1.3401643303534538 0.9775408231481779 1.115110988829809 1.2933270119639166 1.522824437487121 0.6037357104942069 6.056191384187963
9.999999999999998 0.005357047132482107 2.152864759838903e-18 7.57645230527509e-20 0.02540013419434697 3.9999999999999996 3.9999999999999996 3.9999999999999996 3.9999999999999996 2.081688982593622 2.6151281239788835 2.8219089997077895 2.609758582637343 2.2298927774495856 2.2494270737039477 1.2086390252771906 1.7800387761020668 1.9961702856534969 2.7865088052845297 1.3401643308954343 0.9775408201849793 1.1151109851693997 1.293327007915828 1.5228244372456243 0.603735710028685 6.056191376666222
9.999999999999998 0.005357047272883041 1.2312992960742567e-16 1.4196642529835532e-18 0.02540013317204218 3.9999999999999996 3.9999999999999996 3.9999999999999996 3.9999999999999996 2.08168898310054 2.615128124732313 2.821909000267026 2.609758584070024 2.2298927794922485 2.2494270749806433 1.2086390277029515 1.7800387781105043 1.9961702880125438 2.786508810342875 1.340164331330072 0.9775408231547349 1.1151109876765484 1.2933270129181733 1.5228244379481228 0.6037357119866109 6.056191390435165
9.999999999999998 0.005357047244203427 2.913969996635032e-17 1.2662052682629762e-19 0.025400133160710096 3.9999999999999996 3.9999999999999996 3.9999999999999996 3.9999999999999996 2.081688983560978 2.6151281241034696 2.8219089995127216 2.60975858304962 2.229892779346763 2.2494270766079247 1.2086390273861192 1.7800387797824937 1.9961702854596268 2.786508806726785 1.340164332890053 0.9775408225581959 1.115110988196707 1.2933270105080372 1.5228244351672138 0.6037357100918874 6.056191391827901
9.999999999999998 0.005357047235653812 3.304456491984802e-23 3.9472030854812544e-18 0.025400133143944112 3.9999999999999996 3.9999999999999996 3.9999999999999996 3.9999999999999996 2.08168898288252 2.6151281245827773 2.8219089989485933 2.609758581427378 2.229892778987367 2.2494270737157316 1.2086390278236445 1.7800387790835046 1.9961702857498531 2.786508807628902 1.3401643308244129 0.9775408234393059 1.115110989301745 1.29332700898239 1.5228244347252975 0.6037357110381798 6.056191392294676
9.999999999999998 0.005357047029515893 5.805823985469608e-22 1.6310201340396638e-20 0.02540013565460078 3.9999999999999996 3.9999999999999996 3.9999999999999996 3.9999999999999996 2.0816889812221597 2.6151281239491166 2.8219089984702492 2.6097585808345767 2.229892778158453 2.2494270745019276 1.2086390253199897 1.7800387762358896 1.9961702846440021 2.7865088050517084 1.3401643309596722 0.9775408214626973 1.115110986127071 1.2933270093921394 1.5228244349534692 0.603735708997575 6.056191354414406
9.999999999999998 0.00535704692173059 2.7077714562212466e-16 2.1624278354197047e-19 0.025400135409364977 3.9999999999999987 3.9999999999999996 3.9999999999999996 3.9999999999999996 2.081688981622772 2.6151281227301686 2.8219089976602665 2.609758579670661 2.229892775172388 2.249427073139919 1.2086390248141332 1.780038773546324 1.9961702800878212 2.7865087968996214 1.340164325598258 0.9775408199069692 1.1151109829161692 1.2933270021025425 1.5228244295131839 0.6037357086276169 6.0561913619695265
9.999999999999998 0.005357047396039519 1.2621935484474509e-22 6.695868370435821e-22 0.025400132415897086 3.9999999999999996 3.9999999999999996 3.9999999999999996 3.9999999999999996 2.081688983338188 2.615128125926171 2.821909000959166 2.609758585112017 2.229892781650215 2.2494270784947696 1.2086390289347373 1.7800387800624362 1.9961702894925044 2.7865088132358062 1.3401643347928958 0.9775408241594776 1.1151109903713832 1.293327013345686 1.5228244419438979 0.6037357144639133 6.0561914000775054
9.999999999999991 0.005357070799828814 3.9456074660230577e-07 2.7968262751587316e-12 0.025402785175574566 3.999999999999639 3.9999999999999996 3.9999999999999676 3.9999999999983658 2.0816894772617527 2.6151292490230618 2.821910811238317 2.6097615770627978 2.2298959233311475 2.249431142688659 1.2086416973585565 1.7800433337396335 1.996176111160469 2.7865179413958328 1.3401691667276632 0.9775446767382571 1.1151156702663123 1.2933329641926945 1.522832276356325 0.6037422142118818 6.056145882131311
9.999999999999998 0.0053575896417721236 3.6442865153352144e-06 2.4453136472349913e-11 0.025402471192888958 3.999999999999999 3.9999999999999996 3.9999999999999996 3.9999999999999996 2.0816964938521187 2.615142884397958 2.821930692128772 2.6097895999405747 2.2299275792205737 2.24947103770053 1.208667674834447 1.7800876881419831 1.996232926609237 2.786606772439954 1.340216136985518 0.9775820868703118 1.115160920095235 1.2933907028629859 1.5229081389353898 0.6037953318331101 6.056143044430076
9.999999999999998 0.005357047018567616 2.4446179105580573e-20 3.906896265462055e-22 0.02540013499297293 3.9999999999999996 3.9999999999999996 3.9999999999999996 3.9999999999999996 2.081688983228805 2.615128123464472 2.8219089968868167 2.6097585807136023 2.2298927770777777 2.249427073777769 1.2086390254187185 1.7800387752754145 1.9961702795916472 2.7865088007982353 1.3401643284470053 0.9775408190097121 1.115110984534878 1.29332700860807 1.5228244340455783 0.6037357089469214 6.056191366360504
9.999999999999961 0.005357105507973044 5.213068808800121e-07 4.0525419585853923e-10 0.02540044956387371 3.9999999999999907 3.9999999999999996 3.9999999999999996 3.999999999999927 2.081690060162761 2.615130258686526 2.8219121187466603 2.609762579257009 2.229897974319656 2.249433491611382 1.2086427727251499 1.7800453639641742 1.9961785856178877 2.7865219360705136 1.340171420989631 0.9775465268332519 1.1151184966155754 1.293335897465019 1.5228345274125683 0.6037423422300792 6.056185577864609
9.999999999999998 0.005357050038822636 8.33947329171826e-22 1.571544871481704e-17 0.025400110696764597 3.9999999999999996 3.9999999999999996 3.9999999999999996 3.9999999999999996 2.081688990439573 2.6151281386371545 2.821909018498696 2.6097586039783653 2.2298928060717946 2.2494271095435474 1.2086390472903563 1.780038811763327 1.9961703314127295 2.7865088769528916 1.3401643692548533 0.9775408517615661 1.1151110235067663 1.2933270581328038 1.5228244992400215 0.603735753946874 6.056191700817786
9.999999999999998 0.00535704777139542 2.377985089676914e-19 6.274381544131267e-19 0.025400129581377946 3.9999999999999996 3.9999999999999996 3.9999999999999996 3.9999999999999996 2.0816889851843077 2.615128127612679 2.8219090040565185 2.6097585867943933 2.2298927863896427 2.2494270822452638 1.2086390311730724 1.780038785571603 1.9961702957282155 2.786508825340272 1.3401643402296384 0.9775408294906525 1.1151109950595886 1.2933270200432714 1.5228244492239815 0.6037357196054507 6.056191438561848
9.999999999999998 0.005355170882780919 3.107271118432937e-08 1.1378654023934745e-05 0.025412250968985643 3.9999999974327767 3.9999999999999973 3.999999999999386 3.9999999999982525 2.0816824621074663 2.6151159169394718 2.821891836167715 2.6097373615401196 2.229867404077763 2.2493961007657464 1.2086189234184883 1.780004005773589 1.9961250492240588 2.786436796439053 1.3401281454060523 0.9775124445374428 1.1150772383853427 1.293283391102197 1.52275932821673 0.603682720752667 6.0560638624327
9.999999999999998 0.005357047147221944 2.21320906113529e-17 4.0772956200521e-17 0.02540013413590563 3.9999999999999996 3.9999999999999996 3.9999999999999996 3.9999999999999996 2.08168898297145 2.6151281243391185 2.821908999229115 2.609758580204824 2.2298927775731126 2.2494270726937873 1.2086390276026415 1.780038778164981 1.996170284566145 2.7865088068845023 1.3401643298257802 0.9775408218345032 1.1151109872749987 1.2933270101932344 1.52282443429608 0.6037357109506186 6.0561913774765
9.999999999999998 0.005357046996577865 9.350174520390889e-20 1.0075640454752378e-30 0.025400135220626976 3.9999999999999996 3.9999999999999996 3.9999999999999996 3.9999999999999996 2.0816889828748066 2.6151281233191788 2.8219089991232096 2.6097585809994346 2.2298927764676844 2.24942707225271 1.2086390254703103 1.7800387764327688 1.9961702814088647 2.7865088022783935 1.340164327699566 0.9775408206326652 1.1151109833221629 1.2933270068214884 1.5228244313527406 0.6037357074004716 6.056191363028305
9.999999999999998 0.005357047165269745 2.023175158395354e-14 1.2300866835445099e-17 0.025400134244094617 3.9999999999999996 3.9999999999999996 3.9999999999999996 3.9999999999999996 2.0816889836388928 2.6151281247521947 2.8219089992771242 2.6097585820820086 2.2298927785581686 2.2494270756797676 1.2086390273080652 1.7800387769850705 1.996170282900972 2.786508807734662 1.3401643323780494 0.9775408218373468 1.1151109875327534 1.2933270103061034 1.5228244372227375 0.6037357097900705 6.056191375154318
9.999999999999998 0.0053570472346866765 8.956292480388934e-19 1.4800921991853265e-28 0.0254001337792709 3.9999999999999996 3.9999999999999996 3.9999999999999996 3.9999999999999996 2.0816889832991605 2.6151281250269074 2.821909000788585 2.6097585833926957 2.2298927798653754 2.249427076049368 1.2086390291652223 1.7800387788334484 1.996170287569301 2.7865088080881195 1.3401643323324788 0.9775408231507061 1.1151109892564526 1.2933270139902306 1.5228244367305184 0.6037357113270521 6.056191381206471
9.999999999999998 0.005357048399982772 4.953635647516396e-22 4.887223760776298e-18 0.02540012392485838 3.9999999999999996 3.9999999999999996 3.9999999999999996 3.9999999999999996 2.081688985906339 2.6151281303081846 2.8219090075033857 2.6097585915381645 2.2298927911306006 2.2494270893972557 1.2086390357123031 1.7800387933211506 1.9961703054039366 2.78650883807514 1.3401643472462286 0.9775408349231827 1.115111003392784 1.2933270276717619 1.5228244613486828 0.603735728299417 6.056191518639048
9.999999999999998 0.005357009770418365 4.270106482162048e-11 6.760092293299206e-10 0.025400350582147086 3.999999999999966 3.9999999999999996 3.9999999999999996 3.9999999999999996 2.081688883079285 2.6151279459016408 2.8219087504643072 2.6097581962535745 2.229892424994607 2.249426618408503 1.2086386679753467 1.7800381872186826 1.9961695040267668 2.7865076304199006 1.3401637193003648 0.9775403434680083 1.115110516837327 1.2933262870056068 1.5228231921088895 0.603734661596701 6.056188762539351
9.999999999999998 0.005357001564262333 2.5169794973986563e-09 6.462500230220371e-10 0.02540502706146372 3.999999999999998 3.9999999999999996 3.9999999999999996 3.999999999999413 2.081689738680956 2.615129543480991 2.8219110634535185 2.609761458249015 2.2298960899505746 2.2494312569475996 1.2086417518753647 1.7800434153117548 1.996176207296483 2.786518026988493 1.3401693146255698 0.9775448304874486 1.1151159894289135 1.293333231188047 1.5228322439362965 0.6037411038388162 6.056107339906301
9.999999999999998 0.005357047241826381 5.106332379586751e-19 1.2771812746803788e-21 0.0254001334367123 3.999999999999999 3.9999999999999996 3.9999999999999996 3.9999999999999996 2.0816889824320213 2.615128124920564 2.8219090006776075 2.60975858411954 2.229892778940176 2.2494270750691716 1.208639027371712 1.7800387785994376 1.9961702871048677 2.7865088062498664 1.3401643336577942 0.9775408233535917 1.1151109883834476 1.2933270111386133 1.5228244390213792 0.6037357107623184 6.0561913867588
9.999999999999998 0.00535704747704641 1.7355812950775075e-20 5.053215224592739e-19 0.025400131725448395 3.9999999999999996 3.9999999999999996 3.9999999999999996 3.9999999999999996 2.081688984252659 2.6151281262313457 2.821909001361725 2.6097585850428047 2.229892782267272 2.2494270786362573 1.2086390298757348 1.7800387802266917 1.9961702906805507 2.7865088167739813 1.340164337694068 0.9775408264105107 1.1151109910759416 1.2933270147296951 1.5228244421442605 0.6037357131080882 6.056191409857947
9.999999999998183 0.005360455555395268 3.037803358604688e-06 1.5094436698116941e-09 0.025411791025349028 3.9999999999999285 3.9999999999999996 3.9999999999998925 3.999999998630264 2.0816988752723717 2.615147324841529 2.8219363964967683 2.6097930829440203 2.2299298239450875 2.2494677310097426 1.208660116691868 1.7800692453538125 1.9962006783975588 2.7865442120593236 1.3401763589196158 0.9775448510251575 1.1151086367797691 1.2933152378089239 1.5228013269547722 0.6036655507015334 6.055926093848186
9.999999999999998 0.005357047041164059 2.4280600609771066e-23 4.928066762280173e-19 0.025400134732289564 3.9999999999999996 3.9999999999999996 3.9999999999999996 3.9999999999999996 2.081688982920992 2.615128123905226 2.8219089985730474 2.609758581324791 2.2298927782710196 2.249427073946138 1.208639024954622 1.7800387723522273 1.9961702829031556 2.7865088033885534 1.340164327991766 0.9775408215351654 1.115110984440297 1.2933270053785568 1.5228244325140519 0.6037357082816873 6.056191370399037
9.999999999999998 0.005356716528539525 1.0422396043158612e-06 1.0508500813165252e-10 0.02540475998675391 3.9999999999933387 3.999999999999872 3.999999999999999 3.9999999999889484 2.0816898973944373 2.615130220538359 2.8219123318976482 2.6097631962231875 2.229898936602236 2.249434764011358 1.2086431910589586 1.7800462917644075 1.9961796295086207 2.7865242229482217 1.3401725566202514 0.9775474927853985 1.1151206328331575 1.293337662236865 1.5228346310271126 0.6037416262065214 6.0561235195437915
9.999999999999998 0.005357047600534067 2.536382029769627e-17 3.5507072561822184e-20 0.02540013073824562 3.9999999999999996 3.9999999999999996 3.9999999999999996 3.9999999999999996 2.081688984312137 2.615128126911843 2.821909002589275 2.6097585863371315 2.2298927826629935 2.2494270789816735 1.2086390299061154 1.7800387815288417 1.996170293442416 2.7865088179523614 1.340164337161265 0.9775408280098845 1.1151109926342226 1.293327018763956 1.522824446599841 0.603735717611204 6.05619142319254
9.99999999999996 0.005358462638540317 2.4139229629825958e-05 1.4782045857061643e-09 0.02540376588377372 3.9999999999998153 3.9999999999999996 3.9999999999999996 3.9999999999924207 2.081736081899173 2.6152199788429225 2.8220430763368656 2.6099459778830076 2.2301067254064306 2.2496956553307332 1.208811053391045 1.7803327424791813 1.9965448896739373 2.787094258121272 1.3404734442802253 0.9777865870790746 1.1154122666960051 1.2937049218136702 1.523306793479065 0.604051003132784 6.056140247116185
9.999999999999998 0.005357689281050515 4.1926528267796984e-07 1.2662374756383473e-09 0.025405856076417963 3.999999999999999 3.9999999999999996 3.9999999999999996 3.9999999999950004 2.0816902830637773 2.6151309704794476 2.821913420749876 2.6097650415181293 2.2298999638996584 2.24943578332997 1.2086441053244332 1.7800471721274587 1.9961803633593185 2.7865237705602457 1.340171901715931 0.9775464928237766 1.1151175509421831 1.293334535298057 1.5228335039445036 0.6037413059432114 6.05607780640381
9.999999999999998 0.0053570480252989015 5.552705705560537e-23 1.1351916019920346e-20 0.02540012740924721 3.9999999999999996 3.9999999999999996 3.9999999999999996 3.9999999999999996 2.081688985547683 2.615128128871948 2.8219090052787683 2.6097585883964145 2.2298927874055097 2.249427084881948 1.2086390326110437 1.7800387881367892 1.9961702994760524 2.786508831331158 1.340164342902693 0.9775408307384531 1.1151109982221548 1.29332702435628 1.5228244563182742 0.6037357236780979 6.05619146877516
9.999999999999998 0.005357047301927127 3.9490726946055e-24 3.9942129016511414e-28 0.025400132881463002 3.9999999999999996 3.9999999999999996 3.9999999999999996 3.9999999999999996 2.0816889831811385 2.6151281244731583 2.821908999313719 2.609758584146919 2.22989277822345 2.249427076642893 1.2086390290195217 1.7800387819068826 1.996170287280298 2.7865088141608365 1.3401643324702786 0.9775408226591469 1.115110988103642 1.2933270087194466 1.5228244351860913 0.6037357112314311 6.056191394664872
9.999999999999998 0.005358535293861513 2.6290623115264133e-06 3.2475008850844894e-13 0.025398657468800944 3.999999999996824 3.9999999999999996 3.9999999999999996 3.9999999999999964 2.0816967215347497 2.615143089690035 2.821930651511877 2.6097879718839523 2.2299269338846623 2.2494694915619324 1.2086658554384566 1.7800844979425572 1.996228303870425 2.7865988494945557 1.340211779393816 0.9775783496604252 1.1151561687754414 1.293383961844222 1.5228986526852115 0.6037867252781975 6.056181989825223
9.999999999999998 0.005357046966594018 9.409788965442466e-20 7.013838636751122e-26 0.025400135598253697 3.9999999999999996 3.9999999999999996 3.9999999999999996 3.9999999999999996 2.0816889813515504 2.6151281235673633 2.8219089988934436 2.6097585818734634 2.2298927759024942 2.2494270730200463 1.2086390256055752 1.780038773829221 1.9961702826341092 2.7865088015345405 1.3401643302069883 0.9775408195298053 1.1151109847736136 1.2933270068366705 1.5228244296973816 0.6037357076411836 6.056191357323138
9.999999999999979 0.00535443839122871 9.252421952704458e-06 1.004036417055862e-09 0.02541414404845617 3.9999999999999925 3.9999999999999996 3.9999999999999996 3.9999999999784266 2.0817029857124343 2.6151557265962717 2.8219497193820997 2.6098195037088394 2.22995569852465 2.2495060623673298 1.208692552857764 1.7801259374948235 1.9962784434004857 2.7866557821901115 1.340250145747881 0.9776086299260967 1.1151882632560406 1.2934220288469498 1.5229424832567569 0.6037984237424412 6.056042227751825
9.999999999997478 0.005358668720773835 4.490810597280982e-06 8.14424918587193e-12 0.025398222606016884 3.999999999977594 3.999999999999773 3.9999999999999942 3.9999999999979283 2.0817004794839815 2.6151503794411917 2.8219412590906576 2.60980273700244 2.2299438423733737 2.249490742356158 1.208679525624024 1.7801078966280388 1.9962582026782907 2.786645690781471 1.3402365446758329 0.9775980815549005 1.1151803469727444 1.2934144493567206 1.5229378160845877 0.6038129069585294 6.056189463087207
9.999999999999998 0.005357047380707029 1.8812240077359932e-23 1.0271276676914006e-21 0.025400132010511025 3.9999999999999996 3.9999999999999996 3.9999999999999996 3.9999999999999996 2.081688983175596 2.6151281252270584 2.8219089998355016 2.6097585839374204 2.229892780555973 2.249427078531983 1.2086390278100916 1.7800387798792785 1.996170287174087 2.786508811184509 1.3401643316851253 0.9775408243291805 1.1151109873285365 1.2933270138363124 1.5228244409970746 0.603735711588827 6.056191407696353
9.999999999999998 0.005357047293657253 4.587608359080154e-22 1.342327758410339e-20 0.02540013310593144 3.999999999999999 3.9999999999999996 3.9999999999999996 3.9999999999999996 2.081688983338348 2.6151281245079656 2.821909000065114 2.609758583619007 2.2298927801291097 2.249427076176811 1.2086390288088313 1.7800387805378382 1.9961702904098724 2.7865088108727964 1.3401643314741944 0.9775408247308199 1.1151109883950134 1.293327011081714 1.5228244357308285 0.6037357140351295 6.056191391025096
9.999999999999998 0.00535704931054201 3.4646802242715287e-22 1.714057145909806e-19 0.025400116614637883 3.9999999999999996 3.9999999999999996 3.9999999999999996 3.9999999999999996 2.081688987897076 2.6151281345752393 2.821909012635481 2.6097585985459064 2.2298927996507394 2.249427100953092 1.2086390422279838 1.780038803791345 1.9961703204557089 2.7865088594171477 1.3401643586379886 0.9775408444719808 1.1151110142233271 1.2933270457204202 1.52282448207121 0.6037357440366988 6.056191619075472
9.999999999999998 0.005356842944808589 2.925860686906921e-08 2.4742882096102526e-09 0.02540167644892919 3.999999999999961 3.9999999999999996 3.9999999999999996 3.999999999999999 2.08168852652225 2.615127343023783 2.8219079444398534 2.6097570204979146 2.229891387314325 2.249425274519101 1.2086375248127035 1.780036357890637 1.9961670690617652 2.786504036890309 1.3401618353602762 0.9775388712559341 1.1151092292515326 1.2933241102200563 1.5228191158351376 0.603731186565747 6.05617082010317
9.999999999999998 0.005357047661079362 3.034550539323158e-19 2.869463937474953e-23 0.025400130578932315 3.9999999999999996 3.9999999999999996 3.9999999999999996 3.9999999999999996 2.0816889846003277 2.6151281272446583 2.8219090024068745 2.609758585655153 2.229892784626179 2.2494270820571045 1.2086390310688822 1.7800387852819304 1.996170293721291 2.7865088218548246 1.3401643385245787 0.9775408269012685 1.1151109941889847 1.2933270194442452 1.522824447390454 0.6037357196714224 6.05619142433252
9.999999999999998 0.0053570473703525206 1.931055301873984e-19 9.52524763966143e-17 0.0254001321276881 3.9999999999999996 3.9999999999999996 3.9999999999999996 3.9999999999999996 2.081688983354068 2.6151281256435115 2.821908999733337 2.609758584340192 2.2298927798354793 2.2494270769819535 1.2086390298371923 1.7800387802950532 1.9961702866551732 2.7865088089737076 1.340164331876876 0.9775408256618847 1.1151109890996185 1.2933270167511235 1.5228244380770917 0.6037357122271103 6.05619140602219
9.999999999999998 0.005357047000745229 1.1877424257865193e-19 7.168135508770726e-24 0.025400135033153432 3.9999999999999996 3.9999999999999996 3.9999999999999996 3.9999999999999996 2.0816889822078486 2.6151281239089768 2.8219089985928085 2.6097585795735596 2.229892776888045 2.2494270730634724 1.208639026073707 1.78003877494442 1.9961702824885192 2.7865088009668013 1.3401643287652112 0.9775408215386093 1.115110983799669 1.2933270037664568 1.5228244321172892 0.6037357073183132 6.056191366252397
9.99999999999894 0.005362446603302751 5.003819393548334e-05 2.942734601887816e-08 0.025402677438945163 3.999999999999994 3.9999999999999973 3.9999999999993108 3.999999999999415 2.0818096208561876 2.615365108435133 2.8222573229176136 2.610253253192839 2.230456205275988 2.2501420528014333 1.20910248950024 1.780836280503025 1.997195078916244 2.788129029287079 1.3410241610591365 0.9782310164479042 1.1159677603686013 1.2944065050510478 1.5242000630334827 0.604677554818059 6.056059540400995
9.999999999999982 0.005360820203391936 1.7041739259375044e-05 1.6993725102430686e-06 0.02540867680275257 3.999999999940259 3.9999999999999996 3.9999999999999996 3.9999999999952216 2.0817256822801022 2.615198958692036 2.8220108484680138 2.6098936996410487 2.2300450649046892 2.2496095607864275 1.2087483046015375 1.7802178400234512 1.9963862810901774 2.7868267601523242 1.3403241637589354 0.9776600796415045 1.1152484325683623 1.2934847233008098 1.5230075090144835 0.6037579090723466 6.056012515648186
9.999999999999638 0.0053699978651216475 1.8306842505413576e-05 9.961880175287318e-06 0.025410834417138477 3.999999998198271 3.999999999996203 3.9999999999214864 3.999999463844442 2.08173601957766 2.6152100201678956 2.8220131563282047 2.609853916306591 2.229958907893577 2.249440040225255 1.2085980183791833 1.7798939216197562 1.995883964898252 2.7859090394896455 1.3397587541638671 0.9771481186473207 1.1145375451616844 1.2925019725218332 1.5216533854680987 0.6020924884363684 6.055992621241551
9.999999999999998 0.005357047694971846 2.825900627202947e-19 3.685471701014812e-18 0.02540013021130826 3.9999999999999996 3.9999999999999996 3.9999999999999996 3.9999999999999996 2.081688983521277 2.615128127194768 2.8219090034977286 2.6097585868251825 2.2298927850933272 2.2494270823350804 1.2086390317864761 1.7800387840842735 1.9961702945793383 2.7865088217954983 1.3401643380414807 0.9775408286606749 1.1151109947298177 1.293327018910853 1.522824448305914 0.6037357204418835 6.056191429696934
9.999999999999998 0.005357047102213588 1.184800662938478e-19 2.8948001690116e-26 0.02540013479868209 3.9999999999999996 3.9999999999999996 3.9999999999999996 3.9999999999999996 2.081688982767747 2.6151281244207323 2.8219090008457917 2.609758581715148 2.229892777512893 2.249427075269621 1.2086390265220595 1.7800387772202206 1.9961702845120082 2.7865088059490475 1.3401643319478311 0.9775408224942354 1.1151109882409518 1.2933270087599822 1.522824434255145 0.6037357114777574 6.0561913672950425
9.999999999999998 0.0053570472136564885 5.682077443862642e-20 1.5847348053477887e-22 0.02540013356703232 3.999999999999999 3.9999999999999996 3.9999999999999996 3.9999999999999996 2.0816889824553617 2.6151281247733023 2.821909000622819 2.6097585811982875 2.229892778798078 2.2494270750017735 1.2086390280725965 1.7800387778839353 1.9961702859955586 2.786508808284904 1.3401643314580967 0.9775408224443388 1.115110987861626 1.293327010676072 1.5228244380351879 0.6037357098258817 6.056191385461895
9.999999999999998 0.0053570486077943 5.910120389412301e-16 1.6183609864436486e-16 0.025400122279603754 3.9999999999999996 3.9999999999999996 3.9999999999999996 3.9999999999999996 2.0816889865091848 2.615128131157797 2.8219090079181814 2.6097585928554383 2.2298927929372345 2.2494270926445212 1.2086390361523776 1.7800387950474683 1.99617030769315 2.7865088437939964 1.3401643493381015 0.977540835498932 1.1151110061646523 1.2933270330670403 1.5228244667135213 0.6037357340760661 6.056191541107625
9.999999999999998 0.0053570471882723675 1.792463112752021e-15 3.851616161102635e-15 0.02540013383878704 3.9999999999999996 3.9999999999999996 3.9999999999999996 3.9999999999999996 2.081688982387259 2.6151281245699027 2.821908997819859 2.609758583121274 2.229892778531167 2.2494270745314515 1.2086390275956556 1.7800387761400218 1.996170285549272 2.786508808635451 1.3401643313046585 0.9775408221839426 1.1151109877467786 1.293327010256351 1.5228244367214006 0.6037357108057546 6.056191381276139
9.999999999999998 0.005357047149951385 4.93528147146354e-20 2.0118908819405073e-19 0.025400133730844265 3.9999999999999996 3.9999999999999996 3.9999999999999996 3.9999999999999996 2.0816889827607383 2.6151281241170268 2.8219089987334973 2.6097585813352153 2.229892779452729 2.2494270750776635 1.2086390260926214 1.780038776022758 1.996170284332791 2.786508803970822 1.3401643312972418 0.9775408219278543 1.1151109864561601 1.2933270088337354 1.5228244319364086 0.6037357090901884 6.056191384841268
9.999999999999998 0.005357047554026865 4.837251691455889e-16 1.647977595014617e-23 0.025400130821581813 3.9999999999999996 3.9999999999999996 3.9999999999999996 3.9999999999999996 2.081688983936611 2.6151281264122694 2.8219090023040696 2.6097585861481414 2.229892783022481 2.249427079304633 1.2086390290892743 1.7800387819068968 1.9961702927398803 2.7865088174303887 1.3401643358113737 0.9775408259596998 1.1151109931756273 1.293327015798264 1.5228244410621445 0.6037357173778695 6.056191423374953
9.999999999999998 0.005357047690640618 9.3330743708691e-16 4.56059410537612e-19 0.025400130215150748 3.999999999999999 3.9999999999999996 3.9999999999999996 3.9999999999999996 2.0816889847709414 2.6151281271236995 2.8219090031457137 2.6097585875444334 2.2298927840715055 2.249427080634005 1.2086390310686463 1.7800387838782217 1.9961702941015462 2.7865088224051022 1.3401643406953045 0.9775408270702792 1.115110994162716 1.2933270200557672 1.5228244477078814 0.603735719402872 6.056191429661163
9.999999999999998 0.005357047415896817 1.6158188675938943e-19 1.0314978535920175e-21 0.02540013156233138 3.9999999999999996 3.9999999999999996 3.9999999999999996 3.9999999999999996 2.0816889841352517 2.6151281250831926 2.821909002156362 2.6097585830511383 2.2298927815480254 2.2494270780557217 1.2086390268315053 1.7800387805948394 1.9961702864657835 2.7865088147343027 1.3401643315374667 0.9775408252858111 1.1151109893507825 1.2933270137688877 1.5228244362174403 0.6037357124957867 6.056191414931118
9.999999999999998 0.005357048411361684 7.306967723530715e-17 2.4590798986998166e-18 0.025400123596863514 3.9999999999999996 3.9999999999999996 3.9999999999999996 3.9999999999999996 2.0816889860963212 2.6151281300327587 2.8219090066772115 2.6097585912531427 2.2298927891434404 2.2494270888589627 1.2086390346467917 1.780038791420826 1.996170302503605 2.7865088395416344 1.3401643464724058 0.9775408355184143 1.115111001773589 1.2933270316416128 1.5228244595259586 0.6037357300675904 6.056191523966819
9.999999999999998 0.005357047614330154 2.7335976394460977e-14 3.629884446076684e-19 0.025400130605807293 3.9999999999999996 3.9999999999999996 3.9999999999999996 3.9999999999999996 2.0816889837457144 2.6151281267138984 2.821909001889405 2.609758585882878 2.229892784412656 2.249427080324821 1.2086390308397188 1.7800387840718732 1.9961702929296552 2.7865088194704213 1.3401643362924005 0.9775408273404629 1.1151109924983755 1.293327016251624 1.5228244464916252 0.6037357168924989 6.056191425203861
9.999999999999998 0.0053570473442381425 9.748005669674253e-18 2.8993642062231912e-21 0.025400132703703417 3.9999999999999996 3.9999999999999996 3.9999999999999996 3.9999999999999996 2.0816889830834633 2.615128125023505 2.8219090002120324 2.60975858409595 2.2298927812572007 2.2494270768530558 1.2086390278816406 1.780038779866386 1.996170287185451 2.786508812543132 1.3401643324010082 0.9775408244056982 1.1151109887173658 1.293327013422004 1.5228244402041051 0.6037357136838495 6.0561913965918865
9.999999999999998 0.005357047265568562 1.1886893201934596e-17 9.074398697181444e-16 0.02540013375529848 3.9999999999999996 3.9999999999999996 3.9999999999999996 3.9999999999999996 2.0816889830675516 2.6151281254622174 2.821909001036688 2.6097585842939623 2.2298927789172516 2.2494270777689547 1.2086390277833547 1.7800387793113832 1.9961702875538223 2.78650881176084 1.3401643327352433 0.9775408240668135 1.1151109894783864 1.2933270142729874 1.522824441346199 0.603735711628575 6.056191380439994
9.999999999999998 0.005357047344069419 8.394301155305237e-18 7.029237568753868e-20 0.025400132339641727 3.9999999999999996 3.9999999999999996 3.9999999999999996 3.9999999999999996 2.081688982596508 2.6151281249317346 2.821908999544718 2.6097585824559713 2.229892779990113 2.249427077254059 1.2086390280194335 1.780038778517854 1.9961702864658908 2.786508809267434 1.3401643321722165 0.9775408255693208 1.1151109884733394 1.2933270136605934 1.5228244407308644 0.6037357112744752 6.056191403066229
9.999999999999998 0.0053570475145575626 3.484452429166505e-15 7.82419590671995e-16 0.025400130917282732 3.9999999999999996 3.9999999999999996 3.9999999999999996 3.9999999999999996 2.081688983608419 2.6151281262870474 2.821909001222303 2.6097585831651404 2.229892781858619 2.2494270785960335 1.2086390293798732 1.7800387803217486 1.9961702898686122 2.786508814751655 1.3401643348117658 0.9775408252541293 1.1151109912153285 1.293327016613342 1.5228244421869044 0.6037357165714232 6.056191422883051
9.999999999999998 0.005357047657208033 1.5913101369270742e-18 6.178918851275611e-19 0.025400129815717022 3.9999999999999996 3.9999999999999996 3.9999999999999996 3.9999999999999996 2.0816889838380384 2.6151281263207413 2.8219090024513718 2.60975858641266 2.2298927828519375 2.2494270813103836 1.2086390303143661 1.7800387825058501 1.9961702928316967 2.786508816158932 1.3401643366590201 0.9775408288134849 1.115110992905456 1.2933270184909293 1.5228244460034697 0.6037357173518647 6.056191437799702
9.999999999999998 0.0053570480525538975 2.845010679832437e-18 5.675356767566487e-21 0.025400127123449023 3.9999999999999996 3.9999999999999996 3.9999999999999996 3.9999999999999996 2.081688984860552 2.615128128993793 2.821909006165234 2.609758589827509 2.2298927878189767 2.249427085455498 1.2086390339610293 1.7800387889480416 1.9961702984730156 2.7865088305693484 1.3401643422771512 0.977540831759718 1.1151109983950322 1.2933270251520292 1.5228244563994793 0.6037357241870538 6.056191472972424
9.999999999999998 0.005357047235900683 1.7370647776806697e-19 1.8504718130173893e-21 0.02540013343838198 3.999999999999999 3.9999999999999996 3.9999999999999996 3.9999999999999996 2.0816889830398186 2.6151281243805986 2.821908999177406 2.6097585826674723 2.2298927795980577 2.249427075390356 1.208639027105376 1.7800387774062338 1.9961702850662009 2.786508806512294 1.3401643323780248 0.9775408223256172 1.1151109877232626 1.2933270116375444 1.5228244420215589 0.6037357097851912 6.05619138690992
9.999999999999998 0.005357047021747641 3.704364652242013e-15 5.682298433971796e-17 0.025400134621288 3.9999999999999996 3.9999999999999996 3.9999999999999996 3.9999999999999996 2.081688981934722 2.6151281230247583 2.8219089969244937 2.6097585800250673 2.2298927762286227 2.2494270763518 1.2086390254597879 1.780038772896793 1.996170279909915 2.7865088020964532 1.340164326602513 0.9775408188890917 1.1151109835190895 1.2933270054752168 1.5228244317183672 0.6037357081515101 6.056191372906852
9.999999999999998 0.0053570473536961915 1.0461229073414977e-17 8.353216354710787e-24 0.025400132316672392 3.999999999999999 3.9999999999999996 3.9999999999999996 3.9999999999999996 2.0816889823961673 2.6151281252371508 2.8219089996961633 2.6097585841182087 2.2298927808954483 2.249427077969479 1.2086390281705786 1.7800387786919638 1.9961702896034415 2.786508808904208 1.3401643327762305 0.9775408259071308 1.1151109898565739 1.293327012229494 1.52282443929695 0.6037357128302627 6.056191403159469
9.999999999999998 0.005357047198754466 3.9547174478378465e-14 1.4841468687807413e-18 0.02540013355209982 3.999999999999999 3.9999999999999996 3.9999999999999996 3.9999999999999996 2.0816889825601135 2.615128124906957 2.8219089999089193 2.60975858236298 2.2298927780265463 2.249427077137873 1.2086390263158395 1.7800387772461255 1.9961702852269658 2.7865088061855685 1.340164329460397 0.9775408222502331 1.115110986919056 1.293327010664445 1.5228244351755522 0.6037357112898842 6.056191386302602
9.999999999999998 0.005357047126028422 2.805852288895686e-20 2.725302823404139e-21 0.02540013387257 3.9999999999999996 3.9999999999999996 3.9999999999999996 3.9999999999999996 2.081688983044754 2.6151281236914614 2.8219089985639605 2.6097585800593794 2.2298927782097873 2.249427074934155 1.208639026620481 1.7800387746423285 1.9961702817861844 2.786508799953184 1.3401643304423712 0.9775408205507884 1.1151109851689835 1.2933270127143865 1.5228244363679821 0.6037357092795497 6.056191382900081
9.999999999999998 0.005357047084052293 2.326909171364869e-21 4.94759285471907e-24 0.02540013526104483 3.9999999999999996 3.9999999999999996 3.9999999999999996 3.9999999999999996 2.0816889828080654 2.615128124389381 2.8219089998167277 2.6097585826545644 2.2298927775628257 2.2494270755942334 1.2086390258582362 1.7800387778450977 1.9961702842762366 2.7865088074703652 1.3401643307962259 0.9775408217820237 1.1151109870153568 1.2933270096440201 1.5228244359052219 0.6037357096312311 6.056191359650852
9.999999999999998 0.005357056210388544 5.0924245110027486e-11 1.9999386992523545e-16 0.025400774859818395 3.9999999999999996 3.9999999999999996 3.9999999999999996 3.9999999999999996 2.0816890384263056 2.615128224195266 2.8219091414137205 2.609758773815164 2.229893000716837 2.2494273504187094 1.2086392052624215 1.7800390774609718 1.996170666047167 2.7865093926277065 1.3401646505673774 0.977541077867308 1.1151113066174674 1.2933274003081394 1.522824951251308 0.6037361273175844 6.056180060115681
9.999999999999998 0.0053570469929823845 2.747513939345902e-21 6.866879430638171e-22 0.025400135025509297 3.9999999999999996 3.9999999999999996 3.9999999999999996 3.9999999999999996 2.081688981954781 2.615128123629208 2.8219089992688087 2.609758580221969 2.2298927757701077 2.249427072799013 1.208639026319569 1.7800387745040214 1.9961702825168814 2.786508802333619 1.3401643280181943 0.9775408199518294 1.1151109844766829 1.2933270052902697 1.5228244283500032 0.6037357067355937 6.056191366720171
9.999999999999998 0.005355370675700786 3.447029738971744e-06 5.251861424178549e-06 0.025409357990663236 3.9999999999999996 3.9999999999998126 3.9999999999999964 3.999999999981875 2.0816927335002564 2.6151356498549267 2.8219201435145425 2.609775350939505 2.2299090331462548 2.249446562182821 1.2086519802034894 1.7800586517668193 1.9961928467399537 2.7865301712095008 1.340181413206371 0.9775542712730741 1.1151250535499146 1.293341701944117 1.5228377794581796 0.6037324867403145 6.056100390766087
9.999999999999998 0.005357047253688831 2.745736904274837e-19 3.2556053991862906e-21 0.025400132927313485 3.9999999999999996 3.9999999999999996 3.9999999999999996 3.9999999999999996 2.081688982546857 2.615128124561943 2.8219090004622625 2.60975858305719 2.2298927799549606 2.249427075011393 1.2086390260370277 1.7800387788889296 1.9961702863829154 2.786508806195191 1.3401643346734586 0.9775408232651375 1.1151109884991326 1.2933270112217303 1.5228244350590332 0.603735708737714 6.056191395693537
