1.0048421264769793 4.772093032541462 0.008030973124190072 0.049352413472841375 0.1691861325121642 0.005410988527512782 0.9677668902461685 0.8898022881442881 1.0946623419838164 0.9422409104858787 0.8248968871642378 0.9466738279295434 0.9484875344413151 1.055782092760771 0.9862415199024123 0.9727668032081475 1.1462376904014657 1.0334089298012366 1.0637789596530254 1.0423785371094243 0.9899615534259584 0.12361772982472143
1.0033743459237783 4.691880200483686 0.007969333167450156 0.04954439140919011 0.1715622703839213 0.0061323595512382395 0.9691775053686088 0.891524898524545 1.0967905808575564 0.9436205834697744 0.8260314594855497 0.9478062047734751 0.9497131226739558 1.0571108544876098 0.9875113503862847 0.9741057470040807 1.147797618918127 1.0349421175295246 1.065354177887109 1.0439197016727584 0.9914236364146142 0.1236301059436498
1.0060100375551748 4.781788896134706 0.009414705181148442 0.04804466328791904 0.19326329225729372 0.00725791585469662 0.9670403400963256 0.8906353394561944 1.0911966752619318 0.9401276136403819 0.821454510003161 0.9463397994892264 0.9461001919103366 1.0552854721974683 0.9861837164157318 0.9708722651438734 1.149375851523553 1.0324822370632452 1.0625621209214724 1.0406290726071927 0.9886262962948861 0.12345826949260885
1.0052082700568576 4.848889919525431 0.009019651822717164 0.048387393128421496 0.18681800888379535 0.004883272033096621 0.9674847124908674 0.8891203904715707 1.0936193591075427 0.9414351972840774 0.8235065303434614 0.9465779223240717 0.9475379885221429 1.0554968398930602 0.9861578397302277 0.9720508546977389 1.1475977873522103 1.0331558794286195 1.0632775283392115 1.0418097077057538 0.9894165655587841 0.12351229191658755
1.0042149254030692 4.754981666916916 0.007788434486868228 0.049645914835893194 0.16397235142952926 0.005695106846882286 0.9683856697407301 0.8904378712356692 1.0955020737086814 0.9427812166411194 0.8252994366069318 0.947187843356811 0.9489863548432336 1.0563711257986694 0.986811425362332 0.9733349287276523 1.1469703349136728 1.0340778724848994 1.0644685950223693 1.0430546543227317 0.9906033068559152 0.12361952603275787
1.0021610706924347 4.667934391531383 0.009110896457840403 0.04849859318114238 0.19501057014801199 0.005202425608224566 0.9703708064894667 0.8922063197445145 1.0988247594059606 0.9445522986594338 0.826484198421464 0.9488375749376584 0.9504985546832935 1.0582484325807238 0.9886320390131869 0.9750918802544436 1.149526440853305 1.0362383681142353 1.0666535855084718 1.0451824949692066 0.9926224134053655 0.12373142795210142
1.0066639377624318 4.830597395379129 0.008216179440324423 0.04899454304108329 0.1761639984223606 0.0059122821151614095 0.9660051318546536 0.8876217864501407 1.0926172854756222 0.9406169758276629 0.8236100059639475 0.9452155856140747 0.9470380751253545 1.0540563082505463 0.984573277822807 0.9711144198018893 1.1441436135080563 1.031494794729252 1.0618070840232559 1.0404466759429276 0.9881280422272228 0.12344442082189912
1.0032947999272899 4.6957631738850525 0.008780836387625552 0.0487622834688433 0.1952136910095884 0.005009315961289704 0.9692604764335437 0.8914988333303522 1.0969278344681095 0.9436704939480347 0.8260502042296067 0.9478864109893061 0.9497680132762893 1.057201583875534 0.9876054959744409 0.974180567290728 1.14795421306164 1.0350413986267128 1.0654457027790032 1.0440057314764275 0.9915045303479912 0.12378097276655564
1.005237775315825 4.805339754376069 0.008844181716651172 0.04848074017466293 0.19387559758721282 0.00564450250992215 0.9674020588635006 0.8889757537797793 1.094317234098504 0.9418008840464115 0.8244814600112492 0.9463867487482841 0.9481396241017795 1.0554282305997762 0.985903310942041 0.972380932444174 1.1458770335945245 1.0330086818216917 1.063366812284623 1.0419766220668287 0.9895805049054244 0.12349218398906593
1.0057920191682643 4.803342397986253 0.008419668842996976 0.048946934676864416 0.1794580930433265 0.005341300514383274 0.9668346378312891 0.8897195611048416 1.0922425101255444 0.9414184829030185 0.8245594703268692 0.9458754122295008 0.9478577989602135 1.0549187205372978 0.9854094703169985 0.9719252477222536 1.1453294587304843 1.0324295586329677 1.0627091007042837 1.0413082165392749 0.9889416439362763 0.12353978015733086
1.007250314419866 4.786722935535906 0.008397848613821502 0.04878840500547389 0.18219683212555765 0.006450968969550825 0.9653763893258133 0.8878876753872894 1.091832118155896 0.9403022942045529 0.8233739946152503 0.9446629942213373 0.9465316821106811 1.0534827103457745 0.9840197036164787 0.9704210950185207 1.1434063918138537 1.030822932595232 1.0611000826352928 1.0397486565011018 0.9874648432415855 0.12345961957512272
1.0062155423606705 4.784357967017503 0.008430757552338065 0.0488597976480353 0.17846983883615672 0.005001480936409349 0.9663602640715474 0.888645906083286 1.0930155953539042 0.9411444895006051 0.8241200602787961 0.9455337495153402 0.947500947366416 1.0544509523751557 0.9849464973959732 0.9714880678597627 1.1446587656704539 1.0319015898302148 1.062209620379286 1.0408315339784064 0.9884865630535968 0.12365218640646095
1.0052588560641813 4.771698404166413 0.008809562517821199 0.048583803356382294 0.1873298509995339 0.0044207046152412366 0.9673395736924637 0.8900951153882186 1.0933969975863889 0.9419668136721601 0.8249848977286312 0.9462778272343626 0.9483197986894344 1.055380733948969 0.9858384965788027 0.9724313690931634 1.145697832496516 1.032966754485679 1.0632975225458927 1.0418963463047806 0.9895007839436161 0.12386239946917481
1.0047352304635633 4.806367093694226 0.00896598896920185 0.048409774300818185 0.19631902755534228 0.005484775034829796 0.9679000176975373 0.8892020528218939 1.0950079258950551 0.9421784038635335 0.8247264474301954 0.9468180537870399 0.9485032549390641 1.0559149729166943 0.9863844211389873 0.9728108937038187 1.1466190576102466 1.0335544797523408 1.0639050260508434 1.042494928510531 0.9900717532318477 0.12350008733295877
1.005212953009903 4.797425864394371 0.00805679152251079 0.04928685577175263 0.17149263211535945 0.005793720083066047 0.9674214881762598 0.8889700014408577 1.0944172243857937 0.9418505748600814 0.824573677826498 0.9463882212601348 0.9482062706834824 1.0554474885345473 0.9859208234894065 0.9724326492874409 1.1458634804370764 1.033032801429755 1.063382061962705 1.0419894088354278 0.9895914016810489 0.12350558650965819
1.0056503012264006 4.8024032715131995 0.00862233177330105 0.048677061265016135 0.1828304716860568 0.004653577722410602 0.9669943436013644 0.8887368832619663 1.0938365339386718 0.9414804270033139 0.8242697484246144 0.9460438472929021 0.9478274798606133 1.0550403209799846 0.9855293594906573 0.9719985407482228 1.1453648396868101 1.0325666404122391 1.0628878913275646 1.041505733669471 0.9891312692987329 0.12374079402620278
1.0053928688271487 4.8060773540766535 0.009089741949403103 0.048227218678043346 0.1950001219343422 0.004225980212303304 0.9672514774284026 0.8887060007757009 1.0942341073030395 0.9416797685888784 0.8244203270349276 0.9462525480073858 0.9480518308550315 1.0552807763327796 0.9857588261713418 0.9722555107205785 1.145660963884058 1.0328458347551457 1.0631950164046253 1.041807394304507 0.9894191268732158 0.12389635278004023
1.0052992985824662 4.805590401387149 0.008968013134848754 0.04835069440241583 0.19166387368017923 0.004308015471023183 0.9673420496703566 0.8889302919515569 1.0942439022853998 0.9417553057822386 0.8244527530371666 0.9463351016601218 0.9480992336699611 1.055366934032824 0.9858449708593289 0.9723285305847658 1.1457811806923548 1.0329408641964333 1.0632963921052971 1.0419081887821313 0.9895153544256597 0.12386648322725939
1.006199821597302 4.791970604167525 0.008900985163624546 0.048365350430138225 0.1894118056310455 0.004358962128043697 0.9664428134196277 0.8885369306518721 1.0930798556072154 0.9411222834394031 0.8240633554081157 0.9455579291607561 0.947443469287103 1.0544650800852422 0.9849595271885271 0.9715417191517016 1.1446053357796664 1.0319743028131239 1.062295971498011 1.0409235118031823 0.988579965378204 0.12386509297668889
1.0035991650238236 4.719560220681678 0.008752080314654387 0.04873329793283185 0.18632175695869807 0.0046390721624735036 0.9689780471804287 0.8910692171175543 1.0965230722137844 0.9433600327292535 0.825745621182644 0.9476648056810327 0.9494842389252568 1.0569239366044842 0.9873393667357512 0.973891306035313 1.14760418738912 1.0347187346143245 1.0651356763670252 1.0437106263639073 0.991226219546039 0.12385057122213917
1.0045069029414433 4.768943035050527 0.008710783264298631 0.04867171426710468 0.19246164557060025 0.006050150231154083 0.9681058257432822 0.8900685671702747 1.0951875222092977 0.9424920181430544 0.8249889542303473 0.9469681801157377 0.9486938455976697 1.0560924814928345 0.9865473717377203 0.9730350039835721 1.1466672256618593 1.033770005281935 1.0641627666642086 1.042759078871995 0.9903237816522499 0.12351412777146761
1.0057057587020823 4.800172356600195 0.008595348450739483 0.048713633278418864 0.18151241722971098 0.0045652773562180286 0.9669383613121083 0.8886182208386749 1.093776409561754 0.941472896309597 0.8243317949216515 0.9459807843180766 0.9478486811454375 1.0549737075026735 0.9854560171667238 0.9719979327117872 1.145244630202356 1.0324904805352644 1.062850227939009 1.0414668033777996 0.9890956088940352 0.12377825943160091
1.0052329232076929 4.801652938117382 0.008825132029091695 0.04850868177324545 0.1878308955730412 0.004409654367173256 0.9674052121262678 0.888930860515567 1.094381657885506 0.9418201561214712 0.824524578572206 0.9463822419975068 0.9481709228688027 1.0554299439833477 0.9859043614813102 0.9723979789860083 1.1458561601420716 1.0330128745746545 1.063364442743745 1.041972715362846 0.98957601303536 0.12382670216326301
1.0044779557327992 4.7662490606960946 0.008685492514605105 0.04871854146200196 0.18415070330106043 0.004503336138180415 0.9681333938040481 0.890213002703755 1.095076625419483 0.9425464835698373 0.825120300661188 0.9469810200973665 0.9487744782391795 1.056125961264179 0.986573273813711 0.9730871540266838 1.146677226667441 1.0338036791676588 1.0641892173269885 1.0427817970698905 0.9903445553044151 0.12384980834078692
1.0051865728851235 4.799070400818374 0.008796895524834678 0.04854122099326333 0.18712738010601987 0.004439830541064269 0.9674496845713219 0.8890110078834954 1.094430436835959 0.9418655361429978 0.8245597470878108 0.9464185013222005 0.9482069692372085 1.05547195496303 0.9859448260921516 0.9724398855336497 1.1459060383959516 1.0330610829599656 1.063414197666131 1.042021546154137 0.9896223605469355 0.12381874307273437
1.0050376460573216 4.793994174899417 0.008715970046471875 0.048626532593336595 0.18483174191993706 0.004469014464934975 0.9675947328416944 0.8892854921170611 1.0945595434402764 0.9419974189802373 0.824631575607848 0.9465455553948279 0.9482993006465262 1.055609413999878 0.9860794949662163 0.9725641726088745 1.1460771979411606 1.033214373501064 1.0635803957156034 1.042186663717048 0.9897799038204851 0.12382438031795542
1.0071618464749141 4.835980826423493 0.009041064528914068 0.04812402227063134 0.19774959772909648 0.0052350055933709175 0.9655060299155538 0.8872514926780807 1.0919962588497603 0.9401946045244695 0.8233065574686703 0.9448010709938619 0.946668053160676 1.0535446817969243 0.9840796822472736 0.9706350009948538 1.1435730707064609 1.0309538930223892 1.061243144794345 1.039892219632613 0.9876018415826667 0.12352627952354095
1.0059786116723353 4.83944124221662 0.008779464749922153 0.0486890935934257 0.19236464734639677 0.00548933138419316 0.9665920266004011 0.8893579067240615 1.0915256239026643 0.9409780242658101 0.8239969585322793 0.9457880209733183 0.9474500583657288 1.0547893219316846 0.9853577023208301 0.9715398986595454 1.1460464159686874 1.0322320485613394 1.0623287317351133 1.0408689127633761 0.9885248419468062 0.12338155973941013
1.0059942711212793 4.851960146959902 0.008676353426926258 0.04858401945801188 0.18833518412523428 0.005526085130462233 0.9666750904492636 0.8877407407884967 1.0933952010814565 0.9410544869345573 0.8239201775579322 0.9458018137845122 0.9475562988362196 1.0547468232321853 0.9852511725209676 0.9717025921030708 1.1450930580408996 1.0322201842714118 1.0625481884659596 1.0411712427752704 0.9888157239487418 0.12344237646759897
1.006262700903393 4.77802512264227 0.008668186515050389 0.048595819032361355 0.18385381454910707 0.004689772526889307 0.9663734231300067 0.8887376310449303 1.0929984755534994 0.9411200347664311 0.8240498882229379 0.9454955537676873 0.9473808621033298 1.0543840948924048 0.9848803704630382 0.9714172556186613 1.1445056306081016 1.03189923443823 1.062217268103336 1.0408459367610245 0.9885063539748677 0.12376289804244528
1.0051438513262687 4.821062614615671 0.008001704370576821 0.049331586848008 0.16720346175835463 0.0057863796445055795 0.9675070397222937 0.8886150784095567 1.0945894594037597 0.941808860996433 0.8244503557666054 0.9464908891264329 0.9482014930964927 1.0555419463066174 0.98602113895498 0.97246389267611 1.1460975690468738 1.0331204395336107 1.0634709509729627 1.0420737697229454 0.9896725825709759 0.12348672673037797
1.0061658836391543 4.815540113144831 0.008221948725127127 0.04903309688562686 0.1716409801322613 0.004835898858252142 0.9664875542211439 0.8881888727212487 1.0931958526946304 0.9410568059014277 0.8239563906058449 0.9456175696891351 0.9474348821739654 1.0545577607210008 0.9850606137410002 0.9715266490822911 1.144733658429074 1.032015596321817 1.0623472401271727 1.0409771284306033 0.9886317771022055 0.12370727017295105
1.005932060845431 4.815420280381944 0.0089895818855263 0.048302461080884034 0.1968860596811769 0.005996363895334092 0.9667254953646335 0.8882223058300486 1.0935611867685122 0.9412368497112243 0.8241043409981818 0.9458139111643105 0.9476379747606972 1.0547860340497537 0.9852837625312275 0.9717576668800255 1.1451043786760393 1.0322695558437875 1.0625923540174214 1.0412104545440113 0.9888503930902812 0.12343120959857574
1.0045317779568133 4.769623786973888 0.008759899051922612 0.048627510486337615 0.18604621782093855 0.004436617990934038 0.9680831055240298 0.8899947980566448 1.095178558995559 0.9424735216704039 0.8249962755053004 0.9469475707225997 0.9486936108471938 1.0560735000350043 0.9865264391192131 0.9730176097857625 1.1466405550337033 1.0337444361182409 1.0641299702429148 1.0427254365404541 0.9902914961226099 0.12386962055533655
1.0051563527367353 4.8010713164868735 0.008281136773167325 0.04905125982784794 0.17606841124928743 0.0054040677432952355 0.967479880698617 0.889127907676924 1.0943997746838112 0.9418794139852225 0.8245398351947719 0.9464528414632398 0.9482039790343405 1.055501847501792 0.9859775218633988 0.9724590370293206 1.1459520302756712 1.0330897101587364 1.0634518781294489 1.0420609254647837 0.9896607144688678 0.12355522789354129
1.0057130829148013 4.812122787510865 0.00859957069712968 0.04868309417743075 0.1815785459930615 0.004556741100185329 0.9669274616365834 0.8885028786108967 1.0937670741286047 0.9414072026693855 0.824174818595243 0.9459944697079768 0.9477738934924241 1.0549766860017242 0.9854685205282483 0.9719271704829299 1.1452811115402612 1.0324897537656568 1.0628382262646652 1.0414595229014776 0.9890901641206276 0.12377437680392255
1.0049969763730624 4.79166026728742 0.00871588781202798 0.04863000899481343 0.1848097022202844 0.004465020069857738 0.9676337333050333 0.8893500002845598 1.094608108825255 0.942037038140035 0.8246612253093221 0.9465772311618889 0.9483304308857309 1.0556458971673721 0.9861145776069974 0.9726003427900132 1.1461210033497296 1.0332565795157822 1.063623806113024 1.0422292613496429 0.9898203253535707 0.12382957151532677
1.0029919268933627 4.741584951548495 0.00854278711862087 0.04904423836685927 0.18710781729854797 0.006538645662283082 0.9695639009980777 0.8912838864621097 1.0971881796146892 0.9437211856733236 0.825804001738378 0.9482241395933384 0.9497713851193229 1.0575310178650137 0.9879710512087767 0.9742967726632265 1.1489944793466405 1.035392886471099 1.065714504104203 1.04423781153236 0.9917237596612347 0.12347128540475977
1.0062317233790714 4.8319456902571725 0.009655402274933007 0.047587736876529105 0.1999989748771207 0.004595313686550642 0.9664444157909909 0.8877237961879147 1.0932799273088645 0.9409392542399111 0.8238645225307316 0.945584241804984 0.9474002831704454 1.0545061275874295 0.9850078383922694 0.971484923438387 1.1447119139601678 1.0319695210964175 1.062298960664952 1.0409294286317345 0.988586358324596 0.12370264632946547
1.0054209198772674 4.8120970781536725 0.008720841978170042 0.04859091804219289 0.18504509337274253 0.004487300996540084 0.9672246476684462 0.8887376262196541 1.094099418335674 0.9416390116952371 0.8243682572136982 0.9462388181442519 0.948008531010053 1.0552579734993601 0.9857404945430203 0.9722227700222568 1.1456517629574925 1.0328142032770127 1.0631629946484344 1.0417767270918346 0.9893904171167954 0.1237896028622584
1.0057589702740435 4.827781331334937 0.007953966271257627 0.04933304769394116 0.1708223621597647 0.0063961501266431185 0.9668968627579629 0.888226144313437 1.0937102647202612 0.9413221107002462 0.8241392156553837 0.9459647157595714 0.9477550060207212 1.0549559472455188 0.9854438785344668 0.9719287909992812 1.145279393374858 1.0324621367882363 1.0627943989631845 1.0414140261878222 0.9890456060292449 0.12342645009672766
1.0045180640173967 4.77002620311852 0.008551369416853286 0.04883379754908106 0.18059999120314268 0.0045976673607410964 0.9680969071970413 0.8900232581371127 1.0951847537631303 0.9424825526694307 0.8249874677224918 0.9469627508653516 0.9486938356126062 1.0560876442754539 0.986541456160811 0.9730287895319409 1.1466576595535145 1.033757268693528 1.0641464211011165 1.042742412632289 0.9903079423684846 0.1238202914420869
1.0055527504813768 4.790805307611318 0.008680831931921625 0.048638560523520974 0.18622063716584752 0.005070403758022972 0.9670694669871402 0.8889871227083799 1.0937879765590757 0.9416171665727675 0.8244806149374276 0.9460849019168939 0.9479740559181287 1.0551116199470967 0.9855567905154601 0.9721111464256661 1.145421585662855 1.032654651947871 1.0629863819926886 1.0415965452535068 0.9892185239294835 0.12361553725875286
1.0051719532738919 4.8000895691869765 0.00878858312622586 0.048542384924452064 0.18680734006747177 0.004428752951779059 0.9674648950454549 0.889105691849975 1.0943945666526953 0.9418725094000184 0.8245385258992358 0.9464378166980969 0.9481959234540749 1.0554851720375593 0.9859595908886222 0.972443223109134 1.1459267777374076 1.033073856671858 1.0634340721059419 1.0420431641256582 0.9896435944896104 0.1238282359810621
1.0068541937406266 4.825206015367603 0.009066836143601095 0.04811852988675565 0.19677114930622153 0.0049003780340469 0.9657818375846666 0.8874347521853275 1.092457136052901 0.9404627325974749 0.8234753157140188 0.9450368798259936 0.9468731997761509 1.0538694225334704 0.984398877066047 0.9708881087584813 1.1439299096952675 1.0312494729217998 1.0615527911347447 1.0401977621082648 0.987892663808181 0.12361714360858614
1.0047904340829914 4.786152848527456 0.009111984056797875 0.048248182299116225 0.19572945551260215 0.005458781287430135 0.9678362690698091 0.8896015817703242 1.0948481127830774 0.9422131411819663 0.8247807134641773 0.9467501759515717 0.9484755471534136 1.055836003429829 0.9862988719677084 0.9727738539921231 1.1463798933727374 1.0334769025428727 1.0638583345266734 1.0424594361907715 0.9900396595655451 0.12353897945438971
1.005210219350237 4.804231092933124 0.008761075446281586 0.0485704319981401 0.19513084076099887 0.0065554729532192445 0.9674271222143681 0.8889660546225681 1.0943729966424767 0.9418236360819783 0.8244993115665933 0.9464075418106485 0.9481584628816592 1.0554527184095934 0.9859311696420998 0.972399015370328 1.1459370719952993 1.0330407216697741 1.0633915096868805 1.0419987623073588 0.9896009532505023 0.12345118534571285
1.0056561150642807 4.80719958644842 0.008995204877214136 0.048298288563523646 0.1982224929985905 0.005224112196311456 0.966967759677742 0.8886465841218371 1.0938325528568702 0.9414740005417268 0.8242484239555592 0.9460258536715345 0.9478301410503349 1.055018235525636 0.9855073786992214 0.9720136463260739 1.1453360318530597 1.0325417040027958 1.062893283665428 1.0415127590037951 0.9891385081047394 0.12356855534045443
1.0044973674563393 4.769445499902527 0.007824247572693113 0.04956750172499154 0.16242825988612383 0.005194082368522848 0.9681164247974154 0.8900412740267332 1.095212491897609 0.9425004256380409 0.8250026764100058 0.9469803210706237 0.9487134203298805 1.0561114209913198 0.9865658900351348 0.9730553268718313 1.1466860035510107 1.0337780241544705 1.0641661933313604 1.042761156382165 0.9903256630075655 0.12372043637471246
1.0046564527347224 4.786806796368822 0.008649987032989475 0.04871725586686218 0.19113073964572386 0.006289102116691153 0.9679791132812612 0.8896748398974681 1.0950204421898027 0.9423151986555197 0.8248648644376424 0.9468669321681434 0.9485848309283167 1.0559721498489414 0.9864336886639542 0.9729067287819988 1.1465355040785523 1.0336300650175938 1.0640077085386068 1.0426066432005687 0.9901789820640224 0.12347586181636258
1.0047782512011112 4.7841405439578155 0.008408153798814861 0.0489548637217186 0.18109517488238921 0.00568815190129654 0.9678455793195186 0.8896284480113724 1.094864978935521 0.9422295666819533 0.8247969882064118 0.9467558689770582 0.9484904639161856 1.0558502545164354 0.9863132137834635 0.9727950370812851 1.1463802792637625 1.0334869714232546 1.063865738792636 1.0424667234843643 0.9900461597967686 0.12352113646639251
1.0048494168791497 4.786011183560015 0.008718451639808463 0.04863739803111342 0.1849871206936073 0.004477713912365894 0.9677772176958265 0.8895402623802525 1.0947874096627825 0.9421702031916295 0.824757188775868 0.9466980191766449 0.9484414818706878 1.0557833693219552 0.9862474109935666 0.9727320700183965 1.1462857618829874 1.033411111762013 1.0637877670851086 1.0423906146163024 0.9899738133217283 0.12383300212332239
1.005298472068955 4.805726263742428 0.008792805739955679 0.04852772960968193 0.186918662126591 0.004427182179832646 0.9673426129905814 0.8889304016439095 1.0942430117269812 0.9417554303009734 0.824452792267306 0.9463360161684439 0.9481001655765627 1.0553686501523438 0.9858470474415297 0.9723305784324322 1.1457843703419963 1.0329415193670577 1.0632960763315775 1.0419077006853523 0.989514874574961 0.12382061287435546
1.0070499051893176 4.7953814555504675 0.009323235082727793 0.04798965956574273 0.1946896134703699 0.0047956259990257185 0.9657115666305724 0.8898282617011674 1.0888728333112347 0.9393210530321311 0.8217717960856955 0.9451421969163232 0.945793343628856 1.0540071195757972 0.9847406181033814 0.9703103007597513 1.1464980703146581 1.0313509632849216 1.0613097604253798 1.0398463356075058 0.9875438073606672 0.12361986266785163
1.0057027450175529 4.784084893812256 0.008875894534319109 0.048452305068690874 0.1892792612444985 0.004382179978736024 0.9669339946052457 0.8897047235560696 1.0928794424560906 0.9415742638471742 0.8245975224248379 0.9459510209222788 0.9479266982892469 1.0549830012381392 0.9854600966276377 0.9720226230479112 1.1452191828378044 1.0325154666496241 1.0628463491648548 1.0414595193032026 0.9890874337344906 0.1238725310576024
1.0061243972828553 4.842426538011413 0.00877436628136925 0.04848280977146342 0.1906653454028619 0.005454579503182382 0.9665398063667325 0.8878055725745968 1.093232496702636 0.9409875245344014 0.823886666506735 0.945662775272864 0.9474639667263091 1.0546143735436966 0.9851040935045006 0.9715819936544756 1.1449035430067287 1.0320762899343294 1.062395757091122 1.0410202772751411 0.9886719867193879 0.12346326732125444
1.0053169988207287 4.803997646573125 0.008829194954424309 0.04849087415590956 0.18789517894300944 0.004404199107917085 0.9673228609815198 0.8889423073322914 1.0942219057057139 0.9417471268384421 0.8244475039300064 0.9463159419891133 0.948085932199896 1.0553462437534225 0.9858249706637658 0.9723124986169391 1.1457572963746914 1.032920530239949 1.063270122165332 1.0418820128180935 0.9894901744470592 0.12383054023720404
1.0046429593052644 4.7766172212182685 0.008527991248389103 0.04884419235723528 0.18825164665312782 0.006484135503059166 0.9679753208576547 0.8898208446970326 1.0950469994714909 0.942357523217751 0.8248865452746983 0.9468609901644512 0.9485883603409458 1.0559698997597315 0.9864298097666881 0.9729120770826719 1.1465355480094284 1.0336295475813537 1.0640136141518601 1.042611641383183 0.9901837025218775 0.12348502686259465
1.0063572094140723 4.826718921564666 0.009504402769270497 0.04772104582104402 0.19998632595353577 0.004017823250147586 0.9662955823022197 0.8877699183796437 1.0930726679172789 0.9408527548175977 0.8237584934833737 0.9454662228118086 0.9472575463206144 1.0543656846813998 0.9848759630035593 0.9713326623564529 1.14452488601291 1.0318045886150884 1.0621034352190286 1.0407398732199225 0.9884052852209773 0.12396557873558824
1.088155428100129 8.54772236662851 0.021025219725347283 0.030293151985925408 0.18185776852045493 1.3675206608348735e-05 0.8890816325435815 0.7985335239667766 1.007913269679459 0.8764243196455751 0.7745448411040344 0.8820127651824653 0.8860493868715622 0.9813543790341693 0.9148360780055639 0.9022421520915349 1.0573782604849076 0.9507787606385033 0.9775210741808076 0.9588366880987538 0.9094000798122883 0.4599088476553142
1.0052147717376427 4.793618201920548 0.008064076883269416 0.04926183117865752 0.1751305029932953 0.006638215177943046 0.9674128014314833 0.8891494572117923 1.094348935546112 0.9418556578329551 0.8245138382322985 0.9463936777920777 0.9481419484530202 1.0554378044408403 0.9859151068448849 0.9724031126107164 1.1458555596737128 1.0330191262769783 1.0633848451478218 1.0419954869134471 0.989598826610949 0.12346685984303082
1.0052085900791097 4.800092704739555 0.008768050302531713 0.04856896205599813 0.18610787018492989 0.004410470397790196 0.9674283547484792 0.8889725676658357 1.0944080137596597 0.9418449622364904 0.8245462785103478 0.9464006223164274 0.9481918131248536 1.0554520744074836 0.9859254809024542 0.9724208633694809 1.145882144458085 1.033038159574955 1.063389763070105 1.0419973582832518 0.9895993449090819 0.12383230489009603
1.0060845403102385 4.840566482030843 0.008679825830630167 0.04857996966111742 0.18541975932644691 0.004853963546741454 0.9665819914635105 0.8878397018822836 1.0933011755905284 0.9410297671973319 0.823921224802182 0.9457012133615688 0.9475041746624507 1.054655298580893 0.9851470687223505 0.9716304685545895 1.144908787020338 1.0321200381730211 1.0624339341268312 1.0410605287150314 0.988709590622191 0.12361353264027672
1.0052377493736042 4.803055473739949 0.00880130767159135 0.048524198582643674 0.18721757155849011 0.004432184366693873 0.9674013221193172 0.8890150222202912 1.0943153166056918 0.9418114644566744 0.8244936368112177 0.9463849573784636 0.948145937133256 1.0554245758823295 0.9859010959706863 0.9723845922025669 1.1458526192137755 1.033005096103091 1.0633624905094448 1.041972918177323 0.9895768503574661 0.1238215934810994
1.004885923621033 4.766950045443697 0.008072496753753397 0.04935614951279501 0.17078602019443156 0.0055778001375019 0.9677149044337813 0.8896793266668899 1.0946465121062219 0.9422230398970092 0.8249997465588664 0.9466178262069251 0.948540671889726 1.0557359188510962 0.9861948690537282 0.9727440787012961 1.1462806913142363 1.033374743950219 1.0636872480298138 1.0422738742248907 0.989857759681223 0.1235568144601339
1.004561391479867 4.773218530137245 0.00810782723813539 0.04927390308118804 0.17493548973264325 0.006290986703490122 0.9680539709243846 0.8899153118630303 1.0951551390892929 0.9424328370948294 0.8249457068375441 0.9469266747754417 0.9486561143489262 1.0560480803342154 0.9865050032076047 0.9729909691096091 1.1466208701314664 1.0337130815737 1.064099580902511 1.0426959496196422 0.9902637414919672 0.12349851084308199
1.0053521623123582 4.804500895211841 0.008958684299995391 0.04838031227011778 0.1970224746614691 0.00561267458464338 0.9672893086111807 0.8887825991622426 1.094264092207483 0.9417157540297775 0.8244417791601344 0.9462858616802666 0.9480728330608172 1.0553217227298863 0.9858041680179509 0.9722742814179433 1.1458120211723026 1.0328976610352163 1.0632272720325484 1.0418323362214186 0.9894416726007095 0.12348545802336303
1.0044813274844915 4.767385769701358 0.008773599291525266 0.04861814431232838 0.1864614575601969 0.004438514051638927 0.9681317205354071 0.8900846594073014 1.0952199054048615 0.9425218836921835 0.8250348725560055 0.9469875094104104 0.9487327155048272 1.0561208739456511 0.9865722119354442 0.9730628644664685 1.1466961821011272 1.0337972337996768 1.0641846699512962 1.0427791038622687 0.9903424547886993 0.12387143436272978
1.0052444144283605 4.802156401363247 0.008752477502351589 0.0485731021688861 0.18574445831550232 0.004438138283181941 0.9673942772628538 0.8890192777891874 1.0943101442947518 0.941809739955673 0.8244940038914218 0.9463774239037608 0.9481423059438343 1.0554169653280283 0.9858933821249829 0.9723792241564264 1.1458413859932377 1.0329974888450149 1.0633532216661838 1.0419636959995484 0.9895679666232716 0.12382360164833785
1.0039532957471957 4.726770917328977 0.009247591162176324 0.04850015161622143 0.19990973241036492 0.0049444008755130655 0.968355902721067 0.8898667560875723 1.09441178642041 0.9430828455326151 0.8270542130432176 0.9471176643596452 0.9500347489086899 1.0565837245680325 0.986910210701094 0.9737632876205441 1.1469340454509442 1.0342646275836425 1.0649952283521276 1.0432581462351729 0.9907692856951975 0.12362754926655374
1.0047132674655745 4.773864214635656 0.008890475390590107 0.04848921331349937 0.19733256422569803 0.006023176644715032 0.9679063421322293 0.8897711189835019 1.094992254198196 0.9423142833063141 0.8248770587463661 0.9467990825216092 0.9485496711706088 1.0559057288948144 0.9863672435517175 0.9728507490605035 1.1464728459277003 1.0335602860318516 1.0639301888624184 1.042526679720961 0.9901020280400153 0.12350553713428564
1.0068840039257159 4.847202470939724 0.009301431416616875 0.047888704662674184 0.19682975561219773 0.004923592675497649 0.9657559836174934 0.8872028308990199 1.092391410593097 0.9403917185683492 0.8234113901684198 0.9450201306896951 0.9468901237955201 1.0538646371240872 0.9843894843953198 0.9709007252971538 1.143976937016239 1.0312288452766363 1.0615339330065325 1.0401773213700112 0.9878689405765815 0.12356818468748822
1.00512620115004 4.8001555226309325 0.008961530111106593 0.0483668759932531 0.19493450221864783 0.005051387158940244 0.9675088559303502 0.8892053848799198 1.094418566551504 0.9419048437686741 0.8245560282996512 0.946476588047124 0.9482208823907413 1.0555242391094468 0.9859989241757946 0.9724780443347364 1.1459868717900399 1.0331210020761936 1.0634904174994473 1.0420992670479072 0.9896973619903017 0.12361248714249647
0.9854432598613891 4.6939551205757954 0.00909062669589506 0.050080582626488165 0.19119743957650956 0.00636671580288028 0.987996910466071 0.9032507088143021 1.117152090604573 0.9567891713427602 0.8340885063629494 0.9634358093516882 0.9625623910235536 1.076137738363008 1.0066520841212334 0.9910907790732356 1.1765146431096587 1.0553959913251965 1.0863019540834162 1.0643083628054273 1.0105092079099418 0.12355949169277552
1.0051239352365997 4.798380478619198 0.008088392605547811 0.04924980166491997 0.17460314706370703 0.006340250031976383 0.9675091616366152 0.889155728988399 1.0944516038557366 0.9419125432491071 0.8245682852673037 0.946473217115804 0.9482308807764757 1.0555341721297933 0.9860042038216008 0.9724904832080783 1.145994686437885 1.0331246339559657 1.063483956703592 1.042091424685225 0.9896892261343977 0.12346020582564184
1.0044155171674483 4.765374966324716 0.008588946867402157 0.048803061124425805 0.18159013488809195 0.004569991367709035 0.968196118566679 0.89018210885755 1.095298314481084 0.9425782842594925 0.8250552673283069 0.9470454873276746 0.9487690545214338 1.0561812340948766 0.9866318478936282 0.9731187782105729 1.1467707707936374 1.0338640835091633 1.0642587493468016 1.0428530545330037 0.9904131451620538 0.12383606194363826
1.0047266161435426 4.779460507412376 0.008780283847163348 0.04858558321817943 0.18664689917386088 0.004435605249909805 0.9678955877661413 0.8897370036363824 1.0949306103671195 0.9422868061939893 0.82484321548109 0.9467954984152597 0.9485336213971526 1.055894692553584 0.98635474843931 0.9728404554274962 1.1464214009436238 1.0335393174242964 1.0639209074508045 1.0425214158690104 0.9900980547794097 0.12385687934769218
1.0052234509799751 4.779456765236316 0.008591253553264204 0.04881479832741223 0.1834551011852715 0.005036261481517259 0.9673813704415697 0.8901024315415672 1.0933495571610965 0.941958393333868 0.8249431468565755 0.9463246702822362 0.948313376051171 1.0554301790366065 0.9858960979407535 0.9724459700663634 1.145874120156813 1.0330167372114847 1.063329930802068 1.0419219998940468 0.9895245473975243 0.12363451729091694
1.0049794054949117 4.792943897426534 0.00862549041525675 0.04871679422891766 0.18643375163506043 0.0054422427370679725 0.9676505681285018 0.8894287326430971 1.0945930701387188 0.9420431182980143 0.8246564735102615 0.9465948202924082 0.9483321823379695 1.0556606829357915 0.9861313192154391 0.9726113445974951 1.1461491579825667 1.033274155237368 1.0636458962332482 1.0422520354143927 0.9898423795429551 0.12354218336743421
1.004791825456524 4.782746720043703 0.008841883416139347 0.04851870986511076 0.18829923166465387 0.0043944580851417656 0.9678324793904607 0.8896453418910396 1.0948487065556602 0.9422263143683531 0.8247971068392633 0.946743352827564 0.9484831263438395 1.055834379578574 0.9862966445427769 0.9727812332555275 1.146350525552039 1.0334712287223644 1.063849498758428 1.0424512676267832 0.9900314058493656 0.12386638026808286
1.0055422182334348 4.815322250334383 0.008965791441076598 0.04833612194422418 0.19269173450038204 0.004604342222338969 0.9671058338258919 0.888589256853784 1.0939587229158374 0.9415343056436553 0.8242951010150806 0.9461348160036325 0.9479169916605562 1.0551481987701146 0.9856250089619641 0.9721106791457197 1.145513863575814 1.0326871150615886 1.063025462005295 1.0416410164028265 0.989261073581204 0.12372328963517511
1.0048632249548577 4.785692703040935 0.008834583368090452 0.04852536017600721 0.1881115001498909 0.004402420717734133 0.967762931975141 0.889487397580894 1.0947976697760793 0.9421610045366074 0.8247628645754076 0.9466823368924657 0.9484409338861212 1.0557694230400474 0.9862330293673167 0.9727227102322882 1.1462721177913475 1.0333982315801002 1.063768948667623 1.0423707959367308 0.989954535004341 0.12385529231842639
1.0044206296305667 4.778863642943122 0.008778557269829916 0.048621303142863066 0.18656431741326746 0.004433148900912434 0.9682025490927582 0.8901121773370445 1.095151680887021 0.942537385059958 0.8250281932334003 0.9470605170582482 0.9487619771002854 1.0561974081285985 0.986652109055536 0.9731135285697522 1.1468631754187009 1.0338767480693043 1.0642572966387367 1.0428468801550714 0.990406662814917 0.12385454622139476
1.0054401547291303 4.8114785187224 0.008603196442887566 0.04870633940451292 0.1845094008271485 0.005146018703153989 0.9672049192794479 0.8887411547690303 1.094073937714224 0.9416252917671076 0.824356859099188 0.9462199566888108 0.9479916062678322 1.0552366997409144 0.9857202654999294 0.972205218629998 1.145625369019948 1.0327933872471438 1.0631404313382606 1.04175477517721 0.9893694640569988 0.12357604448915385
1.0052387439470716 4.803048599324498 0.008703725555387908 0.04862269196516116 0.18445081230745977 0.004471379480079079 0.9674003502492082 0.889004400069684 1.0943185562508295 0.9418109219853853 0.8244950329918771 0.9463839001114237 0.9481471534801479 1.0554244871582201 0.985900939825543 0.9723852070593301 1.145852031743811 1.033004113173522 1.0633608922514868 1.0419711142231862 0.9895750852093451 0.12381114444364616
1.006236391595909 4.827647310103076 0.0088709740138964 0.04837003244740372 0.18874096904138785 0.004382424869143473 0.9664126576582507 0.887869623420164 1.0931409427334169 0.9409497642466271 0.8238214040584759 0.9455647571619047 0.9473787928410848 1.0544859619859626 0.9849936201470209 0.9714774110432124 1.1446754395356975 1.031933594001452 1.062261447198249 1.040893056166397 0.9885522774098686 0.12380790301265106
1.0052472411480529 4.80457450819369 0.008779409107535325 0.048545089048277076 0.1865818162041037 0.004438680872176153 0.967392680927048 0.8889827241238214 1.094304006701936 0.9417987396894191 0.8244840669211481 0.9463791354025961 0.948138745049983 1.055417630765392 0.9858946403290941 0.9723764317623755 1.145845808254111 1.0329956291675104 1.0633534183860769 1.0419639584960432 0.9895684111570967 0.12381803427888086
1.0045781496646575 4.77282287266019 0.008714772810581304 0.04866365280140047 0.1848771807838311 0.004476934942956944 0.9680388991986102 0.8899502343912845 1.0951042903720563 0.9424262675658699 0.8249438135400748 0.9469147511842645 0.9486454414602599 1.056031107644727 0.9864867072706945 0.9729726147858819 1.1465892861909057 1.033694277008684 1.0640817164884757 1.042679240286118 0.9902479987565596 0.12385339781819794
1.005057908514741 4.795421347571392 0.008908024853095676 0.048431497298502595 0.19008571741810726 0.004360792161599682 0.9675756213961315 0.8892405977024915 1.0945407755063261 0.9419765449391195 0.8246161978774357 0.9465298209375378 0.9482836289348444 1.0555906222454645 0.9860610712954134 0.9725444966492337 1.146056252419273 1.0331939644184251 1.0635598532675485 1.0421664671670272 0.9897607394882932 0.12385839361950839
1.0048899105720854 4.786314438047264 0.008954859783814655 0.0484016370998508 0.19134529479856152 0.004316704934649714 0.967737277507681 0.8894439822039268 1.0947790145735825 0.9421377944172489 0.8247466381226614 0.9466601445319843 0.9484219177808199 1.0557438717019796 0.9862077494664008 0.9726986717740606 1.1462372994357561 1.0333703702943582 1.063740957411633 1.0423435545584354 0.9899286823317252 0.123887912965032
1.0136863836220684 4.867781116977663 0.00917585843951761 0.04752304207851059 0.19163405914086715 0.005506248708831934 0.9587642376777721 0.8817580176152057 1.0842690803341768 0.9349030480652816 0.8195623469902157 0.9391521875112993 0.9415990962713309 1.047177254376779 0.9779304369277612 0.9645097738998873 1.1356229328410394 1.0236678413145 1.0536598884359716 1.0324378039983027 0.9805281197310249 0.12342589717914633
1.004756742955484 4.78276037782392 0.008124617066827298 0.04924109236502263 0.16984499159468514 0.004950638898976767 0.9678655923900303 0.8896881009126103 1.0948783054024716 0.9422528335095759 0.8248179289966591 0.9467737570833203 0.948511752922876 1.0558718074455646 0.9863340947077099 0.9728196219807477 1.1463902883271981 1.0335049010230797 1.0638878899490847 1.0424889865421285 0.9900674442651741 0.12372606477751899
1.004454793046404 4.76696402012453 0.008712247707687056 0.048676797331932156 0.18485000774099955 0.004483468187127453 0.968157832677616 0.8901211959080525 1.0952578290891435 0.9425422845710136 0.8250299160746473 0.9470134513770805 0.948740090414304 1.0561445829953267 0.9865962452442649 0.9730830660987677 1.1467279562209083 1.0338235597796392 1.0642159375931328 1.042810836933789 0.9903729788144752 0.12385921969246784
1.0051691794457696 4.801165397269474 0.009009191525576906 0.048317640759684755 0.19265846647045998 0.0042725792898635866 0.9674679036952297 0.8890779447838552 1.094391667483318 0.941871035004321 0.8245359027200989 0.9464424973151428 0.9481988419668258 1.055490011145762 0.985963242832653 0.9724415429751107 1.1459195304146454 1.0330762830592326 1.063444804590936 1.042054625249381 0.98965495239654 0.12388943868858694
1.004480324354173 4.768189753705438 0.008722025857752017 0.048664723956859515 0.18510944697819998 0.004476732409449093 0.968133042389535 0.8900844423483089 1.095226604833267 0.9425182053012686 0.8250121351835368 0.9469929950652951 0.94872058346265 1.0561210761714328 0.9865735144527523 0.9730602049037212 1.1466989646367143 1.0337968271562872 1.0641882629105668 1.0427837124931836 0.9903472174416257 0.12385963001174563
1.0051802136674128 4.798954669131156 0.008750419676856573 0.048580767188005025 0.18569112693946063 0.004439660044283162 0.967456040200459 0.8891129462821011 1.094387038967297 0.9418703755989556 0.8245387377424972 0.9464283075833752 0.9481909980957103 1.055475360452462 0.9859497523929078 0.9724361973108976 1.145913317232219 1.0330644363097992 1.0634222178182895 1.0420313383697997 0.9896321858439442 0.12382748960882452
1.0023881844406388 4.870201259927524 0.007634921200688276 0.04992159243595292 0.15799928711296726 0.006652461373578686 0.9703682023529895 0.8903018010350231 1.0977767951995856 0.9436693978162009 0.825439537113126 0.9489874551094081 0.9500248645253108 1.0583430110666565 0.9888295852393802 0.9748662959759681 1.1510496163538102 1.0361957399222592 1.0665637256322842 1.0450894154364325 0.9926045075303995 0.1233754071300162
1.0037494352883989 4.754056421335631 0.008492454626870913 0.04895556141452873 0.18275535537306917 0.005490403567781242 0.9688572053503927 0.890841232254167 1.0961440119950405 0.9431358341351818 0.8254527651335632 0.9476199757732131 0.9492691669309031 1.056812722348535 0.9872633203240367 0.973715514096867 1.1476302039278754 1.034581386034647 1.0649927295100126 1.043570887720038 0.9910946041728149 0.12358916263691053
0.999879023668386 4.769547819223752 0.008688072885183968 0.04908557430379755 0.18271743508208851 0.006832379815442754 0.9729061312781925 0.8935506585140058 1.1003406293315872 0.9460739474274985 0.8276609122826892 0.9509651798367295 0.9522464793213282 1.0606722135834672 0.9910088691559851 0.9773410611354012 1.1534632834490088 1.03895849435744 1.0694907025734437 1.047966515181369 0.9952595248630387 0.1234848764666441
1.0048341537275625 4.7846999361229905 0.008489522772811427 0.048871782006491366 0.1791161138677155 0.004674423835414437 0.967791235383465 0.8895511562926556 1.0948159884181772 0.942186838976317 0.8247750491686731 0.9467081373448827 0.9484583132030282 1.0557980630250956 0.9862616860623707 0.9727496969382559 1.1463038806768626 1.0334272431576939 1.0638013692934285 1.0424032212801981 0.9899855515342665 0.12377276537156671
