1.5284083261074042 0.6451979651228126 0.0013776827733114963 0.0018917078387188967 0.16352652755178326 0.03670436371990385 0.8079163084425187 0.6104699326267279 0.36747114209512954 0.45292492437943604 0.9860005670459083 0.21736951822716927 0.5959629503667028 1.244284029474287 0.8442832654141885 0.8846537355958828 0.5836862187318286 0.7953745556742353 1.1411958736855643 0.7861755282919153 0.6704321241393121 0.688529570669324 0.718546808333602 0.37880145836106066 0.5555628744969765 0.7174805722928078 0.6899633986628888
1.570851282820453 1.1933560117242743 0.0025962403585385115 0.0013897052730627122 0.13988412172544165 0.012124365642214084 0.7888887947609072 0.597255293400758 0.35122185256520233 0.42821950665937913 0.9311530505151832 0.20477687911059989 0.5650339882356527 1.2053936111456438 0.8193529102865796 0.859747402838209 0.5673452244110425 0.7778946403948072 1.122123722165209 0.7713109068442999 0.6487026140592338 0.6723334382079209 0.7000181994541803 0.37104979962923323 0.5435525378403849 0.7059985225303 0.6881040481116213
0.9204905804081096 0.1833720785433634 0.0048877865093831995 0.01128830507296845 0.10907061635002387 0.007508153003736925 1.3403489392899846 1.005887053242064 0.6081683091230036 0.7570009412493592 1.6600320577251477 0.3687628612954916 1.0217721037296905 2.115097683409674 1.412488003483971 1.4501202653116212 0.9582310492112651 1.2994980875195103 1.8478999307641322 1.2663995173437614 1.1234640100357218 1.12396788733127 1.185059877311079 0.5974344549717867 0.889418607096087 1.1444454386351957 0.8822077460763705
1.28385953291651 0.2888885171484664 0.002654804649610933 0.0035848888795178887 0.1404032199200121 0.00973665199630638 0.9554548932885036 0.7197028556460657 0.43593199733343546 0.5401538121838654 1.180890575194274 0.2626273054845644 0.7255204306536728 1.5024889381782962 1.008865254198556 1.043079847692969 0.6899831840985179 0.9391440839764245 1.3432485654019843 0.9230395420051766 0.7945514395019792 0.8116699898216913 0.8489501963276915 0.4416583622889922 0.6508224366558426 0.8436490167461916 0.7484012109086136
1.2258575851700295 0.26669856704415745 0.002025548670798649 0.002010880703277894 0.1729169766191651 0.027432102228640665 1.0026663768657214 0.7541466985780093 0.4566271927968104 0.5661101724734395 1.2411262163999146 0.2756013517028324 0.7628319319940318 1.5794010065604343 1.0590847773027496 1.0884813922154222 0.7222684012524376 0.9825376472766635 1.3999561082802578 0.9628298060632122 0.8383609401773171 0.8490417178344827 0.891312479741807 0.4570266702937811 0.6777309492878099 0.8680959854325452 0.7608596993986885
1.0262234116801556 0.21069755247786504 0.006252430503090909 0.0023158599084095346 0.1484894164372276 0.007859046665126473 1.2031473608667524 0.9045019924566225 0.5478672742857853 0.679593018618093 1.4903340557535425 0.33109218457322703 0.9182571961041371 1.9003149822557945 1.2667834733733323 1.2953809530195861 0.8582390217667113 1.1685868206094803 1.6618664746169882 1.1396044119967779 0.9993844776631688 1.00595733911084 1.0594083473768354 0.5382846388029744 0.798320190147292 1.019702510488303 0.8104720766479422
0.513065293751192 0.09418564484056725 0.007492732208460401 0.05026725459152511 0.19365446107902462 0.0038226019168416565 2.408300676147977 1.8099192851349297 1.0965779323921732 1.3602229027851986 2.983890136461768 0.6626389273652513 1.8358740801144073 3.802031609959326 2.5381918194241093 2.612393860892378 1.7264120634064142 2.3181283462457394 3.2929512632301576 2.2504493861698003 2.0087529878684234 2.0158320868045836 2.130877916702489 1.0548430434117537 1.5835813702601569 2.0816301678973077 1.436049139709737
1.3958821773033248 0.360866295734624 1.4529510064624517e-05 6.193702091533883e-11 0.014797495367362237 0.021189116217912012 0.884459468040024 0.6767715193160464 0.4294895219028364 0.5121990970655402 1.0842869331874543 0.23828908426522047 0.6655781858510913 1.3567286880933858 0.9275813790878257 0.9563090449914988 0.6499310211238435 0.861047511677769 1.2321769202624222 0.8508741558457366 0.7356127469586863 0.7553996200411985 0.7840522369531664 0.4060527251897292 0.6083247141864955 0.7637157383460091 0.6843420780299505
1.3235760156020813 0.40252499706230466 0.002685086079129849 0.0026649556473246887 0.0975532695107701 0.004953330739315462 0.9310923639714005 0.7006057587523724 0.4242454981766277 0.5245258125051089 1.1454571205706527 0.2533469642902099 0.6962761542400918 1.4383029683756143 0.9732927766755726 1.0162949839895123 0.669672919624005 0.9077109143389006 1.2985439944913912 0.8948147092653229 0.7797452729585878 0.7899992557573441 0.8278528208100941 0.43031069417867934 0.6341487254945805 0.8189855488189451 0.6929387607587548
1.2999318605150783 0.306550596022631 0.004871188943250022 4.2314074535490134e-05 0.1993016886162514 0.009723353042402835 0.9433189672430782 0.709737228485034 0.4302417452921198 0.5333813366721408 1.169891853370877 0.2594095939638366 0.7179353719026329 1.4873492363497696 0.9954271189022341 1.0279131185150139 0.6805486503882324 0.9266479946950431 1.3245187674818886 0.9115910437320711 0.7822841553456464 0.8010422266901649 0.838517591180152 0.43565309560042226 0.6432119777623799 0.8294161606553229 0.7210192515784886
1.6409714443385577 0.4474680257651613 0.0018686991804819394 0.0027863941162525508 0.19429379413950826 0.012768989948405631 0.7419935620843828 0.5587249759494195 0.33748474038201737 0.4192787775118229 0.9172166610329539 0.20357443607495815 0.5637561125065726 1.1703296082348542 0.7861513312164518 0.805314589745049 0.5355446428232756 0.7409140283366463 1.062783271915773 0.7314876043697596 0.5906200802948084 0.626774926501191 0.64820942483709 0.3545722663264239 0.5131860986081401 0.6685583724870664 0.7557109383335131
1.4362336965215754 0.35393440729881237 5.104795015659425e-07 1.6847961145970561e-07 0.018676547807382073 0.022939988589703735 0.8544487861959812 0.6433916255689393 0.3893647949939311 0.48238048695047525 1.0554990368776627 0.23451565668160082 0.6480474171820184 1.3417813638415248 0.9027914289092613 0.9314219975400663 0.6171696292229166 0.8422948445556756 1.2030578360212987 0.8282258828336095 0.7132457788382841 0.7270655077996272 0.7614450637937809 0.3965545490319091 0.5836259096316584 0.7458984092648042 0.6920083120750893
0.9568705608595889 0.19249568481171075 0.003569087804899701 0.008725792696637348 0.11520847691587381 0.02202902848977572 1.2880994289725876 0.9619731520339595 0.5862955401269532 0.7266472962809907 1.595622568552388 0.35437071444846596 0.9831699824022738 2.044193819353759 1.3570876511897318 1.3965066955512377 0.921362578218222 1.2468279862025364 1.7765512285121248 1.2120780849401993 1.098403707646964 1.0769916999065479 1.1372001784645513 0.5718126350721549 0.8487124773791865 1.090474336592708 0.8619480421421344
0.6893928119732052 0.12986262556919573 0.0066977815758264255 0.02902116123450354 0.19076355511618007 0.007491082584834981 1.7908380530659636 1.3464305822371672 0.8156273205798101 1.0116022123668396 2.2181224382224887 0.49273724975948585 1.3644847678301288 2.824051447242526 1.8871432930076235 1.9467934781276912 1.2845670912987264 1.725729386989345 2.4506310096509285 1.676717628179497 1.512985260687003 1.5014188991637756 1.5880747522960519 0.7865098681374679 1.1800220797480612 1.5388577533774073 1.1140552987139862
1.1622762978393342 0.256983151389877 0.0049778303898079055 0.0013848744510619444 0.19916991607174253 0.026353535230145365 1.0586781738166644 0.7979866183584644 0.483555111249108 0.5992469161745481 1.311560724884524 0.29100199451143827 0.8019575019962768 1.6524724876798125 1.1149048773873143 1.1616076445162138 0.7638220325904508 1.0275766210237192 1.4638352549366183 1.0073832344897435 0.898565863102999 0.8953728723473833 0.9424353630149843 0.48068459237999733 0.7123025289081982 0.9160074780149848 0.7547776587742164
1.5148533643365292 0.46538812030188953 0.0006780161468580915 0.0010337816425966323 0.03469133671831674 0.018667274751372604 0.8118029732140994 0.6114312130596105 0.36970467219631525 0.4568435170136343 0.9966654004071659 0.22094168996262556 0.6084293494340917 1.2624563526741683 0.8532566440116975 0.8855154861017858 0.5857741982859608 0.8010645981660502 1.146825589959048 0.7902803988851457 0.6710254600480252 0.6905809129081829 0.7209801622256337 0.37972541162508344 0.5574542894705236 0.7172162902100924 0.6736779470679586
1.1543625803998252 0.2571243587192115 0.0017210365101373382 0.005843598747968135 0.08092833728951943 0.013075998975737333 1.0648323855048785 0.8011929876880076 0.4847326306575503 0.6009345874926318 1.3179998016861836 0.2927304882511376 0.8092974932587557 1.6742775069707756 1.122585960372164 1.1587551549372792 0.7663924866567032 1.0394517788886113 1.4821195438787138 1.0185994971772552 0.8947275596655362 0.9017566822679062 0.9478798307054993 0.4847744986438726 0.7190637632859069 0.9280293114883358 0.7634040582622202
1.4233136131907784 0.3437487526081468 3.0670849212336423e-06 4.72699208953587e-06 0.0026814104412868625 0.022738556170700513 0.8621543797102755 0.6491911857453688 0.39293131003190324 0.4868478298454468 1.065442308157912 0.23675125004480116 0.6544367225436637 1.3551750778056955 0.9110850298194813 0.9404143536249323 0.6228208648515033 0.8497341571534347 1.2133174269825757 0.8351803665893927 0.7209697675329562 0.7339315396859278 0.7690899447643939 0.3995275730848366 0.5885012496363826 0.7514320083159641 0.6910980083596864
1.5089032867863978 0.49234128899483076 0.00218150398684202 0.001235127538998931 0.1613193425643016 0.014798912497749228 0.8144976011078877 0.6134316564724871 0.36842464158198357 0.45576125438370824 1.0011934113967096 0.2218943537134365 0.6106107079890176 1.2663930867750604 0.8554427422594523 0.8724900642773917 0.5876777987801461 0.8035212041219857 1.155143821497853 0.7937265144698091 0.6671462460791622 0.6952913044188334 0.7208073277125875 0.38435822867854685 0.5592828398302302 0.7254385463846985 0.6930137972341257
1.2347620633417882 0.2711371702305213 0.0013127996592534287 0.004537278608824477 0.17907981195628386 0.017419058792125314 0.9941443682336428 0.7483393411011819 0.4531657539056918 0.5616980486994124 1.2296536623538614 0.27344528335575363 0.7563846273337598 1.5651619101352219 1.050257070031521 1.0814952807701026 0.7162633617355999 0.9759098402998687 1.3921154635450406 0.9574742726090073 0.8257272889971283 0.841603863973154 0.881481551411438 0.45622870798922216 0.6745359204495582 0.8697139015906337 0.7940220264704111
1.4067242695614817 0.6202189875187607 0.002912849988035061 0.0028593246314109573 0.16366828644744924 0.004607209239343969 0.912044195548116 0.6606307843519801 0.39792809563140497 0.49061671612027097 1.0674089110087535 0.2350977368633332 0.6434389463293594 1.3216471242061376 0.9064306996550995 0.9814993931950853 0.6269648531194226 0.8539974614624669 1.225390382388532 0.8446540783166193 0.7240375843797944 0.7440658300234518 0.7754132443238506 0.41181134623916416 0.5994649321198383 0.7758508350887504 0.6932304960341082
1.0671068141814224 0.22657651506036525 0.002857956605658116 0.007520820533912173 0.1594603439292158 0.016080692775678314 1.1534949125171063 0.8678019623042355 0.5254881938872312 0.6514359120190679 1.4271968046231414 0.31707186097913176 0.8770282138088273 1.815920962565045 1.215278866753982 1.2533759637573973 0.8286681481599418 1.1219312286080707 1.5977500999609024 1.0972087303028617 0.970023582139579 0.9737100786195243 1.0250749291960033 0.5222997167042428 0.7740506192913529 1.0006815972097538 0.8060531324323621
1.4868635121212581 0.587660467577748 2.2571860466541106e-05 0.000156676965855183 0.008212319051090261 0.022705286863037962 0.8301549118062036 0.6265589782395974 0.3775715157529323 0.46477445985140925 1.010115516086155 0.22274846163938836 0.6103064950574091 1.2693372685879507 0.863835262113865 0.9045587613834103 0.5965621918500305 0.812754526368734 1.165324099767077 0.8028355814080264 0.6898767018541524 0.7049654345870161 0.737403053017555 0.38553537750886 0.5676171870241147 0.7274200162862384 0.6498768453182806
0.8875455422592731 0.17386132287251974 0.004624141526353697 0.013065462293812419 0.15394658451055984 0.011755195094163033 1.3895383437196969 1.0451079863221702 0.6329859818602591 0.7849474832034726 1.7204260713304271 0.38224422312491774 1.0579848910646645 2.188640819952918 1.4646009550985908 1.5130433971309727 0.998040072539105 1.343312282012225 1.9083884327351726 1.3074439548826458 1.181995821756926 1.1686347497493397 1.2354939300255385 0.6143873537647485 0.9196340165354775 1.1829369262066918 0.9085070152360136
0.7554281414468607 0.1439094560264771 0.006455289496772592 0.02256675978709623 0.192049352615362 0.010206295831378923 1.6337239580175051 1.2284678894787846 0.7441264224835796 0.9228759764060483 2.0232656910398705 0.4494930876343723 1.2445255005128406 2.575049719645839 1.72170675145448 1.7770801644983283 1.1723382383917125 1.5758563396100578 2.238112513524842 1.5318147701750158 1.3837788785894938 1.3709237584764573 1.4498131693987917 0.7196392568787537 1.0778501685767254 1.4001626237369287 1.0338606991618857
1.1275579113055239 0.23553038458879358 0.003212309311104709 0.0013038777906697564 0.18014387833071302 0.011202713806747968 1.090939124773819 0.8207743335932154 0.49687427449064053 0.61652658679091 1.3505259832538374 0.30015550482242614 0.8304670789907236 1.717927425441687 1.1514731330542667 1.1878349476955532 0.7850636575298229 1.0638234494424967 1.514550967550208 1.0397428451627635 0.9202901043149087 0.9213709656782477 0.9700371519695997 0.4920399669631658 0.7309174205823132 0.9317692385413823 0.7786249669962816
0.710846352545595 0.13428895163077564 0.007854653154652278 0.025466159771916182 0.19883703548737652 0.011998749906987457 1.7366937015568797 1.3057640174443836 0.7909698602031621 0.9810114052394387 2.1509997497811146 0.4778306030146845 1.3231352658979847 2.7381394266525354 1.8300952085803615 1.8885043931573091 1.2458737022321407 1.6737733499645322 2.3765057118143713 1.6263124805633646 1.4698456379204254 1.4564043851406199 1.5407077192335281 0.7627607530860602 1.1444373828167673 1.4897309777962164 1.090410822559669
0.94021125813738 0.18943415355967402 0.0038355594489240478 0.011795831990632707 0.16298585564480836 0.022787866672382456 1.310488448711693 0.9859462122087282 0.5969927136450647 0.7403064416526365 1.6229517676826117 0.3601937986814395 0.9972407427050524 2.0625897233529984 1.3808100249253077 1.4262399371544003 0.9413614245575183 1.2691008108826676 1.8046046917133145 1.2377614133555057 1.1094079687650291 1.1036076335577796 1.164643207218902 0.5872788633422752 0.8723050676813089 1.1305114498024766 0.8780564899058688
1.0461137009329544 0.21426453481222554 0.003451482125789223 0.004320445000767166 0.10757134754285542 0.00877388031199076 1.177375748523875 0.885823435892669 0.5364450505243413 0.6651064955607006 1.4571725572278305 0.3237974137172356 0.8958576198667483 1.8528376885099487 1.2415553127788785 1.2830399682771416 0.8468433367364462 1.1431198929640147 1.6258876507816555 1.1153052736080475 1.0005100521695942 0.9934883809449205 1.0485031878123017 0.5258512728944497 0.7845442716028725 1.0021714025589377 0.8033189475607335
1.0370355074915172 0.2113695413654341 0.003513682914875072 0.004504163091200141 0.11963185670353203 0.009149929522347649 1.1878180500526225 0.8936552354822493 0.541165490998351 0.6709904045626973 1.4701395865980962 0.326672750160381 0.903916718159781 1.8694202804446656 1.252603834020112 1.2943290687740532 0.85429368394804 1.152978035261838 1.6396414927343974 1.1245822488764536 1.0098948209667025 1.0020321064065152 1.057765421041972 0.5299936942169498 0.7908523341421442 1.0098328217736 0.8090273804510382
0.8450454621645177 0.19338507072328073 0.006284396732792741 0.01748211001349875 0.17065702926647686 0.05556536442230032 1.450535074337182 1.0968806477795012 0.6537888281336343 0.82078778068268 1.8206270821210935 0.4234933061590325 1.1133711821777086 2.373876752340471 1.556595577093343 1.5740089777142094 1.0085267194033087 1.3845421880455793 2.0838054255080385 1.4003899955884929 1.2262567405918143 1.2087505531559384 1.2617033208637083 0.6723518295165791 0.9670188327921874 1.2753135333399366 0.9848525045996649
1.1991860165182875 0.28132839249312075 0.0033569151291591515 0.005665021523328885 0.19406852988322268 0.02095732847785381 1.0284016397432894 0.7720271492213969 0.4715264213292043 0.5795529072687692 1.2682597060427274 0.28143228083647504 0.775204301895616 1.5956538349433844 1.07760188890694 1.1194576000044942 0.7396670123814927 1.0028791554646306 1.4263982683005447 0.9819849959942052 0.8564981451779525 0.8678594086118084 0.9100470581869595 0.4814577780383776 0.6954835753676091 0.9146039102233026 0.7534056357502612
0.8673114489419176 0.16907306371893688 0.003573748807117958 0.015678810425644677 0.08815609915201261 0.009785321484347301 1.4221238784119166 1.0695678244836795 0.6478119974638625 0.8033513817291974 1.7608882819107543 0.39122232666933804 1.0829350348458777 2.2404229172166086 1.4989445813442155 1.548139084314282 1.0212476108793862 1.374405135364488 1.952517157732821 1.3374512986660019 1.2086439199790828 1.1955121181348318 1.2639030943851712 0.6282546074074955 0.9407284218051593 1.2116955191300753 0.9238773299805739
0.9617488950714287 0.1915456979813863 0.003981812049952785 0.008253332912484113 0.17276234218955236 0.02284597942074111 1.2816188615412576 0.9640671338216593 0.5838701596831687 0.7240011048801983 1.586622719970274 0.352545460055548 0.9756818100284981 2.0182301990403713 1.3513315374010813 1.39601429440871 0.9211167879771417 1.2415230823466692 1.764658553369316 1.2095198698817005 1.0897894278474922 1.0792417044870855 1.1400886231479899 0.5687643289944674 0.8503576722952049 1.0887988730827864 0.8626102163317901
1.336922195459584 0.5463828984090673 0.0025251436816581705 0.0022477856536265196 0.18212606503625917 0.03873744338736529 0.9250651637514201 0.6990028438318263 0.42025854752397535 0.5178507270617253 1.1271246006173978 0.24830297202264892 0.6792615048889823 1.4095755514073252 0.9573966679044813 1.0110620504753791 0.6649081673376466 0.8969870707900983 1.286179113155119 0.8869538578005426 0.7796483678673031 0.786687011481842 0.8243751929178812 0.42628170866492116 0.6307954481676374 0.8123188090183002 0.6846906484639489
0.6815406594969111 0.12810866686981906 0.008518747468565305 0.027937764132145118 0.19986826401895752 0.0050016106894409515 1.8115814330364084 1.3619959323351056 0.8250634024140099 1.0233145444126694 2.2438834906748384 0.4984318333036764 1.3803370949946292 2.8570794767155414 1.9090320367687514 1.9691256305273122 1.2993844626955289 1.745546643086819 2.4787297740998477 1.6957930889738588 1.5299001076372087 1.5185657272276332 1.6062257810988962 0.7953175029223996 1.1933438025796168 1.5566432046375882 1.1248713777883332
0.48762061132328516 0.08926409492979627 0.0070113246670173044 0.054625623301117046 0.18425107852358658 0.0037965846777292633 2.5343639364007 1.9044855608884041 1.1538928771700299 1.4313449741846862 3.140419525620924 0.6972936766542883 1.9320696079902562 3.9999999999999996 2.6712435754328347 2.7479765874501236 1.816676677307236 2.439591597729522 3.4665175089647393 2.3683414742203373 2.107752886044855 2.121104050275638 2.2415742451705514 1.1101023197070636 1.6663742701310418 2.1919615371222316 1.501615814604975
1.3827132828538002 0.33261394464882316 1.4192625154176901e-06 1.9981080036506525e-09 0.13539653217164216 0.03651549965379881 0.8881234379445495 0.6666651937917384 0.40304161048395365 0.5003017467987475 1.109707364784818 0.2419335286027988 0.6708775692045298 1.395976693569292 0.9357281850247386 0.9679745074887075 0.6387335776579377 0.8722708519248955 1.2503385384937733 0.8549000019077025 0.7414067255245764 0.7530727699826443 0.7927781550164036 0.4095165924561791 0.6028575681062213 0.7687897601736864 0.798551365085081
1.410662228883793 0.45645420102452855 0.00017221400819027372 0.0014598042188554725 0.049825273253371105 0.029547243163219924 0.8761636731393716 0.665127557571111 0.39888384467294463 0.49136129146125324 1.06411318884221 0.23708075633419795 0.6411903475700557 1.3313190420790104 0.9085788621241923 0.9563634620165422 0.6295547375222071 0.8544213026864627 1.2242159643316766 0.8441493797976933 0.7404371877439284 0.743707524289681 0.7793933386110558 0.4057448803657469 0.5966953043321667 0.7701217415793057 0.6717070643510114
1.0645578817563857 0.22485025750347978 0.0021379432580228004 0.007905060878452441 0.12214481412817631 0.010764022376801909 1.1557052694610122 0.8696750412943856 0.5266549412201579 0.6528646705471632 1.429753226501827 0.31774427781452086 0.8786009694705381 1.8176200266616327 1.218135019601827 1.258394465771162 0.8312845813367379 1.1242458779559625 1.6009180922087776 1.0991177694437462 0.9753776685585397 0.976658132749455 1.02858055423907 0.5246710668716768 0.7754242652057173 1.0036020994707828 0.8106171603355677
1.0422706216225828 0.20924485322127873 0.005332764467031082 0.0004581067621560244 0.12289733787483698 0.009750839911805467 1.1826618094357872 0.8896556725497907 0.5386251936911329 0.6679055381986373 1.4645786691372762 0.3253474359755359 0.9010546265980405 1.8659669726794172 1.2475709761061728 1.286149301130318 0.8497926082367464 1.1476670206790578 1.6313616403525966 1.117898224777359 1.0051816036216072 0.9959493635879866 1.0520296121863417 0.525030774437653 0.7842369229165564 0.9922964230830124 0.8019321447232749
1.0672742788584124 0.2153778608653281 0.0019041974994398092 0.0022544793544330027 0.00016821900582382956 0.009849532290623856 1.1548933726310604 0.8686496016740317 0.5260159048435074 0.6522819710608774 1.4300540569379245 0.31761082082128395 0.8796781275884452 1.8224223556962869 1.2181426737995735 1.2560352193837059 0.8298966591289307 1.1211673725465892 1.5940581437231451 1.092603124796637 0.9815347198325067 0.9726969612128787 1.0271173594698335 0.5133111397304756 0.7662354743530022 0.9676433223420751 0.7889332279296797
1.2663097031823884 0.2788141065235121 0.0023548081222032734 0.0003781523092582904 0.19421989963602626 0.023618910256575285 0.9680320604559632 0.7294319493197058 0.4416828046084841 0.5474580387514043 1.198598186251392 0.26649092052915974 0.7372217709169346 1.525962841964521 1.0238567497245432 1.05464144545101 0.6984075649136201 0.951153437336597 1.3566958442307477 0.9319076567018941 0.8093996273810585 0.8210990264132754 0.8612806976316357 0.44385247475132406 0.6564402699645705 0.8392761626206865 0.7486512319883668
0.9862897322866921 0.19784814042664148 0.006813410349197453 0.0036481019428334293 0.18904515530512078 0.0074151252999563304 1.2512722643000431 0.9358340743205144 0.5697854915245872 0.7069639769303847 1.5578277001319998 0.3436899551783268 0.9538949438091898 1.9611748988928057 1.3195850620958187 1.3588154741617824 0.8966417893414302 1.2123352228434507 1.7260651103216076 1.1791554695041844 1.0639305658735612 1.0493660539598912 1.1099956358315575 0.5544830354508554 0.8256260777912647 1.0571732769201865 0.8346025872331674
0.787609803725825 0.15497225723905408 0.004847086347578789 0.022988467698426756 0.19306711217502626 0.02333812243062433 1.5797788675561701 1.180553098886161 0.7047975212104224 0.9013182981036175 1.9481130682956456 0.46224822743755106 1.173029550655076 2.445566090146422 1.6448836749911289 1.7150670508627979 1.1258092580693695 1.497134785873797 2.131688608339737 1.4664002777421414 1.3418699917590033 1.326320707173286 1.3644254406294303 0.6973227164393023 1.050106454950659 1.3675152478714176 1.006476997190454
0.6284673184789523 0.11717789749610702 0.007059286812584334 0.035451711309095114 0.19169223566911486 0.00660998486448187 1.9649736069197115 1.4771767452289268 0.8948862666466573 1.109951763185728 2.4340267788466834 0.5406759754946898 1.497461384632747 3.099941408410739 2.070687039676369 2.134688867989281 1.4091236837315042 1.892448137037282 2.6878007561486896 1.8379693287245997 1.654231371467661 1.6462802728209442 1.7411603429485192 0.8619285315109647 1.2935302889076876 1.6927211898567405 1.2050028257449246
1.4167294159002337 0.34683622723614 0.0010695767740479915 7.1398414520714e-05 0.07448476025344694 0.02461303563261648 0.8663739403921841 0.6516170178163536 0.39425560117031955 0.4890010711084716 1.0718558289509015 0.23803544412906955 0.6596421650822938 1.3699720566811149 0.9141991533047004 0.9369318448414689 0.6215728974636212 0.8533321592636891 1.2237164992789982 0.8385361752457263 0.7173011215912038 0.7326426684371538 0.7653391983094971 0.4016011497325402 0.589814370512156 0.7579228714528989 0.7012483378232618
0.957247407558628 0.189815568087094 0.00835900265996309 0.003736932299081545 0.18981243809035253 0.007328216367084401 1.2881168638242069 0.9688386297212359 0.5867607410390246 0.7276092016308366 1.5948946865065048 0.35432621387805036 0.9808761289725717 2.0299002509303947 1.3579559416206959 1.4013831570844395 0.9251357526843236 1.247596079291789 1.7732317084406415 1.2151117968660425 1.0937534665682949 1.0836923711625155 1.144769760147233 0.5716751035098728 0.8536913299749354 1.0909939812402107 0.8543504561826178
0.6049541890319786 0.11242811199447575 0.005644902053704426 0.03973139197032349 0.13866303423529677 0.005489274718463826 2.041619505685177 1.5347103669068802 0.9297554954760756 1.1532192517539042 2.5290759861235963 0.5617581415553686 1.5559422840983577 3.2213630810416105 2.1514320348442744 2.217456120287399 1.4639358391768837 1.965792745725486 2.791602990669103 1.9089677577786084 1.7164197621223003 1.7100819480728078 1.8086118757311456 0.8950900564370802 1.3435429836033184 1.7600566950154966 1.2445892232397806
1.1803364852109546 0.32049899106032165 0.002142386106086557 0.009292331567854018 0.18827587521029668 0.04739518165906261 1.0485053277784622 0.7850161157722064 0.47375472563866583 0.5873360262530034 1.2753598894678808 0.28371615904912917 0.781053588239419 1.6169388100176696 1.0879064873971696 1.1396833383287215 0.7495708100267676 1.0199247575528907 1.4559289168476637 1.009109787428272 0.8730798222570967 0.8867653991779464 0.9282573967292979 0.48670072516772306 0.7080659534552933 0.921617625333379 0.7572770138150866
1.381140117022677 0.33107299490327224 0.002695318389557659 0.0011211049234171287 0.15301023252778026 0.01610955025314783 0.8870076630303622 0.6679766140971809 0.4042249689893824 0.5007081375882815 1.0960578826216318 0.2381807005620293 0.6731562736039729 1.3941551779244201 0.9366442326310596 0.9640616234856461 0.6389516886316352 0.8745212772000212 1.2518041221666663 0.8605284377391965 0.7290303714933706 0.7510008882242736 0.784115090295454 0.41382900313661297 0.6061851199691498 0.783423471873749 0.719471961553182
1.219400611237879 0.30705433206864396 0.0029392322717338337 0.006834020231952997 0.19060791108203945 0.02326417270521363 1.008568457462937 0.7595340541631762 0.45947645131088305 0.5690297948810725 1.2441997573773185 0.27606038833958596 0.7614289385746501 1.5725538535414083 1.059352332217026 1.0995675163580112 0.7257547393271389 0.9852400412182659 1.4078406914632011 0.969215222427462 0.839826126085901 0.855049498985817 0.8952012713155652 0.4708777888982582 0.6866736681109047 0.8980345331456028 0.7444632957343901
1.274077956463563 0.2854237191737787 0.00015809491122929946 0.001567043378842409 0.061328196448540505 0.022028734048279063 0.9641758071206131 0.7257245619167626 0.43944866209013544 0.5446509307403965 1.1923598779391409 0.2650050520039209 0.7327959671138375 1.5163551912456399 1.0180895455955659 1.0514618510287788 0.6954203254383446 0.9447192099062157 1.3469810148929537 0.9260860661407803 0.8124503243731112 0.8185975237669472 0.8603482819639271 0.4406856384049503 0.6524362749371905 0.8313971955706173 0.7431512680473331
1.0820279644305495 0.23010340132550536 0.001999301477633564 0.008906764809449038 0.16739223255103255 0.012877918802853777 1.136134299456687 0.8554159358026114 0.5180052301759402 0.6420862763380248 1.4062241835220741 0.3125108696130602 0.8640745857114196 1.7884223644157369 1.1981728293449079 1.236826406606586 0.8175753424294203 1.1076496016964148 1.5785209657068104 1.0839159967147038 0.9524511434237275 0.960289488252948 1.0091110630932025 0.5193480335874664 0.7654064697403054 0.9942924084976338 0.8226824794805585
0.6044946907527828 0.11233827170993009 0.004791808096692628 0.040650359346747024 0.10739245759718274 0.005492991677094526 2.0431667536741505 1.535871871423202 0.9304597775595959 1.1540934935130025 2.5309914100270827 0.5621853569689904 1.5571302774894138 3.2237071511257933 2.1530804290718475 2.2191128915831 1.4650463772116558 1.9673263694177434 2.7939488864036344 1.910485315749037 1.7174909706332313 1.7113757747204776 1.809933773587044 0.8957793291089773 1.344586863940935 1.761492557078979 1.2456424154755734
1.1437244343050788 0.24639860945822623 0.002549114118791174 0.004271557634442975 0.16354120318295912 0.011935770592954373 1.0751681905455943 0.8078337905265855 0.4888742484820035 0.6074075571239325 1.3297141045326717 0.29574046345542376 0.8185864793750837 1.6931851227564427 1.1338153983174863 1.1655421979691651 0.7716580883405227 1.0507205764723928 1.497508502989017 1.0288228805302155 0.8941982370965974 0.9063511681726895 0.9514270483191788 0.48925582898209313 0.7238685490119207 0.9311263154804212 0.781342179650904
0.804333297811573 0.15495755186954677 0.0063120842800276885 0.01842326819531966 0.19165003044932138 0.00710779083247949 1.5337731946921362 1.1534661297065936 0.6986836128048647 0.8664673921438963 1.8992557458066284 0.421985754573729 1.168175433099821 2.416795101454533 1.6163685596599484 1.6688187470340639 1.101001199524138 1.4806840909735597 2.1033557833586176 1.4402496785050853 1.3010465608465571 1.2883072471109616 1.3622239608228646 0.6777883152069738 1.0135644167315607 1.314145959688627 0.9805978145273889
1.0517185734785752 0.2184383945674987 0.0027527131876516164 0.00615948283767544 0.09004224307474573 0.010497552759971534 1.1709075139895728 0.8809695106172195 0.5334877754834364 0.6614054065331922 1.448998730744426 0.3216846549262965 0.8902703505797566 1.8423234810529205 1.2342011097218508 1.2748339850456456 0.8418844497460614 1.1370427899562863 1.6182804188186397 1.1103944905876335 0.9916929569586997 0.9883871747712158 1.0422775831531121 0.5252673914231717 0.7823220323637653 1.0041579346316938 0.8022619822349893
0.7982238776775833 0.1700910289057927 0.001167213081716799 0.03414723608084661 0.021477913812452273 0.012982385981297239 1.5466199931807967 1.1639537145783776 0.7009042691167094 0.8727182339283814 1.909331610947952 0.4208808252050741 1.162488941355966 2.4635109959907475 1.6096907106111158 1.6667264636003083 1.1058613502151442 1.5010615369971507 2.1371298193836394 1.4691610722350368 1.2652430031334723 1.297667335916994 1.3517172404118731 0.7026612212040272 1.0328946136013564 1.3594620627868284 0.9936313896333999
1.1540928056175952 0.24896599169135475 0.002891050942621033 0.004328873505993317 0.15790871733826417 0.010618231394236486 1.0654223145720607 0.8017153588033873 0.4855192700547457 0.6018958037308142 1.3182106910927873 0.29303444601237105 0.8108524707233634 1.677588976510753 1.124158152697201 1.1576880238455771 0.7663742282860269 1.0412741816484257 1.4839654799678546 1.019761514976854 0.8907611070284075 0.9008096239941142 0.9461165320308926 0.48565680368845277 0.7185685908584375 0.9248441728209273 0.77519284300216
1.233074118667732 0.2920468154645667 0.0018883872236930383 0.008000428899331858 0.1869176037785476 0.02093383131748945 0.9964371899175498 0.7503450240885597 0.4541302323224952 0.5625188420123066 1.2297031199577373 0.2732920818545554 0.7542863965990377 1.5614845076261332 1.0497492151964802 1.0863729128875972 0.7177412872315344 0.9768662688799885 1.3964239483349683 0.9609282744078509 0.8235845636907773 0.844112062735255 0.8820110681734238 0.46341853579710746 0.6791840876427597 0.8849518098637785 0.7742859456086537
0.6083755334590313 0.11310910159062264 0.007233897929187379 0.03771528041875764 0.19855389312358337 0.005564134662025032 2.0300716777284036 1.5260488104890289 0.924509185260845 1.1467088261653378 2.5147459970711976 0.5585877962451481 1.5471455961224052 3.20309305665596 2.1392825227802743 2.204969422353937 1.4556936621619772 1.954769383086773 2.7762093673022705 1.8983006633533983 1.707005809922567 1.700484409910181 1.798454361433695 0.8901066946182883 1.3360203283174457 1.7499592283202996 1.2384994392029745
1.2638692161734928 0.2835416922426001 0.0025467084936021175 0.005280210819088344 0.19351242406613461 0.0152232475089201 0.9714572186284136 0.7312485099947095 0.4427163490547531 0.5487087183615064 1.1989539058950724 0.2650868876055186 0.7362404912348183 1.5271404650927765 1.0261302577169653 1.0566543458845776 0.7000619866799858 0.9551271402106836 1.3673749329429021 0.9385774138256525 0.8024540074970984 0.8230695887248585 0.860523538089475 0.4489816238032044 0.6622272245783066 0.8573635164338528 0.7674647134875577
1.4599742123079322 0.44927092997802465 0.0018568996390913024 0.00509499129026525 0.17056429697876413 0.013965755958959892 0.8394331388381686 0.6331278409592597 0.3834547501779031 0.47393638660535653 1.0345694375362553 0.22916934399804742 0.631024545076951 1.308836251663285 0.8845288129565125 0.9168241551262867 0.6045319982846944 0.8293738295102296 1.1897159251986966 0.8196311176997638 0.683416993596776 0.7127200970442843 0.7406465789374352 0.3964350602286131 0.5773181776058716 0.7529675962470992 0.7258864213569546
0.9041009930155729 0.18003218532112225 0.00463981736399987 0.013421412693506133 0.19269412842311856 0.012025793736474706 1.3627467196608873 1.0252802247996915 0.6209790344109101 0.7699508750925621 1.686708928207281 0.37489455499689317 1.0373419879861983 2.145987100485895 1.4358554899510259 1.4829467647853163 0.9788697397119959 1.3190106226607237 1.8755407988715531 1.2861395844298094 1.1535514763917918 1.1473670928063335 1.2111739655809424 0.6132546488266433 0.9067563890523761 1.1778297987491473 0.8990794534141835
1.3745481731291738 0.3254638566840354 0.0001936543146277702 0.00018392041375865498 0.011306578099133564 0.01819263436109411 0.8932315097669472 0.6724674709574006 0.40704756042538726 0.5043686733201606 1.1039625684189684 0.2452938097174569 0.6780795546731397 1.4039517777347854 0.943350619367233 0.9739899468265666 0.6447171968431932 0.8784481297092473 1.2535396794081228 0.8627647392168959 0.7483535121072649 0.7594433184237338 0.7964970771414073 0.41210990111491186 0.6078979259645831 0.7754979950413914 0.7000703003294438
0.6495727823314463 0.12147780485478275 0.008067024060836783 0.03194951903947098 0.19017499580804162 0.004501226130754234 1.901015447695458 1.4291447025454964 0.8657662950777546 1.0738223867052803 2.3547697952290005 0.5230672385852956 1.4486430215643924 2.9987845841245204 2.0032786287466524 2.065690260156573 1.3633360125342247 1.8310902140679206 2.600255629948573 1.7785236806013915 1.6027366628955613 1.5929446578904378 1.6848833534474312 0.8340160318258666 1.2515908092397732 1.6356025051251937 1.1715310326210908
1.2480070616172374 0.30975355133005833 0.00247521854840001 0.0059739638038100226 0.16021033411383337 0.016690688027703664 0.9864564881740548 0.7416898261483741 0.449080147880741 0.5563650073571274 1.2200361104779582 0.2697641059366168 0.7453538586863258 1.5500432724640618 1.0338698373673119 1.0722048848094796 0.7062734018736916 0.9619706009460436 1.3741710522424153 0.945927416186804 0.8174450117393233 0.8353751080299177 0.8747198215374316 0.45423367545327603 0.6688063268013732 0.8679006072586634 0.740789580759364
1.1557881405613208 0.26964386222894066 0.002371712140154251 0.004369301301532027 0.08629478100998571 0.018268752703914967 1.0652120746249971 0.7986471184710436 0.4838640273755398 0.6003522663506131 1.3183802081122373 0.29194412401916053 0.8124753367277628 1.6767050693372239 1.1185566186588793 1.1601509239014558 0.7660979123172619 1.0380782625752725 1.4819548884214349 1.0171988940235843 0.8766507909286109 0.8920795896153108 0.9368925861216075 0.4847679829591172 0.7151814804933734 0.9231863325296615 0.7455461113967271
0.7256763163966861 0.13757605966265837 0.007084231911801438 0.024909735849010448 0.19865365749769376 0.005947787268679853 1.7009489734458298 1.27895276823729 0.7747294039782462 0.9608479800555098 2.1066443839327484 0.4679973785221871 1.2958382512075846 2.681328508658703 1.7924663296727046 1.8496905538776853 1.2203599635591216 1.6399862180987328 2.329048041501698 1.5937622052079474 1.4388662870255775 1.4267712083660604 1.5089134859335809 0.7489816502641852 1.12172640314636 1.4602598487249043 1.0667157150709652
0.8154989538841512 0.15709873717498535 0.0023438146362908 0.02109872894483867 0.039601802601556414 0.010844771061170787 1.5129466293726004 1.1377583218016345 0.6891424170957067 0.854648481040083 1.8735583629478123 0.4162352192397429 1.1523230383524197 2.384247669342643 1.5945644627207123 1.6464085948078582 1.086059148029549 1.4607195229863519 2.0746428387637015 1.42063274266659 1.2844807253358936 1.2706912885604056 1.3437514310465237 0.6669164052366531 0.9993229423478102 1.2917493466344836 0.9722678513394037
0.8997915651109274 0.17597266517145205 0.008996634286361807 0.0072150790160985 0.17748066409054308 0.0037609295758345507 1.370749044730487 1.0309564232516133 0.6244068216814916 0.7743197438182352 1.6972889599190437 0.377078820870788 1.043791951505696 2.159484318766431 1.4449985829176835 1.4926212930141052 0.9845774164442151 1.3253593606208245 1.8827211771463173 1.2897538578062893 1.166618752415656 1.1526177874719885 1.2186122996826934 0.6055245826297899 0.9065708370762597 1.1630221631349291 0.899471535718095
0.8197979615963172 0.15783822410891565 0.009503332422279296 0.013335251506036247 0.19797607367927875 0.003961759305587567 1.505114827439157 1.1318725858366945 0.6855726240897707 0.8502211307034643 1.863892336778164 0.4140763888580064 1.1463594734534341 2.371833833623096 1.5863198158821576 1.6380336181406008 1.080444858454392 1.4530704747026724 2.063682107908204 1.4130663263831824 1.2782879241932423 1.2639921501902605 1.336717728292813 0.6631723548699082 0.9938164281434143 1.2836716662973509 0.967789050320338
1.3865119600619886 0.4509579173822461 5.648501047832989e-13 3.4577518429372918e-09 0.03834285552018199 0.020265227548347902 0.89081023260796 0.6746259701622135 0.40448685417163655 0.49742700899095843 1.0798885577708306 0.23848606133761077 0.6507852087240178 1.3513748316606922 0.9243258583192148 0.9722790202133305 0.6430738150609441 0.8665884551958113 1.2389101061202021 0.8552965812823111 0.774442385762453 0.757968127949529 0.7984589528475059 0.40894473238269924 0.610524037949494 0.7754946718690982 0.6730356934072379
0.7311847116347007 0.13868597326101023 0.00687255025472579 0.02449662784014876 0.18318609282979087 0.006220611413251298 1.6880981716870518 1.2692931947340291 0.7688805192352623 0.9535952277524609 2.0907332406231274 0.4644697082583196 1.286104729939176 2.661327699465411 1.7790136340191858 1.8356068848783693 1.211152351688432 1.627858057255232 2.3118646981374096 1.5821793902062278 1.4280197607787724 1.416056799685334 1.497536396633255 0.7423840518408922 1.1133465777183251 1.448317386087632 1.0600581777431362
1.3054010337440338 0.3157537439553942 0.0022061391651983188 0.003172766995160139 0.10624224564293033 0.012270716841690748 0.9409411951215472 0.7086210919416098 0.42896034253413706 0.5313091096976951 1.1626385284493281 0.25831635916983475 0.7137672303645056 1.4772524402723455 0.9918767099771904 1.0236710297071099 0.6778014887479342 0.9239014283838377 1.3194443591274478 0.9081844685454393 0.7810231498782352 0.797927816100073 0.8352142030812059 0.43529931320134363 0.6412125029128228 0.8274485312533186 0.7234243513195561
1.1813981126082278 0.25800263888768676 0.0034945496826129575 0.002362600069363607 0.1690473453753918 0.01957445994550796 1.0401378883209638 0.7831241448928168 0.47396372369390827 0.5873727655202999 1.2853717949233392 0.28582033509372406 0.7898915748359185 1.6335004267855133 1.0973823619122793 1.1342835717812139 0.7496259987275778 1.0165137232949668 1.4489584173243408 0.9957951644125425 0.8762316452907016 0.8819546614371249 0.9271827174813632 0.47368798355570935 0.7031777336927325 0.9073921477134892 0.7557577266150846
1.2553408500660104 0.27920606421746935 0.0014691672734327642 0.0035454573135125307 0.09210586874486133 0.01260775671741744 0.9777670940765844 0.7359345914329078 0.44562202616314994 0.5523322396961197 1.2091490948605317 0.2688358754758745 0.7435177557473804 1.5391923315082308 1.0329830144512322 1.0654124507315252 0.7053956051723798 0.9598011544804355 1.3693699173526341 0.941711059654692 0.8182437766378852 0.830278565531809 0.870989659092067 0.4493608039980182 0.6641450409835135 0.8535324667539791 0.7506996929049681
1.0614363892922758 0.22118938111080735 0.003148669536932423 0.006520013746301876 0.19116874359668856 0.010879361515050142 1.1592398078710102 0.8720739311529534 0.5280858162381799 0.6549195648780598 1.4344231013523696 0.31883474110615206 0.8820696561221635 1.82481785782342 1.2224833391769545 1.2616023527523283 0.8337977670634829 1.1283900781532972 1.606565965308008 1.1028668559032007 0.9773555625214049 0.9792004645556327 1.031186672926814 0.5245901341994719 0.7771414249239247 1.0012218724954676 0.8152429842998399
0.9122456454244585 0.18031107954512604 0.005815771326581368 0.010468089838778342 0.18858301786793225 0.007164592671066014 1.3512259469861947 1.0164213320280269 0.6155975249357968 0.763347996894127 1.6727320766663087 0.37171443780889496 1.0286858095868439 2.1279973798071903 1.424257441713785 1.4711514168820796 0.9707720697988403 1.3076590932434091 1.8585731420796712 1.2735270684321192 1.1473263551410593 1.1372177751067536 1.2014329186991806 0.602972667982423 0.8961542668641082 1.1558424232406712 0.8880345728834276
0.9200189515577417 0.18172431936649452 0.002929254114635488 0.012292640745982426 0.07061852850735068 0.00988097078678277 1.339029534166008 1.0074533359699698 0.6103923388812273 0.7569495743212837 1.6599007684719145 0.3686257488380391 1.022297527888186 2.1158038047358665 1.412118001147383 1.458895122062847 0.9624673017714437 1.2956413181217854 1.8400626317012598 1.261506924946021 1.1401225928859762 1.1272687050630288 1.1914985040418424 0.5933067327735171 0.8876435638377211 1.139166173711908 0.8824266218774407
0.9074293569639483 0.17780078550238987 0.0027825895911231273 0.012913842144963156 0.035619345860890286 0.008507503760162826 1.3590389633591038 1.0221929977966828 0.6190921205097755 0.7677388933632104 1.6830040677395333 0.3738769018732721 1.0349627714081935 2.14140678865939 1.4327762364152448 1.4794228511991319 0.9762047706407454 1.314607763813857 1.8676881185031504 1.279516542316755 1.1558093903220126 1.1429819406550616 1.208152202640691 0.6009462459796453 0.8993303441975201 1.1532522643812166 0.890967128300136
1.4488634249090986 0.47677570153425947 0.00021077852046167555 0.001028253316147506 0.03812516403308379 0.022495671835686345 0.849895502852732 0.6414484104959441 0.3869790884020276 0.47783390608238974 1.04152531327744 0.23040725906751455 0.6329592600256592 1.3115774191601575 0.8884273387759842 0.9262945902320048 0.6113275719350334 0.8334838954709815 1.1933642415295231 0.8216921617918614 0.705927390471561 0.7215487721372842 0.7546763186470423 0.3953941519425508 0.5808951649444506 0.7458722736779091 0.6689957544590569
1.1679111293440856 0.24871279704784108 0.0003585238736696595 0.002059950028590042 0.029500215944130735 0.017356473893253076 1.0534035234212236 0.7928200935375949 0.4799425303954278 0.5951158291707271 1.3035004831700114 0.28957510826439653 0.8012575290996298 1.6576267106052378 1.111547030549021 1.1486125192372958 0.7587600692973423 1.0269098003478778 1.461977813155204 1.0037782988416872 0.8938338447412 0.8914861313754803 0.9397218576138253 0.47456466573689327 0.7061127539759524 0.8953999516129482 0.7561524541015455
0.8626868571755821 0.16818701437706854 0.004609753012119798 0.01506605472405763 0.19177372982007254 0.022795786824152155 1.4297231488557332 1.075296344151669 0.6512791706549138 0.8076521607138532 1.770250119964982 0.3933118514882122 1.0886437546638568 2.251912047612192 1.5068829702309345 1.556826603979396 1.0267770471216324 1.3814070206727724 1.9622838491466574 1.3442218097115473 1.2159964286737712 1.2020281174423466 1.2710066178082184 0.6317069442635884 0.9457027569094311 1.2191236764553983 0.9397419470598064
0.9792475010730985 0.19523722033687044 0.0018835338904159735 0.008780765897801487 0.016616643479762043 0.010757183893955042 1.2588938868504356 0.9469647346264691 0.5734993080681742 0.7111497537902582 1.5587294727541112 0.34627171839979504 0.9583796620946443 1.9827372738317355 1.327365297679457 1.3709835188307122 0.9047675088643005 1.2195698227872034 1.7332614487540245 1.187999547106185 1.0713371553289823 1.0601077541692343 1.1200790958985711 0.5584540942632398 0.8348255354854588 1.0650419453982334 0.840913529389771
1.1845498842939493 0.2789352272919133 0.002415912500167066 0.006839910127460982 0.17099752737656485 0.03118408800446986 1.0372980724325167 0.7814614317117007 0.4727300693498412 0.5856321328347623 1.2813117003413814 0.2845369837155054 0.7854648359362189 1.6227991649060416 1.0916389986061699 1.130876535541792 0.7470318944032099 1.0131336430589646 1.445946728251456 0.9958095508696693 0.8678316717165231 0.879363919508398 0.9225242023185081 0.487683222508599 0.7040870612294031 0.9210839758752987 0.7619965822399697
1.2471448055547507 0.282677034058553 0.00011945331105889346 0.0023149889695852277 0.004039755551150823 0.018270590344875135 0.9858391229055465 0.741843895672148 0.4490004963745521 0.5567607066151465 1.218749978481514 0.270784124018762 0.748403698221279 1.5478932147463424 1.0395262937015588 1.0748158205215113 0.7103332498253663 0.9637801081672055 1.3739800020186947 0.944656171977632 0.8311044648059828 0.8359304647974669 0.8788680813999509 0.44935888774052535 0.6659109548865941 0.8491255146008944 0.7240744071019417
0.8808593922621079 0.17236390613109143 0.005474741366193831 0.012775710549743864 0.18698546882538986 0.009009239613727963 1.4001432541815386 1.0530776130596107 0.6378161599206371 0.7909397493742057 1.7335807940025623 0.3851631889493983 1.06608268218227 2.205196406877148 1.4757460193480623 1.524569637427793 1.0055970347952932 1.3533889466595974 1.9226523327147451 1.3171851965747357 1.1907288716643003 1.177399592336314 1.2447533855126163 0.6191074210767565 0.9265428195843557 1.1926943859878314 0.9129189084052958
0.6586792752268114 0.12340207954778977 0.007748677412035816 0.03129994701356849 0.1976272283740475 0.005095422918373417 1.874552949136571 1.4093097482105124 0.8537533051340954 1.0589072525118968 2.3218421612977265 0.5157958188388603 1.428414851236187 2.9561637492951824 1.9753809810493588 2.0371884922618455 1.3444958864144405 1.8058801238219035 2.5647274010724943 1.7542914229804654 1.5809440564852357 1.5711106395114587 1.6617012705562073 0.8242356376166332 1.2346469700353508 1.6135067870103312 1.157259611430951
0.7436369835715985 0.14154228738421612 0.005582531722049683 0.024736740886387224 0.1454313459079134 0.006468372106503704 1.659474462470341 1.2478862408207874 0.7559215175090517 0.9375014694128447 2.055154319754376 0.45661492302121975 1.2642007072692136 2.6159765881023973 1.7487425310840767 1.804878930738802 1.190832930769187 1.6004404700170793 2.272989876140182 1.5558198011465647 1.4051344545781663 1.3926090836002185 1.4727943015435814 0.7331772843012743 1.095058973683839 1.424929179902696 1.0453778282938688
1.0114103138108905 0.20851380360157348 0.0034751288991589206 0.008322249115190692 0.18497838199488817 0.024187605295951164 1.2171916563793266 0.9154310381080256 0.5544562055419081 0.687232404841559 1.507621662105647 0.3345988665929081 0.9253462313915107 1.9087474083992568 1.2826443771597889 1.325231270570065 0.8749197900590029 1.1812256310290221 1.6793399991432627 1.1533442321379967 1.0311722198597761 1.0274236227643851 1.0832940991091242 0.5698147059572436 0.8130475164636608 1.0564406038430343 0.8353094894559882
0.6202822942440012 0.1154988572253464 0.007670209199307153 0.03580522752202471 0.19835223771312185 0.005875007470997417 1.9910049090820896 1.4967152488771869 0.9067181534114551 1.1246362297744879 2.46632096046564 0.5478294332043733 1.5173312641167216 3.1411880596755193 2.098126870660079 2.1628335742552425 1.4277430678857255 1.9173213295304143 2.7230671185618474 1.8620362370185886 1.6754233421958242 1.6679215047504514 1.7640516291985722 0.8730993613982837 1.3104274501357682 1.715439329029921 1.2182555453414114
1.3855523122960454 0.3220402925276631 0.0004430997460611825 0.00045494051797249257 0.04297358918077216 0.018837589182494802 0.8855386586824069 0.6666834415236783 0.40361995851339905 0.5001969052888008 1.0948999853226227 0.2433965186632116 0.6731712347538719 1.394011689482624 0.936233803236111 0.9649123755449938 0.639447069267448 0.87242900374014 1.2456374311650908 0.8569521514819952 0.7397451408007113 0.7532021666047908 0.7893827555748479 0.4096775900636364 0.6037140483283254 0.7716788151092869 0.7127299363007733
1.1501816499175452 0.24480665231344098 0.002807765680618178 0.0021858104730613608 0.15506761283035037 0.026014871139659806 1.0692646507008656 0.8042939644720712 0.486919829543915 0.6040321700499576 1.3228683644337749 0.29400360845703893 0.8131607023760701 1.682090501666974 1.1282138549402583 1.1650655108813215 0.7701447089838945 1.0430630565499777 1.4855376458445595 1.0202991329879145 0.9040327753496742 0.9052219752677055 0.9531514146021398 0.48346519838996443 0.7186013149461052 0.9182404863440395 0.7689959480512426
0.5837745749525814 0.10812532826675891 0.0077621733706294445 0.040248327176546715 0.19873668061293964 0.005236999379389418 2.115864740522444 1.590444659720434 0.9635438796858186 1.195147820152824 2.621148655696978 0.5821980891976282 1.6126508806144229 3.3390767952069 2.2297627318383926 2.2974475397951717 1.5170767981130981 2.037072818301359 2.8934150219675665 1.9779696300478424 1.775992077641243 1.7719104267631167 1.873842673552131 0.9272589956595595 1.3920189459238204 1.8251148602491967 1.283469547639553
1.0513510177270065 0.21617387642917177 0.0024173417464638763 0.005972815796712223 0.18157128229508648 0.021409974590125266 1.170981255022554 0.8810542575818 0.5335810546606179 0.6615518074348621 1.4491581668147417 0.32209388056394483 0.8911667892517267 1.8432446597110823 1.235140344321667 1.2755507432827613 0.8423951689642739 1.1383010496705175 1.6195592205539633 1.111241848379276 0.9920391704022778 0.9884890550838631 1.0423388204564452 0.5251721457657159 0.7820054715977982 1.0018435393890164 0.8225458959764284
0.7154672487557702 0.13539747378204547 0.005834729196579764 0.02716633505635506 0.17554978079696798 0.011682796216476584 1.725316504531637 1.2972437638507361 0.785813002851667 0.9746041955078213 2.1368414737882726 0.47470341295066204 1.314423927630787 2.7201798929778067 1.8181174741031396 1.8761709431946925 1.2377882912610503 1.6631016572795996 2.3617629164991394 1.6161231746602807 1.459730244555809 1.4470640669206098 1.530613451909132 0.7583392091039471 1.137360970770034 1.481031282503629 1.0837099260526104
0.8389253447462833 0.1627061442447749 0.004857952334743627 0.016823085953458064 0.14333231377168773 0.00891392895611659 1.4704408752038522 1.1058754598815703 0.6698181959644902 0.8306523987924891 1.8207375453618762 0.4045255442564119 1.1197655241682902 2.316503611338346 1.549717012054061 1.6005777298401251 1.0557607256403618 1.42026113130514 2.017470592476006 1.381743452741182 1.2490789867837224 1.235667933299641 1.306530438366239 0.6492235529265563 0.9721532517684044 1.255415072409165 0.9483634208572829
0.8030975803887528 0.15438627230320043 0.004995356074117291 0.019602931094437413 0.11447080476551924 0.006523274150681915 1.5363788042614497 1.1553468446915198 0.6998078534262934 0.8678815926119163 1.9026389259201366 0.42268572167465707 1.1702540826185248 2.4216717457745007 1.6191520134705837 1.6710068333157975 1.1025523827929504 1.483227857241829 2.107029463752931 1.4425612311177989 1.3025073175013426 1.2900250241883455 1.363960902353411 0.6775853150377643 1.0148154667641978 1.3138298591000555 0.9816789641733543
