0.3595554615758655 0.5153312877708554 0.034233566039702214 0.058140434910332495 0.198704594095617 0.010683983883852314 2.5334953824388133 2.85726543695071 2.712046758724874 2.8925478359157792 2.490001878882551 2.308889327580497 3.195037735877869 2.5542324243340118 2.7438995313427377 3.2045768873508864 1.9280675042345792 3.139576579148913 2.7996003623813275 2.690763125255437 2.72232091271645 2.690810166340935 3.207029567433202 2.4011291988813346 3.061802914977009 3.006466876554726 0.5941428467677088
0.3753271672179398 0.5488850049538342 0.03413161148878522 0.052118420274378005 0.19862396016200926 0.011107380036621841 2.4243246368235267 2.7317080487540255 2.590244126953677 2.7660818509820575 2.376586662479927 2.207015930388343 3.062627193162847 2.4561486157175674 2.6448858526963184 3.080915334234808 1.8654205976749412 3.0196046848060436 2.692326563003344 2.581731555564696 2.6099491681287965 2.5756144130628615 3.0650654561715465 2.289758137313875 2.923427541451612 2.864603242529682 0.5819632909298064
0.4285620801306432 0.6679416153701473 0.028937566685009103 0.03985616870291485 0.15391962969274334 0.015368389004134595 2.1179937365703774 2.3832348070256515 2.2519051394600784 2.4057079256285623 2.0670058481969247 1.9262628081132336 2.6840503013973045 2.1851712431761845 2.3680055756942084 2.749432000308096 1.6760069377230142 2.682244166687608 2.3869513400943108 2.2774323677073878 2.2871776060035156 2.244519164238159 2.6633064852083974 1.9578295243619666 2.545583418985239 2.442566887142217 0.5591155668365662
0.36578719339814664 0.5290044024797041 0.03147259429003412 0.0584065538998645 0.178713496639485 0.012222049769588227 2.4884851414070055 2.805972964692232 2.661540942371233 2.84025243282188 2.4424754119014844 2.2647805743015126 3.1435449038305117 2.5129939867408546 2.702843073298605 3.1597480423774837 1.90162458839647 3.0928183587258324 2.7562306680919075 2.6465230905657755 2.6762119184274 2.643461284365498 3.1475393180084845 2.3569757688568584 3.0011436982272524 2.9485147903544124 0.5904928794654308
0.3770535722855431 0.5524890872162707 0.033888739234625674 0.051672812589436526 0.19525292285673634 0.010995673688852646 2.4137022827106844 2.7205788945303553 2.5795864666509725 2.7514295753083426 2.3671139452284953 2.1974299449299854 3.0442050788895085 2.4457621537983822 2.6339802536591645 3.0716911472749064 1.8585113702596698 3.006904963110113 2.6809973306723753 2.5710256262856466 2.59705607826368 2.5621960969807924 3.049358231864051 2.2739497844426775 2.9138064955735543 2.845794958554612 0.5800307749086622
0.4221718288695711 0.6538573748428941 0.029175256666680627 0.04120614608535168 0.15643684632585994 0.016726545520124692 2.1467781962464807 2.41636112680459 2.2849204489822945 2.4409207668242225 2.097695124648042 1.9550212886280016 2.724086835096099 2.212177380741516 2.395538277419171 2.782603225321604 1.7030592410583167 2.7131254894024424 2.4170959181357756 2.3047160391672663 2.320321897664383 2.2794254406589705 2.7020792767919897 2.004070778405796 2.575318138108596 2.494880243507077 0.5637048720165493
0.4142282432631954 0.6392878794122618 0.03345029224244452 0.039288217522088054 0.18644995189395558 0.014073451181595626 2.195607950085219 2.47005572712907 2.332064354779494 2.4905293814213185 2.138431244293902 1.988825060565283 2.770795589686702 2.246512456297097 2.4313140421724437 2.832519387783926 1.714769586420352 2.768114882572164 2.4602127596061343 2.353368615536214 2.3622576623153035 2.3211068393404894 2.7630313149719075 2.0218796013888505 2.6452804528706215 2.5504130916293124 0.5580934781353102
0.48468586164001276 0.8128268615542047 0.035592802342777 0.017760104319405213 0.19635870305606976 0.015256281961286144 1.8583681954352658 2.090554542529478 1.9686732858629516 2.1068677598811436 1.8104437823012178 1.7002305020075135 2.380549965868993 1.9658434131814413 2.139561347060096 2.461181195844021 1.5333343409319276 2.3877293098779884 2.12703784749416 2.014461605232364 2.0199288565299547 1.9748222454395332 2.3313301927544128 1.71292914793196 2.21605086139926 2.109047752821654 0.5509340973334813
0.41720660475880517 0.6450146908454467 0.033831532243674176 0.03814928660487317 0.19095643904018203 0.011859104389568408 2.175111940181087 2.4468927214189384 2.3150367938253575 2.4688881584974793 2.124675834896959 1.980474351742273 2.7460247356557446 2.233593422242348 2.4174865037852515 2.806516066655372 1.7194432103088209 2.7419905162606892 2.4447961546640378 2.332824797996964 2.3497421493798383 2.3095679230055337 2.740143379979243 2.030088331109309 2.613728462784303 2.5336774683770806 0.5607091299551492
0.45733980752178366 0.7403735954343751 0.035217847563902914 0.025098156647302305 0.19542480129959744 0.012591474641567622 1.9765367020420193 2.22245318898938 2.097538429654263 2.2422364157653827 1.927302954482405 1.8035284335768613 2.5158470578749097 2.064860393918263 2.242767966942963 2.5877248721901567 1.602906524628802 2.5173854190376734 2.244679403577103 2.1315118785158256 2.1420436620604426 2.098426212577829 2.4815839072344823 1.832741321641746 2.3603558320326465 2.2714157698231205 0.5525499771635985
0.4404704226792687 0.695868708193307 0.03421896006830993 0.030719844239340995 0.19025996742228377 0.012607861608099041 2.0550540009458795 2.3125144916502474 2.18570023622325 2.334798183890374 2.007855792246121 1.8755247413722063 2.6109842550012603 2.1338296529285445 2.3136105558071085 2.6755389552669886 1.6491481188020667 2.605862959040541 2.323233004312622 2.21017562231817 2.2233201299188785 2.1809911217184603 2.5820754192204713 1.9116946125563417 2.458504852070831 2.376477597527406 0.5552643468915157
0.42531182777176463 0.6598292045382617 0.03484824084038045 0.034527113247475094 0.19613243834670907 0.012272552824704382 2.131711746735574 2.3990592501049064 2.2672002456131883 2.4224112404883646 2.081700405931292 1.9410933322408161 2.7027160217592057 2.1987022001002527 2.3811958294876936 2.7624124031235446 1.6931271713614051 2.693929088817921 2.400250593037299 2.288291536200282 2.3027240179619466 2.2613497686655246 2.681350869524287 1.9835650085418564 2.558091240217663 2.4703862487429618 0.5569157711021898
0.44275911655821143 0.7026658160414607 0.0362327451955548 0.02858459340770328 0.19322769080019073 0.01192220177870666 2.0501267826910956 2.3059006537135858 2.1789002743447283 2.3253293412392044 2.0004886424844632 1.8679746461273259 2.5981119314990746 2.1260518603299943 2.3065064162536166 2.666214079984597 1.6352240855018867 2.599949999052756 2.3180849830101797 2.208564822487875 2.2162407557847956 2.17295725976774 2.5756734369399057 1.8917772211413282 2.4591751471037284 2.3572940390054766 0.5523661529178889
0.44644496321828503 0.7121445577122559 0.027234417469389698 0.0361173241841958 0.13866133438059267 0.017956775965594286 2.0262654853743642 2.2788472277425966 2.150238642663706 2.299925988553142 1.975362097093258 1.8460340293850286 2.578836206123411 2.1081647687615583 2.2884318760501143 2.6492541579260998 1.6333480344981854 2.5779331006872117 2.2963754894279793 2.1832882105510114 2.1945808950116805 2.151255188267073 2.5457371369137225 1.8808592138172064 2.423583091729684 2.3300171966407257 0.5603693722764025
0.4282523097946783 0.6669123362517126 0.03425183771868387 0.03427678380482331 0.18508554656160706 0.011829460236004237 2.1172843317479506 2.3821406351759244 2.2509007795690645 2.403828982511233 2.067102818348755 1.9288639929034317 2.6828663062850135 2.186073685161115 2.3679952880840474 2.7454832638006867 1.6840873816582802 2.6775125209004815 2.3852721124221365 2.2734405515469462 2.2868557951147133 2.2449421922439434 2.6621628296466686 1.9660836992578639 2.540783819401437 2.447981909754442 0.5560957327774637
0.4738842028690675 0.7790511843373983 0.03397508093697987 0.022175544642081307 0.18816119131578235 0.01621755413194845 1.9064919007724899 2.1415243813553286 2.017438434109574 2.157402734917338 1.855930702780219 1.742327050829307 2.4286594683613973 2.0061994720155742 2.181759820610353 2.509663434949973 1.5617502314639407 2.4399688019629164 2.174787023593179 2.062301029055567 2.068762224319379 2.023185725225819 2.3912063426618912 1.753641742563444 2.2765763601170255 2.158854458782037 0.5511304366786074
0.4415890635512182 0.7007344737302671 0.029173944906260445 0.03557238460129554 0.15369527521477025 0.01643602344206491 2.04920072161946 2.3050903238541 2.176554495542351 2.326359659103631 1.9993296669880183 1.8682025967664793 2.604107092692258 2.128152708017694 2.308939763988541 2.671424646658447 1.6479250346957441 2.6019485703782554 2.3198814911933434 2.2065861472780157 2.219252054835068 2.1763308579797367 2.5765071537331568 1.9040274369477328 2.4536288954565664 2.3636890698565494 0.5586015862156533
0.39062777805921073 0.5827919539621835 0.030117308596419003 0.050550012217472864 0.16674841214774508 0.014867134599309006 2.3262596241464424 2.6207263591869596 2.4826117176838585 2.649887430564151 2.2783648146886195 2.116971527313371 2.941909510215034 2.3684980622209926 2.555517077715782 2.9805161982144903 1.8067413627118423 2.913400527087254 2.5953020078822897 2.4847448394166314 2.506787321140791 2.469758137754203 2.934974595842546 2.186349076824725 2.8019626644469455 2.7331677631547806 0.5752425545477999
0.4245357424039095 0.6584834700634513 0.03511837950289784 0.03457452275793884 0.1991647291461984 0.012115052231381157 2.1362862919905963 2.404065366580822 2.272575340468797 2.4271094421847996 2.086813668238991 1.9460146889143903 2.7072625114312734 2.2026133123711595 2.3852225949196177 2.7671826636718055 1.695594965503199 2.6991610911912796 2.404818845326939 2.2931269552003863 2.3073718369195193 2.266049474685439 2.687028998187842 1.987515949395807 2.5639916036697126 2.4745015253673 0.5570439700769749
0.4187532945231465 0.6472285788936651 0.030119336422608157 0.04130248877899644 0.163827903971086 0.015753859784212853 2.1651972862883504 2.4372648183351187 2.3050740425782394 2.461694507389888 2.115641783024537 1.9708979134002669 2.744894231406877 2.227314163688323 2.411268291225914 2.8024837502131383 1.713375755686582 2.7336546566609736 2.435346104080602 2.3232199923757513 2.339429026063759 2.2989348339513276 2.7260416819399254 2.0228197260911687 2.598516071098396 2.519864670553016 0.5632739669385919
0.42084511235728944 0.6504471666322977 0.030154470136889416 0.04062093524593284 0.1631269434216179 0.015103150552977517 2.15398941505883 2.424226171176163 2.2925312602391177 2.4494857718729297 2.105138709433528 1.9619957272264956 2.7330600544972796 2.2188507894498435 2.402130364088834 2.7896926293288162 1.7075901391581885 2.7204163280201743 2.4238436965241132 2.3114953670412235 2.3272952757602634 2.28643630109681 2.7109290358047966 2.0098813181422033 2.5846846095255667 2.5036802141832744 0.5620670956661599
0.41225307730391164 0.6305071621636821 0.034322248346648 0.03916166916503796 0.19347391098958722 0.01168005708454708 2.203304090391016 2.4802142330688075 2.346658235927532 2.5015624087236112 2.1526780773859637 2.00486427784842 2.776495601670202 2.2579024602530544 2.4424936338391934 2.8339862494950694 1.737031123156701 2.771337075707702 2.4722669340104324 2.3605437302271484 2.378559010658195 2.3388012543608796 2.7768169151539266 2.0567740345328094 2.6513590100587603 2.5665754645461285 0.5619939356630079
0.4413005137117139 0.6981444648049016 0.03495092178702864 0.029729266976459744 0.19520252773794367 0.012172806865011543 2.05119122161803 2.308164131191486 2.179896691632334 2.33086195106329 2.0023194259763186 1.8700891075869703 2.608851151775031 2.129433644389688 2.309438422579934 2.673938989959048 1.647016294529961 2.6033840177230214 2.319151654529004 2.2066079235622937 2.2185267183564874 2.1757631997638636 2.5763512334996195 1.9036599040348736 2.4551703261563955 2.364764568506005 0.5536921908954425
0.4363828653689221 0.6871647309154311 0.029161120870743407 0.037044650957440195 0.1544039810036899 0.016788028474532823 2.074576928180543 2.3341197949495562 2.204951407713169 2.3567775642952875 2.0254583122175287 1.8913795415476904 2.6359179772883667 2.150434201792083 2.331684659487906 2.7009504171971375 1.6617960282953772 2.631417773210816 2.3448170930052825 2.2320315568221356 2.2448426031865343 2.20228577953439 2.6083446909614603 1.9280082833830121 2.4857506593769187 2.394978368514262 0.5595421769739819
0.41999528654270557 0.6485388756904283 0.03492648049980406 0.03608595717242914 0.1983982017225208 0.012361014606852407 2.158982437096068 2.4305525268666086 2.29924679280723 2.4543136955473157 2.1105823387855067 1.9666580456898575 2.7340093845433024 2.2220862861302724 2.405019903015051 2.7897494453481535 1.7104911757611623 2.722395184926439 2.428470225649208 2.315628576501434 2.333453086646109 2.2931753159970523 2.7199544982587285 2.0181863157084363 2.5907269150560643 2.5154870404371996 0.5598700832657388
0.4137934197123099 0.6321203360331205 0.03450990447355489 0.03840488385985399 0.19204751510718085 0.011239912228069185 2.193930281012178 2.470128680195884 2.3360646207238194 2.495458661904953 2.1446365198596684 1.9966814249873026 2.7786873479246665 2.25212836164984 2.435904248174084 2.831421081647327 1.7276031982090099 2.762977898352379 2.4610856344868806 2.350004396140673 2.365994826950055 2.325804444008843 2.7600575300884715 2.045125708925761 2.6358045631202787 2.5518371221324836 0.5604897533100497
0.42681817033387204 0.6655166544241587 0.02896038029205437 0.04004782587773533 0.1538327616216146 0.016039732001636244 2.122704783802947 2.389062540111205 2.258942949748377 2.412399327757347 2.0741639326960213 1.9348074444987016 2.6923742014109906 2.1916299683617773 2.374209762978901 2.7536823188773187 1.6904885401622838 2.6852442456658117 2.3933651197588994 2.2807538557622475 2.2955676039643262 2.254040580097979 2.6713865731411537 1.9782341112590298 2.54616106158498 2.461847489349824 0.5620788763715752
0.42863800105666394 0.6681153784684363 0.031420003569298346 0.03698347159470704 0.17115330040923976 0.01419871162465682 2.1137473993091223 2.378606881946242 2.248456716008005 2.402722289922804 2.065134387758337 1.9264832872402553 2.6836234215056547 2.184299862507204 2.3663232040850315 2.7437930709837057 1.6839980634642697 2.6743654455981463 2.3831556094329454 2.270638848807545 2.2848732658279935 2.2431881743091724 2.658240240529947 1.9675754575516633 2.5343290764054376 2.448583472636096 0.5584093844951408
0.370426136114098 0.5381775167200521 0.034550563207541525 0.053610892577425316 0.19728760629954162 0.010853380168167049 2.457594548303922 2.770674676984597 2.628645769164473 2.8024642454476156 2.413368110708904 2.2397478521376053 3.098902167275574 2.486026075480657 2.674239261071113 3.11994323995586 1.8835595573998956 3.0553317586014686 2.7243029867550392 2.615115064579835 2.643567972345154 2.610308866773043 3.108231171897105 2.323469986290555 2.9659653799579977 2.9092155719454 0.5852403412821681
0.3787289909439939 0.5563157913681357 0.033197598815513166 0.0517203382750561 0.19195071211152595 0.01285266952263647 2.4014411099875685 2.7064083049709247 2.5657692303854547 2.7382154261962954 2.3545618864337903 2.1852695350032945 3.0359506365063824 2.4351213244547347 2.623319039667656 3.062652225251906 1.8499915875316335 2.995271528520191 2.6692933832630774 2.5590420485808605 2.58496195892073 2.5501760318210183 3.0335556784425477 2.266617019785146 2.89374741943437 2.834769038627031 0.5801980168771286
0.4192139117324965 0.6468502175710478 0.0321291275861649 0.039141038188331284 0.17840548020895514 0.013401749805034387 2.16419010712537 2.4355987394439076 2.303544903206263 2.4589469404550424 2.1146125550270725 1.9706590795556254 2.739229032740496 2.226708864373086 2.410267089345957 2.7968103211955575 1.7131254030899037 2.729621708567212 2.4332811918756057 2.321356873824808 2.3371359140289716 2.296400671343377 2.7235367998098288 2.016706850895778 2.599439946039117 2.5119419621896646 0.5603205801576766
0.4419538512822193 0.6993335711832076 0.030351757256969095 0.03423633620856741 0.16110847512534182 0.014748102491828265 2.0475325109403797 2.3035300660155036 2.176057653785492 2.3259556214309054 1.9994182522354895 1.8683121636439852 2.6040298045880177 2.1276892151549918 2.3077989449520935 2.6705962483099444 1.6455231136066255 2.6003640932783814 2.3170155491189557 2.204166378891507 2.2159445119830345 2.1728833681671356 2.572567284809172 1.8998374660615924 2.4512797223360843 2.3578415289989056 0.5564481503186797
0.45854487531006877 0.7444775288198581 0.028488466272649834 0.031543015649510876 0.14751151975919358 0.018731650921863695 1.9702670265621873 2.215335237502412 2.0902059519381506 2.2355553206631193 1.920779815806482 1.7976674238825823 2.512309715334033 2.060243079804217 2.2385607490022474 2.587107363351998 1.5997284197076262 2.514899880352274 2.239842240525064 2.126866077085171 2.1360765302368785 2.091844222414585 2.4734117100444095 1.8247496572347497 2.353340225502861 2.2571101374711264 0.5578141061238276
0.4467173001723398 0.7125957163255319 0.03356087057118776 0.029752903311646685 0.18761067776441556 0.015399435294726073 2.0262682091373634 2.278517539167999 2.1511066165102193 2.298368458872378 1.9764502028610842 1.8483409360412626 2.5732491907525525 2.107964158295491 2.28766785063429 2.6448624485527326 1.6319126793028844 2.5760507085389475 2.2953546710756796 2.1830493898031693 2.193382954724645 2.149836302034727 2.5452674948836194 1.8754956501982687 2.4261502304286267 2.3248584645604717 0.5536155788032578
0.43796127140066676 0.6915302166699399 0.033746220999610915 0.03197121944062993 0.1871910783991553 0.01328365887114141 2.0676470093137453 2.3256017449365896 2.194561623744274 2.3465791572568535 2.015802166674651 1.8827139311630041 2.6250758061285504 2.1429960464288724 2.324230778409047 2.692135229340916 1.6572422583722226 2.622969436039639 2.3370928973687155 2.2244695349054364 2.2370736068149495 2.194517010837363 2.599679986102906 1.9207755068427583 2.477600181824804 2.3871877206586953 0.5545693710471237
0.43734544011425636 0.6914783441085577 0.029091207659331087 0.036899687359075645 0.15366281319268962 0.016527773522621622 2.0698012954901532 2.3286340611109537 2.200833447954169 2.3503999665548827 2.021557473527335 1.8882164373658628 2.627309996627513 2.1459878230522733 2.327133080076778 2.6943594636657386 1.6596089201586472 2.625893582898602 2.34051383719267 2.2277859984226196 2.240449664807078 2.1978014906568215 2.602893490896042 1.9233949907635153 2.4802635372235593 2.389719147733922 0.5594578477014868
0.4231571693935403 0.6579241348578777 0.034309738951612996 0.03584538301928477 0.18996043718348196 0.012611150920967165 2.1435382024497818 2.4119935443972316 2.280666500330192 2.433463272235831 2.0936791858202266 1.9527888750137041 2.711741281755222 2.2075866067354704 2.3904601358345645 2.7742349466669913 1.6984397877313924 2.7080978975873466 2.4123071523939132 2.301299555396424 2.315005415513101 2.2735863705449586 2.697572443689271 1.9924814110491473 2.5755027290045627 2.484317052998403 0.5572209381514315
0.39764114297748837 0.5974079594748469 0.03359329987562303 0.044674322968772266 0.1883939089998642 0.011210711268078509 2.2848553541796357 2.5736235949111963 2.4372063746859225 2.6012609830950004 2.236933416209838 2.0802412440065434 2.8893651324929057 2.3322345457037814 2.5179302927360174 2.9320503355694694 1.7819393700236414 2.8650499770156195 2.552679391907079 2.442018787058362 2.4621145879330357 2.424068504309711 2.8801482925506314 2.140590923443566 2.7504774857344736 2.6759643746671564 0.5678674704887419
0.43863411614853975 0.6937755136730291 0.03046086172848218 0.03511443943934196 0.1634846958037685 0.015699515957297475 2.0642547643454785 2.3215142820195642 2.190606717627978 2.3423792241840036 2.012175845929357 1.8795179481593933 2.620682590169468 2.14015932929643 2.3216165305868723 2.6888404683402305 1.6560779851217755 2.6198292505410334 2.3344511860922936 2.221634265679706 2.234104193773594 2.191371741149928 2.5955288633702107 1.9172572906257728 2.4733621042949148 2.3813060288742265 0.5571045381135805
0.502183701686606 0.8666085330162054 0.036217426458573364 0.01307001538108918 0.19976033601311405 0.01572299948769042 1.7925351279485702 2.0124254335872624 1.8918179467327538 2.0277328454350494 1.741088917143348 1.6388789990710524 2.300374864787143 1.9075808182436171 2.078859270306514 2.3859541634180292 1.4920868116550412 2.311279134941046 2.0586171072379083 1.9463170491422714 1.9503274378995918 1.9039275021866022 2.2453287555597456 1.647703689527681 2.1312616667488875 2.018672786011561 0.5520436774079737
0.45556184156865465 0.7334688725054362 0.029976559763258286 0.03086750382446941 0.1581271042580654 0.01692728104167584 1.983765703220738 2.2310303183066758 2.1049395282448025 2.2518277905823734 1.934431455141707 1.8101668941229017 2.5274922810731835 2.0723919251306544 2.2508599324397847 2.5995877024560894 1.6096039514695608 2.528731944889476 2.253565558370319 2.1402937144845304 2.1504665701589127 2.106456079167099 2.491424756764598 1.837835690717392 2.3712311103294734 2.2749514391321948 0.5558201645359189
0.41732774373119147 0.6443166345528019 0.032969879458267196 0.03891550507715221 0.1763954646265921 0.010885457075198442 2.1749415390287683 2.447399975565421 2.310115158025829 2.4711590576774625 2.1217386948364108 1.9765027322348983 2.7523295173100757 2.2337436163899103 2.4177009780540355 2.8069934531984106 1.7162626926808797 2.7406505184222016 2.4433553761052123 2.3320675190310145 2.34767039113808 2.307059264562653 2.738358363737159 2.0270913997097724 2.6134531524704263 2.5317218673027915 0.5605102970171636
0.4177866338932572 0.643832896772036 0.02893244113426243 0.04279856792347729 0.15424307577467977 0.01570249742186951 2.170286362748883 2.4432366351439336 2.3108519899824818 2.4685189900861135 2.1214173278923054 1.9763501532049432 2.752365590174374 2.232759525299049 2.416599597463478 2.8079293072967846 1.7168807026456068 2.7389404676761004 2.440406686033606 2.328097862870861 2.344550255753247 2.304028121717285 2.732220925235074 2.02696507713024 2.6049710804593063 2.525196457923832 0.5646109862432239
0.4314487814237081 0.6756609234272867 0.02949938784111257 0.03809997450606453 0.15761611661519864 0.01650141252246324 2.0994898212761015 2.3624905117855093 2.2321153068333794 2.385592308579244 2.0494090714638986 1.9116946293349375 2.6662414771152028 2.170725889861575 2.352844214183794 2.729159650527535 1.675947523463186 2.659133754097525 2.369195476838793 2.2564574770090178 2.27052571779859 2.22871724530818 2.6401530268468667 1.9555389910094458 2.515262103554997 2.4308497583680957 0.560521760718301
0.4176052048029021 0.6426372080978912 0.032936968334160224 0.038801854089732614 0.18353920878556818 0.012626824260854996 2.1718985341282018 2.444955978336099 2.311840446266846 2.4699562744597605 2.122451924054466 1.9773116046822152 2.753336438051721 2.233883403352594 2.4174485232452385 2.8081568397473484 1.7169941605025514 2.7394779274334806 2.440809744317297 2.328826330859212 2.3450485107888333 2.304571049623926 2.7336746254848627 2.0263159098246173 2.6078079243357957 2.5260147091453926 0.5602433008359079
0.473112898590822 0.7900914660783364 0.035537862493844566 0.02082541822961536 0.19745554782324193 0.012976913772770661 1.9099844472640932 2.1432638185908557 2.013275862100378 2.1543564827501034 1.8493114732137939 1.7340195646014138 2.4273308096140207 2.0019934034459603 2.179933006254014 2.5157076245852634 1.5629880451089924 2.4457847969677466 2.1787303736849273 2.065777377117228 2.0740472527931977 2.029320321957236 2.3987115888060306 1.7669759109796417 2.279808441769357 2.1811886045417515 0.5510883316302949
0.4583627387720037 0.7438527469911155 0.03127793351262001 0.02884204301117067 0.16999849734930644 0.018580486490036657 1.9715392771149545 2.2147344222371115 2.0851312464215273 2.2334900934804187 1.9182246787187984 1.795700711246392 2.5139114848773145 2.0603519044133383 2.23894535705658 2.588948784776318 1.5999348692690447 2.5161346865190013 2.241190891205085 2.128133487465657 2.137920132655144 2.0938647619664175 2.4765133521168092 1.8284012402998948 2.355441842043188 2.264143198072923 0.555831690554031
0.4176879616093351 0.6437581161725886 0.03454474400793591 0.037258289393150575 0.1954127918974039 0.012520663531128552 2.1724297896866624 2.4453880694945873 2.313816184850394 2.468796988373437 2.1241031779272133 1.979719352879187 2.7493831814047702 2.2335696786854813 2.4168564053124992 2.806969895466813 1.715518263018604 2.740196245507434 2.440864898714172 2.32990562130688 2.344890686718323 2.3042088998379118 2.73431069449547 2.0230506641385713 2.6104857833130786 2.5229493846596758 0.5591660096415849
0.44388339775355745 0.7068158058692317 0.028850763692963556 0.03530405037820694 0.1509354835706559 0.016700335876147308 2.0380904187393294 2.2930975353873753 2.1657504060991903 2.314162390820109 1.9895637060117954 1.8597256977244525 2.58921715534605 2.1187213406036634 2.2991006139246406 2.659071899030178 1.6407362853213405 2.590416926756527 2.308918939756539 2.1960185177842524 2.207540996805189 2.1642630220575616 2.5618198362634144 1.8907881453133684 2.4407102440456687 2.346647760679227 0.5584154161352325
0.43982808977210575 0.6942586452553671 0.031187383796380957 0.03400338311761664 0.16813006859355212 0.015021724857016312 2.0577799460507555 2.3151789394525837 2.1875047005267763 2.3376259500688614 2.009864039816338 1.8776689530477435 2.6156462306616812 2.1363638686583224 2.316623833698554 2.6811910843665565 1.6515210017325594 2.6114297398560278 2.3272361896293767 2.214455353572451 2.226785699638172 2.1840359430975558 2.5862904668332702 1.910973404345189 2.4643105230565676 2.3735571465693197 0.5564498898487722
0.4033847758360965 0.609621734010032 0.03419914145900653 0.0421482950021482 0.19074446363947012 0.011130470907246903 2.2522148705935363 2.5365916624127207 2.4009660407809856 2.562471041897011 2.202933285489096 2.0490276884722154 2.8460105678251564 2.302501401475131 2.487607118453688 2.8942065530615135 1.7608450200008772 2.828042590843664 2.5198309247728896 2.4093126352883374 2.427607204728671 2.3886785572183826 2.8378794890630914 2.1046238770947507 2.711068241997615 2.632830865439944 0.5648308651189647
0.4177115236236574 0.642583307339921 0.03309086207876587 0.038640585996428785 0.18479661564088692 0.012819126161282661 2.1712886946556966 2.4442970788546496 2.311882014215904 2.4692702383638827 2.122588971694011 1.9777782353759634 2.752241502899067 2.233583019597422 2.4169793031650952 2.8071669161187227 1.7167860267121107 2.7387386254116355 2.440157995749174 2.3283191582303457 2.344315761485897 2.3037797480521864 2.732805241416322 2.0250103837825537 2.60735243655288 2.524822459874392 0.5601566559695333
0.44090293738630637 0.69975034592067 0.03293193743461885 0.03188768999272177 0.18015793744286726 0.012542353448341523 2.053555713544172 2.3096888035281458 2.1817667207934734 2.33136904568095 2.0033801619086473 1.8707596659721955 2.6084571925723803 2.130306920761505 2.310838755129763 2.676575267277916 1.646791856432346 2.606179386113622 2.3217404468088185 2.2091059834319515 2.221324754215112 2.1787176290516443 2.580072622893465 1.9081759141992045 2.457406164775857 2.3716570041523135 0.5550821851187879
0.4208379921735862 0.6509024939115029 0.03479243639421683 0.03604811386134745 0.19955885107216284 0.013094546376897963 2.155751967180092 2.4261554902676394 2.295188080747931 2.449645622139845 2.107318446486348 1.9646507520439007 2.7296731803794345 2.219253082442838 2.402217452866015 2.788646220208596 1.7062296068621279 2.7214369407978514 2.4244311272648584 2.31320252059311 2.3277244261693673 2.286732423328004 2.7125715242354347 2.006364633021113 2.5891822179543875 2.49981471910558 0.5584333260516516
0.3984224570431714 0.5991611127826374 0.034605719202969246 0.04333921590325408 0.19987406799262103 0.011603323943710598 2.280752856813346 2.5686662721071674 2.432030720129964 2.5959613128775043 2.23198492180878 2.0754487409692395 2.883169144955716 2.3281591592876683 2.5140141866385637 2.926536801838066 1.779773410674195 2.859776393180236 2.5485444953295624 2.4376858753969555 2.4578544152148045 2.419793306617489 2.874568354724779 2.136318223012948 2.7456325367685133 2.6683478978811133 0.5672695798259558
0.45629456319300654 0.7368861967648518 0.029745412228815486 0.03092379271018863 0.15651934270686604 0.017518267486464463 1.9808541906089088 2.2272601256232134 2.1012017612773333 2.2471422878449325 1.9315675414846452 1.8085293242660134 2.521883804498247 2.069837387889922 2.248156750177656 2.595710457096783 1.6064597003531025 2.5255920102074514 2.2505760806180994 2.137610085643873 2.1470986060228685 2.1028225203224484 2.487446583212523 1.832412030604514 2.3686062189363306 2.267386988405739 0.555889731545426
0.42052159892794394 0.649708132241468 0.03483072712896128 0.03600891836366352 0.19897531938796748 0.012152984085594171 2.1566369282384974 2.427631081403839 2.2963841541999828 2.451492528433097 2.108165041238462 1.964643001147523 2.7309397626972007 2.219794146318309 2.4022599347399347 2.7878636632114744 1.7080546780199666 2.7200739629908828 2.424861969228112 2.3129738739354715 2.3294870319961243 2.289221668188343 2.715208461792268 2.0133828482235674 2.588568964251498 2.50964224497792 0.5594863641887639
0.3976225873202641 0.5973095218166852 0.03384625600115867 0.0443969050192721 0.194248749964091 0.011851908665307756 2.285752483560126 2.5741780097309803 2.4379079706741997 2.6019448231031856 2.2375485631761913 2.0807976090320817 2.889540542335771 2.333083003095754 2.518972221583132 2.931196934661675 1.7841626705388662 2.8641501912321403 2.553467794299509 2.442363360214175 2.46288456161631 2.424884374831524 2.8802055825085584 2.140581307402929 2.751532096298079 2.673481830448223 0.5679428808139432
0.4401196480043358 0.7077414768201549 0.027874096837383705 0.037588316465028346 0.14468688804832988 0.016866867473919894 2.062844495985765 2.311021205739337 2.133063926593252 2.321254333685898 1.984670880063922 1.849196320397413 2.605636137791911 2.1225234380477196 2.3084138187348207 2.684871170250188 1.6522867704342834 2.6233134776714166 2.3357117414264774 2.2220722490162195 2.2362102493976352 2.1933603328172593 2.6012738040810968 1.9220185157701883 2.474623890960175 2.390871407105898 0.5587642413260904
0.41475316126959016 0.6360107750140326 0.03215104003203305 0.0405042307043019 0.17828749199149074 0.01324320943747786 2.187313638722717 2.4624988148711795 2.329128763752707 2.4878610699873502 2.138230454864122 1.9915767883670628 2.772002988272694 2.247377823345077 2.4313292170507514 2.825407767866187 1.7263761269991331 2.756988432221785 2.4563899004245164 2.344539575346508 2.3612258314552528 2.321015114788391 2.753708883321272 2.04174361115547 2.627321490669256 2.545779709954354 0.5616990655791869
0.4387379679108486 0.6926325835976443 0.02990055368314644 0.03562171948075326 0.15939533848671633 0.016239643999544518 2.062880528370998 2.320921636138391 2.1926923749453113 2.3436457704138225 2.0143127582230003 1.8813656847949476 2.6222804239758757 2.1404288700042806 2.3212183638600754 2.687713871299876 1.6547753401261593 2.6179747928844765 2.3329504124668037 2.220119109131757 2.232643545264646 2.189958490883629 2.593216152643218 1.9167095610111966 2.4707369794525538 2.380615886517147 0.5581809805871762
0.45487726336747847 0.7310322610152371 0.029975617827174134 0.031022693246758718 0.15822805728400985 0.01710676279872186 1.9865369102320118 2.2341921592760636 2.109079067861883 2.2559347094126005 1.938926243683295 1.8144159410880376 2.5332784313714884 2.0756644156176822 2.2537524550408388 2.6041956889016076 1.6102455654868089 2.532171145206809 2.2557730668881426 2.142740723993239 2.1526612169691566 2.1087236543983954 2.493999341736621 1.840485939032192 2.37380749160076 2.278813740857234 0.5560239572720973
0.4329851296882065 0.6790714941371262 0.029919117522313646 0.037272849423781396 0.16035021399127408 0.016023086500121443 2.091805574646225 2.353523746241117 2.2231306201817485 2.3760041053598395 2.041807248178096 1.9058813576520985 2.655409349583628 2.1648243999571446 2.346696077461856 2.7195671043390544 1.6717808430787124 2.650598137250293 2.3619892614253386 2.2493304229606172 2.262699802170779 2.220460917130815 2.630731325217052 1.9449893931441988 2.5077680962725517 2.417666282255351 0.5591136532621377
0.4248687359989285 0.6612335484050709 0.028800652457706383 0.04076472713396548 0.1530517948399949 0.016627322288175678 2.1326827777947592 2.4003691070607283 2.2690541410755576 2.4244757266278305 2.0828809808011535 1.9414455903314365 2.7074628099285367 2.19953521879379 2.3827303675771483 2.767544948521165 1.6953023527490207 2.6975503333091644 2.4029765723883387 2.290449702378894 2.30560272650929 2.264423675719263 2.6836241800385805 1.9901037307220444 2.5570214672149474 2.4767215956100714 0.563087655110808
0.4442543477644279 0.7064373145571569 0.028971695788675086 0.03503576957788154 0.15165409954352407 0.01668086654172629 2.0361170887302893 2.2904793599119175 2.1639989710982097 2.312375534459024 1.9885973528593721 1.859118181564913 2.5893103417864416 2.118130939070246 2.298032311645598 2.6574185606250165 1.6396421759757647 2.587720166138508 2.306517535550222 2.193489174860263 2.2051145219961232 2.1618615184130645 2.558877059041757 1.8893359877540765 2.4373032450626426 2.344052690395906 0.5583212507949159
0.42356544521656914 0.6567234206675254 0.0296849591558535 0.04026072196931479 0.1595022907174753 0.015616001961024164 2.139760912816922 2.408392822204327 2.2772919394446496 2.4328934529001964 2.091173606750914 1.9496941731191368 2.7151030543152537 2.2067368284667435 2.3896376686712713 2.773426174474523 1.6995172356455037 2.7043459193715784 2.409730659512818 2.2973230402175826 2.3124734575062247 2.2712544853043233 2.6924088604344654 1.9944961203308598 2.567216138818944 2.4830465966138986 0.5618315599738659
0.46232213263642014 0.7499814853820723 0.02759813964619814 0.031466182997688476 0.1397130764771265 0.018490150587961614 1.9530600403709013 2.195955064243907 2.0719107534557772 2.216802039075998 1.9050849733175765 1.7842316636404343 2.493637884142254 2.0469907331714117 2.22422889032082 2.567752310439738 1.590455072693571 2.4948539753777923 2.222576030481344 2.1093354398815882 2.1183303651620746 2.0738793270710154 2.451161497229682 1.8081924376815723 2.3311198089149103 2.2350673885627943 0.5586289600403084
0.46026539763272195 0.7482940067879135 0.035001331006239284 0.024561663223258336 0.19215786445685573 0.012449586709414371 1.9636738265656823 2.2079115995871663 2.08254557192231 2.2264254376934884 1.913422351273891 1.791179841243533 2.499412845607044 2.0528681521239394 2.230686797355944 2.5745487891937953 1.5957567009981297 2.5040087877341133 2.231861381394346 2.118925442344104 2.1285746778863373 2.084513866293669 2.4650460272747354 1.817625862345165 2.345427909828152 2.250530744050439 0.5518334229133197
0.4378267361560294 0.689242136837465 0.03567661525785949 0.03000350923749212 0.19984055566566528 0.011694072389175709 2.068829228488124 2.3273735931186965 2.197958023327876 2.3490828879219747 2.0189248444562335 1.885532598057324 2.6260038585421697 2.1446067840669176 2.325275420672659 2.691764603532354 1.6569527137092943 2.6227340760692166 2.337088926373277 2.224795499146735 2.2368184894138685 2.194203671395699 2.5996684321993455 1.9188703300929109 2.4790828886862166 2.3850229041646083 0.5538803792636521
0.40385230648163845 0.612072504307052 0.03147403937837038 0.044701471789188686 0.1750296467813593 0.013337336011544597 2.248503532371256 2.5322730462054346 2.3962876310759085 2.559473413015671 2.199005120258364 2.0450267155339032 2.8452982216577083 2.29992902997988 2.485566217824597 2.892312945076281 1.7616085666781025 2.8249580867536626 2.517644823265575 2.406053083887953 2.4254219388763367 2.386658821036768 2.833716952100504 2.105732659814854 2.703929459701098 2.6274046478469812 0.5666007709509276
0.36596251995901663 0.5294259311033689 0.031879841335694575 0.057923032697147186 0.18182575491215688 0.011833737310951876 2.487664640396814 2.8044434062082315 2.6600000935597943 2.8380690712944134 2.4414397558409684 2.2640606382986066 3.140098898675625 2.5119658347511113 2.7017743696200105 3.1583030562855874 1.899838950537869 3.092103433940633 2.7550879290554833 2.646097885867349 2.6747187709764586 2.6417406379942903 3.1466104832368313 2.352595797178812 3.0043101184566487 2.9449436523176606 0.5893528639018714
0.4647493405139848 0.7595648809272268 0.029829712646150603 0.02856120806603829 0.1563773271186864 0.017912244673988716 1.9431788445186815 2.1845226270660496 2.060400324714848 2.2038137656313084 1.8939074255226138 1.7742117377229747 2.478590586158015 2.0372041413068884 2.2143846181606963 2.555366036609316 1.5841965315148074 2.4834008375429346 2.2122012568362295 2.0992086423505136 2.107586202926165 2.062902481729064 2.4384384632157654 1.7964312385443522 2.319830500307709 2.218795045041777 0.5553869824999358
0.4327861665843907 0.6792979535730267 0.0318850353200887 0.03529372615468915 0.17493723387993731 0.01405312080940067 2.0933013803798826 2.355350443747809 2.226514182223023 2.3776732498295687 2.044766718205544 1.9086152449550629 2.6559663593042178 2.1659442797703816 2.3474327238969708 2.7195822558234446 1.671478493539431 2.6506413197082925 2.362434722866435 2.249938882057597 2.2635112896849114 2.2215276162079562 2.6316757586066726 1.9469506845322408 2.508289020607828 2.420752695745598 0.5572654343300597
0.43630403668417805 0.6862817461376135 0.03163767022241763 0.03455456857620594 0.1719014287199422 0.014577931359397197 2.0753114001527493 2.3349804165087757 2.2059083345093287 2.3575266319927324 2.0264027487259706 1.8922924849322216 2.6361967262186448 2.1510286203027604 2.3320453427362327 2.7008604051546015 1.6616287395510587 2.631431518479746 2.3448207244087884 2.2321944806041314 2.2449183568791238 2.202415605667674 2.608824778430689 1.927834011740815 2.486727031774977 2.395540542698138 0.5564235635467234
0.4260608049947411 0.6623615975996037 0.03139461008120238 0.03782422109580254 0.17134057485434123 0.014174450923080648 2.126843632850612 2.3937002075724383 2.2629918845386108 2.4176414766091514 2.0780609901932396 1.9380827560697502 2.698635456019269 2.1952947168942707 2.377760174228374 2.7581727264472176 1.6917858600045514 2.6892575957477964 2.3965748551414974 2.284089169605966 2.2989484574521275 2.2575366228491025 2.675848408453009 1.9816568637638918 2.550965585000027 2.4672291215144115 0.5592389609426095
0.4338001071498098 0.6804011170514147 0.03162635827866337 0.035290285640883094 0.17210770233866182 0.014502901282432668 2.08783957945561 2.3491861888252967 2.219441353864547 2.3719075368467704 2.038582964014672 1.9030562365054164 2.6511795222080563 2.1616158611075544 2.343043121903395 2.7148800877968604 1.6687866356051557 2.645611331419788 2.3573058409230017 2.244793127059943 2.257863270671384 2.21557272572474 2.6249770517714786 1.9402408915460956 2.5025631702374733 2.4121079693565064 0.5568837710671661
0.33573363507706877 0.46694381394376744 0.03220194043387946 0.07038305774245936 0.18673284522024006 0.010733165551762746 2.715578698111016 3.0646759186099293 2.913942412549936 3.1073167016465084 2.676613614735252 2.479064040143494 3.429085731471057 2.7221606046431357 2.9148535094004973 3.413473566525348 2.0365779349490194 3.3450708183721596 2.9811248777903394 2.8735948184599516 2.9122313872862438 2.885132008461091 3.4442800628514565 2.5902233050303387 3.286694642447902 3.240383721730353 0.6203493669876298
0.4054842302413221 0.6162575049333012 0.031152384127357668 0.04451055769650867 0.1722571052578123 0.013481637748997514 2.23967055904345 2.521492111980191 2.3868565122372645 2.5459903681835128 2.1898511390037885 2.037661341743 2.8291489045865768 2.2914345537697387 2.477126622930258 2.880717084656308 1.7572086752686653 2.8147818405700287 2.509226257356299 2.3976345971980546 2.416679283862287 2.3776649898473963 2.822822172754391 2.096129952461774 2.694393038016107 2.615480382492129 0.5663670958605418
0.460277238273966 0.7458533065755534 0.03033919592230161 0.029300814637242822 0.16047195821092902 0.017582753653267523 1.9630381333563112 2.207211768664931 2.082395863236101 2.2264535920506185 1.913982572237043 1.7925258241042157 2.4995748692830824 2.054004902578498 2.2317635017389397 2.575539726747542 1.596860173668722 2.5055013490582554 2.232547033810186 2.119631163756741 2.1285161788243503 2.083976169122134 2.464676442267168 1.8145323327430658 2.3463423709497175 2.243706732685088 0.5551265770295021
0.4530986486604735 0.7306114030405193 0.028848091335392793 0.03263285820542339 0.15068172130622276 0.018207424576327402 1.9948317133501547 2.2433234377898583 2.1172256179654734 2.26419228936301 1.945254757976386 1.819290631567133 2.541917970117103 2.0812050577527126 2.2603275475709097 2.6146065246166 1.61414807268399 2.542634028270384 2.2645439108515966 2.1515991412787003 2.1616778601982953 2.117893423528984 2.505088848310457 1.8498626035385433 2.383992033363833 2.291061910375268 0.557853492713284
0.45247929871626197 0.7293947505391344 0.02822994184740086 0.03344067082759257 0.14613235218874152 0.01841136571727875 1.9977753616218348 2.2465652725245144 2.1196774049975264 2.2672358825848717 1.9470574882486378 1.820570326832155 2.545425279898586 2.0832765304942145 2.2627631817777747 2.6181342356774886 1.6162580867989005 2.5460538458915956 2.2676588113017964 2.1546111761900133 2.164932678615275 2.1212068721900317 2.5089708312404984 1.8532536122945675 2.387485249841819 2.2955678995935713 0.5587046531340977
0.44160844751215433 0.7003493403291228 0.02908132645605624 0.03567396794251956 0.15276174769719916 0.0164584581359048 2.0490409912716823 2.305113901874165 2.177461578451671 2.3270903633904574 2.0003460877971952 1.8690670236208486 2.604041033801593 2.1282796664892714 2.308844063759743 2.67180924054917 1.646952808629005 2.6024990205247946 2.3194599918136958 2.2065499119031737 2.2185556227304826 2.175533732771262 2.575707459709236 1.9023121842767468 2.4538446237851597 2.3614011530695707 0.558472517894937
0.37474733250787656 0.5486175306830573 0.03201907779369424 0.05444314520355197 0.1818652136171267 0.012598516595368116 2.428516629224983 2.7371698126468678 2.5940203069104806 2.76683589929977 2.38024326757008 2.2089546654178465 3.0632352601031574 2.458147851868354 2.6469296449005117 3.091126229926699 1.8661286115503812 3.0258098847804074 2.6961706967829695 2.5866947579958643 2.612887227418927 2.5783572534931674 3.0682202587649665 2.2904414192118683 2.9314164464711268 2.868674142201674 0.5827350395932439
0.3944833403406674 0.5921889644544326 0.0338472254117574 0.04548858088410116 0.1961861468366683 0.013823367054372957 2.303320509823005 2.594389565109802 2.4540387175253064 2.6216907362395774 2.251303582324142 2.091678374603964 2.9117256916784324 2.34596424303239 2.5331871122095984 2.9541403141264153 1.7925516099596823 2.886807421710417 2.5725592396616217 2.461287575721785 2.483850551089452 2.446820170749801 2.9075134076019973 2.1673779606326 2.7706952011234445 2.708040724105278 0.5710754892087453
0.44499831370383386 0.7068758486884323 0.030702741362575812 0.03301594118375923 0.1642405026575841 0.01584241273722359 2.032650759730118 2.286675291051168 2.1598485795675137 2.3091961138800703 1.9847914278969 1.8553127782779404 2.5874324515071003 2.1149847034247404 2.2945831504872127 2.654614954269187 1.6376367824124685 2.5837629593331517 2.302035646373186 2.1891612629830197 2.2005125039034 2.1572898870045534 2.553466594158506 1.885846720389672 2.4322755856242546 2.3397818975479443 0.556105444453771
0.42596027290031496 0.6620464099198321 0.030587247288240357 0.03865680176596385 0.1648878037503625 0.014088249682452939 2.127517841646324 2.3945230165145976 2.263797897941261 2.418394876067597 2.078733941642174 1.9386659792060061 2.6992179742768068 2.1959082135152244 2.3784609809915542 2.759195608796542 1.6922605408986846 2.6903258177057494 2.3972082826695202 2.284802452549492 2.2993836596943074 2.257867697103915 2.6763395264421574 1.9810578618816046 2.5521428029104114 2.4658119568986465 0.5596554155137601
0.44415796728116186 0.7057981765900775 0.030274266170099387 0.033704504954461964 0.16090187279024737 0.015665579582150178 2.0369879450518646 2.2913995321023846 2.1637437433133795 2.3132779355264135 1.9881992543175873 1.858393097268771 2.5908366080077143 2.1182229776749706 2.298176674310421 2.6588597204537816 1.6393447130914778 2.588753761634865 2.306670905491375 2.1938161896754282 2.205242957053439 2.1619970179213386 2.559365547686499 1.889454895555393 2.4383871502941146 2.344231933946508 0.5563518934035089
0.3900550462856614 0.581475036157444 0.03329056592296758 0.0475516725113375 0.19061907204927958 0.011898820182820671 2.3304954387916816 2.625678464027355 2.4882959925460475 2.6540468957946075 2.283425995664928 2.1222235890941485 2.9432910204713845 2.371972853541119 2.5587093899414177 2.9821669147777246 1.8090130995711786 2.916068283531909 2.5985835729736784 2.4881925207575657 2.5104779124980783 2.4736889345342234 2.9403007063879745 2.1897338316982493 2.8070441257720486 2.7380985040689514 0.5725179077182618
0.40934462492199986 0.6251465660838827 0.03235829596604032 0.042005915600325454 0.18121731454187595 0.012919298912047227 2.217501657489657 2.497018246233597 2.3640884700581988 2.5219653226586525 2.1698120238537726 2.0204521856912847 2.8045245328967288 2.272965163986907 2.4574493005106137 2.8570611981974965 1.7436411389356308 2.7902713100030545 2.4863813005123756 2.3750620512103713 2.3929812497116805 2.3535270960726025 2.7922120639371935 2.073221681333069 2.664651091090609 2.5873368360791473 0.5640226397804435
0.4216411904987772 0.6521257064313535 0.030894548518719814 0.03965191238270479 0.16848976618608405 0.014739134323238989 2.150239846476595 2.420269514492975 2.2878497176665245 2.4443229375572133 2.100657183944003 1.9581278535159319 2.726724977392715 2.215173718722463 2.398393452390042 2.784705602782408 1.7050939298510452 2.7160700210327517 2.419822638839618 2.3076513057203494 2.322958929172608 2.2819076462252816 2.70592942273977 2.0038878746989557 2.5809923411462306 2.4961030463439924 0.5607350799351075
0.41262913033648524 0.6314827816156446 0.03057378436791725 0.04275849963600619 0.1669907891889156 0.014315533355938354 2.198504279360874 2.475326536058823 2.341979614786398 2.5013938418993575 2.1499544461391458 2.0019904894988243 2.7865596720887384 2.257399746683825 2.4416951602134973 2.8385214935115326 1.7331475622162502 2.769923550140126 2.4680462280428985 2.3560791524441687 2.373435632619088 2.3335090553004845 2.768490362048209 2.0547244159419216 2.6407620032618504 2.5624382546135207 0.5641600043922459
0.40590119657480894 0.6166356977753824 0.032133175673864735 0.04335188401204248 0.17985655360918526 0.012965363711338933 2.236972402778519 2.519047541190805 2.3846999146845516 2.545066910474771 2.1887113837404484 2.0369740679562764 2.830313474863956 2.290184554833473 2.475177407202206 2.87834149516426 1.7546862567303827 2.811384652302911 2.505673382518595 2.3943506348077213 2.412956173219724 2.3739108751627644 2.818119879590754 2.0927884222897397 2.689489307584662 2.6121422296497867 0.5653673511039583
0.4105697612981182 0.6266322450326175 0.031118292103185237 0.04287681743662967 0.17084128544857202 0.013332302709284394 2.2100299626594975 2.4885003907418843 2.3547678874146505 2.5148253665185885 2.1616318620486905 2.012503776363806 2.8002431968716333 2.267435131373358 2.4519370030144416 2.850921942617021 1.739951655441386 2.7826064963160584 2.4793545352182145 2.3675519023805776 2.3852282341852784 2.345508617090032 2.783323210017917 2.0657660316291375 2.655478783169201 2.577239899751656 0.564136616997878
0.4242627243288463 0.6575891486662654 0.032939092887836405 0.03677016123839986 0.183058777773455 0.013330826406328487 2.1366234086463987 2.4048251142652393 2.2734749088956305 2.4290219017213848 2.087698811453176 1.9465930217518417 2.710580573583934 2.203711902646764 2.3862704431644337 2.7688582635350905 1.6967964264559374 2.699910179611409 2.405635354977269 2.293473736473997 2.30829590733073 2.2670483894381714 2.6878517803273003 1.9898238042102248 2.5636580160457982 2.4780431991982206 0.5582849318697091
0.44803253668589776 0.7151125898735898 0.027994409720951786 0.034894923832334085 0.1443468325019293 0.01786608629183127 2.0178907664500914 2.2698357426949944 2.1432803314123015 2.29189920179402 1.9693224465344243 1.8408418935544435 2.571165915672201 2.101982459284713 2.281554625122077 2.6408111990765364 1.6281165401028581 2.5686405041300477 2.287908468513661 2.174828149920763 2.185907601467912 2.142561593165054 2.5348912886148893 1.8739296396653413 2.41226330874994 2.3236425437357617 0.559615420082674
0.44313085901626864 0.702975792680783 0.03274780269923993 0.03147226983783657 0.18153081259473974 0.015331182262674773 2.0417321835935214 2.297253160123344 2.169378883552024 2.3187011010239336 1.99348564603436 1.863101490717469 2.595546832866296 2.122659642299262 2.3027544746532906 2.663639873779376 1.6428827045849022 2.594237611994134 2.3118299652393843 2.1991977565013587 2.2108896111343803 2.167718347067815 2.5667374702393375 1.8946866257873707 2.445722839255114 2.3507892580874077 0.5548780804041761
0.45596582762085 0.7331205904662281 0.03564223898758235 0.0250468489922212 0.19933283863557885 0.013023881277042078 1.982023475446794 2.2290573014072335 2.102884258394208 2.2502857830343963 1.933174845110596 1.8089442074118929 2.526615543258103 2.070732078810112 2.248626949034895 2.597319185605286 1.606933591546782 2.5256069478815806 2.250564363879944 2.137565712133538 2.1478328117118335 2.1041185224621297 2.4886770548676735 1.8368399170480552 2.367856396656702 2.27552541756293 0.5519366173801867
0.42942136859421987 0.6698500137275656 0.030726935753067598 0.037469039727264376 0.166206302833562 0.014954699671607076 2.109628471162011 2.374150014349967 2.2441809823571464 2.3979842312084583 2.061154349458261 1.9230504590817183 2.6787771992531915 2.180827302532513 2.362784857319664 2.739641529715841 1.681777635017213 2.6702401333140835 2.3792622726984445 2.266740881798442 2.280731977460602 2.2389023646853623 2.653087712528982 1.9632295872071468 2.529397780899379 2.4420475157201404 0.5589173177262047
0.39383526241258604 0.590218424149055 0.02887425459610606 0.050709249405824115 0.15568668210023903 0.014372421008874883 2.3064666933807296 2.5983460558996274 2.460939204269646 2.6273084068309323 2.257985699662411 2.098005594390446 2.9186496417224994 2.3509047891367874 2.5379388589885683 2.9592285853619136 1.7952546920579435 2.8912025619056405 2.5761231934088413 2.4647691969443386 2.4869843500781057 2.449726899019328 2.9094959539892433 2.170080244904196 2.772690819806566 2.7110420570795997 0.5750283065919234
0.4584268557253489 0.7404644734311527 0.028364535676074575 0.031706891359170986 0.14610911164315268 0.018375460730125373 1.9704045268334855 2.2155934721603465 2.0904282325476617 2.2366514609844845 1.9217426212342767 1.7987731145303951 2.514482839437953 2.0613213851033207 2.2392596347466576 2.5879289918448576 1.5998660723142974 2.515043433500002 2.2398520137288074 2.1268079758660625 2.1361196328262686 2.0919457159058332 2.47337571890552 1.8254727857898243 2.3529269987303145 2.258591581287827 0.5579469818604279
