0.780023853546872 9.999999999999998 0.007189264006118772 0.036037575381659206 0.022776916374284122 0.037411891792752075 0.26125756287144236 1.9658276370761187 1.3051767600622026 1.5059027299404155 1.3254646918329516 1.1762333308746347 1.2070181824624064 1.8454719013730885 2.123918765762606 1.7481744103393435 1.42330714890226 1.2819255814077857 1.117169706341906 1.1622545064570573 2.1830460843890847 0.16140666857591948
0.7867036799346177 9.909061702136189 0.00778667661278266 0.034670483564660334 0.02652436756725096 0.03696283598042143 0.2588735627030315 1.9519428016606235 1.2963957391595566 1.4958808126041852 1.3146052334087754 1.167395477859714 1.1973028147745148 1.8321200767595571 2.107398702043465 1.7330844225768973 1.4098495806128577 1.2689519796056712 1.1055676249881552 1.1502792420373873 2.1599877978801403 0.16082108663832712
0.7805014166770623 9.975748298388952 0.0072505807386510695 0.03592187056941718 0.023159807099953144 0.03734186557702191 0.2610787359346661 1.9649180163105744 1.3045471401396416 1.5051758800557704 1.3245744596176796 1.1755579284729099 1.2062569586318115 1.8445571006494548 2.1227799084336065 1.7470787712346623 1.4223323784450426 1.280983296291983 1.1162863355625479 1.1613528437302887 2.1814422750214364 0.1613734232303304
0.7800238541097974 9.999999999999998 0.007189269196043862 0.036037570069462406 0.022776950939557193 0.037411884915852116 0.26125756255493365 1.9658276357472357 1.3051767595662809 1.5059027296050553 1.3254646908157277 1.1762333305145871 1.2070181817372498 1.845471899330152 2.123918763763503 1.7481744089558964 1.4233071467175475 1.2819255803832683 1.1171697056543046 1.1622545061105944 2.1830460820825683 0.1614066686630758
0.7800238533498262 9.999999999999998 0.007189270934221328 0.036037568407398475 0.022776962528718768 0.037411882567765335 0.2612575627675062 1.9658276371575543 1.3051767605553923 1.5059027304460297 1.3254646915827584 1.176233330896214 1.2070181842339003 1.8454719004884104 2.1239187653297456 1.7481744104405192 1.423307148256128 1.2819255816982573 1.1171697069218447 1.1622545074961959 2.183046084295871 0.16140666879792973
0.7800238532685603 9.999999999999998 0.007189263961857973 0.036037575455688066 0.02277691609940889 0.037411891873274594 0.2612575629648483 1.9658276375987027 1.3051767603995608 1.5059027303330137 1.3254646933521557 1.1762333310021493 1.20701818382062 1.8454719010624392 2.123918766412967 1.7481744108996307 1.4233071487300994 1.2819255818945146 1.1171697064462296 1.1622545068722323 2.1830460850556106 0.16140666860752398
0.7800238537095444 9.999999999999998 0.00718926383415727 0.03603757553298347 0.02277691523366951 0.03741189204682968 0.2612575628196094 1.9658276364667289 1.3051767598572617 1.5059027293966778 1.3254646927920097 1.176233330536012 1.2070181827679118 1.8454719010581795 2.1239187653974057 1.7481744097705925 1.4233071464420144 1.281925581133599 1.1171697059720103 1.162254506180237 2.1830460838894497 0.16140666861448416
0.7814912644385398 9.983027351252133 0.008101347435259934 0.03495392580364145 0.028686234294846468 0.036221084668082625 0.26072653481006103 1.962672771235643 1.3032410101047345 1.503735287796528 1.3229203465535078 1.1742509443337696 1.204813444486923 1.8425363315887118 2.120208861310256 1.744767991127991 1.4205302035312648 1.279115636184328 1.1145270439529547 1.15958998010653 2.178124035516765 0.16132123502841614
0.7800238535697771 9.999999999999998 0.007189264234361425 0.0360375751153321 0.022776917905006844 0.037411891501713083 0.2612575628598966 1.9658276367580645 1.305176760035673 1.5059027301646428 1.32546469295712 1.1762333311276878 1.2070181824110258 1.8454719002536406 2.123918765625149 1.7481744099726269 1.4233071466676548 1.2819255813259662 1.1171697061470427 1.1622545063771026 2.183046084221632 0.16140666859933026
0.7800238534198042 9.999999999999998 0.007189263090841234 0.036037576304247226 0.022776910293264483 0.03741189302342949 0.2612575629359183 1.9658276370381405 1.3051767602287014 1.505902730340469 1.3254646931687273 1.176233331308079 1.207018183633983 1.8454719008748965 2.1239187661494525 1.748174410361506 1.4233071487899744 1.281925581630934 1.1171697063397625 1.1622545065286163 2.1830460846762048 0.16140666854249863
0.7800238540625757 9.999999999999998 0.007189263045423608 0.03603757631162871 0.022776909980943758 0.0374118931303564 0.26125756272172584 1.9658276358256572 1.3051767593992811 1.5059027294335343 1.3254646923579119 1.1762333300930952 1.2070181818508394 1.8454718995690995 2.123918764715616 1.7481744093715272 1.423307147573401 1.2819255805688818 1.1171697055180394 1.1622545053494748 2.183046083031143 0.16140666849820656
0.7845971787191437 9.99992609630304 0.00903659492707986 0.033654033073114 0.034888471188654006 0.035355716940760507 0.25960883877768676 1.9558531734633284 1.2991312251564269 1.4989594385091383 1.3184503692626786 1.170338176190295 1.2005650838622002 1.8358205823526133 2.1117943218545703 1.7377599397828989 1.4146869116043663 1.27320338255764 1.1092848697245739 1.1541815917821354 2.1675332536642284 0.16116076108465416
0.7800238549662898 9.999999999999998 0.007189283872868925 0.03603755541566279 0.022777048586740633 0.03741186528060863 0.26125756191272814 1.9658276341938514 1.305176759096689 1.5059027290425273 1.3254646898900782 1.1762333294353802 1.2070181804007458 1.8454718972234636 2.1239187611842865 1.7481744071168077 1.4233071469852394 1.2819255791649835 1.1171697057566101 1.1622545069405965 2.183046078433742 0.16140666924667546
0.7800238530182472 9.999999999999998 0.007189283537694596 0.03603755574717716 0.022777046428854104 0.037411865693692425 0.26125756256935573 1.9658276381425177 1.3051767614776122 1.505902731734886 1.325464693444709 1.1762333317941807 1.2070181835180087 1.8454719006992644 2.123918764259446 1.7481744103895231 1.4233071517622313 1.2819255822033704 1.1171697079652527 1.1622545093731413 2.183046084138328 0.1614066690772602
0.7800238543030069 9.999999999999998 0.007189261683386415 0.03603757764001838 0.022776900927691274 0.0374118949741226 0.26125756267248307 1.9658276356373974 1.3051767590167342 1.505902728779839 1.3254646908943781 1.1762333298501946 1.2070181815526575 1.8454718992189671 2.1239187642947024 1.7481744089059987 1.4233071456601567 1.281925580121853 1.1171697050605516 1.1622545049917263 2.183046082403592 0.16140666847360835
0.780023853967401 9.999999999999998 0.007189267870771887 0.036037571431360986 0.02277694211230407 0.03741188667219867 0.2612575626355843 1.9658276363120404 1.3051767596995705 1.5059027294959884 1.3254646910158325 1.1762333306823212 1.2070181820945283 1.8454718993943802 2.1239187642769326 1.7481744093204388 1.4233071483147381 1.2819255806490801 1.1171697057567176 1.1622545061451122 2.1830460827040863 0.1614066685960706
0.7800238530990625 9.999999999999998 0.007189268552751894 0.03603757082704063 0.022776946671704858 0.0374118857291431 0.26125756291155916 1.965827637930164 1.305176760771788 1.5059027307023711 1.3254646923463733 1.176233331680172 1.2070181829682225 1.8454719020705272 2.123918766192252 1.7481744107793615 1.4233071498726155 1.2819255821344342 1.1171697071447746 1.1622545074813635 2.183046085144023 0.16140666872320167
0.7800238527025025 9.999999999999998 0.00718926251362166 0.036037576987251387 0.022776906446113146 0.0374118937457961 0.26125756318880433 1.9658276383928606 1.3051767610388316 1.5059027313366253 1.325464692929581 1.1762333321323504 1.2070181850790411 1.8454719023155117 2.123918770096086 1.7481744118835847 1.423307149851869 1.2819255829102625 1.1171697074324214 1.1622545074921626 2.18304608705077 0.16140666870192888
0.7810225151269389 9.998364165133987 0.007351156031402422 0.03576461212479135 0.023813012401587716 0.03721807286102173 0.2608870266638449 1.9635536640588274 1.3038231046304005 1.5044197109635105 1.323649345422364 1.1748539755760286 1.2054823148933607 1.8434947821839713 2.1214251936712243 1.7458987574307017 1.4215834102731373 1.2799871477743126 1.1151842155972163 1.1603228400609855 2.1799429226640994 0.16126778362919456
0.7800238532679776 9.999999999999998 0.007189263158565267 0.036037576278474266 0.022776910722600352 0.0374118929239082 0.26125756298854014 1.9658276376028587 1.3051767603689777 1.5059027303110175 1.32546469337034 1.1762333314951423 1.2070181828125055 1.845471900931862 2.1239187676282603 1.7481744109577366 1.4233071477859163 1.2819255819161879 1.1171697067720459 1.1622545067867767 2.183046085185018 0.16140666867249126
0.7800238538194296 9.999999999999998 0.00718926488375914 0.03603757443660287 0.022776922213024603 0.03741189063361309 0.2612575627616174 1.9658276362639004 1.3051767597568473 1.505902729583808 1.3254646914685457 1.176233330399026 1.2070181831307687 1.845471900777041 2.1239187649690576 1.7481744094468934 1.4233071461633673 1.2819255808956846 1.117169705764622 1.1622545059858302 2.1830460834216745 0.16140666859911285
0.833827845107143 9.383422755020977 0.036264527415237585 0.0003440908392434047 0.17438403021641086 0.006091727931941147 0.26016979944927743 1.859783269474742 1.2350569684237938 1.4262456677467275 1.2448307695465546 1.1071411452663407 1.1319405903359614 1.7407764612674195 1.9911434702394493 1.6333218522398907 1.3199161216889328 1.1828351314134629 1.030174126103075 1.0715489935744418 2.0176870802440567 0.22955745967235436
0.7800238531017107 9.999999999999998 0.007189270928614472 0.03603756845828046 0.022776962465210774 0.037411882532655434 0.26125756284874824 1.96582763763443 1.3051767608645464 1.5059027311180229 1.3254646934855938 1.176233331691164 1.2070181831389344 1.8454719021186166 2.12391876592456 1.748174410739452 1.4233071502501344 1.2819255821455793 1.1171697073304356 1.162254507824409 2.183046085046582 0.16140666880364224
0.7800238530191322 9.999999999999998 0.007189268265181236 0.036037571132955026 0.022776944739376033 0.03741188608616751 0.2612575629441627 1.965827638089898 1.3051767608609044 1.5059027311201645 1.3254646922211026 1.176233331775998 1.207018184600191 1.8454719022437978 2.1239187664252235 1.748174411209603 1.4233071499938796 1.2819255822681759 1.117169707206462 1.1622545075701958 2.183046085417053 0.16140666872827564
0.7800238533055914 9.999999999999998 0.007189266734211929 0.036037572646396294 0.022776934551517712 0.037411888160131815 0.2612575628875549 1.9658276372657624 1.3051767604535025 1.5059027303876904 1.3254646932732561 1.1762333317246794 1.2070181837576757 1.8454719017411008 2.1239187659678804 1.7481744104502623 1.4233071492956444 1.2819255817859951 1.1171697067433277 1.1622545069352548 2.183046084758839 0.1614066686504341
0.7800238529637882 9.999999999999998 0.007189275346474282 0.03603756401184325 0.022776991886306757 0.03741187663246193 0.2612575627875573 1.9658276382026987 1.305176761193507 1.5059027309230497 1.3254646951910225 1.1762333318506843 1.207018184130932 1.8454719011123364 2.1239187646979856 1.7481744110635278 1.4233071514863156 1.281925582352821 1.1171697076260958 1.1622545084584157 2.183046084925771 0.161406668843503
0.7800238533117596 9.999999999999998 0.00718926304147509 0.03603757636745908 0.022776909961034188 0.03741189308479675 0.26125756297407265 1.965827637242478 1.305176760310448 1.5059027299261136 1.3254646933060312 1.1762333314336693 1.2070181827455093 1.845471902053942 2.1239187664109167 1.7481744108276018 1.423307146857586 1.281925581799612 1.1171697064514723 1.1622545065925864 2.1830460851666036 0.161406668645263
0.780023853386877 9.999999999999998 0.007189268042703309 0.03603757132813464 0.022776943258922232 0.03741188641293358 0.2612575628273113 1.9658276373877304 1.3051767604060545 1.50590273027922 1.3254646931573157 1.1762333313555962 1.2070181836563008 1.8454719006968123 2.1239187656254126 1.7481744102589647 1.423307149345034 1.2819255816705073 1.1171697066926467 1.1622545071019004 2.183046084410484 0.16140666867447853
0.780023852741307 9.999999999999998 0.007189266083305145 0.03603757337948558 0.022776930234965773 0.03741188902808939 0.26125756308975523 1.9658276386266562 1.3051767611686462 1.5059027314308253 1.325464692838669 1.1762333320879186 1.2070181834314742 1.8454719028748425 2.123918767376023 1.7481744113964723 1.4233071502192602 1.2819255828142477 1.117169707570153 1.1622545077804298 2.183046086663688 0.16140666873612244
0.7800238530466574 9.999999999999998 0.007189268967445723 0.03603757042857049 0.022776949432018655 0.037411885164281115 0.2612575629131752 1.9658276380522415 1.305176760857778 1.505902730802797 1.3254646921760864 1.1762333317469025 1.2070181840615568 1.8454719013222993 2.1239187662735013 1.748174411146942 1.4233071502236387 1.2819255822422266 1.1171697070882334 1.162254507774027 2.1830460854299 0.1614066687324971
0.7842780840450014 9.936883560905963 0.008784770814554532 0.03394871226788811 0.03300426053084568 0.035421113386842756 0.259709870691456 1.9569294229297056 1.2995829573513582 1.4993978559700494 1.3189121181991736 1.1707501016969553 1.2010965731955299 1.8363415559543896 2.1126125972981598 1.738316202684676 1.4155902253165793 1.2738453749302707 1.1098091576492823 1.154709354193208 2.1684582803339834 0.16117545716138196
0.7800239373694047 9.999999999999998 0.007187243836582047 0.036039609810535854 0.02276348996893396 0.03741459696465362 0.2612575852819284 1.9658274693092628 1.305176582646616 1.505902535594269 1.325464585428609 1.1762332247995293 1.2070180725736581 1.845471859116457 2.123918909670603 1.7481743510612844 1.4233066339650855 1.2819254757613912 1.1171695440882203 1.1622541973617728 2.1830460009250925 0.16140663654209603
0.7859532187336067 9.970508818039296 0.009574753142998844 0.03297548523999229 0.03766994415127085 0.03425478734467375 0.2591801672961777 1.9530697025528767 1.2974942620562218 1.4969965814755668 1.3164470103646888 1.1687382799504533 1.1989647317874625 1.8329034133674875 2.1082737566358762 1.7346304481493053 1.4128759443016143 1.2707289106952597 1.1067441018414765 1.1516515260788698 2.163115571646229 0.16119088615615162
0.43311117859577475 1.2467929140610083 0.018967033165301208 0.1333040095898368 0.07167692865933074 0.029035231998818935 0.3626583229034094 3.9203637757772687 2.7376568032596147 2.877396443986937 2.4971550967388785 1.846536384750219 2.1543294459224844 2.375574931573152 3.1766734544504254 2.783771781207527 2.2999575248450803 2.639717611529585 2.3974318837330313 2.141169394060957 3.99893459221788 3.263640897184269
0.7800238538214689 9.999999999999998 0.0071892633106174575 0.036037576036855215 0.022776911751386728 0.03741189276139351 0.26125756279999507 1.9658276362576697 1.3051767596960546 1.5059027292212457 1.3254646914888428 1.176233330843933 1.2070181831438564 1.8454718998188422 2.1239187651908935 1.7481744095316676 1.42330714598111 1.2819255809044894 1.117169705864956 1.1622545058254632 2.1830460836286707 0.16140666857077843
0.7800238544057522 9.999999999999998 0.007189263715923684 0.03603757557349606 0.022776914448066277 0.03741189224122981 0.26125756258717225 1.9658276351427402 1.305176759054409 1.5059027289687323 1.3254646905030887 1.1762333301732995 1.2070181815839407 1.8454718986782406 2.1239187637877994 1.7481744083651134 1.423307145742096 1.2819255799291747 1.1171697048679625 1.1622545050533912 2.18304608184769 0.1614066684972989
0.7800238528350539 9.999999999999998 0.007189271195274821 0.03603756820072295 0.022776964255436936 0.03741188215875626 0.2612575629316641 1.9658276381615003 1.305176761242901 1.5059027311902258 1.3254646938176984 1.1762333319913372 1.2070181834515414 1.8454719025083801 2.1239187664827552 1.7481744112325213 1.4233071507038084 1.2819255826028513 1.117169707539905 1.1622545083333875 2.1830460857841874 0.161406668820949
0.7800238545084212 9.999999999999998 0.007189262294769569 0.03603757698335455 0.02277690497910634 0.03741189414768975 0.26125756258855926 1.9658276349531405 1.3051767588256447 1.5059027285080213 1.3254646906184446 1.1762333300350827 1.2070181812902518 1.8454718986819836 2.1239187637115373 1.7481744081904647 1.4233071447003758 1.2819255797241078 1.1171697048355298 1.1622545047105066 2.1830460813944006 0.16140666847336393
0.7800238534957387 9.999999999999998 0.0071892756725904245 0.036037563623839884 0.022776994055835137 0.03741187623275449 0.2612575626063346 1.9658276372018268 1.3051767605535838 1.5059027307328599 1.325464692929189 1.1762333310303201 1.207018182964662 1.8454719002379145 2.1239187629723872 1.7481744099718661 1.423307150101244 1.2819255814256572 1.1171697068259157 1.162254507740227 2.183046083358873 0.16140666880513346
0.7800238969358105 9.999999999999998 0.007186936086864649 0.03603992247712818 0.022761451493592075 0.03741500939735901 0.2612576066945132 1.9658275522373352 1.3051766206796043 1.5059025747287647 1.3254646602180389 1.176233276290455 1.2070181320018685 1.845471935103608 2.1239190324794364 1.7481744413734157 1.4233066445664957 1.281925549001595 1.1171696080130384 1.1622542405292082 2.183046122792069 0.16140663584601012
0.7800258584479427 9.999999598219041 0.007185417899310334 0.03604122480049696 0.022751579334752216 0.03741742983287585 0.2612567167682789 1.9658230444668943 1.3051739706713554 1.5058995111711662 1.3254614276343968 1.17623064593137 1.2070152665164091 1.8454679164457342 2.1239140959775433 1.7481701823095916 1.4233031367710147 1.2819215854614505 1.1171662736778494 1.1622508345689526 2.183039044264499 0.16140634936214204
0.7800238525028127 9.999999999999998 0.007189266000927715 0.036037573490913806 0.022776929664831073 0.037411889071129106 0.2612575631727771 1.9658276387573657 1.3051767614162406 1.5059027317585212 1.3254646943121495 1.176233332378488 1.2070181837240537 1.8454719025876514 2.123918769031033 1.7481744123822593 1.4233071522725809 1.2819255832160161 1.117169707865597 1.162254508335601 2.183046087379775 0.16140666872227957
0.7799323664797337 9.999992657470159 0.0072754991580661265 0.03595204653358854 0.02336382838040746 0.037300662491268496 0.26182246535416304 1.9660247644814077 1.3052917935551438 1.5060130036589905 1.3256649194009527 1.176363150715906 1.2071781283685796 1.8455584755937744 2.124018192231166 1.7483200829375511 1.4235449198076076 1.2820694820021972 1.1172924977560748 1.1623891818895935 2.1832966583205806 0.16140368023445764
0.7800238522025115 9.999999999999998 0.007189271219139809 0.03603756825267255 0.022776964416796545 0.037411882081659416 0.2612575631409125 1.9658276396297452 1.3051767620186896 1.5059027320949194 1.3254646946282593 1.1762333327247092 1.2070181850773933 1.8454719029893112 2.1239187679604714 1.7481744125287706 1.4233071539433522 1.2819255836887347 1.1171697086594858 1.1622545093592502 2.183046087622092 0.16140666882430632
0.780024502393108 9.999947130905595 0.007186041481183342 0.03604053412595533 0.02275571069813514 0.03741638184592782 0.26125743662065104 1.9658185001998114 1.3051756813811692 1.5059017564093626 1.325463649268634 1.1762324463429226 1.207017262264272 1.84547037309696 2.1239170333617605 1.7481726975842495 1.4233059369059686 1.2819242111073497 1.1171680561095176 1.1622526795542258 2.183044307736796 0.16140629714841498
0.7800238536143499 9.999999999999998 0.007189263480502764 0.03603757592168623 0.022776912854057092 0.037411892487900285 0.2612575628625784 1.965827636651793 1.3051767599614394 1.5059027298446916 1.3254646929265117 1.1762333305980743 1.207018182564648 1.8454719004273044 2.123918766688208 1.7481744100037877 1.4233071487452709 1.281925581317348 1.1171697061276442 1.162254506198491 2.183046084300646 0.1614066685736756
0.7814578818822235 9.999986088731562 0.008423991571793847 0.03463340625173332 0.030779399577445462 0.035769144339836995 0.26073490546643574 1.962650895894566 1.3032762848488662 1.503753225517686 1.32312450344238 1.1743437775106977 1.204950878439374 1.8424753664519953 2.1201531325273186 1.7448326410517496 1.4206809370554117 1.2791766461872904 1.1146004004450398 1.159665068219037 2.178348443755262 0.16136691483806626
0.7800238534605523 9.999999999999998 0.007189265065426994 0.0360375743168987 0.022776923443100897 0.03741189039215397 0.26125756286955837 1.9658276369376764 1.3051767602083255 1.5059027300574261 1.3254646919269615 1.1762333308233546 1.207018182557556 1.8454719006441322 2.1239187658101963 1.748174410465613 1.42330714921659 1.281925581551699 1.1171697065878958 1.1622545067045287 2.1830460844563095 0.16140666859816855
0.792269065022043 9.819435417552361 0.010673362477975684 0.03113578623731005 0.04422397147829294 0.03296752007754266 0.25688023119638986 1.941077581751711 1.2888507829225109 1.4865928095028282 1.310217481709364 1.161579366038416 1.192390783720029 1.8173312974569875 2.089913782241882 1.720040877004072 1.4038938569585364 1.258848611365994 1.095837225044083 1.1405135516614733 2.143650322501135 0.1611053449620285
0.7930839643965986 9.990097359398073 0.009177416951846328 0.032547634802510494 0.035004775082217006 0.035063713722038606 0.256685120705595 1.936887800254561 1.28806572987811 1.4866195187397877 1.3042006541275462 1.159158013108195 1.188168848946437 1.8196529040375604 2.0913301513929285 1.7189555916411634 1.3975439621198045 1.257072526894159 1.0947670942490388 1.1391879143745942 2.1382727563777775 0.16057763984079204
0.784655458329563 9.982298858317233 0.007467091267174476 0.03523465445543206 0.024494468539117294 0.03728339343628474 0.25958708122135404 1.955645496856111 1.2990525173815606 1.499037963598823 1.3176572110934317 1.1700536317731551 1.200150010385337 1.8364184867591662 2.1126184605215697 1.7378005545052522 1.4139917191000702 1.2729822168797498 1.1090833849172954 1.1539345920321202 2.167111420270578 0.16091994135366677
0.7800238539820815 9.999999999999998 0.007189262184623264 0.03603757716449831 0.022776904238069204 0.03741189424917216 0.2612575627676939 1.9658276359408504 1.3051767594656782 1.5059027289430904 1.325464692461494 1.176233330661819 1.2070181826657758 1.8454718997249768 2.1239187649721285 1.7481744092823717 1.4233071457735036 1.2819255806567662 1.1171697056300993 1.1622545054475404 2.1830460831358205 0.1614066685319778
0.7800238537984155 9.999999999999998 0.007189267688836011 0.03603757166181863 0.022776940873324544 0.037411886876842625 0.26125756269608963 1.9658276366109857 1.3051767598561705 1.505902729745203 1.3254646914754526 1.1762333308770825 1.207018183172619 1.845471899764307 2.123918764743658 1.7481744094875562 1.42330714879683 1.281925580977854 1.1171697060855834 1.1622545063527556 2.1830460832449 0.16140666863707473
0.7800238530356534 9.999999999999998 0.007189263972965197 0.03603757547277779 0.022776916172479223 0.037411891840404186 0.26125756304433784 1.965827637744673 1.3051767606834457 1.5059027303595185 1.325464693653351 1.1762333313034612 1.2070181830841737 1.845471902468882 2.123918766965291 1.7481744111364748 1.4233071497844845 1.2819255823018043 1.1171697071007507 1.162254507259454 2.183046085893765 0.1614066686372351
0.780023853506931 9.999999999999998 0.007189262108170648 0.03603757730514583 0.022776903744828252 0.037411894349761145 0.26125756293054986 1.965827636848662 1.305176760041511 1.5059027298700112 1.3254646930740317 1.1762333312154027 1.2070181825245703 1.8454719006658205 2.123918767185871 1.7481744105082695 1.423307146433622 1.2819255814974901 1.117169706294607 1.162254506293159 2.1830460847175694 0.16140666863852973
0.7800313706869423 9.999860927521514 0.007194388187662519 0.03603158949724656 0.0228108135404035 0.03740537344261803 0.2612547755258593 1.9658074966491825 1.3051669080317672 1.5058912124057708 1.3254530945434557 1.1762233917900853 1.207007585051759 1.8454561196296217 2.1238992074151377 1.7481575186497817 1.4232938732279203 1.2819110080987153 1.117157006383203 1.162241603523836 2.183022174134503 0.16140590434080815
0.7995708140837129 9.999858524497789 0.006924482957095497 0.03410298340326334 0.020846886248910224 0.03920525647798725 0.25428158743777607 1.9228267702690318 1.2791868937424073 1.4763652383766916 1.2945705207095954 1.1506884493250464 1.1791780281743616 1.805881488183195 2.0751194559781934 1.7047253748613194 1.3851428245755453 1.2446825772723449 1.0841127853056045 1.1279931664952916 2.1168317791727356 0.16002502279329703
0.7800238532194742 9.999999999999998 0.007189267947115389 0.03603757144736988 0.02277694261076382 0.037411886514605044 0.2612575628826602 1.9658276373973291 1.305176760568516 1.5059027305849464 1.3254646933715164 1.1762333312572635 1.20701818386191 1.8454719010289287 2.1239187660204504 1.7481744108542305 1.4233071496517826 1.2819255819602675 1.1171697069498105 1.162254507261397 2.1830460848826854 0.1614066687007099
0.7800238529477833 9.999999999999998 0.007189261580426969 0.036037577900448786 0.02277690023077529 0.037411895003118305 0.261257563130498 1.9658276379043187 1.3051767607522675 1.5059027306966846 1.3254646937929997 1.176233331861497 1.2070181833781795 1.8454719017737484 2.1239187674770115 1.7481744116651194 1.423307149653977 1.2819255824838154 1.1171697071631783 1.1622545071089305 2.1830460864363443 0.16140666859335961
0.7800238530487312 9.999999999999998 0.007189264268328536 0.03603757516662564 0.022776918127556552 0.03741189143007431 0.26125756302928693 1.9658276377409385 1.305176760727892 1.5059027306078734 1.3254646922304738 1.1762333317279432 1.207018183618371 1.8454719024233548 2.12391876795774 1.7481744110893929 1.4233071481590303 1.2819255822614282 1.1171697070994402 1.1622545072614916 2.1830460857689493 0.16140666872751253
0.7800238534855187 9.999999999999998 0.0071892625789575365 0.03603757683015667 0.022776906891153626 0.03741189374409885 0.26125756292614827 1.965827637212333 1.305176760083533 1.5059027302230792 1.3254646930936653 1.1762333312387376 1.207018183567359 1.845471900687663 2.1239187660904824 1.748174410283431 1.4233071465386378 1.2819255815397574 1.1171697063522639 1.1622545062831948 2.183046084577502 0.16140666861899255
0.7800238565693685 9.999999999999998 0.007189283619406299 0.0360375555908973 0.022777046744555465 0.037411865527613275 0.26125756137453165 1.9658276309306653 1.305176757117146 1.5059027270926637 1.3254646871141018 1.1762333271843441 1.2070181777355773 1.8454718965401717 2.1239187578108876 1.7481744043354124 1.4233071459130955 1.2819255765309345 1.1171697029291365 1.1622545040938963 2.1830460743223594 0.1614066690942139
0.7800238527323322 9.999999999999998 0.007189289244720288 0.03603755000837039 0.022777084427352358 0.037411858041429755 0.26125756252497573 1.9658276386775546 1.3051767620257873 1.5059027321332505 1.325464692572227 1.1762333321221325 1.2070181851822281 1.8454719002921816 2.1239187641653614 1.748174410710037 1.4233071539179283 1.2819255826387623 1.1171697084416607 1.1622545104835411 2.1830460843281414 0.16140666917707455
0.8003849516083914 9.999952668796794 0.008665282480251722 0.0322964983672527 0.032134166621258314 0.03673448720076336 0.25381494649540326 1.9217209719072763 1.2783486092857628 1.4753544350753167 1.2938778580301908 1.1499591650641328 1.1784506195601891 1.8045132484811948 2.0733666036201033 1.7034053863216647 1.3838453380292677 1.2436170031349376 1.0832897842506077 1.1271606650297123 2.1149710525976064 0.16016817891381724
0.7864613081628479 9.990173862836178 0.004537114800803423 0.037953218304559826 0.004919405220367081 0.0418858802689758 0.2585545032554649 1.95174953555526 1.2962971274797945 1.4960908071637755 1.3160070979694405 1.1678326188824075 1.1979571386921493 1.83136618803519 2.1064084919172728 1.7333010763188708 1.4106708162925419 1.2697491962110559 1.106100462816699 1.1505868051040906 2.162220078690103 0.1611928128988846
0.780023852845112 9.999999999999998 0.007189274205744176 0.03603756519230041 0.022776984286283795 0.037411878150847774 0.26125756285758905 1.965827638129823 1.3051767612969314 1.5059027313610966 1.3254646937810795 1.1762333319943146 1.2070181839441056 1.8454719025226825 2.1239187661317485 1.7481744113853444 1.4233071510937683 1.2819255825879559 1.1171697077452885 1.1622545085953415 2.183046085326492 0.16140666892343325
0.78002385285573 9.999999999999998 0.007189265731216293 0.036037573706609205 0.022776927873361455 0.0374118894688542 0.2612575630606043 1.9658276383856708 1.3051767610150047 1.50590273093878 1.3254646938580978 1.1762333319626677 1.2070181832850098 1.8454719017938355 2.1239187678560176 1.7481744114038995 1.423307149950325 1.2819255825819997 1.1171697072371956 1.1622545075291846 2.1830460861844356 0.16140666869569995
0.7800238532056355 9.999999999999998 0.007189265720589248 0.03603757369583073 0.022776927791306356 0.03741188948032905 0.26125756294426966 1.9658276374507921 1.3051767605420237 1.5059027304446235 1.3254646934158762 1.1762333311241464 1.2070181828703082 1.8454719011335106 2.123918766348676 1.7481744109720185 1.4233071510315143 1.2819255820028719 1.117169706857627 1.1622545070904073 2.18304608537152 0.16140666859361832
0.7825026698094952 9.999434255177903 0.007446178510459004 0.03550300893683403 0.02437215263371498 0.037131960625504175 0.26034976804041937 1.9603911183594955 1.3018627679647348 1.5020744140781646 1.321712719047076 1.1730696476265787 1.203659313935786 1.840007862566781 2.117154405313478 1.7425019794880912 1.4192794640470643 1.2771993630079599 1.112672442497537 1.1576844561200088 2.174871800115624 0.161051420547821
0.7800238530998954 9.999999999999998 0.0071892648819058035 0.03603757453815391 0.02277692221781969 0.03741189061793006 0.2612575629991799 1.9658276379288975 1.3051767606853906 1.5059027308611777 1.3254646935569123 1.176233331681056 1.207018184016553 1.8454719011777712 2.1239187666772428 1.748174411187472 1.4233071497782925 1.2819255821721507 1.117169707046597 1.1622545071388515 2.1830460855695 0.16140666861715428
0.7800238531550644 9.999999999999998 0.00718926210188872 0.036037577343239216 0.02277690368059451 0.037411894289948726 0.2612575630494147 1.9658276378362454 1.3051767604685172 1.5059027306748123 1.3254646935213699 1.176233331163666 1.2070181839716554 1.8454719024067967 2.1239187669157173 1.7481744109648774 1.4233071489981695 1.2819255820991553 1.1171697068021493 1.1622545068217576 2.1830460855890883 0.16140666858848224
0.7800238529533725 9.999999999999998 0.007189262132346646 0.036037577361130974 0.02277690387847299 0.03741189425700972 0.2612575631159418 1.965827637896682 1.3051767607274938 1.5059027307145443 1.3254646937872074 1.1762333318500786 1.2070181832074174 1.8454719027160664 2.1239187684099514 1.7481744116656146 1.423307147589481 1.2819255824971363 1.117169707047024 1.1622545070697503 2.1830460863913657 0.1614066687334727
0.7800238535193879 9.999999999999998 0.007189261836229033 0.03603757758027606 0.022776901928441794 0.03741189468643133 0.2612575629303489 1.9658276368226588 1.305176760066902 1.5059027296033418 1.32546469189514 1.1762333312018554 1.2070181825101007 1.8454719006543698 2.123918766114849 1.7481744100199748 1.4233071500346743 1.2819255814795905 1.117169706277587 1.1622545062582799 2.183046084692159 0.16140666847861423
0.7800238529579708 9.999999999999998 0.007189264654353254 0.03603757479395302 0.022776920709834725 0.0374118909252885 0.261257563052174 1.9658276381957034 1.3051767608040385 1.5059027308224533 1.325464693743165 1.1762333313625082 1.207018184196374 1.8454719024973607 2.123918767051521 1.7481744110235895 1.4233071496670417 1.2819255824365612 1.1171697071547149 1.1622545074595727 2.183046086037513 0.1614066686661064
0.7821878855005038 9.999853538376422 0.006838203519093006 0.03614461802255914 0.020405566314303725 0.038002988347865065 0.26047235776098543 1.9609817046779088 1.3022982978474305 1.5026923309818234 1.3218372078323852 1.1733464813008656 1.2038187123729767 1.8412963868487144 2.1187359050743675 1.743339540143122 1.4189587616907993 1.277732583937031 1.1133651070190544 1.1583236809797732 2.175528409053783 0.16115859904101262
0.7800238530715545 9.999999999999998 0.007189269912195632 0.03603756948199226 0.022776955696520853 0.0374118838756473 0.2612575628834001 1.9658276379859185 1.305176760909845 1.5059027308751805 1.325464693536361 1.1762333312366366 1.2070181831783664 1.8454719012524046 2.123918766117076 1.7481744110753967 1.4233071501560357 1.2819255822017117 1.1171697072339764 1.162254507743506 2.1830460852288205 0.16140666876734966
0.7813502974432546 9.99586041501063 0.00800100821231011 0.03507372464058378 0.028035708068321258 0.03634817202629752 0.2607776668930127 1.9628570290342573 1.3034225921477194 1.503974139041714 1.323106030967492 1.1744301943699094 1.2050024504179326 1.8428504469929636 2.1205747180089056 1.7450975865037404 1.4210037654586356 1.2793905040160696 1.1146908926995787 1.159777435155193 2.178738609407374 0.1612972110650643
0.7800238543715883 9.999999999999998 0.007189265026111815 0.036037574257771064 0.022776923167686692 0.03741189048809925 0.26125756256980426 1.9658276355194628 1.305176759141801 1.505902728514191 1.3254646905348286 1.1762333294343037 1.207018181450304 1.8454718987994418 2.123918763702057 1.7481744083803608 1.423307147258453 1.2819255799641176 1.1171697050329565 1.162254505172071 2.1830460818277158 0.16140666848090737
0.7800238534093211 9.999999999999998 0.007189266693523109 0.036037572678142955 0.02277693427612261 0.03741188821395448 0.26125756285064994 1.9658276373395085 1.3051767603759632 1.5059027299503 1.325464691974408 1.1762333313253106 1.207018184186278 1.8454719006883913 2.1239187657209233 1.7481744102521124 1.4233071491472373 1.281925581618534 1.117169706576415 1.1622545067886838 2.183046084485093 0.16140666862917433
0.7800238528825406 9.999999999999998 0.007189262909687346 0.03603757655942601 0.0227769090941273 0.03741189323766474 0.2612575631196635 1.9658276383348525 1.3051767608311193 1.5059027308519324 1.3254646938600592 1.1762333319342608 1.2070181834457143 1.8454719018472359 2.1239187674477913 1.748174411485352 1.4233071512275615 1.281925582556069 1.1171697071656577 1.1622545073712836 2.18304608643959 0.16140666856777736
0.7800238532975898 9.999999999999998 0.007189269131155538 0.03603757024776616 0.022776950509485947 0.037411884958254336 0.2612575628252442 1.9658276375550499 1.3051767605584403 1.505902730455579 1.3254646920913509 1.1762333314490425 1.2070181843178611 1.8454719008435252 2.1239187656964944 1.7481744104140795 1.4233071498440204 1.2819255818244844 1.1171697068679411 1.1622545074063242 2.1830460846744697 0.16140666871389675
0.7800238530989202 9.999999999999998 0.007189264832803584 0.03603757460522685 0.02277692187196766 0.03741189066895114 0.2612575630032212 1.9658276379268338 1.3051767606468143 1.50590273086437 1.3254646935651333 1.176233331676792 1.2070181831767994 1.8454719013749172 2.1239187667163835 1.7481744112273134 1.4233071474662886 1.2819255821996225 1.117169707056334 1.1622545071640682 2.1830460857795453 0.16140666872991302
0.7800238530476138 9.999999999999998 0.007189269302155846 0.036037570082674004 0.02277695164715979 0.03741188470726518 0.2612575629057227 1.9658276380266095 1.3051767609145262 1.5059027308105382 1.3254646935675503 1.1762333313003785 1.207018183031779 1.8454719022493682 2.123918766216624 1.748174411114016 1.423307150094629 1.281925582231694 1.1171697071333175 1.1622545077882798 2.183046085202118 0.16140666874843906
0.780023853496325 9.999999999999998 0.007189264347221125 0.03603757505785321 0.022776918651101208 0.03741189136776927 0.2612575628830682 1.965827636878224 1.3051767601834314 1.5059027297328846 1.325464693067172 1.1762333312333464 1.2070181826989954 1.845471901574802 2.1239187669499144 1.7481744102113912 1.4233071468829024 1.281925581510924 1.1171697063458925 1.1622545064629006 2.1830460845471795 0.16140666869881684
0.7805414676307705 9.960173677662745 0.00728963671111352 0.03587818824634573 0.023417510247378967 0.037288558682836696 0.2610618523208146 1.9648822084200557 1.3044963752543763 1.5051341298276701 1.3244352746574497 1.1754799567820402 1.2061617549081411 1.8444890549595871 2.122667165813397 1.7469674211023294 1.4223177966100709 1.2808996540592072 1.116154493019206 1.1612339015829576 2.181361022024079 0.16138144175541422
0.7800238540514209 9.999999999999998 0.007189262559031964 0.03603757678733252 0.022776906734537663 0.037411893771983507 0.2612575627388382 1.9658276358376208 1.3051767593923143 1.5059027294247727 1.325464692372652 1.1762333300855814 1.2070181820275758 1.845471900441628 2.1239187647788493 1.7481744091363054 1.4233071456932767 1.2819255805451133 1.1171697054982397 1.1622545054835172 2.183046082897777 0.16140666855537658
0.7800238524412126 9.999999999999998 0.007189268478829598 0.03603757098199684 0.02277694617485521 0.03741188578600877 0.2612575631293019 1.9658276391724692 1.3051767615751195 1.505902731951338 1.3254646943517756 1.1762333324433014 1.207018185353088 1.845471903360908 2.123918767738342 1.7481744123761567 1.4233071510505357 1.2819255832779277 1.1171697081452057 1.1622545086079799 2.1830460870925013 0.1614066688049002
0.7800238535488384 9.999999999999998 0.007189266151110778 0.03603757321674876 0.022776930668500638 0.03741188894693797 0.26125756281724566 1.9658276367774907 1.3051767601869553 1.5059027297185787 1.325464692970971 1.176233330386244 1.2070181826154187 1.8454719004427356 2.1239187665634307 1.7481744102435859 1.423307148524949 1.281925581385823 1.117169706465439 1.1622545067161931 2.1830460841163317 0.1614066686555097
0.7800238532866127 9.999999999999998 0.007189267478211772 0.03603757189112685 0.022776939501390668 0.037411887155784695 0.2612575628763788 1.9658276375758512 1.3051767605035185 1.5059027304607004 1.3254646932867964 1.1762333314504223 1.2070181832540228 1.8454718999250188 2.123918765906631 1.7481744104437504 1.4233071495525538 1.2819255818139372 1.1171697067688995 1.1622545072622483 2.183046084718754 0.16140666864365255
0.7965309330059237 9.994869517849779 0.008070930095741636 0.03329484652852351 0.028190180079726613 0.03722547482449345 0.25540924346591315 1.9295805113336877 1.2834345627423238 1.481325404592827 1.299003723907122 1.1546942689349724 1.183377970869942 1.8127755858078536 2.083392516326468 1.711570298796481 1.390778329311011 1.2505076618730433 1.0890964360243138 1.1332365190810738 2.1268586192134986 0.1601650849905662
0.7800238527335255 9.999999999999998 0.0071892642306983475 0.036037575243828106 0.02277691788019457 0.037411891470808506 0.26125756313519644 1.9658276383372237 1.305176761064037 1.5059027311256836 1.3254646940337875 1.1762333321071425 1.207018183620266 1.8454719029453204 2.123918767614694 1.7481744117354747 1.4233071500092829 1.281925582810084 1.117169707461549 1.162254507641267 2.183046086581781 0.16140666869123155
0.7800238530168997 9.999999999999998 0.007189267198905236 0.036037572221355986 0.022776937666231255 0.037411887548158794 0.26125756297180247 1.9658276377877635 1.3051767608250036 1.5059027308310309 1.3254646936382426 1.1762333317826763 1.207018183086143 1.845471901445603 2.1239187665974297 1.7481744110427688 1.4233071495522787 1.281925582307311 1.1171697071697713 1.1622545075854225 2.1830460857498024 0.16140666872169182
0.7800238534293342 9.999999999999998 0.007189269978398368 0.036037569364735005 0.022776956140539022 0.0374118838142787 0.2612575627636086 1.9658276370055652 1.3051767604731854 1.505902730606492 1.325464693076138 1.1762333308186135 1.2070181825671018 1.8454719005394444 2.1239187659880967 1.7481744098405374 1.4233071496624574 1.2819255815559492 1.117169706576263 1.1622545071444659 2.1830460841816435 0.16140666871430084
0.780024154004719 9.999954048832205 0.0071923096884237625 0.03603423844128934 0.02279738662450526 0.03740797269355553 0.26125739913876883 1.9658197147087182 1.305176345047717 1.5059024902994698 1.3254640482812647 1.176232862745233 1.2070176816861709 1.845470738008409 2.1239168842827287 1.748173078768329 1.423307586547142 1.281924723594264 1.1171687454451957 1.1622538255433794 2.183044798312275 0.1614064249808459
0.7800238534142437 9.999999999999998 0.00718927010964416 0.03603756922565919 0.022776957005831242 0.03741188362257191 0.2612575627666354 1.96582763736952 1.3051767604473186 1.505902730320495 1.3254646916934911 1.1762333313193916 1.2070181833042877 1.84547190065464 2.1239187652675686 1.748174409840731 1.4233071496847074 1.2819255815769892 1.1171697067196862 1.1622545071766075 2.1830460842196824 0.16140666869892242
0.7800238532043244 9.999999999999998 0.0071892630011380935 0.03603757644239188 0.022776909689993984 0.0374118931410768 0.26125756301177616 1.9658276377227588 1.3051767604426612 1.5059027303956523 1.3254646934535264 1.1762333315673188 1.2070181830599307 1.845471902085706 2.1239187667102706 1.748174410606661 1.4233071490391778 1.2819255820143087 1.117169706707118 1.162254506881676 2.18304608553149 0.16140666860881958
0.7800238531369698 9.999999999999998 0.007189267667300931 0.0360375717247346 0.022776940749968666 0.03741188687294256 0.2612575629161198 1.965827637886557 1.3051767607065787 1.505902730930512 1.3254646934749472 1.1762333316401383 1.207018183103522 1.8454719011850989 2.1239187662298753 1.7481744110040525 1.4233071498885357 1.28192558207358 1.117169706860086 1.1622545075362283 2.1830460851219633 0.16140666868867895
0.78002385406556 9.999999999999998 0.007189261867570025 0.036037577465779874 0.022776902150026302 0.037411894713491774 0.2612575627527263 1.9658276358239044 1.3051767593938381 1.5059027291275384 1.3254646909609344 1.1762333301186008 1.2070181828562792 1.8454718993888999 2.123918764801073 1.7481744091014109 1.4233071455353015 1.2819255805163106 1.1171697052417329 1.162254505249446 2.1830460829306015 0.1614066685007169
0.7800238537110232 9.999999999999998 0.007189263987312329 0.03603757538558033 0.02277691625010993 0.03741189185307808 0.2612575628179317 1.9658276367735523 1.3051767599082968 1.5059027297228529 1.3254646913947632 1.1762333304934711 1.2070181832873499 1.8454719000932007 2.1239187653945195 1.7481744100125196 1.4233071479577877 1.2819255811402264 1.1171697059922838 1.1622545061841494 2.183046083762829 0.1614066685657554
0.7800238527522513 9.999999999999998 0.0071892631062578614 0.0360375763758567 0.022776910381971893 0.03741189295490803 0.2612575631610516 1.9658276382792423 1.3051767609952676 1.5059027310499749 1.3254646940256807 1.17623333208549 1.2070181844560406 1.8454719029485074 2.123918767731623 1.7481744114982392 1.4233071499613938 1.2819255827786291 1.1171697074674771 1.1622545074796162 2.183046086685754 0.16140666865456987
