0.5166068913985931 0.870336651895612 0.03069036796782499 0.06875612880855546 0.15167402904217392 0.011487959303809504 2.027945043138048 2.008284628487317 1.930637568446818 1.7320461836905907 1.9940590361850452 1.861387936093755 2.029676010555098 2.047259341575932 1.9667454954989179 2.1271009328580455 2.0033424665012514 1.776577116068059 1.9513535724848323 1.9275718314861086 1.7016793775945551 1.952514021707524 1.8107818202157333 1.8348041806664488 1.893661417129804 0.14946621569231794
0.5970555065714238 1.2027947889628579 0.03190779216745868 0.04664014658338653 0.14940720536347912 0.0047586681879536975 1.748822323784105 1.708352089910971 1.6480876387617414 1.4967439733010943 1.7403077354085832 1.6475737689885503 1.7945420515798687 1.8004532991782662 1.7257609587176648 1.8502043635498064 1.7369730190959016 1.5349408932476911 1.6808073773800247 1.6557751894327344 1.4522332004470926 1.6710855450615418 1.5490267853327295 1.5648267343804765 1.627609614921504 0.12933782298476387
0.5423511079284323 0.9561187811626403 0.028181509364542157 0.06402843757941831 0.13013284751258328 0.007928651305358926 1.928294592031513 1.903233011171243 1.8335797379851448 1.6523131418423842 1.9060800542826155 1.7877690821140935 1.9481887721061193 1.9614076556230349 1.8829500467171028 2.0291861255444723 1.909379706872908 1.691379640499812 1.8554211579703963 1.8308821957358692 1.611498972051632 1.8516838491151248 1.7173267843851407 1.7375816718829422 1.7997513910554566 0.13501895507719183
0.5746464684674522 1.0961689476566794 0.026593488219857638 0.057255287606047034 0.11881425993760095 0.01246701467919392 1.8171155858735888 1.7878440985072808 1.721230458723726 1.5565179065544148 1.8036492876929315 1.7010947861764953 1.853822589199245 1.8627787193285545 1.7867850372123315 1.9191090998566405 1.8033073526945183 1.5954824275429473 1.7478639388900963 1.7231913944297774 1.5158197124794637 1.7401080533851643 1.6133920410910298 1.6321842009473337 1.6927705643806934 0.1322767234598042
0.5937593276869737 1.201087339104368 0.029491612663960165 0.04979596707603399 0.13446068678382142 0.0071608101022930856 1.7578414149668915 1.7227066754736724 1.6572494629480166 1.5031834876268253 1.7477181757496074 1.654689892116901 1.803177415211333 1.809635837636111 1.735048839083856 1.8600891407865636 1.7466084363692722 1.5442795158487832 1.6905214997487616 1.6656663942418337 1.4628295978919803 1.680784826755582 1.5581223168071878 1.5748223938962551 1.6361416390270809 0.1290284802025196
0.5894337898106207 1.1696248861621197 0.03641426746013133 0.04379669842078205 0.18384900119610875 0.003138788825975759 1.771821105916136 1.736151459426891 1.6685863104453107 1.5125695855087247 1.7583535993660788 1.6643997979879457 1.814248616882321 1.8213079770462823 1.746390422504533 1.8734484043785467 1.7594216798467692 1.5558405256931218 1.7037325530445844 1.6790105799519233 1.4745771921643036 1.6951487610210156 1.571507475842542 1.5885171509318197 1.6499502873279912 0.13387829743946852
0.5827857026398809 1.0982583485322845 0.038174471089266936 0.04363379962810526 0.1964413832547931 0.0030080988981559865 1.7908698545804809 1.762951358613614 1.7002284502772391 1.5398668789014764 1.7829604559203667 1.682104916148099 1.829990259276885 1.836565735300374 1.7621699232591437 1.8900818562918877 1.777131085661529 1.5721023223688824 1.7220619273971511 1.6973353412665384 1.4888331342989514 1.7145338848690577 1.5896189812640658 1.6056423454668693 1.669275847395212 0.13603134518838322
0.5563992263467212 1.0236613917572897 0.03122902706513202 0.05711136338681024 0.15353043986219825 0.010606063217326274 1.8800501007600656 1.846743163210856 1.7786827316754 1.6059331155960057 1.858166109143691 1.7475238304530767 1.9058354992406157 1.9177540312685903 1.8394376172611715 1.9810597253345896 1.8624502868471515 1.6485624934563945 1.8078469452835186 1.7832775327706751 1.5684997313774443 1.8031092682767016 1.6720732596641625 1.6917998232421796 1.7533811302549203 0.13580163279484012
0.5338787363586066 0.9233347656489526 0.028118529656651122 0.06642768793942878 0.13014949589432945 0.007869624717400547 1.957690169372591 1.937656027802032 1.8665490430122815 1.679270616782251 1.9357225857756373 1.8118892573764669 1.9745409927929694 1.989131204971662 1.9094456946567588 2.058587688608677 1.9397001503351283 1.7179485303873532 1.886365683315156 1.8613027066817471 1.637863076027066 1.8816385686118542 1.7473691465262626 1.7683295036405655 1.8307323741182366 0.13729742252656554
0.5356295020911651 0.9336724534917359 0.031962342712037094 0.06202906327977427 0.1572018807655157 0.004828924869822282 1.953585085456875 1.928619903680332 1.8576488727493643 1.6724202700357484 1.928707446993765 1.8064111021134022 1.9690227156754305 1.983404386841538 1.903756058547137 2.0539527832997866 1.9329888793452035 1.7126868761204075 1.87958779386036 1.8553125902578549 1.6346330322614133 1.8770715126070174 1.7411710360889698 1.762877221680006 1.8232897542983961 0.13865004662476127
0.4740709186230112 0.7424668227730736 0.028036790145458214 0.08520005253836035 0.13384489862405943 0.007121013910007004 2.2127743402010753 2.1976766164697725 2.1222818631768723 1.8986289357290949 2.1736077933759295 2.0103034233663326 2.187469416162952 2.210180208152098 2.124482439833822 2.3084877340373775 2.1792146480567616 1.936723741769873 2.1311717373231196 2.1084568326823754 1.869667345481075 2.1360359413451144 1.9822354997326272 2.0128746120737264 2.065326848150725 0.1716560012509403
0.5567097088367162 1.0082949793187734 0.028462565561319098 0.05992484999060408 0.134851374567922 0.012428562967807038 1.8775619107682946 1.8512207018375717 1.7816966635688511 1.6070807996574235 1.858158031452679 1.7471892560595204 1.9045702750983278 1.916097724221605 1.8388616049989026 1.9786315805648647 1.8607029713702703 1.647506770839402 1.8060456987029818 1.7817341174875412 1.5683114741086017 1.8007409062286202 1.67008757586512 1.6898220699587165 1.7506500100611413 0.13567825902537992
0.5959217270033711 1.1508601178075288 0.03910191645196083 0.03969440997202939 0.19993797666583912 0.002526580560648652 1.7483177077205712 1.7209185676063563 1.6601102036212962 1.5058757357905255 1.7467533454238373 1.6504807846576188 1.795623132468593 1.800626738250227 1.7261285623860423 1.8507162059454136 1.7378131105545278 1.5364970261103383 1.6821890464523932 1.6574417023946824 1.45428255978224 1.6731014057342053 1.5511838260381563 1.5672588864038561 1.6292020887581835 0.13657152624066074
0.4740709097568286 0.7424668010374019 0.028036712063248655 0.08520013442136072 0.1338443234993165 0.007121068423271501 2.212774380103567 2.1976766557712994 2.1222819028343842 1.8986289699538201 2.1736078327414576 2.010303458737761 2.1874694557192287 2.210180252503131 2.124482488861407 2.308487779781132 2.1792146947157796 1.9367237834877016 2.1311717800306185 2.108456872319092 1.8696673730624696 2.1360359788504266 1.9822355275473478 2.0128746301687244 2.0653269007312978 0.17165595134310374
0.6105220993868324 1.2130152944291006 0.03939234779227463 0.03612322324436369 0.19995875932486146 0.0013567340222269094 1.7069418295359569 1.6760929307885577 1.6177334461234536 1.4702949366423013 1.7075365072087203 1.6166851586300786 1.7578694544976707 1.761327139621301 1.6880544846504415 1.8069907882441774 1.6963401452869786 1.4993807555753138 1.6406517287838371 1.6159820472715787 1.4169095741369515 1.6301774182939082 1.511201772107338 1.5261042620123435 1.5878780786859226 0.14202877021395602
0.5394844206951867 0.9445943251225449 0.03167636154247126 0.0612523422315196 0.15466780399239852 0.005091965914386095 1.9388180663736623 1.9152850717689829 1.8456388383631939 1.6620110387554858 1.916425832753418 1.7956016507929897 1.9565197857558199 1.9700511717269238 1.89103132556823 2.0389278917535405 1.9186804850533885 1.6998779326659432 1.8651529114312795 1.8408680833608644 1.6215176660771495 1.862170750756719 1.727351676801143 1.7485832359713078 1.8092359648444007 0.13719474366944834
0.5900158537117656 1.130292362568949 0.03194999445274821 0.04830546159769006 0.15059395164690587 0.005234860422307074 1.768075649137142 1.7398638357082197 1.6776047321457566 1.5203465642243121 1.7621564469616402 1.6641843165746995 1.8109676546749947 1.8170573227414086 1.7425464738498306 1.8687143285914418 1.7553183293297632 1.5524411670895288 1.6998833382861696 1.6751845958073628 1.4707617731859877 1.691167549148897 1.567882781325984 1.5845859838037724 1.646439102145512 0.1296421925373747
0.5954162446909225 1.143718663369628 0.03911108445560924 0.03985241881793893 0.19995181136979198 0.0014046909497800238 1.7513227374975293 1.7225520843230955 1.6622359034920786 1.5082101316275731 1.7476888854379724 1.6515595688301508 1.7963257252619678 1.8014845223257132 1.7273626583824697 1.8517526259666128 1.7390377212966246 1.5378602903901049 1.6836728699023495 1.6590925578278455 1.455972054463636 1.6747325409128218 1.5527454120790565 1.5689934192990835 1.6306824818767454 0.14180372581283834
0.532372174955538 0.9224770386499485 0.028320382178705892 0.06664201496914976 0.13165875965802962 0.007635121115425716 1.9657407711360193 1.9414476077946963 1.869834565587543 1.6826612003099761 1.9398855810861764 1.815864155614857 1.9795581430567013 1.9946359501396862 1.9147629240949753 2.0664935730733593 1.94506247039563 1.7235073501151978 1.8916023909161397 1.867242813837063 1.6452562624445075 1.889085477494092 1.7521873203201062 1.7740046632805466 1.8347974223629777 0.13778450656326338
0.5062537842809798 0.8323630672222531 0.037458928687427596 0.06501279167752104 0.19388157307392392 0.0030778668921790627 2.0687301223664987 2.052711955435026 1.9771035349577755 1.7740193701478326 2.036653786482541 1.8967467706553096 2.065379626536564 2.083209966282047 2.002156259864723 2.1641570382360222 2.041899616028256 1.81227500698673 1.9918813844420982 1.968480018934916 1.7378256160336922 1.9948580943483931 1.8505129001533924 1.875384487002924 1.934652682699302 0.15874038595651516
0.5879578798541182 1.1706428782521328 0.02872395332479491 0.05191759833565557 0.13102726853110194 0.009332754860630807 1.7756882169601074 1.7415995874407704 1.6752707884430695 1.5181145912527276 1.7637607087219231 1.6682640585807136 1.8183256590122436 1.82563978432982 1.750609245360944 1.8778630028139343 1.763661925778275 1.5596587956015808 1.7077414345378943 1.6829266504866172 1.4785685557652468 1.6986083861509917 1.574751023429767 1.5919451518359051 1.6532075569105114 0.12986729386616405
0.48386271409915427 0.7712021183913499 0.026539028940824237 0.08333411362915633 0.12405682424490519 0.009959157065617936 2.1670334794874075 2.1507201819164026 2.075744344675245 1.85827779820497 2.1298018508645313 1.9737650093968935 2.148834485315831 2.170458988296966 2.0859710996081504 2.2639397851912615 2.1360712312096193 1.89744800720624 2.0869190111213927 2.0639099475527796 1.8285978598664439 2.0903642714375827 1.9397231946161029 1.9688866571674868 2.0227561755113173 0.16449498504617677
0.5589603658970598 1.0276330472164636 0.03437328667477345 0.05328997782229071 0.1746669079457054 0.012304106255833721 1.8699298377582658 1.8429591858440706 1.7732132586614888 1.60027236378454 1.8509867265420086 1.7409826980712388 1.8974739740352424 1.9088387401121287 1.8305943819103945 1.970559831350546 1.853119285407298 1.64032878195435 1.7987859020954298 1.774107412997939 1.5612800483649767 1.7938045873657549 1.6633437068760524 1.6838772553827197 1.7439522129113858 0.14008925571637074
0.5511993653569787 0.9823516520927177 0.03406985728798036 0.055487304255958936 0.1744346588567123 0.00940378056190434 1.8968926465973779 1.8731032480599876 1.8053748058592145 1.6281086910275502 1.8787424640255137 1.7614815949505518 1.9196387285638985 1.9329738769545646 1.8532533284729866 1.997819901583961 1.8783510486578914 1.6627953889560048 1.8240741750672835 1.7997233116065208 1.5744654901851902 1.8195632508901163 1.6880172238333964 1.7071031154901792 1.770390631315411 0.13852563549135527
0.5774749070336623 1.0773986884456292 0.03194861614099957 0.05124920809097071 0.15412638267633474 0.007138452147029571 1.8073750656686522 1.780749638619119 1.7164968777586762 1.552846218592579 1.7978045374028222 1.6947222850576973 1.84524143074165 1.8531327255531036 1.7774347469569893 1.9084132245951944 1.7932231021737253 1.586555372641825 1.7379675588000902 1.7133547635604538 1.506115207238748 1.7304551216067257 1.6046010124779564 1.6225712743808678 1.6840256055456329 0.1310847865103082
0.5858488298968736 1.1143448613563958 0.03607203661287564 0.04505547493218577 0.18377107566831616 0.006144898400761879 1.7811172412603318 1.7523432853121559 1.6905953311550443 1.5312466108057978 1.7737789259979169 1.6737173443754259 1.8216606808056661 1.828544985792361 1.753473486892674 1.8816767749238221 1.7676339107830443 1.563556719390869 1.7122474326431945 1.6878797732443753 1.4834715459294456 1.7042402586027543 1.5804451075788264 1.5981396495689895 1.6588457360169655 0.1336544805640569
0.5738738213227121 1.066552161373187 0.02881986454026894 0.05538727526913449 0.13210736634766893 0.008352121586689094 1.8195778597692664 1.790009372472827 1.7247173123492536 1.5607952912906833 1.806108976872244 1.7033225793498254 1.855932160712072 1.865268670884599 1.7886482775486028 1.9222883890889721 1.8060528286694644 1.597537429268851 1.7503747463431558 1.7253956263225454 1.5153020116595353 1.7427909251434777 1.6158232353634652 1.6334116613614762 1.6956554414362583 0.1303026055940857
0.5051779085350437 0.8345490644585134 0.024568283168967656 0.078428097605238 0.11017773725524482 0.013421159218422275 2.073686869546479 2.054295329432644 1.9809474014355208 1.776631357673869 2.0413124007127723 1.8999825622639726 2.0701238929200505 2.0890799970261207 2.006984605612275 2.1726764476581635 2.047789932220113 1.8170480777491784 1.9963803055588194 1.9728514496786205 1.7436348112898556 1.9971893693178557 1.8528645195514652 1.8779879539687998 1.9359828523347993 0.1527371057514902
0.5332842292072874 0.9350606870304151 0.029130785740118546 0.06550484145779033 0.1374104335853296 0.006991914918522203 1.9628629828687656 1.9364394647575405 1.864353110511119 1.6774964828860177 1.935526372360622 1.8122633408071354 1.9766185810336598 1.991979998599257 1.911937652362264 2.06367014147516 1.9422018835138994 1.7209179274588746 1.8887462667657064 1.8644954258018656 1.6435249782051362 1.8862022578663813 1.7495768796403817 1.7718664722203044 1.8316904097242481 0.13750042901920204
0.556693601699229 1.0245839912275547 0.03054986562848545 0.05773334017815954 0.15064235927902214 0.011569123768165365 1.8777466880991045 1.8505058422935559 1.780829503041263 1.606213236266648 1.8576584355729469 1.7467534337875228 1.9045112529167307 1.9161471791485114 1.8386341285513308 1.9787977055093313 1.860730369482471 1.6475712651090675 1.8063318439958693 1.7820442398995058 1.5698871452039003 1.8010878366254457 1.6705228587042373 1.6911251168004136 1.7507800786190255 0.1366464197974614
0.5347534351006745 0.9302717775756516 0.03070107171328465 0.06353149365213731 0.14799868053451862 0.005764426978420654 1.9565686011867074 1.9331777799112198 1.8621046964782644 1.6754859997719562 1.932252641717372 1.8086048858642274 1.9715354197389507 1.9861751558691663 1.9061682470239272 2.057009488689495 1.9358519558290883 1.7152655247597115 1.8824311695932303 1.8582016861040647 1.6376611031933597 1.879911253365462 1.743817257094621 1.7658684154700763 1.8258169452319708 0.13784086960461303
0.5395586635415104 0.9563983865003105 0.031204774348659706 0.06165405214277513 0.15678313968908988 0.010750172600896387 1.9387410793085476 1.9145977293783498 1.8437941142725 1.6593511802721423 1.9147742516362576 1.7939413400167619 1.9561023357436358 1.9703277504838774 1.8907612470625275 2.039234674248885 1.9187513670454448 1.7001107248911365 1.865283662043909 1.8413578142150206 1.6251351676528956 1.862143555372978 1.7275794053494224 1.7505454624307106 1.8082527211354187 0.14128218134250212
0.5334904923495886 0.925841210252602 0.027502710554797565 0.06713948859105527 0.12581381519270943 0.008339927064829987 1.9610574492791604 1.9378150908806593 1.8672660757115211 1.680468956026333 1.9365462872322041 1.8129085915439351 1.9756759097013548 1.990278189869288 1.9109356254155712 2.0615440967072893 1.9405160462539537 1.7196300191675276 1.8871004005287357 1.862762749802489 1.6413099674460956 1.8844021936966482 1.7478592668785555 1.7694068759791863 1.8304894664951332 0.13745821469752006
0.5243304647771495 0.8926147544972896 0.03119866731569353 0.06603457653191058 0.15208228470166252 0.00523681835305659 1.9972359042103307 1.9721685516856873 1.9000074901802757 1.7085042178015766 1.9685759673192051 1.839566848476422 2.0050231979904183 2.0211750687381933 1.9406875792144058 2.0968324686494784 1.9744726846824414 1.7501692290712165 1.9218393394595819 1.8975543855435193 1.6711272269984006 1.9210732308527474 1.7819853171497113 1.8039420524878715 1.8652766910617153 0.1417906339187756
0.5356922408978018 0.9333027156846356 0.027867850039757804 0.06615476832999727 0.12824014353642857 0.008088283941448681 1.9527862271927372 1.9292316524179196 1.8590352529878935 1.6735160718480726 1.9289424393742318 1.8065099597612504 1.9686836973871416 1.982965767768681 1.9037648821035076 2.0533435139967655 1.9326023836072324 1.7124542550696091 1.879062528854805 1.8546975392723006 1.6339111662471377 1.8761392615452346 1.7401755334908409 1.761495448187176 1.8226770026023336 0.13679963944660764
0.594261187610045 1.178935347963149 0.03814083736621612 0.04095016764544613 0.1971318344974064 0.004794669136809336 1.7558408346179941 1.7236300287841455 1.6605329182701276 1.5061942581896561 1.7483913329766856 1.6537931237929164 1.8004053199070542 1.8061663776283763 1.731798470330385 1.856652712763188 1.7435990374238437 1.5418592178869872 1.6880900724569239 1.6634923169183866 1.4611463737511896 1.679062178479043 1.556790422582671 1.57364942417262 1.6345029574057017 0.13474710622320316
0.5916260963215597 1.1806491958110927 0.032759107554844256 0.046974709053853245 0.15724328121371642 0.004183697718744608 1.7639030971737928 1.730801563609759 1.6663358177060223 1.510539046091426 1.7547746166979172 1.6594899599453017 1.8082446481404661 1.8149624614390503 1.7396243849178432 1.8658606056662523 1.7519843425941737 1.5491789649254109 1.6960882145472984 1.6714439348089138 1.4691990584865213 1.686979232978705 1.5641304798483937 1.5817321292683781 1.6419740968845578 0.13039816570797538
0.5138103792492682 0.8648850061714064 0.02557788790978926 0.07474690510342852 0.11769171027991654 0.013659181043421578 2.0379839439133756 2.0178593265553912 1.9447677532655667 1.7455199907271675 2.0077096222330715 1.8718677113099513 2.0400901308193986 2.057876445452457 1.976461295056073 2.137536857637704 2.013770893853258 1.7862157882417515 1.9617956133720247 1.9380175395607493 1.712533005689864 1.961462082582088 1.8197487637421201 1.8447106887851143 1.9020683727241152 0.14910496910765975
0.5278333436675966 0.9063596721553794 0.023682711035671163 0.07263570528658754 0.09977648511798924 0.011954189954084812 1.9823338102403818 1.960237669510721 1.8897055519103978 1.6992611387049983 1.9566993352343465 1.8291652716711067 1.9937999566294387 2.0098007818242527 1.9293970387997748 2.0836416746039212 1.9615310903710987 1.7383990574315187 1.9081716603568217 1.8838039314829609 1.6608318663790855 1.9055901098634114 1.7674498010496948 1.789879589598001 1.849790554221996 0.1413948717178668
0.5676882520753694 1.0748274552349983 0.03561259878142021 0.04979306104744113 0.18554897526077252 0.008172464309115978 1.8406424271400263 1.8111246221984767 1.742525166707658 1.5738499151629797 1.82321634926926 1.7175951128054656 1.8728035505066642 1.8829673349516522 1.8058527972395477 1.9417512004326627 1.8249716647857912 1.615249969676112 1.770230461543785 1.7459737353603901 1.537683290385676 1.7640116091977067 1.6361530565038858 1.6562069004793611 1.7152301632801619 0.13729469469313957
0.5888784467529107 1.117022015564501 0.0271244071569566 0.05353650204236124 0.11952406242858718 0.010297642718208364 1.7705227740258231 1.7413698363866474 1.6816271827964628 1.5248151061472208 1.763640039062096 1.665713371639346 1.8140744448251345 1.822038381588093 1.7462173982907019 1.8752272073507532 1.7607018239855272 1.5561890636832505 1.7041657323618495 1.678738519531085 1.4703614296264238 1.6946934669553142 1.5707386861137558 1.586189093948257 1.6496898912476214 0.13019264989913748
0.5603951130690221 1.0351458089420518 0.0312774828941231 0.05604887318181021 0.1493327564456311 0.011508899309052373 1.865502821451672 1.8385627068866903 1.7692557894972576 1.5956477393568418 1.846871835152734 1.7371457883567183 1.894170642656233 1.9049626845609442 1.8263732665077623 1.9646587655794074 1.8484594261608662 1.6361026893861847 1.793422283014354 1.76965693014938 1.5557999168900507 1.7888992377851805 1.6584054189520605 1.6781880839119034 1.7398664179109722 0.13500338058960137
0.5327958193970115 0.9237159265748941 0.030167297962975806 0.0646184478895077 0.14444134033856862 0.006190793702535052 1.9638817220806701 1.9408731588115655 1.869633095580181 1.6818270533217385 1.9390594671929053 1.8142990560115744 1.977728828207135 1.9926584150013815 1.9125142594029414 2.064255855235528 1.9428507004957878 1.7216394914162314 1.8895593154700672 1.8653606204889022 1.644265751363146 1.8872402644969957 1.750640915997698 1.7729086117500712 1.8327415063945054 0.13819380772208076
0.5789559148999632 1.0852799623670135 0.03766486039708703 0.04511890301237176 0.1947137402193345 0.00419854727048774 1.8028764498706618 1.7751835228504784 1.711537720510719 1.548774527663345 1.7936565917253862 1.6907543378678462 1.8409362213988847 1.848697362661045 1.7724241867932256 1.9036762334007402 1.7884959308303148 1.5820818004446433 1.7332367406819245 1.7087360317944484 1.502167951361253 1.7259247594787883 1.6007014647802011 1.61892532498005 1.6795519611497869 0.1356106813250744
0.5687986875316648 1.0455800109437088 0.032101360112958166 0.05332435692975912 0.1538125192729688 0.004873546507365811 1.8361230744165151 1.8087980814728288 1.7447309622358143 1.5774171174684686 1.8230718818387865 1.7163603037905126 1.8695445578903953 1.879145970979297 1.8020347463295778 1.9376501055872928 1.821204412391691 1.611312899760504 1.7659637520137539 1.7409555752224215 1.5276143502484492 1.759452574065603 1.6314312014017425 1.6488200792985186 1.711982752923409 0.13114140121965812
0.5254176460347728 0.8991702420506958 0.025082318066497532 0.071883892475406 0.11232516769329967 0.013290049572021569 1.9923146657067916 1.968837446510141 1.8978343259924677 1.7070184270380977 1.9650626201722425 1.8360585273457435 2.001226878929724 2.017573299125616 1.9370497366524355 2.0925936671865313 1.9701011677466889 1.7461409243559638 1.9173445844610366 1.8932789563705286 1.6712842960923684 1.9154877955549494 1.7764207886473335 1.8002642738514012 1.8588583242984227 0.143621264435925
0.5380034913155606 0.9417484091848045 0.034244982637819506 0.059167702309710524 0.17151535049208605 0.006288262432746835 1.9461194439967857 1.9084690226553205 1.8453714562147687 1.6650458491213265 1.9222983097719186 1.8000344400454464 1.9618183499267678 1.9756889086082172 1.895708857090724 2.045321589851518 1.9245174472969122 1.70544245818825 1.8715900412085762 1.8478257705798982 1.6321356116813972 1.8692643850272892 1.734042392546236 1.7576026385785812 1.8149588207254828 0.14080407275331128
0.5373562206883173 0.9377499884636797 0.03146211972206339 0.0620709523417791 0.15256855081460752 0.005148861518294975 1.946838787153469 1.9230398568498053 1.8521354095365936 1.6671440734656198 1.9233759229121592 1.8010137464571114 1.9633024014933258 1.9777115996239916 1.8975571149028347 2.0477777438491005 1.9268216596857268 1.7067953008074699 1.8731090151127083 1.8485959520247768 1.6268728778890968 1.8703992521342874 1.7348812243272824 1.7558269818077157 1.8171083868792846 0.13726959997721191
0.5788547040129118 1.0863126152947644 0.03147764667747614 0.051431764279251356 0.14973131986164576 0.005732032141731044 1.803023145697395 1.7758242894861669 1.7123625968621923 1.5497290809117317 1.7938420421693169 1.691357724343027 1.8414504912257692 1.8493161037824601 1.7735210141406599 1.904311894936693 1.7891920152760807 1.5827918698227184 1.7337816257912695 1.709042680473544 1.501404187581498 1.726040531367448 1.6004341639128297 1.6179403998268747 1.6798240522171661 0.1301801144172892
0.6150222468266485 1.238589250256828 0.039093752422533594 0.03546149638843619 0.1998167506893973 0.0024265271908223847 1.6934656439048055 1.6625803984605618 1.6056133756503812 1.4602968503564162 1.6971053396210538 1.6071117898504337 1.7474764550795916 1.7503140355182674 1.6766074115703467 1.7945509452811614 1.683897476445717 1.4879185501471093 1.6278189196170447 1.603179782063208 1.407151936787174 1.6167178797054345 1.49877286660985 1.5145129128144261 1.574414859058093 0.13712472938007503
0.5311905943942166 0.9229930691505083 0.030298395141444938 0.06493346610764139 0.14594913380928615 0.006100852565022154 1.970350090506914 1.9453915563460082 1.8741466651413021 1.6866056984526099 1.943477838184656 1.8192905696151083 1.983004725616543 1.9981098126429109 1.9184653075527591 2.070565768826452 1.9491238139364098 1.7273629147378988 1.8959744770986926 1.8717625844325776 1.64954023475176 1.8938383037918192 1.7567665747776267 1.7787186475218686 1.839260880447704 0.13879412322692095
0.5945444609536726 1.1770768020311357 0.02787518159819883 0.05128951875458202 0.1238721900290764 0.009522882065432888 1.7542385975448258 1.7228521229132943 1.6603235471559175 1.505692708869554 1.748448891158106 1.653182658239336 1.8005333861211503 1.8066679112823665 1.7315915073113035 1.8564556411881719 1.7430186280977873 1.5411170910140448 1.6869269149934032 1.6621724619451308 1.4606196347703644 1.677099770409905 1.554830649920446 1.5719259435342996 1.6324636877811456 0.1298510450081768
0.4926312232037073 0.7948712229384755 0.030625524242602117 0.07630156216727826 0.15119734773291024 0.005445468854314936 2.1278876139228395 2.1090460464571 2.0373424933443745 1.8266450598089907 2.0933257497255893 1.9433761439412855 2.1147817164796696 2.134437392929004 2.0514031807342255 2.22399641728211 2.097564404653321 1.863142937610691 2.04863919883173 2.0255291613235533 1.7932011976599112 2.0517111105017323 1.9039017168241676 1.9319308114813334 1.9864462056279955 0.15917611739942167
0.474643267864677 0.7441650814385701 0.027489723958156954 0.08555321941033349 0.13007027339955915 0.007763181019398108 2.210036081330901 2.1948569459282887 2.1194780350467433 1.8961942504443408 2.170971412889542 2.0081198751402494 2.185191604632417 2.207863848844927 2.1222566053228373 2.3058916650907575 2.176699042748143 1.9344255147716527 2.1285593625303787 2.1058089692493116 1.8672104243942949 2.133276168115533 1.9796471265643703 2.010175523045828 2.0627731634463546 0.1710346168778084
0.5841303436552362 1.152907646383656 0.027695984139524996 0.053843604495848504 0.12392285443412791 0.009330923851578422 1.7874189897074078 1.7544346036043221 1.6878077046106927 1.5285266295729563 1.774649588834478 1.6774334158485842 1.828467049845547 1.8363191088090045 1.760981359909517 1.8896318349935601 1.7749900314997606 1.5699805867530476 1.7192216617192886 1.694461611471629 1.4895611948238772 1.7104456225607194 1.5858184555419859 1.6035197371274654 1.6644844225878264 0.1298503562641175
0.5265807412904033 0.9050996252296444 0.0306461625118032 0.0659109759780195 0.14866295524581774 0.005707016553611164 1.9882261569845856 1.963240347677967 1.890946501264418 1.701052870016075 1.9594369695950935 1.8329094938873114 1.9978944018235891 2.013703663131235 1.933647686393063 2.088132872280979 1.966072698871486 1.7427077938870292 1.9132935359742655 1.8891773575566029 1.6656575526631006 1.9118698717138245 1.7735007636359281 1.7961712422148022 1.8560902489144897 0.14073279615205042
0.5466241234462816 0.969676688988765 0.028914712533776116 0.06219829457572598 0.1346017256364243 0.007458387659587957 1.9128951349982573 1.8850843751592912 1.8180229499510063 1.6400685478199897 1.8919005594055653 1.775185613112673 1.9348806686171467 1.9483025898508404 1.8689658666383469 2.0151721032474312 1.8952484964020673 1.6779413925981375 1.8407061201187476 1.8158711382477133 1.5964714292020736 1.8364762939711445 1.703101081442858 1.7228372053250796 1.7849170147334035 0.13397978704488694
0.5908528091321057 1.1388765765850315 0.03044078795837949 0.04969980476657052 0.14117203130849326 0.006748304544442545 1.7670701632051167 1.7300475194598512 1.6674101646123807 1.5140957497458691 1.7571169531192103 1.6623706732338386 1.8105103117854584 1.817369742555439 1.740804091261998 1.8690217688862174 1.7551255469202691 1.5513548904990542 1.6990300383251136 1.6743474176359454 1.468360094572072 1.6901679316080165 1.5663959716881883 1.5832888558054998 1.6447931054941778 0.12926343603374152
0.5871997766134119 1.1584506688876806 0.027220868143618297 0.0536439966895115 0.12024279957074116 0.009712109401717644 1.777683270579051 1.7454268220649543 1.6797568386447965 1.5216395820491504 1.7670052122410411 1.6701823439106356 1.8202134140220412 1.8265547299695075 1.7523006512646186 1.8800375765757205 1.7656530640939714 1.5614106584209668 1.7096865762880633 1.6848456456032967 1.4801992805352293 1.7005498576743439 1.5765556300632633 1.593815328908501 1.6550153433221577 0.1298992425560201
0.5813713670836195 1.1718425075105994 0.028865451949226482 0.05328033624578379 0.13235366050184297 0.007532555625930105 1.79812166476193 1.7589993660945242 1.6872271343015028 1.527959353556203 1.7777603507600954 1.6830973857976945 1.8369505153539205 1.8458647952601765 1.7707489371753402 1.900539385205307 1.7854470859782043 1.5792973826414891 1.7297008422404068 1.7049451071013917 1.4988657826012257 1.7211987195925784 1.5957368067858402 1.6136542297377159 1.674630672705205 0.12952919575987226
0.5881254537516566 1.188364788463367 0.034031689133023915 0.046453972239352694 0.16872110669378568 0.005224468632480978 1.7758770233656498 1.7398876131171939 1.6721057203909357 1.5152846332213878 1.7617076046545428 1.667342698659451 1.8178147446056605 1.8251811003357405 1.7502607143105886 1.8775085378780911 1.7633885747272757 1.5595760198179887 1.7077634758978828 1.6831707282157322 1.4796874817782288 1.6990569962939748 1.5753715836581368 1.5931208725083443 1.6534719500072728 0.13156630622575272
0.5869117185940756 1.1415676403824224 0.028362260866160414 0.05259916942998125 0.1278926459450272 0.00922358197667408 1.7780185405369453 1.7466463575279705 1.6827946069092112 1.5249456493033404 1.768992262903909 1.671306671577804 1.82055176547478 1.827700232271212 1.7523778470157383 1.8800498213558685 1.765736280482972 1.5615908133735075 1.7099002255328508 1.6851582019907727 1.4810616920788522 1.700924926848949 1.576990579491776 1.5944801558949417 1.6553681251612842 0.12981256434539906
0.5933742289916566 1.175987244629755 0.03366352459292931 0.04569091547629428 0.16380125225249892 0.004119491610546942 1.7581023353752712 1.726070816871687 1.6630796876072578 1.5079952644660986 1.7511654163097037 1.6556612755867988 1.803375453535606 1.809631027730494 1.7343381152193755 1.8598778948004016 1.7462725811536535 1.5440841797687574 1.6904249245736043 1.6658278609193244 1.464320717215993 1.6811874349907716 1.5588217156994593 1.57637627693953 1.636362313153659 0.13098771343803892
0.5851602794816372 1.1134910993419973 0.02908517133176528 0.052379222499124814 0.13272776781397605 0.008075019647092285 1.7835395081888963 1.7520310656401743 1.6882244371598147 1.5303581721129933 1.7738218103958758 1.675831942137141 1.8252605380801064 1.8327559893402103 1.7572122658561011 1.885921181335267 1.7713102115298929 1.5663562286872925 1.7153910441882732 1.6904332296150586 1.4841321999339347 1.7065997652532596 1.5821224608495874 1.5989623344252848 1.6610134474167237 0.12954372100385805
0.5575531386417873 1.0009354973321152 0.03315039994652438 0.05500922426913876 0.1628717212010494 0.0037283182798754405 1.8746162422376165 1.8509900268245965 1.7827079009962226 1.607996218588621 1.8579191457375885 1.745469615821156 1.9014673821124735 1.9122639263089163 1.834958519129265 1.9744086520488966 1.8567986323794439 1.644019986501583 1.8024175041028263 1.7779018278714294 1.5633949237407632 1.797495974304476 1.667098640102741 1.6861246848788596 1.7486180121227313 0.1344204724237289
0.5950558759610056 1.1507796611514316 0.033132886899994406 0.045922572669257374 0.1620591289571151 0.007613890981581756 1.752340952037306 1.7233150831683082 1.662732391117569 1.50821186289241 1.7487667004677288 1.6524670431181276 1.7982129576767867 1.8038699425111664 1.728922977854717 1.8538339578931453 1.7406450334221049 1.5389313178095667 1.6847634040347814 1.6599239330001327 1.4568696731954953 1.675374562166495 1.5532137089092872 1.5694561355963068 1.6312506279760128 0.1311478718286823
0.5998884153668728 1.2019574319337827 0.033828312162860245 0.04402939941698274 0.1631794998699146 0.0036272782437427008 1.7385826288107118 1.7057557488672201 1.6439644797474677 1.4924639992302562 1.7327717526926008 1.6404753500566147 1.7857300429492005 1.7910666470860084 1.7171785976660483 1.8395879008521792 1.7272694807175561 1.5276342564033054 1.6720527139363954 1.6472642209142168 1.4448304883283933 1.6622253704074264 1.540930277157082 1.5566020470646127 1.6187069334568156 0.13101225250669388
0.5194536497665672 0.8838743274446358 0.029535485404032148 0.06905804184808836 0.1453932273664112 0.010613252617315659 2.0155623124104745 1.994611345991881 1.921707612793628 1.7257098603550172 1.9862824872894205 1.8539938749365483 2.020738889373665 2.03761188694999 1.956755457762755 2.1148691473240286 1.9919271795716325 1.7664691671663253 1.9398144237676402 1.9160860658217815 1.6925619113849795 1.9391088547838304 1.799111052503335 1.823728057301283 1.88106606391145 0.14678525918585544
0.5539385280264454 0.9973661399095067 0.02821502800348795 0.06096163706667757 0.12944126622244018 0.00821847778601493 1.8872652965894632 1.8571983516592578 1.7905419853030096 1.6172480454693852 1.8662749260288274 1.7547406113129311 1.9125830611592927 1.9251261481105375 1.847247271994151 1.989658767206483 1.8708977130548332 1.6561006916040215 1.8161254659157682 1.7913212689728235 1.5751586772615715 1.8108789171694708 1.679224942483943 1.698606081408978 1.7603812838282455 0.13269515496314513
0.5700798765084667 1.0885083807711533 0.023226361061940305 0.06177237242243355 0.09673880277598032 0.015829536228224316 1.8325890655367543 1.802086784333735 1.7335260695922023 1.5664802222231147 1.8157595025804165 1.7119507206798832 1.86716100633691 1.8773228847189238 1.8007255876561223 1.9351598082028687 1.8186130121564874 1.6093203630036899 1.7631756664841407 1.7385302423652993 1.5302004047815907 1.755544014475138 1.6277918654420311 1.6469060319474222 1.707088197215819 0.13537594901332753
0.5156615435151886 0.8655338168091177 0.028281267848295558 0.07150475130792586 0.13298368300194435 0.007856914735966341 2.0305310250086492 2.009460534974345 1.9399721262186673 1.7426555672226225 2.0023720372833713 1.8668028354961705 2.0328223119517315 2.0496625318855792 1.9685684420412883 2.1282524803999925 2.0054679804052378 1.779235700464919 1.9542170341090321 1.9308465943142992 1.707045825705274 1.9540776973641139 1.8130266450827195 1.838685412343282 1.8946248544385136 0.14494537924657447
0.5257616616740006 0.900234105485182 0.029104154160851273 0.06772061399970432 0.13741248773864098 0.006941487424001333 1.9908618506828317 1.9687570241052514 1.8964481508412607 1.7047374096983037 1.9636807888687646 1.8351986151377568 2.0003613031527703 2.0163996850822823 1.935726736697422 2.0911423088402805 1.9688144154903189 1.745025333849952 1.9158874430141426 1.891629206656419 1.667044516765125 1.914425796937446 1.775828447810092 1.7982803108984216 1.8585443298456767 0.14008976276107124
0.5326426989343458 0.9227573850142565 0.02988039289552151 0.0650046007372964 0.14216510098796897 0.006389658362788082 1.9645802148688873 1.9409296194980519 1.8696134019543345 1.6822426985631183 1.9394467685102657 1.8148047261710534 1.9783221475326178 1.9934697202727933 1.9130406805880724 2.0654688100606333 1.9438975004204737 1.7222504094129076 1.8904127326007396 1.8659388374546162 1.6427491963917913 1.8881654435146709 1.7513494512813346 1.7727728142035994 1.8338779131894962 0.13789640467920689
0.5704009792317551 1.0618367870291696 0.022807285710952932 0.06219533408084098 0.09171464160890302 0.014538013881287705 1.8302336857282995 1.8035565115761987 1.738227525283022 1.5709937874005204 1.8182296842025398 1.7122296588827477 1.8655294176010653 1.874967027498812 1.7984267554420452 1.9324232214617323 1.8161418478968674 1.607165692229361 1.7607501830625205 1.7360379596181144 1.5272517527055183 1.7530521852267817 1.6254508143328288 1.644035442957856 1.7048753132952548 0.13491899859002124
0.5557232468432952 1.0026311188520307 0.025399296920262177 0.063317522052622 0.10977275219982581 0.010952537808538308 1.8802564214957358 1.855284963831958 1.7880965278541054 1.6132550965612715 1.863253536627913 1.7505904152962821 1.907349860393177 1.9188476049236884 1.8413031782156377 1.9816436599990142 1.8635003500263003 1.649999244281307 1.80890195018268 1.784289416346865 1.5702500128047197 1.8032147239504703 1.6722193043965772 1.691807231390939 1.7531022385860875 0.13366118154224335
0.5661510297129284 1.0396781552418564 0.0323055753999795 0.05362084176009473 0.1560214758017976 0.004840966366882903 1.8450383900074754 1.8179224364078932 1.7516143512589577 1.5825127221497797 1.8311616387965242 1.7231495993210193 1.8772446329623806 1.8869866581420878 1.8096749741995073 1.9460528111055384 1.829157265216889 1.6187389322080818 1.7741797249422142 1.7495251517775596 1.5379375401341155 1.7679896888841524 1.639559150157395 1.6583026501799276 1.7195691187776179 0.13180008083360037
0.4740709121485149 0.7424668084150284 0.028036726440342993 0.08520011908078877 0.13384442941652813 0.007121058400733861 2.2127743692105404 2.197676645116392 2.122281891274745 1.8986289599130184 2.1736078216610286 2.0103034484756184 2.1874694453629635 2.2101802415633185 2.12448247611093 2.308487768060787 2.1792146828917978 1.9367237728287536 2.1311717690894363 2.1084568616338237 1.8696673667299568 2.136035968866347 1.9822355191103764 2.0128746233658137 2.0653268875799884 0.1716559599395424
0.594960825846261 1.1892118461688364 0.03829241568392787 0.04062102346877295 0.19952301814723755 0.007765285722611035 1.7548086127919735 1.7163356114270076 1.6544625973294724 1.5022812398555017 1.7459521844363766 1.652102292488625 1.7991310720100693 1.8050922009820949 1.7303169118980417 1.8556467758069861 1.742416202822178 1.5401742097863276 1.686792313614551 1.6621382552618822 1.4584815806395548 1.6778798463570266 1.5558036492135277 1.5720311574311592 1.6335716924791568 0.13611318230145167
0.5636359805071732 1.029814519409556 0.02772796237181257 0.058998661731144694 0.1254537985417098 0.009115107987531785 1.8536257104879348 1.8250443299258892 1.758257154866402 1.5889607275284252 1.8367385112011392 1.7293178148498054 1.8847714340569597 1.8956593641254784 1.8183164223143373 1.9561615815066133 1.838641843557754 1.6270137423889144 1.7833692424573702 1.758509588815411 1.5457773432402682 1.7768679946742192 1.6475857860440628 1.6662298763502887 1.7280780084232878 0.1315476790807046
0.5230182305572446 0.8913514651490961 0.028131798925055507 0.0694959934292381 0.13090633097799725 0.007726193699016821 2.0015103742638085 1.9799490296392936 1.9073325524360003 1.7138973939624464 1.9736020181722687 1.8434925423889124 2.009395320404978 2.0258723420966733 1.9449792113122062 2.101759371448832 1.9790640902406647 1.7543183204306565 1.926285503829489 1.9020431753120706 1.6765316265117753 1.925069560285417 1.785706030627978 1.808402662312613 1.8685924677323182 0.14094806197541404
0.5932325212214019 1.155354196890262 0.03066106269971436 0.048816288791552497 0.14178866236738075 0.006377788367056925 1.7579454365846225 1.7284306211643177 1.6668328746895618 1.5113456981752285 1.7530900444889954 1.6565242656919863 1.803280425135206 1.809262591287093 1.7342478067862523 1.8594774529464217 1.7460595815004687 1.5439970820503215 1.690242908298597 1.6655509303748306 1.4631360163853309 1.6808967007611002 1.5584198131682965 1.5754024980740748 1.6363830770113974 0.12919013856337758
0.4754070841946307 0.7462580597749158 0.028443259823744297 0.08431943865850734 0.13677258436221446 0.006892874123834181 2.206448496366661 2.191191279511884 2.115865267690683 1.8930569919998164 2.1675426586434505 2.0052093788302976 2.1820641156884175 2.2046094195220274 2.119045595873714 2.3022420383569724 2.1731602006586646 1.931220699585929 2.1249978256251447 2.1022676337384953 1.864017903045368 2.12974364054035 1.9764086965610559 2.0068937535067364 2.0594308238014163 0.17079173719794571
0.570677413912574 1.0525849834347925 0.03419191086565584 0.05065999890747106 0.16945112134567353 0.00324873369760551 1.8299889599372168 1.803301005522822 1.738906457393748 1.5714216102420697 1.8182021159467523 1.7113268607558318 1.8641158758703533 1.8733316128322028 1.7962222555637732 1.9308438071373881 1.8144787886444385 1.6056355917266416 1.7594318672219291 1.7349398048533866 1.525897413365561 1.7529302087602836 1.625706366314436 1.6445097295115565 1.7054507521269617 0.1338154666381715
0.5409773566101894 0.9508142590724039 0.025404170199302453 0.06723240720884727 0.1109007093451354 0.010668736293741547 1.9330411815774997 1.9097313057765628 1.840429359277322 1.657414989904359 1.911274040512777 1.7911346923957234 1.9519025743305252 1.9656121233515929 1.8868321229547662 2.034025854552743 1.913987923452452 1.6955587626534545 1.8600499457572486 1.8355950078438492 1.616926066230905 1.8561292969244205 1.7214982955209384 1.7425162023919727 1.803242797815311 0.1365072685963726
0.5552730692785737 1.0010373633173781 0.032080532023580056 0.05669177950653984 0.15630766852955094 0.004957701153379874 1.882248762297428 1.855395459544996 1.7880334571861167 1.613974721561968 1.8635650905191101 1.75159829419834 1.9086236015400244 1.9203544956906955 1.8423697429422246 1.9837885447482242 1.8653630144335482 1.6513060765883842 1.810768192271683 1.7861239224707217 1.570772711306068 1.8058051395065158 1.6746853416389234 1.6941350251985998 1.7556820635118704 0.13365715920081642
0.5680015696327563 1.0441381382223194 0.03155562350553472 0.054032792567203676 0.15150776008239242 0.005684916883846938 1.8389265867710327 1.8107973116984248 1.7448558041959452 1.5774392605241574 1.8240001418152636 1.7180766356050146 1.8720841931297807 1.882164300059789 1.8049395846118894 1.9411346166168786 1.8241585638828997 1.6139372163536678 1.7688573606753064 1.7440228413530836 1.5323839378818613 1.762263427249036 1.634076312519465 1.6523221998320405 1.7142428475107225 0.13129774037583122
0.5603335392789502 1.0212123164681988 0.028303728637994605 0.05922938865995473 0.12975441281563432 0.008415084567305105 1.8651422750896167 1.8342516381812135 1.7679620928198372 1.5982613186221688 1.845987991878289 1.7378106289590651 1.8940637054131941 1.9056609755976694 1.8282178516018062 1.9678560863919654 1.8498832162223717 1.6370500956872556 1.7947623307527458 1.7698430933748877 1.5552667476630455 1.7887430505206465 1.6585772060070978 1.6771951638395222 1.7393862013050034 0.13172036734744172
0.5365753399301283 0.9356002574236955 0.028335117167037936 0.0655021090034685 0.13126476599967418 0.007748696482165591 1.9494730738030683 1.9260461822319133 1.856304315847929 1.6710242953419627 1.9261098267628824 1.8034386353322949 1.9658886669521478 1.9807411936210468 1.900264923262489 2.051374130297848 1.9300974605182277 1.709430899128704 1.8760931490082593 1.8512903714707083 1.6278302045783237 1.8731653591834634 1.7372265129527638 1.757594876319491 1.8198431865755924 0.13628239091888533
0.5792836389339778 1.158771803902027 0.0330519550534653 0.04950809348643744 0.1614586063599018 0.0038196699995625112 1.8042136497849781 1.7675928346249103 1.6970767251256764 1.5358694577048242 1.7851974896338143 1.6880356726457764 1.8420177414850947 1.8511000187574513 1.7752052545611794 1.9061667792884618 1.7907020607520268 1.5841177271021951 1.735207253266268 1.7106876727647031 1.5051850736597399 1.7273393774917305 1.6017439130558369 1.6205538365463192 1.6803794482009056 0.131676189467957
0.5882422438215951 1.1332728751380865 0.02609416395259136 0.05461981753092393 0.112586682176591 0.011511166278925082 1.773610393005396 1.742213886340496 1.6791360313828487 1.52238673324157 1.7656944658445346 1.6683981886914427 1.8171679707974469 1.8242449902413151 1.7488624696539061 1.8762329501510513 1.7619869969425992 1.5580401739030703 1.7059323676128137 1.6810206184705008 1.47664157561572 1.69653868491696 1.5727647732076238 1.58974732252514 1.6511165094979459 0.13102699115836522
0.5334319042358359 0.9246980856351842 0.03178771674764035 0.06282638486684501 0.1553308035862672 0.0049022335174218855 1.9616168905472748 1.9382562194451907 1.8667884685438856 1.679531132329135 1.9367674437833329 1.8123342944279326 1.9755981143113606 1.9905220706984235 1.9101446841331908 2.062163376477424 1.9407440537122933 1.7194773442488378 1.8873510605511838 1.8629613187777854 1.6403235343421025 1.8852094066568827 1.7486846021965203 1.7702076630488122 1.831026960569719 0.13887053132137284
0.6018637193583021 1.2688539964786851 0.03790052863175065 0.03942285894594374 0.19500683570801391 0.0015706353167624862 1.7344753125196075 1.6946255138351285 1.6293421292741244 1.4800403307984085 1.72447336394831 1.6354867344071757 1.782819101731022 1.7884564970107097 1.713696637634837 1.8364992706446617 1.723774832341426 1.523761337719491 1.6677732192203854 1.6432147328935423 1.444295654892261 1.657784732851999 1.5370620473101304 1.5543350710988695 1.6136000550028469 0.14065536412267782
0.5858949272413629 1.087276322496906 0.0392726372896808 0.041922075273045686 0.19985639248725912 0.0013176538725917445 1.782684837088839 1.7563767562894956 1.6910764308126924 1.5309591445351944 1.7731239639744905 1.6739014615343986 1.8217018812984884 1.8288489029278434 1.753912140475985 1.8822501590437493 1.7671635368636909 1.563027650243511 1.7086291797394606 1.687804560874424 1.4764912379068293 1.7051675181531563 1.5808149768840967 1.596123902914217 1.6584567846085678 0.1427277663780161
0.5777176379807674 1.0825475356780387 0.029076298987816263 0.054215049913371734 0.13313879628927744 0.007724822235727166 1.8072022930525509 1.7769160030152853 1.7120418620990554 1.5502455560755815 1.7949025938547996 1.6938898357051115 1.8452778041849665 1.8539015586904233 1.777883302912631 1.9095484941799932 1.7940333212617265 1.5868116166941462 1.7383237971882524 1.7133527686177312 1.5045005991688802 1.7303204064272448 1.604202304143513 1.6214440791932383 1.683794706405792 0.12980261647913816
0.5657045864203663 1.033826704948305 0.029594661868795 0.056549836555643364 0.13785999184671027 0.007292883138069625 1.8462008155124776 1.8203981196753496 1.7546189295908945 1.58497882046002 1.8329618644471906 1.724112750356638 1.8783342276784694 1.8884122924149718 1.8111685843788936 1.946707419004285 1.8298581766381985 1.620291421898919 1.7757747181484855 1.7511089461665015 1.5403876344391285 1.7694877607656985 1.6409858850695054 1.6600388187925075 1.721220432887262 0.13116818437484096
0.5900175002946175 1.2245131508407556 0.03066385421822328 0.04936692270733449 0.1453527606471312 0.0076182392654473696 1.7709463782665453 1.7298891639972283 1.6605508179780315 1.506009669634824 1.754029094994618 1.6624795031050972 1.8139956824826995 1.8216481698221099 1.7466005690824997 1.8733731861962568 1.759189889919202 1.5555930714027912 1.703217775141506 1.6785296944995727 1.475702530334692 1.6939795613132047 1.5705350171470194 1.5882800588174477 1.648477273170371 0.1302774859944754
0.5643633755369614 1.0331141703766813 0.02804526247005338 0.0584348585588639 0.12796190461918752 0.009809550982938408 1.8506125387239039 1.8247380419476147 1.7585243759835263 1.5881625457582944 1.83664653563833 1.7277672082572886 1.882341766627951 1.8924512025036981 1.8153523652636052 1.952114828172895 1.835002869366428 1.6241446166189872 1.7800121947978138 1.7554221468049132 1.5444675620169646 1.7736213102182994 1.6447442631304876 1.6639543574430682 1.7249437058822137 0.13198613812341087
0.6028934694768188 1.160339094985435 0.03896329113199063 0.03835939317151978 0.1994606937065519 0.0005589107611501312 1.728152860716901 1.7021728990083644 1.6454184920775836 1.4935773048659249 1.7310115539774418 1.635098790706076 1.776990835063592 1.7807004127960357 1.7067396864110038 1.8278455575018104 1.7163894637668848 1.5177417323599123 1.660996849988061 1.6366456072931252 1.43694820393512 1.6514815865449364 1.5311592136132428 1.5475408736814025 1.6094434108421865 0.16062296271954613
0.5012104445579242 0.824424307357074 0.02609948113315745 0.0781147197003788 0.12114353245695735 0.011886251941106889 2.090391543237884 2.071911865679641 1.9979337190672963 1.7911241027489924 2.057034473865128 1.9130062820264826 2.084215804552913 2.1037372949401214 2.021058069753627 2.188981528679001 2.0634636451966384 1.8314532553369078 2.0126453008427827 1.9892449220397603 1.7601765492451484 2.0137704024862813 1.8685534551535896 1.8955244170941319 1.9511056405924454 0.1543548698552272
0.538148645538771 0.9334793632828957 0.032611749142772706 0.060721083603694465 0.16038610798411249 0.0039772363928232985 1.9446660690917648 1.9229392000540435 1.850544170280921 1.6647554898326182 1.919984888078657 1.798554718347036 1.9599205135869373 1.9737324717450229 1.8954896764728644 2.0435471954113527 1.9235950089116274 1.70455943936988 1.8703113430856118 1.8459626940206513 1.6247367479256414 1.8678122574361629 1.7325536342289463 1.7530223343109779 1.8155128123986717 0.1384437015184746
