0.3667927759111894 2.9383078624537093 0.03417411061848609 0.08308741830886532 0.1200463062167375 0.019579339370886344 2.7347744551878463 2.2047876695582 1.975073986906508 2.3030340116589016 3.9999654566270304 3.0976514218762756 2.8874517883564965 2.0779824878314654 2.036498429634175 2.5034774013024355 2.563014490934405 2.8653719689555754 2.7528161523138106 2.5943246718857833 3.269307539212105 2.7468023825141437 2.675657370161984 2.9338135087800317 2.369150828953908 2.7223727403656857 1.2361753843461663
0.37054161313957495 3.0872053339452794 0.03378087334152636 0.08167020134843507 0.11733836224418034 0.019659257902148362 2.7052718629786185 2.165004686008394 1.9353099160757834 2.2622009035730475 3.9917526681394664 3.0581426339085063 2.863493511444173 2.0675376767371163 2.0242979239511723 2.483476940037833 2.539513837104967 2.8375745653798075 2.723495695511666 2.56481538220709 3.237823874952265 2.7153169410957494 2.642895018370219 2.8992677147571744 2.338467198719616 2.6928328343750447 1.229179351407293
0.36969763105693837 2.982286665125249 0.035638410764886115 0.08014498001755095 0.12698898929212407 0.018653386358427112 2.7090712416513396 2.187452721724504 1.9579323122515653 2.2846075856898063 3.9931336251408704 3.0779175822904 2.8710008716591213 2.0657419248175906 2.0219334572029424 2.483399260250275 2.5408723209174395 2.839124762339438 2.7258361270062172 2.5683277065210204 3.2367388260642693 2.7185484310717065 2.6479955372727613 2.9030927033328404 2.345016179011881 2.6961163272356337 1.2331583175953957
0.3649807166676067 3.021446197879925 0.03213592339304721 0.08591343273897864 0.11007473017767834 0.020828849840733688 2.7533704393883873 2.181164050717999 1.9512393647613322 2.2867122182029616 3.9999967307075712 3.1063117814255214 2.8996046277457768 2.0854608679669964 2.045350249789659 2.5182961697945316 2.5800635791648854 2.88727182044029 2.7743226314488445 2.61500060067401 3.300457282017812 2.767704090277649 2.6971702038027683 2.958756395248086 2.3876053794070398 2.738711969015936 1.2370283007908176
0.36763834257154715 3.0864965307395886 0.03352990663795752 0.08317908928552614 0.11672589795820819 0.01973523829663492 2.7310627130069243 2.160552985410348 1.9300469927556183 2.263368691765792 3.9998807102572047 3.0779271287873278 2.8811615621073066 2.0762125929911033 2.0339321632804666 2.501503152124613 2.561187674059076 2.865260464793805 2.7513123684963086 2.590449430563379 3.275200412412825 2.744424952484247 2.671645599011378 2.930780527358274 2.365275627772449 2.717259270567757 1.2326745604409661
0.36506855735307187 3.052401377117927 0.029332091201394045 0.08866362013090713 0.09686702377175133 0.02442906509108772 2.752913800657759 2.1642763269876117 1.9444875325527107 2.284823268798526 3.9998911906389796 3.1073992364433165 2.900882606926243 2.0861101591864837 2.0442886831155396 2.5182534887512054 2.5811498309481307 2.889106955305269 2.7750767272753953 2.613394927033786 3.3034984803478022 2.7680480218039234 2.6940367982888676 2.954661312268782 2.382518740756252 2.7426616237114954 1.2348332878561277
0.3682754657855975 3.1188740516504097 0.033526111505962124 0.08289125222778146 0.11643956193906163 0.019694794519295847 2.7233483968507635 2.1816238797121326 1.9510786772345068 2.2797632112466535 3.999206618235463 3.0841642951006163 2.880512350805776 2.0762489373303614 2.033242726981181 2.4965001798705893 2.5544973878637824 2.8550419967588336 2.740643241643073 2.5816275530822725 3.2570911040149064 2.7340257895821294 2.661052447290165 2.9186514166049964 2.354967931290096 2.710874940430178 1.2316284316283752
0.3794640260647105 2.9803976753194505 0.0342942505142002 0.07731016520961614 0.11734805814883116 0.020277298273787693 2.6188513307078436 2.1674247794492105 1.9558096655082542 2.2733868342354913 3.9655866778238873 3.0256999131031557 2.8169813509638835 2.0295569617067692 1.9808095241362167 2.4185937950862177 2.466848291702596 2.74811251743225 2.6356268507910916 2.4809354290731935 3.1194375944016652 2.622900632216902 2.5515212262927474 2.7956658182617264 2.258285308605015 2.605343352524264 1.2208895527363401
0.37163157573270195 3.0758074795304076 0.0313346945002546 0.08377243969074553 0.10427404629321263 0.021700505982118184 2.6901900181844742 2.1565814290709127 1.9434326961937158 2.275409816795632 3.993776676526285 3.067929887616823 2.864076695994153 2.066275756988101 2.022111227191227 2.4764864535295867 2.5307284957286003 2.8256906737165743 2.710273656340593 2.551680524090202 3.219322354840872 2.7003217214792192 2.624587415990607 2.8784402521038017 2.319316444082321 2.67644951801392 1.2241842421954932
0.370070296925781 3.0823107899613724 0.03391531992712655 0.08166982792564055 0.11827655494512654 0.01953684651010436 2.708271717829048 2.1620557040274457 1.9327912897571782 2.2615728807663578 3.996269907616362 3.061962594042634 2.8663859640103597 2.068322253253464 2.025163329048265 2.4855403835516987 2.542257838645862 2.841065652159351 2.7269988828102085 2.5685993893956005 3.2407625355936074 2.7190361615331846 2.6477889022243097 2.903888585363725 2.3437679770541013 2.6963832305125766 1.2296699870737895
0.38468550648183725 3.041916873653107 0.0366974444182417 0.07256835023653053 0.12860134147835883 0.01883280106969949 2.576412491778944 2.1269982546526527 1.9280289140327938 2.2486941905078837 3.9509764257777897 2.9967929202425365 2.789977312258173 2.009926737034983 1.958036889138764 2.3855691287667407 2.4296169882030223 2.7033899618891413 2.5920811809518964 2.4378127487494075 3.065953905874024 2.5779821270172474 2.5074298241287436 2.7476575699929695 2.2196149040476336 2.560216576135229 1.2188266818746265
0.37166749476132976 3.0300355724864905 0.03309066676229409 0.08186154721517594 0.11326051278121288 0.02046323061710519 2.6915379079995385 2.162395625788725 1.9435429837737148 2.275218483333817 3.991135179885371 3.0670137642530686 2.861137905545163 2.06140474307088 2.0173140806562975 2.472726415684644 2.527627232425683 2.8222986398710908 2.7093579766711082 2.5519756874747213 3.2154856877695788 2.7001137331820106 2.628308622117577 2.881743844775038 2.3260717858280966 2.6783788697605004 1.2263234417692435
0.37676284077731764 2.9685115844046424 0.03564422265550202 0.07713724887497095 0.1248209885619769 0.019093049210447997 2.6431045342583825 2.173395640932419 1.958799761828387 2.2795198353878923 3.9791050856901227 3.041225774444616 2.8319450974671976 2.0397580649011164 1.9919911002512518 2.4355297722334903 2.486073028180342 2.7717248998122845 2.658824879264312 2.5034048726675855 3.150130912793432 2.6482517874866205 2.576821101742722 2.824155493012845 2.2813632996117987 2.630230388793566 1.2238949448118832
0.38375958306270014 3.0377489505255135 0.03520705616838212 0.07450220692604367 0.12114583610716485 0.01982049274539766 2.584056150948725 2.1305960615039115 1.9307295584932376 2.2512353362070816 3.953183077517127 3.0012974026240005 2.7949153575932586 2.014150320826979 1.9629379906902569 2.3921493725200604 2.4371020662070144 2.7126393172612455 2.600077710680767 2.4463034950612976 3.0759906684291978 2.585655575542914 2.5144760573693814 2.7552365409034945 2.2254390706828624 2.5700546543955984 1.217623261586753
0.3681090585789351 3.0597052162062677 0.03301985893610198 0.08350394252020377 0.1141130154642818 0.020160569490563766 2.7265390550969544 2.172933716972219 1.9434752450736306 2.2744659154127564 3.999324957883494 3.0788337825022354 2.8791932494689916 2.0756896158357767 2.0333218124836305 2.497974121665551 2.556450696940343 2.8581617886922586 2.7442093080753907 2.585200786911077 3.2635014300826533 2.737284801560719 2.6656593850347208 2.9242063182773173 2.3595593203727856 2.71429641025212 1.2315670838274801
0.3782979796971433 2.986542400263866 0.03650650660134172 0.07552520690525304 0.12908255832653512 0.018620348940408104 2.630150862328696 2.16416521712956 1.9513861252093265 2.2724261731949147 3.9712942986358297 3.033985336743762 2.82418042536951 2.0322296886682674 1.983562204347762 2.4248475573970514 2.474594448802021 2.7581219268035406 2.645596859592437 2.4910279168779703 3.1322998520949934 2.6343789264236355 2.5640812409295592 2.8094981381118256 2.271168258022055 2.616773375001016 1.2241039082545655
0.3689349958166703 3.050259855432058 0.032309016496142165 0.08391011517336688 0.11000317147546303 0.02088826174270071 2.71798925822002 2.1643043722072637 1.9383180823423718 2.2714375953060277 3.9922270801317894 3.0798619375437233 2.876494690084089 2.0715823891088947 2.029310112139881 2.492348908068637 2.551366279181366 2.850545262333392 2.7373819805015844 2.5790445336806034 3.250715864655479 2.728899228638185 2.657641266235929 2.914450725135672 2.3522133515483548 2.703998416832652 1.2307414566671901
0.36651712953424737 2.9027661917588925 0.03593663043724593 0.08135995379408427 0.12928119788918888 0.018486290393727584 2.73763066256756 2.2233192174981387 1.9888374493217118 2.312321015317868 3.9999284575941183 3.1008382823266056 2.8878685990983906 2.075241941087738 2.032610203730288 2.5013042290899876 2.5621283053532906 2.8653429367222527 2.751897017306651 2.594079981447143 3.270871020716408 2.747108199058953 2.676667737689127 2.9352345836995717 2.3707970707482087 2.7245969763785793 1.239399846991409
0.3658644832203546 3.071847442366427 0.03182975206321517 0.08575813267150094 0.10833592111695543 0.02099340228967521 2.7464414532733747 2.169058158803359 1.9382670634616093 2.2735227195273793 3.999809566494109 3.0944924577183217 2.8934839783785216 2.083701386990455 2.0432556128268384 2.5138695799510202 2.574754999481791 2.8807997837865 2.7675869768136474 2.608132028913236 3.2926738842121006 2.7604806016809245 2.689384545106562 2.9506356300688714 2.379197505196067 2.733657078479392 1.2349147496429298
0.38206760221605 3.0166854199290345 0.03561499071299091 0.07480256631305009 0.12360868642418886 0.019463665139749228 2.59778427573566 2.1439102863044894 1.9380916802443218 2.2587178155470813 3.9583619817863522 3.0128228639588186 2.804177163080608 2.0187564217540093 1.9683687366313036 2.4015554451801764 2.4482419053869813 2.7261975749904876 2.6138744376560306 2.4601775902819103 3.0914988926833997 2.6004222533561756 2.5301211099972654 2.771818552723293 2.2404865148966935 2.5838859768288063 1.2197445032748857
0.3785008872359784 3.199886969267117 0.03976060903564819 0.0716462601977604 0.1463329918790796 0.015879917623941885 2.6348177545940428 2.090474015682742 1.890877809941848 2.2319928690445945 3.990623668546706 3.024472918223332 2.824107987946023 2.034572626151554 1.9820557649592938 2.4267273353660204 2.4760547945050315 2.760795801037323 2.6477054078218454 2.489197896907837 3.1439885664815703 2.6384216885556517 2.5673704464769638 2.816008662830313 2.2724065266607094 2.624410314164962 1.2253965490658711
0.3706034686017976 3.0885517850873443 0.03356255443511859 0.0818314686551549 0.11618804045282011 0.01981934337191033 2.7046952685722703 2.1620973062516953 1.9321272484221481 2.259332793932702 3.9941181649065105 3.055987695378477 2.862414309813886 2.067013926504395 2.0240695694639244 2.483187436695381 2.5392060984569 2.836982313240134 2.7231881846840293 2.564756165009558 3.2354605356704846 2.7146566574593063 2.642583671153451 2.8984382620071414 2.338469061770415 2.691721779192464 1.2287162444835935
0.37445652881924474 2.9373632313910547 0.03391050779987594 0.07993610325791779 0.11645051809824816 0.02022784796880974 2.662191383860992 2.196531506573167 1.9747219497185085 2.291595527020674 3.9809003304298956 3.0507347719964413 2.8425915313465473 2.0497000077083856 2.004204479090766 2.451899597555446 2.503508155061188 2.7921018939158517 2.6796013510013243 2.5228078265284055 3.1773479565257294 2.6690112410442026 2.5961169009177913 2.8465379558261032 2.2969808883761793 2.650355336867055 1.225447481465514
0.37332232401162185 3.0406942759656497 0.03440269574009022 0.07988303355790538 0.11993663486694874 0.01974335134820724 2.676554435224282 2.159832913423289 1.9390454747589898 2.2656491807173484 3.9798580833560004 3.0468704001708566 2.847792193511622 2.0532710558231675 2.0084817225950893 2.4619751095605404 2.5156150358261313 2.809770695276353 2.6962891260650443 2.539280793609519 3.201421728518959 2.686754709856438 2.6148005824755076 2.8684138257526675 2.3155673645949038 2.665267244822963 1.227023348643681
0.365911555658079 3.079178349922153 0.03111813118548187 0.08645801009163555 0.10477379367412198 0.021555074246779927 2.746691146077099 2.1684338950170834 1.937646093691533 2.272997600902376 3.99993491733509 3.0934441642943553 2.8932270603110832 2.084367553995503 2.0442965599171408 2.5143136538871884 2.5750970721938837 2.8809050854815923 2.767928933465953 2.607893990107277 3.291827738158898 2.7604922767367412 2.688044441552922 2.9486788055178628 2.3782758576215226 2.7326498471957854 1.2345154171340498
0.3788982546538687 3.0080266124918067 0.036096272777490654 0.07582412403278344 0.12657366271461404 0.018787277955815 2.6289202762597754 2.1519812915520786 1.9430147640831708 2.2664722135413276 3.9565006364998427 3.027736884964889 2.820806937030489 2.0338044099290324 1.9853355727366777 2.424688175094883 2.473018528932751 2.7561347307242916 2.6439008682173637 2.488443195831281 3.134262067365163 2.632678974081238 2.5601557701247306 2.806840806707917 2.265341006875366 2.616161754802205 1.224104630263807
0.36555292877803014 3.052889668310877 0.032117760696326714 0.08561049191845643 0.10984974501470497 0.020786122543048045 2.749126082892544 2.173224170413997 1.9434483061551806 2.279424697901086 3.9999531391321432 3.0991153583317743 2.8956835491145907 2.0840370919168216 2.0433733888649837 2.514970673454513 2.5762934055515183 2.882933457012663 2.769542675464344 2.6091497479499846 3.2958936296559953 2.7629308579663223 2.69192963044873 2.9535068657895853 2.381835377263499 2.73631162046811 1.2354559601322725
0.378993144746743 2.998072467690575 0.03730176913591472 0.07441576488107729 0.13312218444679216 0.01812727864235363 2.624494171089929 2.1564064591239367 1.9456315978732497 2.2680549436178503 3.967178108867372 3.0302346258037844 2.8206593260703197 2.0294098835469963 1.9803061030432603 2.420290651059433 2.469572874991029 2.752374976024 2.6399908712218796 2.4857942373402304 3.125308667652197 2.628693757258812 2.5590395296307595 2.803839469043952 2.267175142575534 2.6111874672703914 1.2249939078915828
0.37046599524682333 3.0277696330697124 0.033708399147572954 0.08181744727484014 0.11676261844495248 0.020018219042774992 2.7007471373193517 2.1911028843514 1.9628878862686279 2.287130997577646 3.9891233286384735 3.0765260973549857 2.8678438278304843 2.063255731256996 2.0192470104651057 2.4785483881608483 2.535316511776207 2.8319180365569094 2.718784509277613 2.5614901764986833 3.2255358032834853 2.7104102053915984 2.6395344431292824 2.893506743522211 2.3373478447658855 2.6874256078991863 1.2299745182419832
0.3730863869714825 3.002735894015409 0.03561606084776615 0.07863289262387728 0.12589102816687378 0.018803095279486235 2.6782873324915895 2.1730679050222275 1.9483212656853477 2.2735654721647593 3.9880888610432996 3.0579907286785737 2.8522465597440503 2.0531469711714423 2.007406568490658 2.46103183200057 2.5154620779226198 2.8079218029930115 2.694718456738656 2.5381488439651694 3.194441306534434 2.6854453910917377 2.6147695655060894 2.8657085190145506 2.3156414126509537 2.6650903547274245 1.2279763512215316
0.38085533656606674 3.0470901127388954 0.032462927132683804 0.07859059750010244 0.10782458446164363 0.021607669129720692 2.611637575146559 2.134186849393157 1.9295767293644355 2.2551079711911135 3.9561019174523953 3.0165194209166346 2.811047865377847 2.02741346168686 1.9785052993088708 2.413375238486583 2.460374010639226 2.740340823608506 2.628356405860511 2.4737384542095 3.1112527860588886 2.61430625488784 2.5423355077692698 2.7865950612046992 2.2406865543402317 2.5979683207683095 1.217836740221736
0.3667206261867363 3.0758892810717384 0.032072057027631676 0.0851139652291727 0.10939076037946781 0.02082130449656903 2.73832350775612 2.16625770463214 1.9351012796346323 2.268972653558841 3.999197702860624 3.086394632658615 2.8874205621617715 2.0803232029633127 2.03928169770241 2.508213637407841 2.568371168054034 2.873315065473326 2.7598840767822423 2.6005064790322905 3.2837870592050153 2.7524958953207026 2.6814406770612833 2.942117103694661 2.3718823168527 2.7239795660576607 1.2335364575028573
0.3763895766374632 2.985353602717732 0.0364683967104706 0.07635906185013845 0.12948900995053697 0.018547181841660616 2.6465642698618157 2.1651115943064783 1.9524931575374778 2.2759655057195105 3.983403044342892 3.0449078660304494 2.8345635763409294 2.039245291493499 1.9913208842487993 2.436613599728414 2.4880778730128257 2.7746727333654353 2.6618721633495834 2.506864243376366 3.1527063314066064 2.651696904858482 2.5816260085205647 2.828786086089879 2.2871289948518316 2.633211222201771 1.224894173046801
0.37984453475079893 3.0121975126880867 0.03342705764652135 0.07799771176900162 0.11316413242375402 0.021187320792491204 2.6161199297803455 2.155457707828987 1.9461047686570405 2.266490109524483 3.965747546729343 3.024859578617166 2.8159802151627433 2.027874295700692 1.978960162791834 2.4163915481723377 2.4647467636516858 2.7458104975864646 2.6334076875957573 2.4788643784355164 3.1151951883831948 2.6201998181320683 2.5492786385932162 2.792935272652584 2.2567317522026413 2.6019172812200844 1.2193598319942787
0.36823286572115893 3.0577582774307808 0.03178813478765027 0.08480550722421083 0.10764821111332204 0.021204227130777364 2.72450695204925 2.1725576352107283 1.9418671253015924 2.272321692152962 3.9879124571319244 3.078729968745227 2.8787616860655865 2.075541160649524 2.034368164416779 2.4991031477648114 2.5575256278328067 2.8600848012331848 2.745481764020866 2.5866360190988336 3.2631283451914235 2.7367702783384904 2.66539555896902 2.923320928715281 2.358709009372859 2.710477849135465 1.2326173583980833
0.3666695870810838 3.083236596799657 0.03290238475282185 0.08427903856827237 0.11353878268620837 0.020184251671023723 2.737316294144231 2.193347819633186 1.9594599221832434 2.288076117126288 3.9999036371022862 3.0976005738994363 2.8902669261505 2.0786837544358305 2.036446308028374 2.505369926864962 2.566081487959327 2.8698310126379685 2.755569073484872 2.5964479913624916 3.275154916545552 2.7491775625231707 2.6771623173609123 2.93614037543584 2.3697433958475105 2.7239258376087245 1.2340289834480498
0.3770195103727708 3.0561499718546212 0.031217512220538264 0.0814175795437204 0.10227944288304952 0.02229621089172898 2.640618663279239 2.155540627628814 1.9426661756374357 2.2663587456276413 3.980706626514837 3.038103164775463 2.831635844261851 2.039567515091954 1.992448768316363 2.4362769560696402 2.4870518876157797 2.77258387037128 2.659860514188157 2.5043452487955062 3.1485146524418215 2.64717780855639 2.575588038136466 2.8214619058626838 2.2783180684246416 2.626849947112278 1.219339293117836
0.3817668117048567 3.015668165113463 0.03563532849334452 0.07493621986814124 0.12380771808612204 0.019428483995760547 2.6005449167830523 2.1459110257298857 1.940706125637868 2.2605922987311655 3.9565949709000607 3.0132917002109436 2.805450696975797 2.0209634483508245 1.9707052588218228 2.404117296285097 2.450685134744578 2.729065740419336 2.6165836937389657 2.4624895220121474 3.096313281640856 2.6033277745584584 2.5324601112792156 2.7749531284329745 2.2420351230434648 2.5869905387466776 1.2202527549490843
0.3730857174881791 2.9639758003388703 0.03581275776501158 0.07853628930826524 0.12698939143326637 0.018872843842574424 2.6755788578778548 2.1857935578236254 1.9651028555970573 2.288389250413581 3.987129695340813 3.0635688642044197 2.8524445528946 2.051758226470732 2.0058878147913273 2.4585970323746413 2.5128872536399656 2.8047762074380516 2.6920619713042315 2.5361335928494038 3.1905819620493223 2.6832838312781364 2.6132226273038235 2.863868095097945 2.3151743512163616 2.662601793437896 1.2289468064744011
0.379923483266079 3.041806109823312 0.03524694663790083 0.07605588992687955 0.12228323939405615 0.019495926388429622 2.6162099363771674 2.149486756777974 1.940835412374443 2.2623386143032618 3.968359688983401 3.023652674417123 2.81577438535654 2.02759217516571 1.9780880759143769 2.415614783362843 2.4639719585401605 2.7451960635974517 2.6323448281334816 2.4777638088887417 3.11579795692291 2.6199030080357106 2.5490266731779174 2.7930471113124264 2.256914134475294 2.6025669847585853 1.2201086900416525
0.36649525523437915 2.960414286970198 0.03502855918457236 0.08225526872297766 0.12456590715047253 0.018916337927954077 2.7390752484482106 2.1950911741191867 1.966523118132596 2.298011133264933 3.9997384975586256 3.0995584764693414 2.8896626942367907 2.0784029604973244 2.0366058934292104 2.504837801066307 2.5650578445097345 2.8688082856618786 2.7553741430830345 2.5969117485433633 3.2760734883771736 2.7500511275656883 2.6789199731467543 2.9381827451245117 2.372495151935905 2.7260479166043345 1.2372043397533548
0.36656819112113515 3.0137454621915016 0.03237597730912399 0.08489407440765534 0.11092925946630491 0.020720937932331294 2.739223352695147 2.179754578674048 1.9522686577926995 2.2863159054169073 3.9999147220533335 3.0970450407702574 2.8902065175371465 2.0800366181087484 2.038749611715098 2.5070192092145587 2.567194162216006 2.8712175699934672 2.7574850228260117 2.5985117253644887 3.2780086448199373 2.750805590420112 2.6792489637982975 2.938426616784084 2.3717843906725404 2.7255731561025165 1.233814697485349
0.37096288559695156 3.0863593301772716 0.032843655745659305 0.08248449330500836 0.11241906009097892 0.020448821960120142 2.701242609048909 2.1647764311715867 1.9348889886913745 2.261071804983273 3.9886263038568863 3.0546545231888396 2.860839455360795 2.0665233780283954 2.0238631980765143 2.4817283920641175 2.5371875354575972 2.834281633362826 2.720791312028238 2.5622482564203466 3.232309336458254 2.7115379202158407 2.639036419574248 2.894795011164006 2.334408377640731 2.68845041250901 1.2283091527586303
0.3763436499205297 3.1152619607738328 0.035370406550056854 0.07734882291471841 0.12391476476738823 0.018925357708342083 2.6487173404869155 2.15593550504251 1.9361187375134012 2.258164483757896 3.9868729732111343 3.0385728053697174 2.835278869121338 2.041592456201407 1.99353214769458 2.4401604846899 2.4919550218399142 2.7791127197275296 2.6651814579955264 2.5091928529249174 3.158615254928172 2.6545646321690555 2.5829284447006042 2.830884001434762 2.2868411600314995 2.6355696908226207 1.222120091160505
0.3780736085746899 2.98908025659677 0.035185184712155454 0.07704150794399217 0.12290394464953786 0.020015010071359272 2.63099407400899 2.1595544953291816 1.9470008867180353 2.270050733329031 3.9628520608109588 3.036318024106373 2.8258808069367425 2.0326421906679055 1.9845004978132192 2.4272715998758776 2.4775463176601886 2.7621580427422288 2.6501184315572512 2.4948997282697283 3.13599056684805 2.6367772855873417 2.5691495326239284 2.815495978182789 2.275286382161859 2.6197597160849604 1.2240719948637038
0.3791827957209733 3.1117798238665557 0.034959580678372425 0.0765749427608008 0.1211371152363561 0.019488298952999836 2.6238830431374187 2.137320337035021 1.9294751386021662 2.253802765524214 3.975896383538503 3.026089894660854 2.8206416947165915 2.031257402335118 1.9818189527747445 2.4215929584100087 2.470714859362327 2.7532926464488594 2.6400852827230845 2.4849591331311705 3.1257509769919505 2.627925603839931 2.5566276604833718 2.8018349399808713 2.26327455011636 2.610283386411651 1.2191142096560375
0.37828927249315236 2.982880082230742 0.03457800312041569 0.07759107138182993 0.11930321266459659 0.020067861856542184 2.6311076974395644 2.1618408483781413 1.9486727074408368 2.2704070803004153 3.960833164238644 3.032334562680464 2.8239949837085203 2.0326331858417124 1.9848336732632703 2.426735019318202 2.476580097031736 2.7605780641086275 2.648450287797754 2.4936342991811573 3.133774983809111 2.636277248278996 2.5659617666424057 2.8116934095945543 2.2720356708629508 2.6175385921428056 1.2236161632477223
0.3716005909829732 2.9417690963436676 0.03638790288959683 0.07875554274488057 0.1299290792968188 0.018263328152406038 2.6920335248670573 2.1986454053228295 1.973842130499981 2.2955832229908197 3.981837851833022 3.069199939297073 2.859837775457886 2.060073676340369 2.015701494921988 2.470829708909686 2.5255762043627374 2.8197551288999074 2.7070458698668465 2.550067082525989 3.2132814097443094 2.6994320920433412 2.6276716355837015 2.8812152101565944 2.3263221833091814 2.680068453838988 1.2331732181764603
0.3811603940356382 3.021047758582218 0.03731756661364548 0.07347191046288754 0.132811625025182 0.018246735826255567 2.6064041467235395 2.1392942675620734 1.9338861652960753 2.2575346131788403 3.9584788581663846 3.0195875171928743 2.8101083452672238 2.020814668901067 1.9705850937386185 2.4067146037275444 2.454552466285634 2.7343133608445895 2.6221523351883143 2.4686543837644215 3.102241911120135 2.6097517259009906 2.5405274365462867 2.7832122493470925 2.25098270168499 2.592967525938268 1.223289003386939
0.38815770067919797 3.1921999979443076 0.034318885783323226 0.07342644687077235 0.1162030597515047 0.02081469970755625 2.5510310350906953 2.0620425443698127 1.883092975394306 2.2159260029166004 3.9471740238276443 2.9798779656168346 2.774886906903512 1.999005546356887 1.9457860389085677 2.366792981546779 2.40883822892001 2.6790247351074234 2.5667971957265276 2.414305370679155 3.0330305232166332 2.549981471667748 2.4800415169905117 2.716723220994013 2.1952987313402437 2.5353588161891163 1.2124208489311328
0.38517068664296744 3.048536173460826 0.03580445470255065 0.07331845946027252 0.12398624943809107 0.019512848829024283 2.5732532553055516 2.1190453778434257 1.9216222937967595 2.244132222079834 3.942484348985905 2.996145891560382 2.7886918132687293 2.007351965794145 1.955527778644615 2.3830099108598226 2.4274845274084997 2.701487767422352 2.589227592000438 2.4361936669504187 3.061728629078763 2.5743204653191674 2.504123119941786 2.7432906303709883 2.217218754404778 2.5589153170003303 1.2183484566666871
0.4014774762615771 3.370286422831696 0.03603034044799288 0.06605606817918876 0.12348427477276476 0.021974334229711002 2.4537954945878933 1.9831353379189265 1.8311854919002215 2.165003097259478 3.9050412552700986 2.907178182632051 2.706645745079455 1.9505495428347484 1.889745321601036 2.287367024995545 2.3213070524701127 2.5763073518841804 2.4621349439127282 2.3101574858126965 2.9122264495391814 2.4410535002993297 2.364596588634387 2.5965357527712882 2.094103207218827 2.4301061575153327 1.2094275991610115
0.38124259901333213 3.0374843579183115 0.039354056850925793 0.07119627706002894 0.143368453637806 0.016823164512345903 2.6054087829267045 2.137699458415139 1.9344414743695713 2.257249401545329 3.975724310822516 3.016441319739374 2.808345477356829 2.0208902456133635 1.9694173055191 2.4044849431591757 2.4521342354293085 2.731920490370432 2.618088540593125 2.464212890523857 3.102143112109198 2.6068593689355666 2.536362097760381 2.778913439151054 2.2466192113071357 2.590940473655146 1.223646083966574
0.3674376583862576 3.0733472361268315 0.031892293015854785 0.08499356115966442 0.10829790349927243 0.02102643293754178 2.731177757200873 2.1662396620355846 1.9352400797623706 2.2679743964007004 3.9962763441714695 3.081237865161556 2.8827018260088937 2.077701045311554 2.036409630216799 2.5036213283473483 2.563045102700476 2.8669095873336405 2.753590604932344 2.5943207001254014 3.2759842808036668 2.745716620645263 2.6723372051127865 2.934669852896598 2.365167043277151 2.7168395454604233 1.2324126790062182
0.3691537162380214 3.0595633821863246 0.03254116127454675 0.08350157435726761 0.11117886167698315 0.020646509662908555 2.7159907595587023 2.1614400762621178 1.9367604310861142 2.2703581097870855 3.997174297656787 3.0775746724013113 2.875070937095374 2.071420989330439 2.0289258100979635 2.490929858351731 2.548405592389097 2.847937393987613 2.7345670312653123 2.5762801498777237 3.2477960206620526 2.7264443541890127 2.654681483676573 2.9112045450951727 2.349537288036371 2.7023366862712344 1.229494793570595
0.3841653508879612 3.0340200878167325 0.034921197228260675 0.07465264254816337 0.11959594996891335 0.020123709933917485 2.580873591846096 2.129091807480159 1.9282978256471017 2.250053781968483 3.9469228132889813 3.000969221788246 2.793405002514066 2.01168315961761 1.9605529314355021 2.3894547821906835 2.434414420711967 2.70951540231649 2.597348216510761 2.4440068642018944 3.071183663864266 2.582552996340237 2.512109722537241 2.752094335549994 2.2239410766530603 2.566517049910618 1.2180464625914458
0.37858375563862057 2.9889379063781254 0.03536488606922744 0.07662670563946712 0.12328697259369967 0.019510513803974713 2.628647341083419 2.1583685037397915 1.9457520048102845 2.268239298189134 3.962628585908944 3.0328569497112725 2.8233345017620484 2.0305685927500954 1.9820468670147198 2.423688703262068 2.473736588023552 2.7573717563008633 2.645083568081943 2.4907084930398016 3.1300997727319184 2.6331382935792713 2.563486691700341 2.8084017395642324 2.270834172076638 2.6146727582938185 1.2237000611584954
0.3875463354167374 3.0752872624885472 0.03582731795115646 0.07228650704055262 0.12375680007312677 0.019773161068153286 2.5542419662126377 2.102584680717424 1.9101750319776671 2.2335295883211552 3.9336653232566197 2.9841766316792167 2.7768566266060275 1.9983491229103236 1.9453590066424005 2.3684536250645754 2.411321641984165 2.682136277711649 2.570143506583414 2.4179354384135356 3.0369537822696273 2.5540864102357546 2.4845906186245617 2.7214663398109114 2.2001964293344556 2.539334395278696 1.2171357303288204
0.36957424104171355 3.068851343350193 0.032122730215451076 0.08371871004014245 0.10893696071743635 0.02097733364360038 2.7120707130929853 2.1547544077851746 1.9339013415935438 2.269239149667714 3.998096521581042 3.076813821739851 2.873573765277923 2.0699988747292686 2.0271141775212924 2.4881415564691416 2.5452974341483943 2.8441021374829636 2.7305322257532016 2.5721616022531637 3.242624314862319 2.7220440750203827 2.650010148606034 2.905903909257192 2.3452034106800888 2.6984024621140943 1.2280756827265313
0.3645163232464645 2.9011488373558714 0.034296215579240626 0.08405960960019143 0.12122173435222904 0.019519026180075352 2.7554896257989845 2.229129678551074 1.9923132378923365 2.3173702255233413 3.9999039926316833 3.112278560075995 2.8994636761764103 2.0836409247566783 2.043302738573165 2.51662271058255 2.5790220020570964 2.8857982141079 2.772867175172815 2.6142653016875417 3.2967263972149095 2.7679743984842338 2.6975155033295017 2.958199590347235 2.389316649299005 2.742148322495847 1.2414700534910816
0.3770824854726262 3.055885946168957 0.035777837733692544 0.07681661446849705 0.1260908097719079 0.019019895963068724 2.644586258998198 2.144326540553689 1.9318086909573287 2.258256783108004 3.968560708540693 3.0298997480671432 2.828654331768858 2.037793239080133 1.9905984203706675 2.4360197618713335 2.4870743308285013 2.7742755224640288 2.661463841532457 2.5059124716814845 3.156337897476078 2.6505579420085383 2.580172425561337 2.8285683221254634 2.284652512952668 2.6315302619359815 1.2245246192399282
0.37675166092469153 3.05932599617611 0.03434315916814533 0.07845003667660692 0.1187599924068933 0.02001661264250885 2.6477272594644843 2.145675239458932 1.931406920446412 2.2573475796000264 3.967881049623756 3.029086415191269 2.8296761884496675 2.0401087532109226 1.9936261299847378 2.4396203245700874 2.490781983198783 2.7785463386271343 2.6657246135229116 2.5097409908534356 3.160420558037558 2.654323849396374 2.583404812626143 2.8322980544755714 2.286693632110863 2.6345421930991524 1.223536873370815
0.3804340155708554 3.1138048799925704 0.038049155166622425 0.07263635763886626 0.1388611599958327 0.019952997071279076 2.6171723168476473 2.115588696797699 1.9112867691508901 2.241914494418356 3.981491441036233 3.0154478014053177 2.8120398621179192 2.0257557245697506 1.9717961933797228 2.4104216209670075 2.459716232498125 2.7411188701725457 2.6279952714815304 2.4699510250790184 3.119510560853669 2.6182115431578095 2.546758626679422 2.7934978209814507 2.2546500147090374 2.6017998282075894 1.2189329097733543
0.3718683143807006 2.9753810461697534 0.03467050978827926 0.08034180871882071 0.12144669247573144 0.019610574502547985 2.6890855588575913 2.178587664077766 1.9593851355327792 2.2862582087810512 3.975992548048647 3.0711169909850193 2.8603497572324397 2.056479684363583 2.0118612625113683 2.46835849066147 2.5240830693801466 2.8189113618594503 2.7063462249566554 2.549861219210824 3.2114124875158265 2.697625060754763 2.6277387138556443 2.8806220491952246 2.3275352180868922 2.675399608075496 1.2308434809303817
0.38460031490027136 3.0429280997616086 0.0323555688510027 0.07706710021064597 0.10706019596812441 0.022736539332523585 2.5767733903254832 2.1229857483420758 1.9232683451037358 2.2460280491398943 3.947942273088304 3.0000043081216075 2.791934884048716 2.009676676940793 1.9586269719081062 2.387180288060918 2.432154082601711 2.7065880316482267 2.5946269779760014 2.4414420254200433 3.0653640217184046 2.5786566797594923 2.5083517421996353 2.7472470942588494 2.220349427399474 2.561323253172502 1.215986474171567
0.36787085500869465 3.0372718640834613 0.03377389949788811 0.08284301319512635 0.11777950836034609 0.019724591777750124 2.7280979634875124 2.1674470748712285 1.9417962449393504 2.276562149824626 3.9989215989428177 3.0879517822354363 2.882867794541655 2.074737869680097 2.032315456245115 2.4980049957811623 2.5571365680889713 2.8592699711638887 2.7455253294113637 2.5870111043722077 3.2635604370687847 2.7386584314533713 2.6675314023678363 2.9255969231721184 2.3618390957136772 2.714386336130306 1.2326307973685422
0.3767134718312673 2.9946309723450026 0.03434184732438186 0.07844416567254907 0.11836415928479159 0.020044871457868894 2.6435265667548795 2.1726633096525583 1.9563342615970412 2.2771786161414638 3.9722671384218984 3.042335454036198 2.832736241376724 2.039186464704849 1.9917738228222706 2.4362129896673395 2.487180293351719 2.7731390475889617 2.660607333381228 2.5054731690938747 3.1499824539842574 2.6493907819210394 2.578394607393874 2.825754574646938 2.283302913912413 2.630141624971412 1.223586057866168
0.382204552534084 3.1105557980626886 0.038650008843204534 0.07134455209023823 0.1391649539623778 0.0169356616405831 2.6001763265712894 2.098529178488135 1.9104407122326361 2.2406040122807127 3.9941930379267006 3.011562597119477 2.805727636494434 2.0181601000507254 1.9654807529730038 2.3988796451865637 2.446391021847538 2.725229876573579 2.6096485200543755 2.4552922289263686 3.093725679434546 2.5978402420805575 2.5257821453125193 2.767841190142377 2.236551135145362 2.5833077558689572 1.217137467657801
0.38683883887349024 3.0682057363714366 0.0322136556139741 0.0762343965762267 0.10588572649061145 0.02302213260096026 2.558725473478115 2.1079195529711936 1.913259606550639 2.236419396742176 3.9426407174776217 2.9877706584958825 2.7804074021781844 2.0013304376038428 1.9491519870538354 2.37337917980528 2.4167494075831457 2.6881073909147974 2.5761560450927146 2.423494102102257 3.042446085247868 2.5590587216121645 2.4887922255243935 2.7256611165050693 2.2029197428085516 2.542405772595656 1.2143306341260638
0.3792270266636982 3.0477661701246204 0.0330439108430253 0.07876525382575679 0.11151215892872413 0.021303210038382987 2.6257496319374187 2.137538940404409 1.929858456516116 2.255813280020249 3.950904186105053 3.0234990959020944 2.819378722693079 2.0304984503644703 1.9827232267053116 2.423329465039624 2.4725831735314903 2.7561598529868814 2.6440281072216067 2.489023241604246 3.1311104455594703 2.6307572182807046 2.5603009276310877 2.805923272589162 2.266198954249388 2.6115073864800324 1.2217170564293784
0.3714735664414608 3.02142150022405 0.032746729272633536 0.08249130595772058 0.11172411840255202 0.0208998782487125 2.694279622008222 2.1666340195102864 1.9461128125253833 2.2755055866755685 3.9724381819457837 3.066665921546604 2.861660755505484 2.060611640385476 2.0170023314262093 2.4742442483229867 2.53074313127767 2.8263723249667305 2.7136404850223994 2.556257559904168 3.2223626280439164 2.7040604408845375 2.633400599903819 2.887611766876028 2.331086057707405 2.6803136887488006 1.2298508076969694
0.37778849827658967 2.99741072133896 0.031027928575328982 0.08144985800926657 0.10148558378965232 0.023008292144572874 2.6357567439692096 2.15257351193026 1.942766452521621 2.2669550538790175 3.964598895223112 3.031972698193688 2.8260155386699313 2.0363836318259567 1.9896495843009245 2.4319403132404407 2.482098346870801 2.7671528032676522 2.655138835568234 2.4997787345205715 3.1425246940204397 2.6417333348948593 2.5708494670866573 2.816990977247109 2.274969677448218 2.620704379016183 1.221487481984617
0.380025809365264 3.0856164287989776 0.03503703841148392 0.07616433907350904 0.12121599280704232 0.019516924422773512 2.618361828534231 2.127224734968042 1.9199464065727891 2.2461558789530933 3.9695140244435225 3.018543855627792 2.8155364651866743 2.028569469075828 1.9792657836180816 2.417237674642122 2.4656365753906457 2.747491470550812 2.634321444229215 2.4794383788686534 3.1192940531391544 2.6213417821260565 2.550446083256922 2.794873663032624 2.2578970479701983 2.6038538855662656 1.2190765801570962
0.3903302454392268 3.1530261312034704 0.03598492135678821 0.07058337719170965 0.1234888403303856 0.01927414641298585 2.527071704650723 2.0527874509190154 1.8809074325395156 2.211635915219083 3.978005433982578 2.968781195145406 2.7644917200961747 1.9890602440035832 1.931927900163661 2.349176997008664 2.3914086067492457 2.65875915951537 2.5410665135267396 2.387475397934763 3.0095852476778875 2.5261265026331596 2.451144833426121 2.686540482222455 2.1681445009414864 2.518210805665866 1.206516189906408
0.36416017366849474 3.005214372763235 0.03181827241992718 0.0866171123507013 0.10861554178410045 0.021023286448892144 2.7617137695412177 2.191883972842398 1.9597880297616697 2.2940751530126855 3.9999199751530425 3.1115664877497125 2.903907645184829 2.089005386438261 2.0494887282730776 2.523720916456875 2.5862169632023924 2.8946162776544355 2.781309433107113 2.621630337393531 3.3096426425560086 2.775548584405597 2.704002504960082 2.9661623084569615 2.3935337616706898 2.747403005363855 1.2384488814027015
0.36318237675569476 2.8936606480974705 0.0328329518317033 0.08621988628891736 0.11386687017447109 0.02047432295387601 2.767796452354784 2.233854682857244 1.995896352108466 2.321895975541122 3.9981750544665258 3.1217904558790686 2.9076468894423986 2.089353591814902 2.0502676892708767 2.5267334764090066 2.5904074375514514 2.899535781275905 2.786812509993119 2.6276069168241643 3.3140119457269916 2.781748636985829 2.7111134363453626 2.9733982396073175 2.400708277454206 2.7541203982823292 1.2431029400711613
0.3734211056360228 3.004775506558167 0.029753730711945814 0.08450704482604762 0.09766568860526603 0.025588403245457733 2.6740515998211394 2.094987108154546 1.9216667706978179 2.260946197038697 3.9999238860036064 3.060166277319414 2.8561298463928138 2.05373208230626 2.0025956304508408 2.4592519890162023 2.5152463325456047 2.811538040850319 2.685795139012275 2.5302001377412444 3.223087135260638 2.683011783339581 2.596011514770211 2.8651347169549464 2.301346267839187 2.67465411403673 1.216865736752089
0.3894707934740956 3.1982677292485056 0.03480853271158946 0.07239400816002838 0.11845991333680377 0.02060841799257804 2.540522520747494 2.059938612505429 1.8811861811245645 2.2125143548743447 3.9377595735659483 2.9732719306434015 2.7683271337487683 1.993262120360323 1.939449116562715 2.358612355352918 2.399910630985754 2.6684144712091697 2.556320053153543 2.4042820258627167 3.0200130096699143 2.5390422326670263 2.4694073584563396 2.704958047533324 2.186118694675974 2.5249351705875056 1.2129745575339883
0.36694770396837 3.0794317473782113 0.03246119166495628 0.08461301324757725 0.11133862382813665 0.020518753540301197 2.736323990298115 2.16500088933092 1.9335922114462307 2.266832573455323 3.9989596934995206 3.083986902854988 2.8857467096621687 2.0790800217564875 2.037585917658587 2.5063531135836956 2.566421293297695 2.871179138563539 2.7575371483361106 2.596804200678764 3.2815407899691906 2.7502328867241483 2.6794958405212173 2.940029539208283 2.371435445453966 2.7244633390994135 1.2333905586135099
0.37877630970487586 3.0184188925293127 0.03299970156052959 0.07899242441362729 0.11133219871421351 0.02139907658482202 2.6280323790642033 2.1448926284129315 1.9374284607783463 2.2625223009218347 3.9572573192727245 3.030445646089373 2.8225855155445507 2.031629127979899 1.9837209926220745 2.4246575052888484 2.474296149322652 2.757972155694436 2.6460125843050593 2.491292688003285 3.1311431519896002 2.6330515627636095 2.563172429913252 2.808548568904993 2.2694552475050904 2.6134428280112334 1.2217323006000917
0.38722320923530174 3.065073644483115 0.03681954195082616 0.07139691488871355 0.1287807326125822 0.018923311183938897 2.5566000886669356 2.1066603650257867 1.9129541385283124 2.2357832882024 3.93714303795287 2.9858888222865185 2.778245981676704 1.999040288416428 1.9459870108777175 2.3697118919240427 2.4128404035528437 2.6840239071053387 2.5719979323622777 2.4198379404941046 3.0394234086742973 2.5564388735417958 2.487082369016014 2.724198440930695 2.202779664000978 2.5419466788296625 1.2183325651556698
0.37842958143276406 3.0764537540739165 0.03408573787383293 0.07799176715369512 0.1171055726669303 0.020308619385425004 2.6340530776889537 2.1375589750147936 1.9250140311315695 2.2497073053528656 3.9609319919341863 3.0144900447638365 2.8181634248226923 2.034156406763236 1.9872718481200995 2.4299621565211793 2.479787810740423 2.7652419686859466 2.652529100942227 2.496695059302496 3.1440207839683425 2.639933561481905 2.5687858840791136 2.8162576034454703 2.2730559630867884 2.620823415614049 1.2219983142929736
0.38769207755567553 3.086217694061096 0.03129298543230301 0.0767559971988706 0.10097849634334101 0.023778304176436674 2.551822639983536 2.098444247138415 1.9079126599535805 2.231933243425346 3.948828210846651 2.9825639104087154 2.7758224529856257 1.9990197977462747 1.9463741340679261 2.3683854858323654 2.41103355360206 2.681462469608234 2.5685543887610103 2.4156195569133296 3.0346683158599452 2.550566886312961 2.479997857662078 2.714671776107231 2.1932319615448215 2.5333739307993284 1.2121848865385347
0.372947500524713 2.9086618271221107 0.03391155816939267 0.08063634848477323 0.1168514725538928 0.020236430274820565 2.6754142818411975 2.203486819386655 1.9817054636642943 2.2998218725852735 3.983578763160082 3.0624595101003105 2.8515276220538386 2.0552264134812583 2.010453805840671 2.460920333763577 2.5139430419350064 2.8048625457778504 2.6925167210713328 2.535914651360126 3.1914316426311506 2.6830524859646476 2.611033747280789 2.8620300724192917 2.3110599000661214 2.662799105427131 1.2280382979698488
0.37696470410409116 3.0925754502626517 0.033148481449642865 0.07940281710326948 0.11227094213770121 0.0206986889136702 2.642321185758302 2.152666746036671 1.9391438740188915 2.2628306285669755 3.982460478012381 3.038792147498897 2.8326058689505884 2.039630210420697 1.9917500233025622 2.436158600781905 2.4871350850566105 2.772901363116478 2.6597116742414024 2.5039300166548135 3.1492904157046433 2.6478319601010343 2.576217588400085 2.8230524917782773 2.2802536148496055 2.6283274136120363 1.2196868290709333
0.3710667298199831 2.9429308400613308 0.03573711918789201 0.07957459314987196 0.1270727865693161 0.01883890957629655 2.694545759710756 2.1951460000628282 1.9706124368736817 2.294876689602868 3.9857423409470565 3.0764547924952543 2.8640892509371847 2.058455936297355 2.0139638988739113 2.471981754561352 2.5283044767050846 2.8236770359991037 2.711180894116335 2.5548505828894283 3.215907620371821 2.7033869181552177 2.6336597752393422 2.886630851007534 2.333504415865436 2.6812543288770616 1.23273175218296
0.3834670339636495 3.047728872778608 0.03567060295329096 0.07416610268147429 0.12380120834655067 0.019545070137700182 2.5875448616546404 2.1230593680315657 1.9233853029123735 2.247479004012601 3.949665709828528 3.00720748258875 2.7984396508027465 2.0128663255694037 1.9617618451449015 2.393176347043158 2.439243308226255 2.715704180116456 2.6036317068900723 2.4505513906864866 3.0781386587848183 2.5894498568949342 2.520124947474746 2.760537785762834 2.232296340335606 2.5731057944349764 1.2192188965467246
0.3780822172593386 3.1492955272414247 0.0339197464019391 0.07808457184164343 0.11604572876150664 0.02006596556010251 2.634312859509366 2.126930525153116 1.9220222082543688 2.250138231102643 3.982000019142433 3.031905366385278 2.827606517915643 2.0363878559944344 1.9876326547135101 2.429812587747534 2.479901473977473 2.764473239321145 2.6509102995550933 2.4952344954974457 3.140140570502538 2.638890648723355 2.5672724434187417 2.813785486809417 2.272252111942081 2.6205583432367 1.218291103956979
0.37964685657226516 3.00991657035144 0.03746515123858826 0.07392704277987022 0.13388397317526754 0.0180298229190491 2.6190149299668812 2.148494224380066 1.9399286707784344 2.2633708535702195 3.9705599253550976 3.027280104410347 2.817626319446057 2.026277254659685 1.97663766288312 2.4156559053107216 2.4646379430767102 2.7464124857624856 2.633953835197423 2.4800097828552032 3.117510831030333 2.622412425941372 2.5527857597294763 2.7967676138292927 2.261821537224612 2.605453467276537 1.223724324881925
0.3820356704706633 3.1366053317560807 0.03645437273303249 0.07393495071780258 0.12842851185144255 0.01870686387845069 2.603401948979079 2.1024224867030408 1.905278420123868 2.236008645705034 3.9517435918457586 3.011245356354467 2.8068123136978413 2.019748612430455 1.9691137610892502 2.404363812580939 2.451651403943844 2.7314484966759043 2.6187728704544773 2.464678631586053 3.1020266587516425 2.6059506653096864 2.5359116662578125 2.779576141726093 2.2453353069191273 2.5895244060126887 1.220688616990123
0.3844095711109692 3.031530923406562 0.03563519013901276 0.0738421010390075 0.12344594360429736 0.019763875207969316 2.579624892874369 2.1255389995827554 1.9254599018886862 2.247762301624504 3.94162596580754 3.0017628888332375 2.7930493145335373 2.0093707258223716 1.9579361869666307 2.3873674526509467 2.432634919786979 2.7077162959116743 2.5957366298030298 2.442777414891553 3.068519690487235 2.5810904231100973 2.511543363005761 2.751206915241309 2.224467326430821 2.5652032883392026 1.2194474967412592
0.3855313529895935 3.051460087724421 0.034048425926226 0.0749420449723161 0.11529708680072533 0.021246777551659136 2.570016132479422 2.116612998953749 1.9192561529180159 2.24211606282726 3.943320512566458 2.995292935185277 2.7872384785267332 2.0056644840896714 1.9538568791497866 2.380858047123609 2.42525984297319 2.698630391995711 2.586524285075061 2.4337803098548227 3.0562686933203964 2.5708285563090945 2.5009472164461557 2.739336312800184 2.2139719059793834 2.5548804090543307 1.2163018798542646
0.3890915863628154 3.3709650625328287 0.03556932178375279 0.07161535490231884 0.12243920052146214 0.019342502430883042 2.5468109553468987 2.0167691177065343 1.851641258837338 2.1949641765657013 3.948594197553197 2.975931625874004 2.7729203672829055 1.9967378787566972 1.9428796307131586 2.3629796619300776 2.40441596761605 2.6740166590431143 2.5616526497916072 2.4092929998830495 3.0280980804508557 2.544831888101637 2.4752688321634837 2.711968827635794 2.1913431311531255 2.531354656268323 1.213093095617726
0.3794294465543772 2.9821378736263773 0.034330328244154926 0.07736880257563822 0.11773208387742064 0.020331398680995653 2.621091581497531 2.160182834197907 1.9479254761868903 2.2686067467717437 3.9538953217141968 3.0265838537302994 2.8181145316344285 2.0285662798276753 1.9802811670925908 2.4196941457245753 2.4685677803143267 2.750646391266355 2.6386445689572 2.484090320661769 3.1217032942701275 2.6256347952881662 2.5552061247911104 2.7994451216428127 2.262279788286765 2.6072270063637726 1.222935709780646
0.3736892353739046 3.0495349592307814 0.028976777411394376 0.08517922565558898 0.09276425654993972 0.02504765981148647 2.673130379446927 2.148158166016264 1.9385118038087843 2.2698643442904864 3.9999260633237532 3.0602680823369037 2.852339331780856 2.051287629442293 2.0066441086631532 2.45739171876381 2.5120254362343575 2.806524365161986 2.6913001020344134 2.5375555954377234 3.159922081394903 2.681522536702245 2.6120037099876736 2.8636573458536314 2.3110688064341645 2.659175511547322 1.2244610496876003
0.3834097650226499 3.0391024382294898 0.03578000896145906 0.07406534933528114 0.12430305372236487 0.019434395322988088 2.5874668790603406 2.1273352711823392 1.9259844286596024 2.2492764090643598 3.9528631768471123 3.006595455712327 2.7981707044093884 2.013138216480174 1.9620592237797583 2.3933396600710224 2.4393017498627003 2.7156441281223027 2.603474032722235 2.450277140609988 3.0783254837510627 2.589347100556256 2.51964308285899 2.760084318839938 2.2316365036221897 2.5732098375592356 1.218988434221883
0.3655769579342371 2.9375743139813206 0.03414119319883318 0.08373668260593381 0.12022622418826749 0.01963798719385542 2.746303771918048 2.211174059611772 1.979799197009053 2.307700833907057 3.9940877782678696 3.1062942352058465 2.8945369918807673 2.0807679777340256 2.0400668873278853 2.5107490535760455 2.571897351252215 2.8770791667758706 2.764313682290697 2.6058137321221433 3.28733504069742 2.7586834181567825 2.688283381094211 2.948380502120362 2.380869669311539 2.7330131552487154 1.2394352001465672
0.3857799882278557 3.288254305337092 0.03303327830937145 0.0756447732249249 0.11024171931734643 0.021409665883875724 2.572576331769811 2.0381762335852973 1.8679419592506505 2.2102093452526477 3.9615844837893106 2.9933881704250402 2.789469068359831 2.0094821566625303 1.957629078255978 2.383583833005015 2.4272809272102127 2.701091491409868 2.5887123987541476 2.435264102627783 3.0606585278400105 2.5724712771948606 2.5020719316696023 2.7414312612186342 2.2142415236938033 2.556828762911705 1.2117904002060162
0.38471250695965414 3.286121376642909 0.03181033967319167 0.07728251729691163 0.10541758357359704 0.023598398849482564 2.578771299076776 2.03467177553 1.8724895364676146 2.213751448574975 3.9891038471268203 2.9983346033893676 2.7987262474547907 2.0131163011055753 1.9585365132798773 2.392405701954719 2.435916014475588 2.7180275437620227 2.604573665426696 2.4527942979773103 3.0386803093560637 2.5879865295350375 2.5206743205458193 2.717319725084255 2.215194246585923 2.5768257691172995 1.2115834335783473
0.3713595672774263 3.230198312813018 0.03462923032000588 0.08025532832630056 0.12176008378800245 0.019062280544980013 2.6986795693887347 2.1269908983036427 1.907652135871908 2.24644234719447 3.992623304648114 3.0690638804620467 2.867414025772929 2.0587194526356067 2.011766406643584 2.47432882133768 2.5332785092892416 2.831835903671535 2.7151253535922746 2.5566693229097415 3.227609258250775 2.7075785484206327 2.6353838282165136 2.890931531640147 2.3327854164624773 2.685168550400192 1.2280297665531947
