0.9336300707767634 0.9229394244725613 0.005596804581522398 0.03821946254716361 0.0952830891870992 0.007086516229254655 1.0704744546893317 1.1085305539249612 1.0834886955042624 1.0695730219958859 1.0113138911189437 1.0702625079851698 1.2093332071525786 0.9751535143413551 1.0423119356751978 1.1509222713621832 1.1214758671458425 1.0696807797882788 0.9694569130076875 0.9874392480530393 0.9988807655280654 0.08520738217986733
0.9290329233867056 0.9073987697206582 0.0037570462697189017 0.04052111742880135 0.06136116366591257 0.008491282777633124 1.0761174766757065 1.114009133635349 1.0890976328564714 1.075572576273974 1.0171831942934972 1.0760248378505688 1.2172086473291859 0.9781134292142102 1.046852723585527 1.1565695534285727 1.1271189564797766 1.0757321302615515 0.9749873238119792 0.992996624860154 1.004620115274582 0.0852157063367125
0.9103292151594488 0.8818090290346914 0.005160985690578122 0.0404375530074168 0.08912068597701508 0.0076936426333658915 1.0984862239638147 1.1378652044279274 1.112329038192276 1.0980524962732254 1.0380690411463878 1.0978237131046102 1.240451684763013 0.9966093214781931 1.0656007406634083 1.1786277849312305 1.1484336848430972 1.0981921287909215 0.9953221245974505 1.0137657361622936 1.0256087050362495 0.08563492440649598
0.9092857117921642 0.8798708976065804 0.0045241748168478955 0.04114950682683973 0.07478949714977276 0.007799931219803682 1.0997591953029866 1.139254616564354 1.1136781345558828 1.0993549797152062 1.0392750624467288 1.0990871628686767 1.241874060614059 0.99742289619168 1.0665751689941014 1.1800443718637066 1.1496760093624439 1.0994729502420857 0.9964855074680067 1.0149495852120258 1.0268152767544187 0.08565898716448166
0.9096657313737966 0.8807895041376882 0.004591190874445431 0.04105582530184916 0.07596907284843883 0.007601941224188572 1.0992972030802541 1.1387217739677902 1.113165449752015 1.098870559313401 1.0388316842124585 1.0986138791665974 1.2413515330527607 0.9971837491945885 1.066258229030316 1.17946726935423 1.149223733444259 1.0990079814403133 0.996061383058674 1.0145204134871864 1.0263746683599866 0.08566855832072327
0.9098136264104152 0.881051554085409 0.004444882315861942 0.041192067698932064 0.07303247299376678 0.007782302818982149 1.0991143766220055 1.1385305101234549 1.112977351374722 1.0986849119829432 1.0386535787661382 1.0984343263208183 1.2411473353890337 0.9970517274888381 1.0661092481327155 1.1792865983228633 1.1490523616947323 1.0988237072499751 0.9958940339298856 1.014349632581848 1.0262014482154085 0.08565558115686583
0.9096645210285296 0.8807871355409213 0.0045899473778440785 0.04105716841695974 0.07594262785476778 0.00760276446910192 1.0992986835380887 1.1387233525740288 1.1131670040045933 1.0988720910739975 1.0388331130110258 1.0986153681475972 1.2413531529763293 0.9971849243644907 1.066259475231005 1.1794687663417451 1.1492251735195589 1.099009486775429 0.9960627476322991 1.014521800594089 1.0263760738392036 0.08566858396062746
0.9096644080124983 0.8807871538864758 0.0045898110417322835 0.04105731420557936 0.07593978238470686 0.0076028689240484745 1.0992988347841517 1.1387234763618428 1.113167124765614 1.0988722204842487 1.0388332406539327 1.0986154847923435 1.2413533359724136 0.9971850042562479 1.0662595935392152 1.1794688898859569 1.1492253220676736 1.099009640925474 0.9960628857829895 1.014521938004363 1.0263762118037985 0.0856685843502733
0.9096644145516901 0.880787177340059 0.004589811885661661 0.04105731283910369 0.07593979982458948 0.007602868269530987 1.0992988269084474 1.1387234679609728 1.1131671161131031 1.098872211772216 1.0388332322672715 1.0986154760446614 1.2413533275766373 0.9971849956401286 1.0662595865803577 1.1794688828625188 1.1492253145998728 1.0990096329057006 0.996062878519132 1.0145219305509563 1.0263762042764082 0.08566858421752745
0.9096644114300919 0.8807871671270548 0.004589811051874481 0.04105731395916771 0.07593978252595042 0.007602868933036092 1.0992988306542741 1.1387234721326696 1.1131671201481528 1.098872215868866 1.038833236257805 1.0986154801444132 1.2413533312617562 0.9971849997291569 1.0662595898946425 1.179468886402406 1.149225318258367 1.0990096367644402 0.9960628820106915 1.014521934151612 1.0263762079045697 0.08566858428146265
0.909664410640323 0.8807871610061943 0.0045898110525267625 0.04105731402640937 0.07593978254778735 0.007602868935872446 1.0992988316079393 1.13872347273025 1.1131671211763585 1.0988722171000505 1.0388332375179887 1.098615481452163 1.2413533329929167 0.9971850008532661 1.06625959111036 1.1794688872685557 1.1492253190028914 1.0990096377304113 0.996062882891394 1.014521935047536 1.026376208801136 0.0856685842578999
0.9096644108693871 0.8807871600115792 0.004589811013137369 0.041057313987736925 0.07593978175214329 0.007602868974833102 1.099298831330932 1.1387234724421917 1.1131671210457315 1.0988722168913885 1.0388332374557174 1.098615481283634 1.2413533324725925 0.9971849994186314 1.0662595908559114 1.1794688865702683 1.149225318744339 1.099009637387245 0.9960628825579303 1.0145219347388164 1.0263762084998633 0.08566858424766031
0.9244754004666672 0.9082426886041448 0.0032239272075939187 0.041279733480687225 0.04651389617347209 0.008873157652316837 1.0813634424298846 1.1198952334184045 1.0946216665227964 1.0805596872778465 1.021630097182367 1.0808521218520284 1.2215317985296186 0.9831152257729755 1.0513067627970785 1.1617916473544099 1.1320120740942305 1.0807550413828138 0.9794967026914865 0.9976551786576764 1.009260294029892 0.08548176374696496
0.9096644137669037 0.8807871666672896 0.004589812142942797 0.04105731270236252 0.07593980512048706 0.00760286804553158 1.0992988278646307 1.1387234689359447 1.1131671174283237 1.0988722132632993 1.038833233775452 1.0986154777107529 1.2413533273104205 0.9971849979464068 1.066259588347702 1.1794688831268598 1.1492253153778704 1.0990096339064301 0.9960628794372272 1.014521931461504 1.0263762051666585 0.08566858424158297
0.909667779443523 0.8807931634561434 0.004592385029984148 0.04105446596504852 0.07599450829610521 0.0076011469349222234 1.0992946687596226 1.1387191362980187 1.1131628546275356 1.0988679807355939 1.0388292739275795 1.0986113926140844 1.2413487416965439 0.9971818279658736 1.066256124111176 1.1794647691395583 1.149221292740227 1.0990054056915166 0.9960590479385363 1.0145180502500868 1.02637227455911 0.08566851035329878
0.9096644150775399 0.8807871729577432 0.0045898110040164305 0.04105731371416035 0.07593978146275389 0.007602869004026398 1.0992988262456334 1.1387234670821837 1.1131671155063352 1.0988722113996061 1.0388332322180271 1.0986154758236153 1.2413533269203998 0.9971849956290132 1.0662595864321505 1.179468882017888 1.1492253138838757 1.0990096322607168 0.9960628779170363 1.0145219299956074 1.0263762036983448 0.08566858414639678
0.9096644142951694 0.8807871714120921 0.0045898121125721265 0.04105731265763195 0.07593980456443694 0.007602868082463891 1.0992988272236581 1.1387234685249301 1.113167116799149 1.0988722124003312 1.0388332329186631 1.0986154767840453 1.241353326618938 0.9971849984722683 1.0662595871494713 1.1794688827639286 1.1492253148707396 1.099009633233427 0.9960628788157293 1.014521930847374 1.0263762046036784 0.08566858425042441
0.9096644163137253 0.880787176434559 0.004589811102243591 0.04105731350765218 0.07593978354850488 0.007602868943444149 1.0992988247523856 1.1387234657934917 1.113167114197671 1.0988722098157575 1.0388332305495334 1.0986154742507324 1.2413533251091635 0.9971849933545623 1.0662595848078007 1.1794688813664487 1.1492253126084169 1.0990096307397923 0.9960628765362572 1.0145219285815046 1.0263762023063936 0.08566858411796302
0.9109821169082302 0.8830455910924094 0.005452828784111088 0.04008751451681951 0.09475335550911447 0.007649633018994971 1.0976669060369486 1.137015271416602 1.1114906088392305 1.0972190737855774 1.0372803160909172 1.097016078856107 1.2395169259466883 0.9961183771356369 1.0649503342776896 1.1778234538941175 1.1476410819725915 1.0973564486257215 0.9945643259567979 1.0129949355683032 1.02482522454462 0.08563490572706953
0.9105075182110268 0.882006534713548 0.004721796762368422 0.04086039771908976 0.07856667809327333 0.007511045839425968 1.0982439733129827 1.1376314057150998 1.1121024801691526 1.0978273216549042 1.0378498678095254 1.0976140318701628 1.2401585683957468 0.9965453084478134 1.0654298570596368 1.1784067886961036 1.1482120366918949 1.0979417352613827 0.9950938913388219 1.013535487547492 1.0253744544940202 0.08564769111940498
0.9096644108975431 0.8807871671753496 0.004589811962773358 0.04105731286834353 0.0759398016660513 0.007602868204625105 1.099298831325392 1.1387234729312539 1.1131671209949328 1.0988722164802605 1.0388332367364168 1.098615480662823 1.241353334382169 0.9971849931801854 1.0662595881550985 1.1794688905502424 1.1492253190612491 1.099009637237256 0.9960628824764313 1.0145219345580254 1.0263762084155577 0.0856685842117221
0.909664473422098 0.8807872773295462 0.00458988836404867 0.041057231886139745 0.07594142385017078 0.007602817233524653 1.0992987547245556 1.1387233929910483 1.1131670426280762 1.0988721384634625 1.0388331638287407 1.09861540564378 1.2413532440649704 0.9971849472422667 1.06625952872916 1.179468807998846 1.149225244260499 1.0990095598272707 0.9960628122583556 1.0145218638088447 1.0263761367038238 0.08566858324851437
0.9096644837564928 0.8807872806404685 0.004589865800285753 0.041057253711744686 0.07594094209198504 0.007602832316902006 1.0992987413940782 1.1387233791866866 1.1131670290923674 1.0988721258845093 1.0388331523926575 1.0986153932420715 1.2413532300242633 0.9971849392928742 1.0662595185943555 1.179468796355652 1.1492252323342105 1.0990095462360545 0.9960627998277581 1.0145218516608658 1.0263761243721072 0.08566858267962559
0.9096644177559015 0.8807871873919576 0.004589811783012913 0.04105731266605977 0.07593979771880488 0.007602868400291361 1.099298823030616 1.1387234640348332 1.1131671121034459 1.0988722075814383 1.0388332282644275 1.0986154718818595 1.2413533211228378 0.9971849930217501 1.066259582874295 1.1794688791963046 1.1492253109569095 1.0990096289469027 0.996062874924127 1.0145219268996521 1.0263762005796466 0.08566858418392678
0.927130904793036 0.9115230103335547 0.010170182800150099 0.03409449009785893 0.18998042086602848 0.005160896911271719 1.078176139822165 1.1165678589517862 1.0913821487956927 1.0773861124665303 1.0186527282228997 1.0778037212173917 1.2179410686353858 0.9810408204144889 1.0486600770477124 1.1584851388814477 1.1287922828579615 1.077494548865546 0.9765432929840806 0.9946515381823717 1.0061994820912425 0.08693662207948294
0.9096644150160101 0.8807871791971231 0.004589811062541134 0.04105731366031663 0.07593978271972043 0.007602868956820921 1.0992988263200503 1.1387234673650626 1.1131671155546945 1.0988722111235993 1.038833231815363 1.0986154754105895 1.241353326556883 0.9971849961787305 1.0662595863498847 1.1794688821437043 1.1492253141424997 1.0990096323565628 0.9960628780116327 1.0145219300784536 1.0263762038053423 0.08566858419887981
0.9096644988641412 0.8807873211171651 0.004589840979659875 0.04105727723892632 0.07594040739874648 0.007602847529739568 1.09929872167853 1.1387233597404787 1.1131670098786701 1.0988721054730006 1.0388331338119439 1.0986153746412493 1.2413532109680652 0.9971849213718076 1.0662595013916074 1.1794687790174803 1.149225214622601 1.0990095262045716 0.9960627817355338 1.0145218335005302 1.0263761060255734 0.08566858225419892
0.9207879878470604 0.9008431169511708 0.004874981983734086 0.03991628863930834 0.08134881918825397 0.007489255659632052 1.085758478559705 1.1245039314980754 1.0991753932870283 1.0850667312791769 1.0258662205905302 1.0852307504820584 1.2263246579962293 0.9868148808388271 1.0550370522968366 1.1660448277456394 1.1362121360280757 1.085231246093575 0.9835596466208923 1.0017960041461844 1.0134561328131009 0.08538713044054094
0.9096644069011521 0.8807871529238982 0.004589810998530556 0.04105731430612797 0.07593978150963246 0.007602868951090263 1.0992988361263634 1.1387234778108508 1.1131671260202158 1.0988722217876914 1.038833241970808 1.0986154860297253 1.2413533380136066 0.9971850037019768 1.0662595943999287 1.179468891580495 1.149225323354202 1.099009642268789 0.9960628870099905 1.0145219392466667 1.0263762130762544 0.08566858436506206
0.9123435709268886 0.8845897602823748 0.004625498580522545 0.040844594817771564 0.07657559325004457 0.007594808880310922 1.0959991203696973 1.1351763708953662 1.1097253371910858 1.095546058284052 1.035762611532927 1.0954030286547956 1.2378747352564685 0.9946944986189158 1.0635951601902496 1.176131760448847 1.1460759950166854 1.095675215814251 0.9930284781759671 1.0114423259814682 1.0232251040030715 0.08558246698556568
0.909664416444089 0.8807871776616598 0.004589811027105078 0.041057313602944165 0.07593978191316937 0.007602868992428471 1.0992988245942859 1.1387234651554416 1.1131671137233703 1.098872209585663 1.0388332304846448 1.0986154740220369 1.2413533243440413 0.9971849966036034 1.0662595852616805 1.1794688795822161 1.1492253123709693 1.0990096306034336 0.996062876392657 1.014521928459599 1.0263762021301086 0.0856685841457122
0.9096390360154347 0.880735332712685 0.004452382852852544 0.0411970998921548 0.0735996932460268 0.008005272245735088 1.0993279507849347 1.138756692750102 1.1131992730365983 1.0989031083301848 1.0388638133168981 1.0986461360641249 1.2413890139115555 0.9972062530216491 1.0662841119319808 1.1795042355343905 1.1492569850693963 1.0990414754704416 0.9960916576852207 1.0145510089373722 1.0264056022414283 0.0856401530398501
0.909740863972566 0.8809052960496179 0.004974752205349029 0.0406653423571159 0.08442162593498022 0.007463116979263894 1.0992057403946243 1.1386260886907618 1.1130716711086381 1.0987781704522852 1.0387431118401582 1.0985242271716815 1.241248860892939 0.9971147695483015 1.06617913699311 1.1793711287109323 1.1491279054200283 1.0989167408386442 0.9959778488573957 1.0144360880412522 1.0262898449764806 0.08566799509211279
0.9096644077913855 0.8807871641890953 0.004589811631831688 0.04105731353773656 0.07593979473409478 0.007602868448351826 1.0992988350688875 1.1387234765595884 1.113167124629404 1.0988722201602361 1.038833240223804 1.0986154842115512 1.2413533361649787 0.9971850023846599 1.0662595932613272 1.1794688908318802 1.1492253223921676 1.099009641143422 0.9960628859604805 1.0145219381849546 1.0263762119760418 0.08566858440832331
0.9567539414239389 0.9663440819607656 0.010622167615565692 0.03145081023188353 0.19957610473195225 0.005438400965151314 1.0440816935587334 1.080934750039321 1.0563356709774299 1.0427968556356493 0.9861469766512174 1.0443305036814945 1.1801876196130956 0.9546614378734866 1.0200626694152362 1.1246286441990014 1.095798486942621 1.0427970220365352 0.9450666211328873 0.9625913278334709 0.9736937676046942 0.08652907081131776
0.9096644963319797 0.8807873198117967 0.004589877637074907 0.04105724064147227 0.07594118377148154 0.007602822684091038 1.099298725410441 1.1387233634382925 1.113167013516009 1.0988721088756173 1.038833136489483 1.0986153776423218 1.2413532137927685 0.9971849240192912 1.0662595038896028 1.1794687818081273 1.1492252171521227 1.099009529876625 0.9960627851592625 1.0145218368206959 1.0263761094581179 0.08566858267443735
0.9234561227277096 0.9033420933932803 0.0061053511679909096 0.03851835254886265 0.10488262766022705 0.006676017449737412 1.0824699104497697 1.1209552502886568 1.095750886359863 1.081778525576651 1.0228516263110223 1.0820857819535687 1.222784954084891 0.9843485545886659 1.0523700233260531 1.1627913463797193 1.1330859313867991 1.0818836588310414 0.9805085946352438 0.9987208644542883 1.0102619213014392 0.08549119059409176
0.9096644323363356 0.8807872033334952 0.004589844083515309 0.04105727933205822 0.0759404838397677 0.007602846798842743 1.0992988049835366 1.1387234452865784 1.1131670940542757 1.0988721897613096 1.0388332119110586 1.0986154550853002 1.241353301742798 0.997184983911245 1.0662595697287753 1.179468859300458 1.149225293064588 1.099009610780023 0.9960628584624027 1.0145219104554335 1.0263761839183012 0.08566858399793734
0.90966953870659 0.8807963349932811 0.004591758840132319 0.04105495723367602 0.07598103677961558 0.007601555833786368 1.099292495754842 1.1387168504955856 1.1131606072783629 1.098865768930943 1.0388271933878828 1.0986092292719019 1.241346331723548 0.9971803110834909 1.0662543174895582 1.1794626216816833 1.1492192192294284 1.0990031981354211 0.9960570449207387 1.0145160046487296 1.0263701981496551 0.0856684573947446
0.9096644172531849 0.8807871789107685 0.004589811065616995 0.04105731342725803 0.07593978278397101 0.007602868984870631 1.0992988236169963 1.138723464428078 1.1131671128257592 1.0988722086084506 1.0388332295535074 1.0986154730524393 1.2413533235293075 0.9971849931754526 1.066259583539672 1.1794688796315766 1.149225311458566 1.0990096295402256 0.9960628754450631 1.0145219274802078 1.0263762011195512 0.08566858409975621
0.9096644433411548 0.8807872149687027 0.004589843136489181 0.04105727942562421 0.07594046262190675 0.007602847442282111 1.0992987912302894 1.1387234310486984 1.1131670798183462 1.098872176189028 1.038833199570473 1.0986154418573568 1.241353287301508 0.997184974019818 1.066259558969943 1.179468845938699 1.1492252800244078 1.0990095967758138 0.9960628457059114 1.0145218977677326 1.0263761710299535 0.08566858362056048
0.9096644156887994 0.8807871658511746 0.004589816531511679 0.04105730831397482 0.07593989608268548 0.00760286436512951 1.0992988256800107 1.1387234665699593 1.1131671152563802 1.0988722111942362 1.0388332315916349 1.0986154757602147 1.2413533243300605 0.9971850010396148 1.0662595871739413 1.1794688795431465 1.1492253128779502 1.0990096317360274 0.9960628775740104 1.0145219292354286 1.0263762029609105 0.08566858434377266
0.9096649886732784 0.8807881771534033 0.0045901014587038545 0.0410569775803933 0.07594588261654772 0.007602665033660322 1.0992981140940918 1.1387227274598954 1.113166388744654 1.0988714886305113 1.0388325576175894 1.0986147759112572 1.241352541266374 0.9971844877620077 1.0662590029486654 1.1794681771640303 1.1492246300443891 1.0990089092193902 0.9960622226795196 1.0145212670294754 1.0263755322592973 0.08566857147655929
0.909725862580742 0.880881318938535 0.00515145244346813 0.0404884692331586 0.08871871128408654 0.007596154437326687 1.0992238682920779 1.1386451340537667 1.1130902750560743 1.0987965223634995 1.0387620643747049 1.0985417285030556 1.241270795283364 0.9971223040592885 1.0661909703949712 1.1793882282107906 1.1491410923351122 1.0989362267905047 0.9959979537287578 1.014454401447115 1.0263086265506123 0.08565845973285441
0.9096643959842219 0.8807871192692205 0.004589846481506338 0.04105727934589498 0.07594051943106608 0.007602839275719628 1.09929885036847 1.138723492563608 1.1131671411465003 1.0988722364926822 1.0388332540614011 1.0986155001327544 1.2413533528692409 0.9971850104756725 1.0662596031151257 1.1794689098999458 1.1492253344026673 1.09900965601234 0.9960629006053653 1.0145219500559879 1.0263762249164574 0.0856685856105166
0.9112721426478614 0.8827579676254841 0.004179212770151053 0.041371844112417455 0.06824239742929057 0.008055399259339232 1.0973003210418246 1.1366099586735812 1.1111192977081772 1.0968810421275348 1.0369792193933434 1.0967052504559005 1.2390548211362276 0.9959798816801855 1.0647595643636178 1.1773370810449597 1.1473213237274946 1.0970016417032686 0.9942336607749098 1.0126658268131845 1.0244766694248668 0.08562480318201243
0.9096644163472504 0.880787179929575 0.00458981109431917 0.04105731350779966 0.07593978338364152 0.007602868953838175 1.0992988247114415 1.1387234655519887 1.1131671138178656 1.0988722095761836 1.0388332303447283 1.098615473944567 1.241353325502508 0.9971849948358935 1.0662595847236684 1.1794688803161326 1.1492253125163234 1.099009630699434 0.9960628765047492 1.0145219285491622 1.026376202209009 0.08566858413418035
0.9096644050477212 0.8807871446204014 0.004589827798021993 0.04105729755367221 0.0759401306269274 0.007602854909219608 1.0992988388779852 1.138723480506745 1.113167128973767 1.0988722245814353 1.0388332435838914 1.098615488620005 1.2413533408606634 0.9971850037921755 1.0662595954449623 1.1794688964166817 1.1492253248877051 1.099009644734524 0.9960628897382011 1.0145219406753396 1.0263762149053341 0.08566858486222194
0.9096644328633096 0.8807871833375576 0.004589846874882998 0.04105727670790853 0.07594052643781046 0.007602839141075262 1.099298805813206 1.1387234452759227 1.11316709473308 1.0988721911222323 1.038833211481392 1.0986154561945578 1.241353299906274 0.9971849856299891 1.0662595703382123 1.1794688605789154 1.1492252914785372 1.0990096112026042 0.9960628599129002 1.0145219085672073 1.0263761828037656 0.08566858471964439
0.9096644140785259 0.8807871716720925 0.004589811048340065 0.041057313741236084 0.07593978241898366 0.00760286896473324 1.0992988274535065 1.1387234683358334 1.1131671167948578 1.0988722126065327 1.0388332333813592 1.0986154769825918 1.241353327202923 0.9971849964254186 1.0662595871502198 1.179468883331301 1.149225315141301 1.0990096334886665 0.9960628790243092 1.0145219311260703 1.0263762048317804 0.08566858419421805
0.9619261213017226 0.9801024677058182 0.004242010502934174 0.03748342875000169 0.07349018355558519 0.012096581358613778 1.0385773984899993 1.0749744348145849 1.0502323354322365 1.0369116171092858 0.9805695943221138 1.0386919495712437 1.1743302343833815 0.9499125845560675 1.015352177075929 1.1192797975788042 1.0903155192707434 1.0368254112594266 0.9399361363564395 0.9573339266602887 0.9681084932400857 0.0855626855967023
0.9096644297495287 0.8807872054553018 0.0045898126950885704 0.04105731105451752 0.0759398162343146 0.0076028676853736234 1.0992988085671613 1.1387234486959448 1.1131670971635985 1.0988721929919978 1.03883321450846 1.0986154578066734 1.2413533044597287 0.9971849864776042 1.0662595727674378 1.179468863016503 1.1492252968852048 1.0990096144038102 0.9960628617291429 1.0145219134018466 1.0263761868899297 0.08566858390668393
0.9096654836655858 0.880789047370991 0.004590298373786199 0.041056741162390595 0.07595004197238689 0.0076025302371496096 1.099297499983041 1.138722090153323 1.1131657622210371 1.0988708653869077 1.0388319758953377 1.0986141723368334 1.2413518651547848 0.9971840300928927 1.06625849313427 1.1794675734656381 1.1492240417823538 1.099008285463237 0.996061657090951 1.0145206954115435 1.0263749532379849 0.08566855946603645
0.9096644154690741 0.8807871574699446 0.004589846692597652 0.04105727792366352 0.07594052325092779 0.007602839211265871 1.0992988268272097 1.1387234677844043 1.1131671165663435 1.0988722122848746 1.0388332311408146 1.0986154765844904 1.2413533246059294 0.9971849970994845 1.0662595851464252 1.1794688846882901 1.1492253117735618 1.099009632326055 0.9960628790795298 1.0145219281272682 1.0263762026659997 0.08566858516000918
0.9096659746777859 0.8807899491235923 0.004590266477959224 0.0410567341762165 0.0759493388408636 0.00760255207389985 1.0992968959702232 1.13872145011618 1.1131651326855057 1.0988702493825917 1.0388313935852107 1.098613574593343 1.2413511963339225 0.9971835878407329 1.066257990239829 1.1794669743880812 1.1492234589386825 1.0990076707931153 0.9960610997953062 1.0145201232369225 1.0263743723854117 0.08566854531729645
0.9192302262918194 0.8969515690566905 0.007907695035663041 0.0369857428856731 0.1418997751799229 0.005742567927203394 1.0876083881137941 1.1264235731230445 1.101092647063955 1.08697890191261 1.0276652314445966 1.0870943874622585 1.2282228801960307 0.9889692169362475 1.056688770233775 1.1676965612333348 1.1379270092188452 1.0871137466152436 0.9852675060478986 1.003537891799522 1.0152079442842523 0.08620960357061003
0.9312339178434331 0.9146363118535955 0.0070576568248712996 0.03692026110605062 0.12399836807228092 0.006243647176793192 1.0732416075748525 1.111291512211104 1.0862922950452143 1.0724658845843125 1.0140878848294905 1.0731115864101148 1.2124909212903177 0.9775410521063642 1.0446779807149518 1.1534891288577132 1.1240925224517702 1.0724763528997905 0.9719839758455744 0.9900191010572812 1.0014835193658642 0.08557863243146827
0.909664417119911 0.8807871805192895 0.0045898110177225275 0.04105731356813187 0.07593978170565838 0.007602869004936484 1.0992988237775605 1.1387234644550954 1.1131671127932297 1.09887220866287 1.0388332295348637 1.0986154730821474 1.2413533242081654 0.9971849947541688 1.0662595842683342 1.1794688794590908 1.1492253116641915 1.099009629783436 0.9960628756564973 1.0145219277002286 1.026376201374278 0.08566858411121707
0.9121989439619563 0.885245652180257 0.004446030088987616 0.0410047768921636 0.07293108506559538 0.007733979796463078 1.0961794421544162 1.1354524780443114 1.1099469259246078 1.095707938221263 1.0358539014730994 1.095551271471647 1.2378705648585244 0.9948621254384389 1.0636615637680016 1.1764021633759547 1.146237917973571 1.095836307871813 0.9931836565422344 1.0115907763639191 1.023399907473301 0.0855962399051031
0.9096644172659439 0.8807871636209383 0.00458981218679418 0.04105731241596225 0.07593980594639853 0.007602868030082061 1.0992988236368315 1.1387234655393745 1.1131671139005461 1.0988722094982162 1.0388332299548515 1.098615474250375 1.2413533218678008 0.9971849958192827 1.0662595840535136 1.1794688793820187 1.1492253114418736 1.099009629605273 0.9960628755280388 1.0145219274859387 1.0263762011944908 0.08566858414058799
0.9096644123683317 0.8807871718680945 0.004589811032844633 0.041057313925108 0.07593978208919012 0.007602868950320659 1.099298829520162 1.1387234704497025 1.113167118639743 1.0988722145351342 1.0388332350603504 1.098615478786045 1.2413533301938706 0.997184999650043 1.0662595892077942 1.1794688849452306 1.1492253170815816 1.0990096356347976 0.996062880976365 1.0145219331061708 1.0263762068318512 0.08566858425806657
0.9096644164744515 0.8807871611741998 0.004589845420333651 0.04105727911829575 0.07594049678094729 0.007602840270243304 1.09929882557652 1.1387234662003953 1.1131671150070384 1.0988722109064888 1.038833230162948 1.0986154752126787 1.2413533269809616 0.9971849915132671 1.0662595825243164 1.179468885317233 1.1492253109461732 1.0990096310691981 0.9960628779366505 1.014521927033217 1.0263762016171838 0.08566858497913155
0.9096659682653275 0.8807898782900835 0.004590132578334684 0.04105687007897189 0.075946505114024 0.007602640955992286 1.099296897548035 1.138721457701369 1.1131651429957523 1.098870258390374 1.0388314055090777 1.098613586561208 1.2413511997464477 0.9971836206799821 1.0662580085179945 1.179466974154604 1.1492234678071538 1.099007675429689 0.9960611039067817 1.0145201298393633 1.026374379389149 0.08566854468969175
0.909670405981064 0.8807978208335145 0.004593687366572498 0.041052953932037894 0.07602244184017237 0.0076002915679973795 1.0992914181272901 1.1387157553644862 1.1131595292139196 1.0988646766538932 1.0388261865557018 1.0986081706565334 1.2413451604138357 0.9971794252339774 1.0662533960585345 1.1794615618750754 1.1492181689471552 1.099002104807819 0.9960560546802231 1.0145150215954737 1.0263692066976715 0.0856684470784371
0.9096778395657671 0.8808103406545215 0.004603758382259156 0.04104227947529251 0.07623827722336644 0.0075936523701433676 1.0992821612067012 1.138706201642472 1.1131501514878694 1.098855296766846 1.038817488555375 1.0985992498669304 1.2413349809004333 0.9971728147957125 1.0662458355057474 1.1794523299913853 1.1492092070094937 1.0989927282590504 0.9960475547871287 1.0145064900574505 1.0263605793943458 0.085668330078067
0.9096652620571593 0.8807886659164422 0.004590266905583591 0.04105679013936877 0.0759493833460994 0.0076025524578070556 1.0992977759695086 1.138722375416335 1.1131660422530467 1.0988711443721906 1.0388322355281976 1.0986144420153956 1.241352167100118 0.9971842348399287 1.0662587205774288 1.1794678435570556 1.149224304264527 1.0990085656668778 0.9960619112991063 1.0145209516372042 1.0263752128245562 0.08566856533434385
0.9096664654483481 0.8807908000823678 0.004591170370999652 0.04105578887257133 0.07596858264465985 0.007601948120976696 1.0992962902052033 1.1387208269725848 1.1131645190627066 1.0988696328316852 1.0388308211492545 1.0986129761865395 1.241350529751419 0.997183105173422 1.0662574724400609 1.1794663735355133 1.1492228668556814 1.0990070552314513 0.9960605425813811 1.0145195644122509 1.0263738079386693 0.08566853854693823
0.9096645599871431 0.8807873552903858 0.0045898228504045804 0.04105729364424617 0.07594002245975763 0.007602859791952963 1.0992986514948275 1.1387232817543749 1.11316693626238 1.0988720371639786 1.038833068805362 1.0986153085924761 1.241353120122698 0.9971849047321574 1.066259460167183 1.1794686869771474 1.1492251444915382 1.0990094567103337 0.9960627188200302 1.014521766963859 1.0263760383956808 0.08566858065077933
0.9096644093562408 0.8807871565845445 0.004589811065107284 0.041057314044923854 0.07593978289884439 0.007602868927680039 1.099298833159582 1.1387234746656607 1.1131671229894824 1.0988722188093045 1.0388332390735904 1.0986154831452077 1.241353334798242 0.9971850011263762 1.0662595919168094 1.1794688886053137 1.1492253205348686 1.0990096392406687 0.9960628842480816 1.0145219364493099 1.026376210234224 0.0856685842886453
0.9096645473774564 0.8807873869557611 0.004589945937241112 0.04105716866383668 0.07594264315190717 0.00760277869739887 1.099298662931766 1.1387232986240454 1.1131669501588437 1.0988720461793857 1.0388330786379174 1.0986153160159196 1.2413531435209089 0.9971848832766133 1.066259455458743 1.1794687151959715 1.1492251561273183 1.099009466734564 0.9960627277033204 1.0145217792662227 1.0263760511075941 0.08566858155726746
0.9096644229914002 0.8807871919454052 0.004589811084497705 0.04105731305980797 0.07593978299356564 0.007602869021314218 1.0992988166622297 1.138723456765511 1.1131671053561993 1.0988722012709544 1.0388332226713588 1.0986154658600582 1.2413533160707098 0.997184988407532 1.066259578331361 1.179468872636942 1.149225304861061 1.0990096225145753 0.9960628690483745 1.014521921014943 1.0263761945427028 0.08566858393617954
0.9096682492646101 0.8807940098163658 0.004592133558335028 0.04105468156292807 0.07598912783799742 0.007601311009978799 1.0992940808796334 1.138718529741533 1.1131622583113334 1.0988673845377386 1.038828720987562 1.0986108224253301 1.2413481010251466 0.997181402806983 1.066255646422566 1.1794641986679508 1.1492207425273162 1.0990048091838223 0.996058505855701 1.0145175058048932 1.0263717225934619 0.0856684957949681
0.909679320546412 0.8808054587708832 0.004707404608270166 0.04093834151004768 0.07898845373206033 0.00779133525779962 1.0992794843167633 1.1387041992748892 1.113148118213182 1.0988533659430002 1.0388169706150097 1.0985974919405934 1.2413321172133152 0.9971712943721739 1.0662427238858614 1.179449177771858 1.1492046125100237 1.0989929671974004 0.9960486644956998 1.0145057916666407 1.0263599936661885 0.08564062736415455
0.9511983918725607 0.9583435765882422 0.010829676819472521 0.03165292959356561 0.19999408584639017 0.006898835220657179 1.0503887465871027 1.0873437979205083 1.0626009490728892 1.0489945437178907 0.9920078759795005 1.0503047077051622 1.1872583198858373 0.9587003401858523 1.0253789229343555 1.1308109098781935 1.101921849399406 1.049236133952508 0.9508962931016389 0.9685370270076856 0.9797026991543113 0.08635856064176421
0.9096644183715517 0.8807871833238061 0.004589811072327621 0.041057313385008135 0.07593978287708436 0.007602868978460885 1.099298822265208 1.138723463174458 1.1131671113813963 1.0988722070896235 1.0388332280426427 1.0986154715336092 1.24135332127057 0.9971849928292531 1.0662595828858148 1.179468878017572 1.1492253101845713 1.0990096282187571 0.9960628742324998 1.0145219262542065 1.02637619989895 0.08566858410837214
0.9096645183521146 0.8807873023969559 0.004589822187127122 0.0410572965616388 0.07594001026442004 0.0076028601688809825 1.0992987017874976 1.1387233354065165 1.1131669879894759 1.0988720872942876 1.0388331156641697 1.0986153566541896 1.2413531806528253 0.9971849277853924 1.066259494663867 1.1794687452739971 1.1492251932501893 1.0990095070954935 0.9960627646005665 1.0145218136258722 1.0263760858221362 0.08566858168044572
0.9096644186537747 0.8807871860519584 0.004589811040818279 0.04105731340951904 0.07593978218477095 0.007602868999243849 1.0992988219238982 1.1387234626574458 1.1131671109783663 1.0988722066205263 1.03883322753327 1.098615471030974 1.2413533217111798 0.9971849925280851 1.0662595825729355 1.1794688776869724 1.1492253098959604 1.099009627890685 0.9960628739384161 1.0145219259487062 1.0263761996019733 0.08566858409234691
0.9096644535966527 0.880787224608059 0.004589814020276431 0.04105730851292435 0.07593984276982736 0.007602866657937576 1.0992987797925382 1.1387234176513474 1.1131670676937055 1.0988721649073654 1.038833188624272 1.0986154311269005 1.2413532707360186 0.9971849731341094 1.0662595527257366 1.1794688304209116 1.1492252689453675 1.0990095855991378 0.9960628355983268 1.0145218866755632 1.0263761597451018 0.08566858324941434
0.9096644217598495 0.8807871886980339 0.004589811080386837 0.04105731311874063 0.07593978298571896 0.007602869008904649 1.0992988181703183 1.1387234586055186 1.113167107007119 1.0988722029490845 1.0388332241538047 1.0986154675228736 1.2413533178177534 0.9971849880823841 1.0662595794462117 1.1794688734652723 1.1492253062635258 1.099009624047553 0.9960628704531758 1.0145219224031599 1.0263761960019575 0.08566858397694617
0.9096674066265837 0.880790882199811 0.004591217590211676 0.04105573350218477 0.07596950232018462 0.0076017798133467835 1.0992952377874075 1.138719633958394 1.1131634127125347 1.0988686246859247 1.0388298623177634 1.0986120253421763 1.2413493022129114 0.9971827138627338 1.066256800531109 1.179465119629218 1.149221799478685 1.099006024635563 0.9960596380643485 1.0145185260024954 1.0263727721399794 0.08566852919756802
0.9097504641322173 0.8809170718553532 0.004497737265161712 0.041144585545380925 0.07427507658698823 0.007813406910205697 1.0991925194451215 1.1386110741647144 1.1130577961992014 1.0987659558046117 1.0387366437148595 1.0985138902598794 1.2412286050387413 0.9971336811959246 1.0661864797757823 1.1793490636964978 1.1491257000791166 1.0989051357897757 0.9959678426681392 1.0144247558719746 1.0262771111164184 0.08564925585070285
0.9096644138632678 0.8807871808590569 0.004589811111016587 0.041057313585383316 0.07593978389329403 0.007602868931997495 1.0992988277132714 1.138723468947258 1.1131671167909059 1.0988722123423649 1.0388332329043088 1.0986154764847118 1.2413533289926089 0.9971849928406995 1.0662595858563337 1.1794688857042608 1.1492253155424659 1.099009633679897 0.9960628792253797 1.01452193130409 1.0263762050906997 0.08566858418833463
0.9096698782702827 0.8807968456955022 0.004592658644192542 0.041054027287279325 0.07600040699457924 0.007600963495403588 1.099292052598182 1.1387164321074532 1.1131601967436835 1.0988653312131804 1.0388268066190938 1.098608851419685 1.241345869546824 0.9971799283186612 1.0662539823504897 1.1794622070519065 1.1492188062839546 1.0990027507017273 0.9960566382380945 1.0145156223544152 1.026369814489532 0.08566845498688051
0.9096644087270089 0.8807871604825032 0.004589811094972934 0.04105731401146073 0.07593978358135967 0.007602868904817753 1.0992988339211345 1.1387234753943958 1.1131671235910405 1.0988722192976041 1.038833239503748 1.0986154835060469 1.2413533362658675 0.9971850000783078 1.0662595918905347 1.1794688904920272 1.1492253213530805 1.0990096399843516 0.9960628849306712 1.0145219371337415 1.0263762109526144 0.08566858429736579
0.9096474016839502 0.88074134180185 0.0047734105286809545 0.040874399209104684 0.08026774916053492 0.00768028698000726 1.0993188420490196 1.138746889816505 1.1131898476380333 1.0988939438936873 1.0388545257097892 1.0986369684326027 1.2413778471238586 0.997196608011071 1.0662728914364814 1.1794928627800159 1.1492407560112439 1.0990319525761785 0.9960841894802068 1.0145421350773622 1.026397046377008 0.08564925702266439
0.909664417613006 0.8807871778411557 0.004589812055211026 0.041057312451000964 0.07593980331649067 0.007602868158935702 1.0992988232125194 1.1387234643353359 1.1131671126203477 1.0988722082824836 1.038833228940501 1.0986154727673836 1.2413533221123858 0.997184993533932 1.066259583442623 1.179468879332371 1.1492253110284016 1.0990096291485942 0.9960628751296636 1.0145219270678185 1.026376200757206 0.08566858414310868
0.909670788036289 0.8807938063769803 0.004702452798541672 0.04094386762996086 0.07856159807785719 0.007634537602243672 1.0992907211146752 1.1387153725305414 1.1131591792664854 1.0988643357186263 1.0388263967740377 1.098607897247556 1.2413440332314747 0.997179740794563 1.0662521984666002 1.1794598233565576 1.149215291315801 1.099002804842336 0.9960573109659828 1.0145152263579242 1.0263695738533831 0.0856565963514568
0.9096644021645918 0.8807871414976391 0.004589812000729877 0.041057313684044944 0.07593980239321299 0.00760286808473434 1.0992988418813276 1.1387234837784284 1.1131671320205876 1.098872227816446 1.0388332476844704 1.0986154919380409 1.2413533444028406 0.9971850094711053 1.0662595996360966 1.1794688968895108 1.149225328727249 1.0990096481135685 0.9960628923136815 1.0145219446059226 1.0263762184688077 0.08566858452299606
0.9096644079231843 0.8807871557065049 0.004589811007699729 0.04105731426114269 0.07593978165426732 0.007602868945397826 1.0992988348914914 1.1387234763355034 1.1131671246385493 1.098872220475137 1.0388332406663736 1.0986154847387564 1.2413533366285747 0.9971850037273716 1.066259593602041 1.179468890409087 1.149225322204726 1.0990096410500207 0.996062885874865 1.0145219381201747 1.0263762119083033 0.08566858433985489
0.9096644070391067 0.8807871549736798 0.00458981105518658 0.041057314246497716 0.07593978271412982 0.007602868914204847 1.099298835959826 1.1387234774404187 1.1131671257835865 1.098872221522758 1.0388332416891524 1.0986154857223804 1.2413533380703745 0.9971850028609153 1.0662595942317388 1.1794688914356546 1.1492253233022893 1.0990096421087514 0.9960628868488702 1.0145219390996152 1.026376212927159 0.08566858435781174
0.9096644099898432 0.8807871544712174 0.00458981106989885 0.0410573140073995 0.07593978296690708 0.007602868928077263 1.0992988323943083 1.1387234736211957 1.1131671221801955 1.0988722182012287 1.0388332386790842 1.0986154826377135 1.2413533342389442 0.9971850010329127 1.0662595915215443 1.1794688876043535 1.149225319736442 1.0990096384670436 0.9960628835350192 1.0145219357362245 1.0263762095017868 0.0856685842453803
0.9096667503788297 0.8807913069108426 0.004591887478617747 0.041055046553215895 0.07598389047430797 0.007601475789285235 1.0992959446185815 1.1387204620345532 1.113164159639797 1.0988692793670893 1.038830486836085 1.0986126319314347 1.2413501450565039 0.9971828127113129 1.0662571645976409 1.1794660231868117 1.149222517802923 1.0990067029671773 0.9960602244747628 1.0145192388373725 1.02637347875777 0.08566853529006743
0.9096644050905006 0.8807871475136928 0.0045898110300735895 0.041057314457617136 0.07593978216773747 0.0076028689048242976 1.0992988383153146 1.13872347989125 1.1131671282783995 1.0988722241438005 1.0388332442700001 1.0986154883728878 1.2413533405226627 0.9971850064359155 1.066259596843282 1.1794688939106301 1.149225325421883 1.0990096445301796 0.9960628890519325 1.0145219413346407 1.0263762151747338 0.08566858440340153
0.9096164766558975 0.8806954607093387 0.004673098437649478 0.04097737664929714 0.07795851185180991 0.007669705390198725 1.0993572196987356 1.1387866856469844 1.1132290775852016 1.0989322330015683 1.0388905840992493 1.0986738324877776 1.24141962582928 0.997227988017932 1.0663064524504289 1.179529579308221 1.149280163913765 1.0990706034859148 0.9961187454593737 1.0145775610639605 1.026432757743563 0.08565555548659132
0.9096644136154254 0.8807871681796319 0.004589811033706755 0.041057313793224734 0.07593978211977079 0.007602868975417481 1.099298828012614 1.1387234689542336 1.1131671174678446 1.0988722133264772 1.038833233999123 1.0986154777482613 1.2413533289446175 0.9971849978077528 1.0662595879919505 1.1794688834491835 1.1492253156356902 1.0990096340517903 0.996062879543999 1.0145219316509513 1.0263762053612764 0.0856685841841592
0.9096644154043476 0.8807871777729466 0.004589811954326892 0.04105731270109563 0.07593980123632638 0.007602868220071639 1.099298825880041 1.1387234667846144 1.113167115078873 1.0988722107823106 1.0388332312848796 1.098615475106557 1.241353326083347 0.9971849955651994 1.0662595857101846 1.179468881876717 1.1492253135973511 1.0990096318519105 0.9960628775654539 1.014521929573173 1.0263762032527848 0.08566858419515724
0.9504230996017814 0.9567737366707428 0.011343662363443169 0.031195855849157832 0.19974290006848827 0.004544164007400972 1.051246318729007 1.0882873366772126 1.0635257571121464 1.0498961065137136 0.992847017444083 1.0511802891453383 1.1883431746966429 0.9593292119618603 1.0259842327204893 1.1318254733566888 1.1027435987726095 1.0500802757229808 0.9516703018902151 0.9693219422715916 0.9805132242839433 0.08708434063027187
0.9096644114348336 0.8807871658613744 0.004589811049969124 0.04105731393713307 0.07593978250433157 0.0076028689453451 1.0992988306485132 1.138723471683158 1.1131671202304574 1.0988722159304756 1.0388332364835398 1.0986154802367758 1.2413533320965933 0.9971849993378612 1.0662595899533647 1.179468886612785 1.1492253181642267 1.0990096367314077 0.9960628819617376 1.0145219341257237 1.0263762078422398 0.08566858424146344
0.9096673365022854 0.8807922374825167 0.004593877914306134 0.04105300503710366 0.07602641589253926 0.0076001495158276745 1.0992952138796783 1.1387197166886347 1.1131634293356256 1.0988685418291337 1.0388298065484267 1.0986119181240215 1.2413493368508688 0.9971823033714133 1.0662565720516146 1.179465278642001 1.1492217904499202 1.099005964903022 0.9960595582741262 1.014518574257524 1.0263728097281946 0.08566853575547788
0.9096644108797646 0.8807871678231456 0.004589811067955729 0.041057313838913444 0.0759397830123304 0.00760286894852437 1.0992988313185708 1.1387234726336826 1.1131671208467515 1.0988722164517786 1.0388332368377273 1.0986154806587811 1.241353332864171 0.9971849977725485 1.0662595898408742 1.1794688869727468 1.149225318887396 1.099009637312325 0.996062882504324 1.014521934667704 1.0263762084333485 0.08566858427146039
