9.999999550686796 0.01182872944872881 0.1923902879075069 0.07188651216788969 0.003949969353778218 3.5391289342528984 3.495217394206078 3.4977081638608687 3.569819045863459 3.532494691412187 3.584404567465053 3.4775531330856895 3.659007040865748 3.5903072475908098 3.49987955966378 3.593821499351301 3.5140839735320455 3.52436144061888 3.468830585550486 3.483299488891193 3.458167645906457 3.5088498799144197 3.5094850547755287 3.7114914207398764 3.504867149411652 3.725784290195612
9.999999973878278 0.013560201970722437 0.1960372268111032 0.08529971482206261 0.0010977622761009147 3.501815291110681 3.428885641658994 3.430940512907008 3.5696504349410527 3.485445536914867 3.5806536598404892 3.3774491362992523 3.7329652313457258 3.6005162184301174 3.4232485899498215 3.6096836526334823 3.449301113004701 3.473024983490027 3.364713704535162 3.393146389380617 3.342846407346493 3.4365487962084056 3.443815315771381 3.841231133945079 3.4347697170961293 3.822016180288776
9.99999998762141 0.011488997514296152 0.1945126089868991 0.06452748712187527 0.00351983761639004 3.52767739104113 3.511392684422096 3.506823635514879 3.540043898261075 3.522352462940501 3.5480622445614407 3.4985468256948082 3.5803323014588537 3.549387355638983 3.509500224075876 3.5515059315832946 3.51598802613403 3.5205200967073527 3.4973459841709804 3.5012577528690234 3.4925725783956025 3.5130465270254714 3.5138533582440656 3.6000545021247685 3.5123679230603577 3.7288565313687743
9.999999999998842 0.01595109336092865 0.16755291998200778 0.10645472958859625 0.0007565794105340592 2.987208141120979 2.804257870279352 2.9539327113886946 3.1678667972718055 2.957999223726369 3.1905231411514396 2.6842144485653745 3.5772027379613505 3.2351685867664948 2.789832750477495 3.257886539930184 2.861594651168116 2.913936263319525 2.642774730553124 2.7137289390717463 2.5876537699842057 2.8390111568867966 2.842304164372913 3.8225408479772547 2.8185615463895752 3.9112119214114274
9.999999993389329 0.01213245477434123 0.19625066203130825 0.06569933188465286 0.00159716230463556 3.5197233878232885 3.519363939800156 3.512995004190609 3.522868416429021 3.519327685629251 3.5220550490361076 3.5153393951069845 3.531141947106916 3.5228313961248476 3.518071140312362 3.5232013875037373 3.5181383197557876 3.5186708262058244 3.515061895058773 3.516404063511531 3.515470982580127 3.5178341754677893 3.5178319344856783 3.520655378960998 3.51282978280558 3.746388759539901
9.999999999997657 0.014595552804717242 0.1915071617103462 0.09584629110337922 1.6445020855184856e-07 3.5881466362875063 3.5426097299459216 3.5431309583485686 3.6290112799913814 3.576536090242279 3.6370048143223084 3.509727461017292 3.7336928458179868 3.649601695255768 3.5392879390753804 3.655268627679325 3.5573488661663957 3.5703105323403794 3.502824804788854 3.520636713215488 3.4894027669955374 3.551651955738307 3.5521212326021425 3.7967802361915113 3.5465153940432423 3.7337143317796486
9.999999968265962 0.012298883195808859 0.1996480693925689 0.06622138881167058 0.001425024977944063 3.466361260227516 3.4632172595891375 3.457743138440897 3.472687992653331 3.4643289378578372 3.473810255584583 3.4529205801684597 3.4907418858794212 3.476583255587003 3.4581379389554696 3.477608088667302 3.4611132491383505 3.46324252121317 3.4522128127822294 3.4550121207230484 3.449757902683213 3.46001133493839 3.460333154699057 3.50470044863468 3.4593812413223124 3.82215954957837
9.999998373950907 0.013677031272199368 0.19625837745496744 0.08247415591987738 1.5249313290337584e-05 3.520053881116201 3.475130983468157 3.475413496179444 3.5596203448557335 3.5110233814045593 3.568069472304268 3.4472321137790414 3.6593209026885627 3.5788153192337218 3.473481529629377 3.5842767972477256 3.4904532869646583 3.4957304559672595 3.438336407904255 3.4553467151386603 3.4255113177882137 3.485063167250093 3.4855318051706385 3.72221178786182 3.4802200202546816 3.7988685232353756
9.999999992027346 0.015382974640563329 0.16688757280724245 0.1004118790952219 0.0011334007282871026 2.9886363599591665 2.8311106903155 2.999696605114277 3.1384486281595425 2.9609476480898222 3.16256253755418 2.728935056497901 3.4925144098134506 3.1997186184473096 2.821303613636023 3.2219582317946527 2.881793717740769 2.9266802681134947 2.696106613003179 2.756896484399168 2.6492464405429734 2.8630979767860527 2.864844134865254 3.695468619986684 2.8457428145704107 3.868371557777711
9.999999706496485 0.012805205946893952 0.19967694988164417 0.07755475068865378 0.0016778361705367055 3.4748359381231255 3.462362295353606 3.475538148277829 3.467051092060003 3.4706693743259223 3.4720347060754038 3.473656165763931 3.4713389880351957 3.4715856843554125 3.475229948392556 3.4809138278312437 3.474916751502013 3.4744665224642697 3.4765454986713573 3.4764696725319872 3.480280754401947 3.477444056636328 3.47526828266694 3.46079309710137 3.476715623245324 3.8305957437586886
9.99994763177704 0.013130879312895754 0.18889502850258277 0.07548515508354053 0.0012067642456159871 3.3307903839020168 3.3271838949262467 3.3193027567297735 3.338773002851469 3.3331943645529107 3.338665815372424 3.3267315518298117 3.354678481483028 3.3390037275010798 3.3279863515738572 3.33954016423469 3.328193530288143 3.329363172360929 3.322995068696206 3.3256274521371165 3.310935170106236 3.327853947048628 3.3277157218760376 3.317669021967814 3.3275975023389464 3.7693904960995264
9.999999998952516 0.013475532724205224 0.19809541164365058 0.08214194973944144 2.8908775987035915e-07 3.535976144797957 3.5558674173999254 3.548047220789344 3.4963480478330085 3.528636054362408 3.4938921141868713 3.568956925101725 3.4372494218889873 3.4875427405725516 3.5538410499459197 3.4839980283796588 3.543370984427333 3.539256624125022 3.571137952512588 3.5661392082772907 3.584812454822203 3.5473127020767636 3.546515880089444 3.39373376003102 3.549847871010526 3.8557088206261607
9.999938630391291 0.013870826423758163 0.17656369271411887 0.08100269193412088 0.00046318541991065244 3.168392812195497 3.171556504516424 3.18122821291864 3.177368075041875 3.165716845877627 3.154818115334028 3.1684468295979764 3.2004427216725437 3.173258440959754 3.1639911011756996 3.1697406512038726 3.1637625418665345 3.1638299499545868 3.169376826186837 3.16773810701122 3.1674528996931377 3.1704724779661646 3.1711690275657105 3.1505412064583758 3.1726068159950485 3.737023877096797
9.999999285345883 0.013053184085132839 0.1992801251421163 0.07490374439934336 0.0006271542874540946 3.48307695440952 3.467119024675112 3.4712967272284914 3.5025468363893664 3.483113240743442 3.502450526573385 3.4597219935676913 3.53528388982553 3.5044331837796276 3.4668060542066623 3.505908742671035 3.4723249991904654 3.476696236749922 3.4533785488398006 3.4595620888903365 3.4488267299828435 3.4702945701155765 3.4704722090845173 3.555012933664607 3.468605882459329 3.825325270288011
9.999999982310216 0.013248860426648907 0.19362663718440382 0.07974130212206887 0.001358889974084641 3.3907399206583184 3.3706080714075766 3.374367378717065 3.4149151262843676 3.3892467145250063 3.4151045725812494 3.3576471170728603 3.4608162726204887 3.4193422378103797 3.368091896111577 3.4219763593465844 3.376042698386925 3.3821247052693346 3.350572420499613 3.358831038053223 3.344171424260442 3.3734304137132662 3.3736963813924032 3.489734925792767 3.371116459725122 3.802642504355127
9.999999934892461 0.01250257706996254 0.1936654763658922 0.07122689374913092 0.0014613260054572668 3.55290305394473 3.5433114465276203 3.545678895188584 3.5644207353826576 3.5514177129042843 3.5648240415887273 3.536651045758329 3.5880430969026103 3.566810056646069 3.5421607070759475 3.5680371784222173 3.546172468185098 3.5488157004769922 3.533788860316052 3.5378075263975126 3.530942168267894 3.544726434734118 3.5448332597051198 3.5969068583145396 3.5436220245416052 3.71079008475829
9.999999997213598 0.013249736169664843 0.19199634586485795 0.0855675098240195 0.0017134328692985747 3.5907788750016985 3.6053769002786336 3.607492324941553 3.5799622919121026 3.59587198259119 3.579289517914758 3.6164470929072206 3.5447000169080263 3.5718696900411513 3.6069035520742374 3.569230519699895 3.600787436880238 3.59622360721231 3.617747402826579 3.6065045269258484 3.6222647113186492 3.602163491582523 3.6019596226081427 3.524618619339337 3.603895708686092 3.7005803605002914
9.999963765824127 0.013930028895377932 0.17248830735557374 0.08248444544568026 0.000613169412814997 3.1231912856575565 3.118952373627087 3.1206731436161306 3.1263418672870054 3.1234523396662266 3.127128380651364 3.1179243046175653 3.1293086917330286 3.1271755654653823 3.1189548564510137 3.1273649374494252 3.120252954799815 3.121309941488144 3.1161338586300342 3.1174131329152335 3.1150145227714714 3.119797246284973 3.11985404675644 3.1521770004887615 3.1193971958016085 3.7385938420233162
9.999999920922566 0.016058439586671032 0.18889754120046726 0.12305994145507403 0.001583111696103372 3.3689145569780536 3.3717972510309573 3.360911410843232 3.362909188773557 3.3719212539838024 3.376056567133612 3.3729348468296316 3.3707994920726234 3.393763932975003 3.373869634779567 3.370167768382389 3.370952261420773 3.3692340238499434 3.362899455376831 3.363648413431748 3.3658552826526447 3.3661297536513928 3.372832987343851 3.3665565305003584 3.3667678606321454 3.817396336205486
9.999999999254937 0.012399005592211755 0.19871699245399083 0.06450506118352921 0.0007246064707444955 3.4556547872706402 3.443384976878274 3.4666636353518 3.4595101024353134 3.453500522354967 3.4662082295939713 3.4435896922116536 3.4780464535031483 3.4658296763651637 3.4486020329631355 3.46607993540946 3.4511663375170434 3.4528698822606865 3.4416441012139973 3.4448787887267613 3.4398729954601475 3.4498621491168864 3.4498666470465444 3.489048510140366 3.4490125969253373 3.813626647851919
9.99999999221993 0.013798623894345259 0.19614227650430183 0.08148524150055243 8.032604444048848e-05 3.518587789750814 3.4716520352111653 3.4728113398261597 3.561906934287937 3.5082954657356233 3.570385843925397 3.439481362201922 3.6668335477340817 3.581724770941763 3.4686413222722394 3.5845791042810786 3.4840904356927145 3.5001290483741996 3.4311421977995984 3.4491874961425295 3.4170504615414 3.4810382955009334 3.477140443117494 3.7373892011341843 3.4759303108219806 3.798581182152033
9.999999998584402 0.013507275850565452 0.19645421639904667 0.07233623116835118 0.000174557864559541 3.469170462404663 3.4742991176119715 3.474446557360852 3.4650363953228984 3.47013915588743 3.463688713061617 3.477092405380665 3.4538934043991474 3.462713068259988 3.4741950195017575 3.4621671156099327 3.4723785797396407 3.4710548403115182 3.478128849333695 3.4762380672894255 3.4794829147099873 3.4729928707690036 3.472947198355504 3.4473431867335993 3.4735241777594705 3.788438233733993
9.999999370021524 0.01114147910347959 0.19649776168350735 0.06814099489849343 0.005578271873764739 3.467543834695914 3.4218974741233588 3.4415963541931465 3.502981827274045 3.462941553822137 3.5089724207787496 3.410914204381492 3.592611690258426 3.5132876301947777 3.4374295724489032 3.5142451661976373 3.450908146160809 3.4570593642576006 3.413307340463084 3.423388355152152 3.403711848264928 3.445727435262861 3.443110780827147 3.5900298666557204 3.443587382676214 3.7949924059146665
9.999999999412754 0.014023034154317772 0.19441617995585775 0.08832704449058515 4.5997715130133584e-07 3.561045080788962 3.5521737008183174 3.543705655196194 3.570936211060756 3.5582710832989632 3.573827280557842 3.542073191066197 3.595260091568225 3.577539490446449 3.5506933478261478 3.5771723845184242 3.5547255843739896 3.557655257285709 3.5432816514377974 3.5470254405943735 3.5394088849238887 3.554123295739547 3.5542614336733056 3.606190659567857 3.5529992879711854 3.7440684143737832
9.99999996638614 0.01249933355244754 0.19158758746346696 0.06808522316502824 0.0007849094523522632 3.5801832175955224 3.5654625878358277 3.567117827888676 3.5918217691398704 3.576569731854441 3.594264552463088 3.5569375166418498 3.6230622658274556 3.59787695641879 3.56589007637055 3.5996592168531403 3.5711140899848868 3.574483236233718 3.5550989160934154 3.5606091713362695 3.5520032482684636 3.5695229068816863 3.5705976923772753 3.6388932494284196 3.56801289811345 3.6842914773265787
9.999999999793175 0.014970300179505396 0.19769023337196295 0.09339240163602446 0.0015608069077129218 3.5013435073196137 3.4616087766793293 3.4621274415336254 3.534426967697286 3.4940367253951488 3.5430142189588185 3.4398053510946576 3.61782972956201 3.5510556144074177 3.462228941521727 3.5553787845791542 3.4763971383337546 3.48673739876129 3.4318658854554034 3.4465547394869565 3.4213551357124445 3.471716836694647 3.4721058130963316 3.6720246602270614 3.4676026300088667 3.8412309388358445
9.999999996437545 0.01345784098388762 0.17975931374197884 0.08205431001030487 0.0014456863270229377 3.216660837299825 3.2157446366510616 3.215860087570393 3.2166373538861954 3.2164831765015145 3.217423632117896 3.2156007069093406 3.2021552480305755 3.2174409095907137 3.2159086096571214 3.2170555481661958 3.2161275825762154 3.216333884934835 3.2153603791840375 3.2156725684955374 3.21522709816967 3.216047341519163 3.216051915160928 3.245316925678321 3.215971872831049 3.7400283059505735
9.999999764859195 0.011649616692539593 0.18879191878062276 0.06409923878940482 0.0024384321709749876 3.612783993210749 3.618398746009704 3.6187693018727978 3.6050211029223997 3.611576062784774 3.6060094496698847 3.6193709369108196 3.5949545488235803 3.6048022485830225 3.6178340798048554 3.6055368422367002 3.61588063148459 3.6144949291922033 3.622935204292577 3.620451379538955 3.624463981656605 3.616653543783318 3.616496829254462 3.5861693375675308 3.6175123274660432 3.6385970938429857
9.999812177141772 0.013073762070474948 0.1998546772999214 0.08117488494060142 0.0029043039414006627 3.4652872312922796 3.4648743380996 3.4773032479298442 3.4527094472798323 3.4585908077556162 3.465606842590134 3.4559416296842422 3.4565744234491667 3.4595448275828247 3.4668646471550173 3.458546743580005 3.466121123766836 3.4644413648103356 3.4656992696383795 3.468894640949635 3.472321072309859 3.4659917963238502 3.470270315947605 3.4303151805407004 3.4662896747157967 3.842975225087354
9.999999860920056 0.010642240849846343 0.19549780493946275 0.05625534274288506 0.0049681009103178485 3.4514637250377844 3.3468833705948207 3.3434868020695414 3.5457625524371705 3.432221899137621 3.5605390825281575 3.285060579222817 3.7704318614851644 3.5860399865413966 3.345060426240892 3.5979655985612853 3.3840053446291103 3.4120014540707144 3.26333330393414 3.303216193302329 3.235533434608996 3.3711525227657546 3.372126856677108 3.9092012992185294 3.3602076703986232 3.8302264316167127
9.999999999875701 0.012891263133738094 0.19594401265998732 0.07249003875774765 0.00037749852860164844 3.470078339992246 3.3574693124579515 3.36266898028065 3.579354679068806 3.446905801291006 3.5928031722654135 3.277273817146744 3.8359029150681456 3.624414750822416 3.346792857876521 3.6387715007664774 3.391938711286642 3.4249051022370325 3.2554001781588027 3.2855363276284635 3.2207980495536774 3.377848520456942 3.3791194571364906 3.9956177428644315 3.364966566346636 3.8583674359450053
9.999999998624162 0.015159805979426464 0.199948090823507 0.08313159167809486 0.00021091069024673165 3.5770161177951936 3.5765664553775567 3.5765616073327235 3.5773806626288773 3.5769308644875943 3.577496992537168 3.576319014901155 3.578362327013385 3.5775836856003536 3.5765743194559563 3.577631881853092 3.5767340180098715 3.576850421345074 3.5762286091449873 3.576394776000188 3.576109534459908 3.576680046142698 3.5766840647582763 3.578934682317658 3.576633340531037 3.8115792393628287
9.999999999082315 0.01189678192266547 0.19619089194058886 0.0718991242089814 0.004021291458951205 3.496475715929814 3.450656494433099 3.4527697060025684 3.5347449719246065 3.4886172912297724 3.5468104106969296 3.4243051439823198 3.6331075537065547 3.5557441003604904 3.4506185813922574 3.5604372109545057 3.4669426821959104 3.4776207577376304 3.415046437194792 3.4319028947784562 3.400707800457551 3.460879162174817 3.462007395624915 3.7019464333073135 3.45674197423764 3.787168175007034
9.998378234573668 0.02299815431357397 0.15610506395089746 0.16995740593865755 0.008618748402043502 2.926610012914449 2.6932184309988 2.7159434008403 3.1849754043309138 2.894480128045467 3.185726470969953 2.5263851986154506 3.677341828066242 3.252154046810387 2.6587987824930583 3.284551432524133 2.5519885601087053 2.8283047525728113 2.469019997673681 2.5610796888714953 2.3930527226769045 2.7283583347643896 2.731638847012031 3.997711087173246 2.701597746395799 4.0846175661303
9.999999607767673 0.014045223098106158 0.1935914266929801 0.0845787983710213 1.1689010426592533e-05 3.559708415919908 3.5272151390053903 3.5247450743367095 3.5884790324547824 3.5540380970637533 3.5968207444509446 3.506971394252708 3.659189824783106 3.6029252339759714 3.5262676998019207 3.606158769698989 3.5383462660164082 3.5470432489759913 3.499259217180405 3.512361294489728 3.49080847079146 3.534023264398375 3.53275563819609 3.707497077541973 3.5307465066323265 3.7461141731804606
9.999999997562394 0.01236282300559752 0.18721802478870525 0.06428699920734589 0.00023537205809826 3.636777949585144 3.64399056746648 3.650602776699955 3.6256225082473916 3.6373557389395645 3.628715776559854 3.6508965292368805 3.6081935440240054 3.62497468868492 3.6464651367233287 3.623496244392198 3.642997812645217 3.640371289565562 3.653770066616796 3.650279033645424 3.656519083675529 3.6440996545062188 3.6439922989210887 3.594949268843358 3.645108853955067 3.633458096474671
9.999984128805785 0.012890339382939908 0.1948912222219636 0.08041185247271768 0.002432848833036433 3.526986174024233 3.4823280848329223 3.483203879091024 3.565426072259597 3.5183685214297564 3.5735869014228077 3.456478202938188 3.661086961210349 3.583666779860513 3.481851585362016 3.5887266289186357 3.498276402087252 3.5102753194294234 3.4477842677748476 3.464324120202359 3.4353396447058913 3.4906266225258467 3.493537521894322 3.722372141364192 3.4883781017009947 3.767051847004366
9.999999999981656 0.012681241456689796 0.19513201940627845 0.06555513369853767 0.0008488182947629607 3.430558703300715 3.430999633234477 3.431006229367134 3.430188758289502 3.4306422428334185 3.4300828814609288 3.4312515962643784 3.429223855993923 3.4299943865528624 3.4309990582479335 3.4299460999645652 3.4308396838140194 3.430723475951837 3.4313413743569896 3.4311766754341675 3.4314605895110892 3.4308929893183726 3.430888914448667 3.4286518456220323 3.4309394231537422 3.7785626818318985
9.999999928586728 0.014689916495860933 0.188213048530722 0.09783955692224702 0.0003742151105161414 3.3435817881746357 3.347092278810462 3.3309490266405297 3.3564969819230646 3.338149520423662 3.3424304366268314 3.3400276585149618 3.337466816694124 3.3453157879664466 3.348535121706888 3.3391637029708647 3.3462561623152087 3.3469050292902183 3.342243203026157 3.344383382265715 3.350532755201875 3.3384746776343013 3.345606848978318 3.329931533207075 3.3487154322033486 3.7807077238496793
9.9999999871843 0.013003684681057066 0.19888288029084814 0.07352397183556623 0.0005041335006670712 3.4606390139765475 3.4684847891226407 3.4481867900735876 3.4607658454361334 3.4603653809928434 3.4679064043003214 3.4550358228767157 3.473830297970771 3.4896533876526714 3.4573781833938444 3.4657892709822447 3.4580665928090317 3.458611916305743 3.4514444325457947 3.453981077173571 3.451523428772859 3.457014677164744 3.4569281258978424 3.4677941968308406 3.4565434147779177 3.829483568985466
9.999999999984249 0.013564586220927417 0.18413805498145894 0.08097267918992962 0.0009770293563689412 3.270132560034986 3.2244486186720493 3.226708074490403 3.3136695406695114 3.261663170156405 3.319816878631059 3.1919514894908882 3.319659654497679 3.3314812847592985 3.2207008263514467 3.337604016827795 3.2391951104196117 3.252058841343985 3.180450375163108 3.200070880548063 3.1653781567565367 3.233656449764635 3.2342271758910526 3.503217774754402 3.2286254267526875 3.779292244896062
9.999999493232087 0.022040242499515594 0.1410645715681809 0.1776823027355839 0.0003548759835746227 2.7703742023271456 2.660807748153837 2.6616680869173486 2.871683254875008 2.7526909318272366 2.8952229320938634 2.594610571442307 2.9626123050244706 2.915935782762522 2.6569855416521238 2.9270548639306346 2.698116800319808 2.728538349040501 2.570366569873655 2.611999916764945 2.5370224547000197 2.6850165720659 2.685406849522732 3.2699411056249246 2.6732489497981997 3.9442707647293958
9.999999664776428 0.013030599549595057 0.19661256647540604 0.07826257057979231 0.0012424934510294782 3.5169990245923475 3.4912388348172096 3.489091266543912 3.5357846071963417 3.5111261242552114 3.5430684572384754 3.47747896949144 3.5929604157299226 3.5482699620683458 3.492446960398386 3.5511160697334727 3.5011621947853686 3.5079957169534897 3.472652191986748 3.4823891214575857 3.466638086024839 3.498782075484982 3.4991029017623823 3.6203441614069933 3.4964860127876625 3.7807828653508304
9.999935619534462 0.013548658384287931 0.19728057396703988 0.08140749285639698 0.0001209475150882352 3.5174757551217017 3.5060941768204725 3.509582239917062 3.5323884278994417 3.5172721690519295 3.5322332261526648 3.499715576961244 3.557585333813262 3.533662557618361 3.505241851875725 3.5349717979668536 3.509415633630851 3.512667435576505 3.4951057282091234 3.499802916623641 3.491772710914507 3.50788154751579 3.5080123518827717 3.570310330201828 3.5066193127500886 3.7880637871770007
9.999999999999948 0.013745787658900551 0.1882587834102 0.08202420779258372 8.38495246770146e-06 3.3220952983434753 3.3141062476254413 3.312594726872715 3.3323207519506406 3.320459091487329 3.3313355994681535 3.3079051863067654 3.3094603712252124 3.3333288578012863 3.312823547468826 3.338894361666841 3.316236679883833 3.3187211925107394 3.306068580086098 3.3093728076084235 3.303448743614551 3.3152757918143103 3.315431826736921 3.399598344263812 3.3143904756165714 3.7794438828803667
9.999999996342815 0.013655048926447196 0.18878066960779363 0.08456978876794383 0.0009134790966547742 3.342517825874945 3.3366766877021914 3.339900556700467 3.3494263356667857 3.341132056858614 3.3485206778423655 3.333574874985617 3.359229981984627 3.349619304982322 3.3370024437524215 3.350212676493186 3.33900924197678 3.3404576608498306 3.332646212189531 3.3347454339284663 3.331161983031953 3.338323065562368 3.338369299133998 3.366434998553331 3.3377327801360197 3.7681520535828548
9.999999999996602 0.01281185633627089 0.19641634388995013 0.0693663434116 0.00029886900016453733 3.435227106087257 3.4333498234504276 3.4320636804997022 3.435878511848303 3.432091655799716 3.4381065238617046 3.4239898525597487 3.4437324332675505 3.438895036289436 3.432522503965448 3.4394166503462738 3.43348835991628 3.434235847252017 3.430428333358092 3.4314334900298444 3.4297104558946536 3.433172966725821 3.4331969807461418 3.446784489482549 3.4328816898691583 3.8017331171863185
9.999999998141137 0.013634417389065918 0.19604022359681594 0.08450337954245471 6.318500563743987e-05 3.507730390266118 3.443379421332241 3.445036070081989 3.567808547552816 3.4930645561102662 3.5774453310658996 3.3980139314128706 3.713895612450271 3.594746404352162 3.4385310943360565 3.602794595911716 3.46394593688246 3.4823861812190606 3.387016464210427 3.4120672095647757 3.367810771608336 3.4559843188415105 3.4566752193981705 3.8041877229721544 3.437943875843335 3.8173766982629593
9.999999999658709 0.01272332840568801 0.19635211713330017 0.07052718839260026 0.000859458163654206 3.5127315733485682 3.5135373635761287 3.517007333832472 3.509729121194346 3.5099393099381757 3.506397046887555 3.509750390806814 3.4903160771839628 3.5137540773109404 3.50937518126214 3.5038624288643287 3.510087857266641 3.5105134386051717 3.5117750849258376 3.5106179967903643 3.5103439021704737 3.51096507106509 3.511362121119863 3.5738375898726247 3.5112566007643866 3.7540792545343225
9.99999984303581 0.012966575357473083 0.19221707643618893 0.07575662741620662 0.000889553690249102 3.5335015657332884 3.4403207368489186 3.443258345976012 3.619670136773845 3.5143236244214937 3.634513941516384 3.3753492511483754 3.8298301624683453 3.6579553327122456 3.432947902623088 3.669274644731632 3.4689697918246876 3.497013071197464 3.3569705979445503 3.3937493924626367 3.3287355000888312 3.4582481360706026 3.45926315295935 3.970732826086181 3.447633330692752 3.7710444648382513
9.999999837016375 0.013130777782443296 0.1942840670728296 0.08049000386090396 0.0012266723054427157 3.56565788910811 3.5739322994935945 3.575024462770965 3.5561108300805575 3.568478296792655 3.55474252034207 3.584450174023467 3.5299178037190755 3.5512410368542775 3.5774045736466054 3.5498482711967076 3.573010794462076 3.5698568676488165 3.585634654375333 3.5815576443380888 3.5889405754809376 3.5742531047744635 3.5741274336645397 3.5170579735275544 3.5754633171263155 3.7234050093378626
9.999999999985222 0.013929272854363763 0.19662519807755338 0.08087328112281457 0.0008528505278377998 3.480063151464707 3.4885158770263702 3.4897856882202842 3.476786542734403 3.4815889093652714 3.4721752806722903 3.490577255499916 3.4583222574715093 3.4718664210329586 3.4863065377206017 3.471214300727297 3.4850243591284533 3.4829875367861347 3.4934010574810985 3.4901303414963003 3.4941780190440728 3.485987711623448 3.485918737012044 3.440692514353499 3.4868180070202333 3.7918587997497806
9.999999891090503 0.01385170253570895 0.19837406378423167 0.08465668613333065 4.529257874368528e-06 3.459654291280217 3.4408284524367527 3.4412285883999307 3.4723064362222766 3.5219685013848903 3.4809276074011635 3.4144472691491172 3.530120765553367 3.487457218038168 3.4360621148998396 3.489873410973212 3.445127912962691 3.451132492111804 3.421807312490746 3.4310785997817446 3.4146732450957025 3.4450453325181947 3.444037650630138 3.5467529361209977 3.442321497127192 3.8467271337656332
9.999999964517805 0.011959901480624658 0.1873679070238719 0.06193702775992764 0.0014376794418524967 3.598132625823957 3.530381414986042 3.5301292715754986 3.6590477967511568 3.584484309472925 3.670638203406554 3.487140239593507 3.809865215092453 3.6875210216556193 3.52754917660685 3.6956135025346786 3.5533455145086106 3.571968559460297 3.4733695900944914 3.4995614552958725 3.454151802140477 3.544020866496934 3.5454541949238925 3.9018512476165492 3.5373502961980114 3.6820406593304096
9.999999989596532 0.013650184571954127 0.19961166608920275 0.07255568755445979 0.00023421997461215406 3.518258962658365 3.525501006231248 3.5308930789760975 3.5228551705412916 3.51930573258455 3.5144961911626695 3.5180240568201393 3.5124645152585856 3.5170872355930394 3.5223764450993746 3.5166363721878007 3.521642822705409 3.520246817127317 3.5243144498816235 3.5223678939623926 3.5234360624081167 3.5222907683838858 3.522243273504637 3.475829421375307 3.5228491822223513 3.8073499054738664
9.999999448098919 0.014671098541705067 0.1730858693088147 0.0972462118416432 0.0027518719609324073 3.023939455284627 2.8143944786054598 2.976241608167234 3.2375437422378828 2.99216508840977 3.2587159709956808 2.6738054689176933 3.7035558556599413 3.3122426544182177 2.794605952988578 3.3389814911580404 2.877817748100567 2.939312620546482 2.6239418040193443 2.706182426222762 2.559374524073762 2.851791928752522 2.8542381684557063 3.9999524979947956 2.828007571257537 3.951313244474657
9.999999783867846 0.01401624007892197 0.19274766783368022 0.09827780463998441 0.0017743184121906117 3.607666694265842 3.6414031529330617 3.644508591606434 3.580654477756685 3.6143987449505315 3.570960315974848 3.660698168044549 3.5073815189652593 3.564594499943472 3.6411464308174546 3.561011500767443 3.6290175498342205 3.6202198122611344 3.6672993643846965 3.6547360227450754 3.6763053532092353 3.633125292624066 3.632828908516439 3.4631220679772965 3.6366671322829944 3.785803455772409
9.999999756343193 0.014476849419406423 0.16870019872347913 0.10136136435945489 0.003709675795885301 3.054182806361403 3.001107291415483 3.0006017988930296 3.088977539717998 3.0443552468999844 3.110387943241085 2.9700554263064713 3.2159492598937245 3.119791479258176 3.0002822477007145 3.127584386457102 3.019670491256757 3.0339445714495494 2.959076449217915 2.978928788723406 2.9443614574964987 3.0133897575295467 3.013921019802999 3.2872853222127816 3.0077693174316997 3.797825907913434
9.9999998933108 0.01196531917240422 0.18883773792786243 0.06290506016688803 0.0016313789173691747 3.583558608183606 3.5246296526848053 3.5227753486955304 3.63603689499217 3.5719245788312692 3.6472301395602362 3.48771279593303 3.7668457301860796 3.661022766790001 3.5226640373430387 3.667916422124076 3.544786743440309 3.5609131124029982 3.475780924567549 3.4983981742944206 3.459161352680377 3.5374900305665493 3.5380751594224704 3.8462181540350997 3.531075267025194 3.688477150651277
9.999999997897273 0.012963668373651049 0.19345862229370386 0.07353397612477879 0.00023801468550226245 3.567983375960957 3.5716613365820784 3.571505842149023 3.5614982782319413 3.566409223146755 3.5643503245045065 3.570994851978906 3.5626231639480093 3.5639410521839996 3.570395614205849 3.5657795101998473 3.5696873734741508 3.569236318756117 3.572997528610406 3.571822353160728 3.5700949517861438 3.56875466142664 3.5705055317054333 3.5510329694380487 3.5707688588223783 3.7049558581983377
9.99999991977661 0.012739225467552066 0.18999094874093164 0.07409301861212982 0.0014004570546241493 3.5787493110825177 3.5171235627558515 3.5170974641846415 3.6343314679054184 3.56598292089558 3.6448718499621733 3.4772434499721827 3.7704681817733072 3.6602295424799256 3.5144083613388406 3.6674617514455754 3.5379322311240724 3.5549407730508764 3.465070181130291 3.488989057932166 3.4464143148896316 3.5301930766419876 3.530777502660215 3.8561343088271443 3.523399113646618 3.707672309922421
9.999999951693466 0.013119619552004505 0.19427732678305892 0.0826644814413445 0.0016295320265323396 3.552970693238731 3.5352192724313576 3.5361173529262193 3.5658793847494983 3.547468433826238 3.5684797101590764 3.5253472567156736 3.604548515942518 3.574052129579525 3.5364495740939774 3.5747826759376378 3.5422057280578687 3.546391752284287 3.5234721985514277 3.530810709490383 3.5202511528047036 3.5396381520336 3.541337301663156 3.6172444195178155 3.539669986076026 3.7341500243152805
9.999934208153638 0.014406495031688315 0.19408305345455443 0.10169010028609221 0.002163067913518514 3.429108918400838 3.441210168583088 3.440652846455581 3.414220655692802 3.4317657049280257 3.4151656784608493 3.453028540199676 3.384724260332664 3.4104689893219557 3.44464306511354 3.408481913605544 3.438881571726384 3.4346420966677775 3.4551857223341997 3.449974436922349 3.4596760380637757 3.4404138223554908 3.4402233271635154 3.3633260635291173 3.4419820161519095 3.8219697697790647
9.99999991840965 0.013170053592501875 0.19467507733930295 0.07611067246772577 0.0002205863259406068 3.548406146110286 3.5366880625353234 3.5383458641381753 3.5608220649867435 3.5464357736396535 3.5623185095283203 3.528621123497877 3.5902124393615984 3.564973783567936 3.535462791586348 3.5664796108133188 3.540118186108298 3.543547588531179 3.5255844268912218 3.530355134588906 3.5221023633401187 3.5386327493541665 3.538763863677549 3.6015549550747217 3.5372978705687803 3.735954665094036
9.999884655044692 0.023950105442031945 0.15919938090346722 0.16259553272276742 0.000990028617274328 2.983499885565244 2.7967261650659583 2.8073809464507433 3.1749900419610144 2.952373896552077 3.028986294552558 2.668406730328963 3.581065958095112 3.237752909704513 2.7761297848375968 3.262344779295463 2.8519753689838763 2.9074029777178456 2.626956864459491 2.700066514329166 2.5688047633592466 2.8301802657960273 2.832530191792275 3.8389623210443955 2.809288617451588 3.976731492403841
9.999999798672055 0.012797098612518144 0.1936318656092166 0.08092566964300874 0.002168932977433347 3.569699262337443 3.583541490297684 3.5856611709857384 3.559017711242664 3.573906158372492 3.554432072453666 3.5943977885568494 3.5234355022194315 3.5507698285863656 3.584824920854075 3.549137834527845 3.5791760974560582 3.575178562839622 3.596031175999247 3.590513982167831 3.6001665375852814 3.580924641354309 3.580788081506995 3.5062246384493867 3.582521496581913 3.7179839290753214
9.999999904379957 0.01272095876417021 0.194699312993834 0.07030917679722863 0.0008839980499944017 3.5400226853893035 3.5276480912083157 3.526245630521552 3.549156210305852 3.5376212746875835 3.552253744337488 3.5218729848783954 3.57445925646566 3.55453447286303 3.5284496891666755 3.5560508888600477 3.5325575564449463 3.5355497634467286 3.5193409328124603 3.523813633830784 3.5164795565735494 3.5312716138463895 3.5313438846277854 3.5877247461937127 3.530028030761166 3.7319588828650856
9.999999989900754 0.01925751061265735 0.1950554179324916 0.16061225028545553 0.0014671438267259908 3.5275589341950937 3.5286295637831224 3.528621971491668 3.5265890789136685 3.5277637411185037 3.5263988195014946 3.5293047853817634 3.524277122028868 3.5261352471933067 3.5286718371739294 3.5260291959757417 3.5282669086825633 3.5279721480149817 3.5295230125827044 3.5291121698239913 3.5298291676859224 3.528398624714353 3.5283878483256323 3.522588261489733 3.528515426193737 3.906883541780287
9.999999999678579 0.013380737129866606 0.1953683178768653 0.07363044695461617 0.00021124821764026506 3.4423112838857994 3.4437250750463613 3.4437590848696122 3.4411602882147982 3.4425789448524506 3.4407978410763547 3.444503722797291 3.438083019196865 3.4405247105088828 3.4437028933994376 3.440372936211867 3.4431996532651272 3.4428328426112964 3.4447898974841906 3.444267268047951 3.445165444621691 3.443369236122536 3.4433565158150103 3.4362754722077313 3.4435162567547137 3.7874727208792014
9.999998826308085 0.018322446404817908 0.1814908863812653 0.14137496223978105 5.4351626790658874e-05 3.290367136011555 3.264166922745941 3.2461048108574797 3.304328427987032 3.2653496954054195 3.303913066404066 3.2257437790840964 3.396122465733567 3.318635018519464 3.2587718128212346 3.0919414028724153 3.2730007734152977 3.2789341764498117 3.242717415838802 3.2549706196143138 3.238631201248614 3.271844296877931 3.2715538312635584 3.309783896420656 3.2653856289233616 3.8582397009752936
9.999999999907867 0.018746219374589996 0.14351959989584867 0.1472285831527853 0.010832692015050879 2.6488445264613816 2.3905242496621075 2.7105429349689234 2.9347701610430303 2.61486630867062 2.9474204288172663 2.2070487718172247 3.4999574435969643 3.053532247497569 2.351978958301917 3.051561200064553 2.460659894583628 2.5406655975452037 2.143016583863599 2.2465103227610856 2.0577307178138247 2.4394765213090515 2.434364987227282 3.9905407781863342 2.4017455288442804 4.150902929212407
9.999999999990811 0.012781366101730118 0.19871897289982793 0.07155412401431281 0.0007244001481714683 3.462953022104226 3.4769596412669355 3.485971125889521 3.4664815849827386 3.4662712693197717 3.4171501314593664 3.478659838182649 3.4536720909483165 3.45267350151761 3.47319272471175 3.4607225248813998 3.465874205725894 3.4673375044499526 3.451343440242685 3.465403201659008 3.4518505377800444 3.4648686503388992 3.465737920246715 3.448557624744485 3.4672091437876142 3.8067266849938255
9.999999998580092 0.012280242300266978 0.19844154263766123 0.0660633391937202 0.0014025843959514686 3.4880710053138406 3.47494961866591 3.4765415021680894 3.500816775049356 3.486429433212027 3.5028752849066676 3.467696969727377 3.528724575943189 3.505339861601478 3.4746607962294496 3.5068356118399495 3.479428965403434 3.482983361660623 3.464110466714872 3.469129108881371 3.4604552287425663 3.4778063020555994 3.477938848935478 3.5470283149956816 3.4764039174438546 3.7961656809831976
9.999950837567114 0.017079519662792825 0.19079983607867881 0.13403384384610853 1.4196796823245075e-08 3.4226470450731417 3.4316714227200955 3.433239765467282 3.414989213300123 3.424534643995206 3.4125849097800103 3.4375623009645757 3.3941672366307514 3.4106643056387513 3.4320648056836456 3.409643690005395 3.4286342740255114 3.426149725426521 3.4393142878940592 3.4358149398665554 3.441879315495483 3.429766949315426 3.4296814191783627 3.3821802516800914 3.4307609648449735 3.8326365344352036
9.999999895536522 0.019381310664328386 0.19999995355905187 0.12609780078577457 0.00010933345109688316 3.6483097693320805 3.6316861831712197 3.6312827403010473 3.6620224882536094 3.6451274952391812 3.66617567153358 3.622312305915566 3.6984259251113634 3.669470126542752 3.6318065680584977 3.6712786922002865 3.6377783384506883 3.6421306747817304 3.6189492054233128 3.6251345700932585 3.6144900717352515 3.6357741478036703 3.6359256735940604 3.7197992246767293 3.6340320558338672 3.8905898600713136
9.999999999999842 0.01262897410756391 0.196705973159513 0.06477568310320897 0.00088362366426439 3.4525114460633644 3.4540655087000536 3.4541034563833533 3.4512501610335073 3.4528060828891554 3.450848348919364 3.45491916606467 3.447865956067263 3.4505493291902516 3.4540393885750196 3.4503828152429548 3.4534869008642723 3.4530842204003487 3.455233630419031 3.4546594874512873 3.4556457995156777 3.4536732570037536 3.453659313225998 3.4458823424952674 3.4538347189619834 3.786515302122303
9.999999774848805 0.014752167781100304 0.19382077299131006 0.1003118043619657 0.0011509835442031387 3.4380090960220917 3.438892149844972 3.439105654574301 3.437003424156288 3.4382212722344665 3.436867828215159 3.439701816242641 3.4348471338513087 3.4366386338995603 3.4390992918849976 3.4365129744141694 3.438704061336463 3.4384142736780925 3.4399196544205486 3.4395236606225636 3.4402184303254946 3.4388300148122806 3.438819068072688 3.4333309179837244 3.4389432733084293 3.7987480497184505
9.999999999998765 0.012528365600756644 0.19363368831402156 0.06518249155223776 0.0009448908270372968 3.40138533276326 3.402815619785342 3.4028574749592284 3.4002309353579045 3.401656513683768 3.399855796318174 3.403595915910066 3.3971199303089605 3.3995831260484817 3.4027878066236976 3.399430541002595 3.4022808346013202 3.401911338017348 3.403885539965787 3.4033579241388487 3.4042635275170317 3.4024522223431015 3.4024394665096587 3.3952976060939863 3.402600506863665 3.7732069458825643
9.99999999999471 0.01254842583024606 0.19064256493601456 0.06710455561131394 0.0014647772738310483 3.3256980047593903 3.2804637489671626 3.277549534707131 3.3620528501735714 3.378188256787408 3.3735698394187694 3.2516718513244967 3.4731219116186813 3.383966134661245 3.2799031908378455 3.389129681525698 3.2969985924348935 3.3088508328416157 3.244961293303966 3.2621959085345167 3.2324146989388387 3.2929256536655207 3.291881626793894 3.517722262548739 3.2866716155258273 3.8066010740625007
9.99999999824573 0.012737195025216396 0.19592883284957216 0.06752182171284286 0.0008929117705194056 3.4360766960425275 3.4382232323709507 3.4427055957350388 3.440273846869071 3.436115500020556 3.4277726282466006 3.4348451084023606 3.436958572319884 3.4344354653246536 3.4334115596849264 3.435579272415031 3.436188541147721 3.4361429774211465 3.437050362006327 3.435697491426098 3.4352382165522837 3.436210618303433 3.436209252674482 3.436449636250005 3.436228254628595 3.783061795919869
9.999913642868291 0.01510418110080814 0.1995087267686241 0.09306127032190308 0.0013414379293584704 3.5494502239538326 3.5503359289295693 3.5503355978233295 3.5487093677898542 3.549618747174415 3.5485005651299386 3.5508395561882713 3.5467681852851474 3.548320981232074 3.5503329022063674 3.548223794264105 3.5500131982755483 3.5497801746069184 3.551017532013872 3.5506879148028125 3.551256728768161 3.5501197349441362 3.5501115433652948 3.545629179174148 3.5502127527828606 3.8207257322589796
9.999999716731098 0.012889103951606569 0.18348729963691893 0.07780856861779986 0.0022002713671348696 3.2535547632055355 3.320851417664093 3.295207569730967 3.2577701434817556 3.2527725265444025 3.201604706731762 3.2295708570348944 3.2840773261998972 3.2562278777883376 3.2153215189149824 3.267685007593837 3.251318398662613 3.252227343913518 3.245259329716242 3.234180903100804 3.22156667330853 3.250845831612596 3.250875073925617 3.2720652857409287 3.250434405597704 3.7238484837136134
9.999999613665542 0.013207201016732334 0.1915227372677168 0.07283214879297008 0.0006841760855992175 3.3878133325127786 3.387174245128678 3.4338457379551564 3.4132891189065475 3.3835908193338797 3.318988644195675 3.3644911423276076 3.377736202127273 3.389274635885219 3.3587434591182 3.3960337211620675 3.382727885984669 3.3833040424850194 3.3643529418843463 3.36876828707944 3.345300746096033 3.382261897972333 3.382305147721771 3.4105407490250927 3.3816356174684263 3.7420942269112882
9.999980434615994 0.016300181667801814 0.19358622353671945 0.11701627899775013 0.0014463554749934106 3.467031791871877 3.4680913400569144 3.4681174687052994 3.4661601980650336 3.467233669327965 3.4658923608741095 3.468685104655324 3.4638392923847334 3.465685057392663 3.4680812173298774 3.4655722577393266 3.467701916549535 3.467425022829066 3.4689003803930847 3.4685066152126507 3.4691838490629623 3.4678295169400606 3.4678198938896463 3.462498409152946 3.4679404009754453 3.8128720681488253
9.999999991874118 0.013789864747356741 0.1741870012344992 0.07865457659842387 0.0008190154484931272 3.1543789218051614 3.1689308885340086 3.1743173245360126 3.162194827123729 3.153019059116507 3.1476818154641277 3.1446210294765082 3.1605634143592676 3.1576971074081723 3.141577728938117 3.1585533350660384 3.1523880428456303 3.152829698363562 3.139146101674751 3.1453342147385257 3.1406605212865535 3.1520443237384677 3.1520748733725816 3.1564316671052435 3.151613208141582 3.7185501071166422
9.999902720189839 0.01863208514977233 0.18039167014123766 0.14917918704269717 0.0038870934032188623 3.2463847524305818 3.1942002488673213 3.1925604943322425 3.2901948553742546 3.2363986037044126 3.3012731912720112 3.1644164060852993 3.356631968289799 3.3129950976714384 3.19415696370449 3.3184055954520555 3.2129213160723804 3.2265978796618575 3.1538585170239957 3.17341937510207 3.139488835145385 3.2067325466746883 3.207222996219804 3.473370290509227 3.2012985018495024 3.8692565435115425
9.999999996392312 0.013301122045095889 0.19491258114215576 0.07540522643287842 0.0015105769814990659 3.440313401264125 3.4403652837611265 3.4403659360800805 3.4402676127001093 3.440323116910325 3.440258066134764 3.4403958894187197 3.4401570827484695 3.440246726270527 3.440365895050155 3.44024085076609 3.4403468325096256 3.4403329226953723 3.4404059774746845 3.440386635153412 3.44042035044044 3.4403530282188095 3.440352521227356 3.4400879824079844 3.4403585243884947 3.779394910034175
9.999999999997085 0.012514860606390867 0.19526723681765953 0.06445369606071139 0.000999398669298829 3.4258727133806426 3.426677924421893 3.426698075263585 3.4252179692197005 3.4260251586162593 3.425011185188262 3.4271200943846947 3.4234659410567683 3.4248561319455906 3.4266643991929366 3.424769835674926 3.426378130926152 3.426169473253569 3.427283065834514 3.426985634328956 3.427496659559644 3.426474663875822 3.426467434502421 3.422437904111242 3.426558317414024 3.7805240854467934
9.999999584740854 0.015126134600143686 0.15658138095556765 0.09559918787827686 0.00237571953597423 2.925075738528148 2.941624399847198 2.9586391958148033 2.9371352185898356 2.926764090809483 2.92411792502846 2.926356486790794 2.908579261881927 2.925838339775966 2.919347997149027 2.9258238939393526 2.9304497249341526 2.928240434129384 2.926520556029373 2.9221383303064337 2.9211507176707667 2.9314659643207746 2.9313983237023518 2.843652375591512 2.9322680838439066 3.7663921915099072
9.999999997634449 0.012877574140536868 0.19486695882109356 0.06748025781586056 0.0008985896912298875 3.430752446004815 3.4330469856326684 3.437025676988895 3.4344636293187025 3.430795582617377 3.4258583963294087 3.430548930401263 3.4282975854816478 3.4303347148928856 3.4279120725951002 3.4313869045640186 3.4308630751520632 3.4308184936810164 3.430589223362176 3.4297584107613357 3.42900333717259 3.430885179279153 3.4308839899883 3.4312095469280974 3.4309006582251103 3.7733654929299805
9.99994943388455 0.018824991601810764 0.1797007507177368 0.15732007964168554 0.00016543808133969752 3.297386429658407 3.3016446401715 3.3012834730805385 3.2940846871444065 3.2981668969608844 3.2931943880605985 3.303423169114193 3.2857666928886244 3.292477485305177 3.3011957403071706 3.2920663993148787 3.2998246027364924 3.298826091106825 3.3042089996368067 3.3027673477746236 3.305231377863598 3.300298624519098 3.3002652609465923 3.28078431955735 3.3007027576978465 3.8058769447780367
9.999987732027176 0.01406938921851463 0.19598762346965826 0.08175798302996141 0.0007520595585307975 3.470940877269792 3.472770729249536 3.472821772165849 3.4694688725144127 3.471287308988315 3.468983986818718 3.4737631306933503 3.4654976612131354 3.4686335549845344 3.4727314506898868 3.4684391728090733 3.4720844631269387 3.4716128754233635 3.474135233072855 3.473460717203017 3.4746172818613483 3.4723037239034253 3.4722874929617915 3.4631232257955813 3.472493170094861 3.7889884099405844
9.99998721274161 0.014863187753683173 0.186282517920838 0.09253175575553114 0.0001537527772211741 3.34199749552304 3.3424862783833076 3.3424985044393285 3.341598937790948 3.3420900804165 3.341473501531783 3.3427564511825874 3.3405328900764304 3.3413790333155777 3.3424792638225633 3.3413265227729663 3.3423050469889803 3.3421780576246922 3.342855524597865 3.3426746183398413 3.3429855518169367 3.342363736134735 3.342359329013127 3.339907713650388 3.342414626420661 3.75235184693924
9.999999921577059 0.01381155617839627 0.1850568978889266 0.07826068167912566 0.00015368717411624435 3.3088065749124858 3.3245515627308078 3.328810592808128 3.3171066739433233 3.3085419210189286 3.2985358004171963 3.2990932303375327 3.307392199523968 3.309485890482705 3.296532552648309 3.3098001925119735 3.3086640064726778 3.308602998973395 3.3046271841277353 3.3033993091566174 3.300079460370867 3.308665816881075 3.3086667571691115 3.2969251963630977 3.308642718491314 3.731479160974411
9.999999969117264 0.01983134910112624 0.18048165217217993 0.16524062631644643 1.2896906232192748e-07 3.3291271645816543 3.3250989561061615 3.324982411231449 3.3323877706065748 3.3283640232955984 3.333437355661134 3.3228938939584705 3.341153976169349 3.334208295538468 3.3251717735684654 3.334638920129206 3.326601737224917 3.3276439913164433 3.3220779641269416 3.323565123898132 3.3210114516123883 3.3261188634410637 3.326154905595009 3.346292400735076 3.3257007769472673 3.8187991847905627
9.999773568553863 0.015637133269043823 0.1939878945954764 0.1059703577140318 0.0010778979688815965 3.4599088559239797 3.454829596482481 3.454683918466794 3.4640239869297615 3.458945702564265 3.4653443575106757 3.4520448494598575 3.4750801133455025 3.4663186104075496 3.454918754426755 3.4668621189822426 3.456722907283869 3.458037866564941 3.451016317705432 3.452892266139407 3.449670689756473 3.4561138272121226 3.456159306118909 3.481562455672925 3.4555863886582827 3.806135356666337
9.999999999999998 0.014012590839296606 0.1999999986679875 0.08150645270383408 1.912248960629874e-09 3.5129892722330243 3.512997584562181 3.51299771994204 3.512985776219166 3.512990760767719 3.512983484772089 3.513000155615217 3.512965567167103 3.51298196166155 3.512997316237586 3.5129810750438017 3.5129941831322578 3.512992157441102 3.5130010967412275 3.5129993823851025 3.513002185477703 3.512995126744309 3.5129950566111106 3.512950972112992 3.5129959492376304 3.8285002416920313
9.999999999992573 0.01400190618408177 0.17033444694545888 0.08092105025272028 0.0010279999417946762 3.1054601514281464 3.1184808969288844 3.129428318016047 3.115125165460667 3.1070755474904046 3.097354284753304 3.110267417839726 3.0849696308415746 3.10027709753979 3.101505887199764 3.1001124647142184 3.11064148233288 3.1084832798431212 3.1143941936529065 3.1079603393123714 3.108787495556755 3.1116659393842943 3.1116014573922097 3.044006966294222 3.1124796535894386 3.7248126998594135
9.999999998622249 0.018478537769286416 0.18537650764541652 0.1455946059038679 3.1890207981733596e-05 3.373374898491651 3.3607878846394095 3.3604585632572546 3.3836560246634075 3.3709930920827924 3.386865407910745 3.353821433865767 3.411090863884072 3.389307343056359 3.360960379016185 3.390662259448128 3.3654501720486274 3.3687230394442844 3.351270369026716 3.355929744658842 3.3479185054045533 3.363939071913561 3.364052789526681 3.4272101446639924 3.362627905961217 3.8185131944310458
9.999999999708118 0.0156659069272877 0.1994899933168404 0.09651181044856168 0.0008583531903777919 3.561846742520421 3.5618399305120407 3.5618397244623217 3.561852232691806 3.5618454507299484 3.561854025405284 3.561836220610535 3.5618670462090667 3.561855321226797 3.5618400675779607 3.5618560471601954 3.561842480319019 3.561844238764025 3.5618348412274825 3.5618373530969034 3.561833042612422 3.561841664230766 3.5618417248892014 3.5618757198899154 3.5618409583884927 3.824757005876937
