1.6517504678060788 0.006202312166242584 0.09867792928486394 0.19847536144900169 0.004944744283433275 2.5648724114373733 2.0350099059990914 2.6194063729845554 3.997933385349431 3.5645437872951873 2.3199696047076688 3.2674178555492817 1.8430085651573955 1.678799566707139 2.0839222104148027 2.018442055687 2.537584101005208 2.455262038628607 1.1873515737457867 2.828840803007185 2.570476261990911 2.6074578172290024 3.1958280338435032 0.6983318168359973 1.7988213898071663 1.499748335488939
1.6245756099517459 0.006215372085230254 0.10322663963893389 0.19663295720806906 0.004187104885876272 2.633544736875654 2.1273198292487137 2.6849082097214048 3.996686343434704 3.5827696143718333 2.3929956656129603 3.303484060559631 1.9393287353405204 1.7839778804586068 2.1724622104278315 2.1101034478789216 2.606494427580479 2.5301119769897396 1.3196889120097697 2.8844476366274834 2.6398244492172718 2.6755214171282353 3.2369803823021304 0.8523058492199305 1.9034691896867286 1.5048695430879349
1.8139095300218049 0.0035825998618373533 0.09302635728755657 0.10700239253741163 0.008502651857886425 2.414755288204762 1.9465450811794185 2.4641754006282395 3.6889047929368726 3.291056355870528 2.194035843498704 3.0495036360659826 1.7830531262411238 1.6368058547966753 1.9929766701286626 1.9323902930753731 2.3905724892504785 2.319169214253647 1.1992276278572331 2.646429911687244 2.4189845037822377 2.451593458701684 2.96993404362395 0.7662609022786442 1.7392610776127968 1.465287824543164
1.6809435161244148 0.005501876497287216 0.10021473029247659 0.18754009551172296 0.006313344949310492 2.5719199306955867 2.0335690136063342 2.619119773078083 3.9927727483082207 3.609329510204679 2.3366379336237646 3.276768527513186 1.831178103378702 1.6631372403285172 2.0807663561922043 2.019812803309806 2.5470881260639535 2.4603542098476474 1.1816026236887611 2.844608862043038 2.5776717406888325 2.613140212257787 3.209727293039396 0.6804725513837234 1.7975395602466742 1.4940297069771873
1.6525528236407967 0.006389193564991773 0.0999541590832464 0.1993886312224824 0.004422978182341513 2.5802995976983443 2.0774834095668706 2.633430583340197 3.9484331425467065 3.51778677772401 2.340808924715019 3.2500530306234325 1.8943279525706433 1.7393466972235343 2.123670294479347 2.060331987999837 2.5537928974828663 2.477590053763628 1.2738126049172307 2.8298114180273 2.586166230733846 2.6217556652488128 3.179651187386677 0.8092335105261783 1.8540092605135512 1.497666866122899
1.6432326109156428 0.006821764744093497 0.10243907800807674 0.19542898147692767 0.0017814317540428863 2.629772530852891 2.1243413460406986 2.6814707815279712 3.993964122751222 3.571877484921042 2.387993211360739 3.2991286696480238 1.9376034176647918 1.7825713848976605 2.169942858960759 2.1072757581420825 2.602847904672462 2.5267186292388297 1.318015288429157 2.8802717295450457 2.6360966036682294 2.6718644938863454 3.2322772629137955 0.8515100964035733 1.900922427340258 1.5045285066748622
1.6591293121044925 0.006529926253388251 0.0981469222481735 0.19497547016213773 0.006139088119159109 2.5621660390204206 2.0306724877262305 2.616310328553293 3.9996071876763395 3.5685087071775135 2.3178972221275633 3.266935696680232 1.8385226973174997 1.673771401720815 2.080058453525052 2.0144525296058546 2.534528711636491 2.45293875393265 1.1835709822954936 2.827451816902964 2.567790207425793 2.604870259860474 3.195190842412738 0.6904722701660444 1.7943758999956916 1.5017679202490017
1.6639021656256796 0.007984337177608714 0.09741896147567262 0.19839390496386936 0.001725347506573575 2.5730745733825966 2.0442835471598566 2.624554522009118 3.988577938362442 3.5694113383026003 2.3304340256285054 3.270404092773319 1.8502466307929046 1.6865380705480908 2.092038735215534 2.028374049150452 2.5458400020211878 2.4640583481049565 1.2018938746094217 2.8369800900294697 2.578890196536044 2.6149901735098107 3.2024950098809777 0.7130148473562635 1.8102749883963496 1.498048556593197
1.601268243040668 0.003383784710079392 0.10858642852596878 0.07159542815254678 0.0033394288504956975 2.6654953979180016 2.1751093757249977 2.718152741304995 3.999999367118657 3.5718623832387717 2.4239917358830128 3.3176106809325008 1.9938442721204324 1.8445299269656166 2.219171729590105 2.15662509180254 2.6384519319191515 2.56618437743159 1.3901009843548797 2.9073220624946754 2.6722359021795214 2.7076579909595244 3.251666893755404 0.938856337920563 1.9578097642502414 1.5058650147863926
1.6411359412458777 0.007267213150498805 0.10184732016287966 0.1993883440728296 0.0021775001159159433 2.62840795894868 2.1211931623411027 2.679735913187209 3.9943978765441255 3.5763764779512472 2.387091107290751 3.2995476611744627 1.9334977832987128 1.7777995685354746 2.1667782281436425 2.1042603009326815 2.601441874028714 2.5247950049436874 1.3124572011652946 2.8799984232503655 2.6346410983940958 2.670367808243687 3.2327606834374927 0.8441754876245514 1.8970424817437943 1.502489322829998
1.614784851932115 0.005875442891819083 0.10468610383402376 0.18589840894114476 0.004637524300227109 2.6451977324638922 2.1510788772281724 2.6978012252743553 3.988025662841782 3.561750933515358 2.4041971797326607 3.302365879219323 1.96903840958286 1.818147083141819 2.195706899931476 2.132966206885674 2.61827671671885 2.54491723670047 1.360575217359199 2.889322015245182 2.651768543198737 2.6872738253534183 3.235467306012217 0.9054443316419768 1.9321164134177837 1.5117265962838455
1.6243857743087406 0.006232037029179054 0.10233019091033312 0.19197043345918194 0.004065601661658611 2.616344991758533 2.1122568358910128 2.669461893257955 3.9873823444178367 3.553006296455739 2.3739802834499537 3.28568758839356 1.9275283331847912 1.7729323662669532 2.158004020866895 2.094503154788752 2.5890601730065104 2.513349022134493 1.3059720490328026 2.865623465278855 2.6226102709251897 2.6581776058038686 3.2172274093365547 0.8417107633952448 1.888649847508416 1.5054564136703024
1.6417766536695535 0.006492734262991259 0.10208723330269956 0.19724653360892364 0.0028829831488384632 2.6176091746088974 2.106481399892111 2.6688260271872375 3.9970174652034856 3.5721452011839108 2.3764618746100155 3.292509625942472 1.9159199614852247 1.7583829422090305 2.151722402376962 2.0899571069149365 2.5913031456932463 2.512753586194388 1.2921758263827063 2.8724068040476727 2.6236843263116203 2.658975771252607 3.226134372265596 0.8194379557670868 1.8806507418031353 1.5001419654812247
1.7487078390485857 0.007057306096044833 0.09360995192814858 0.18895205065843515 0.002902725871352958 2.4855402595093823 2.0003007143648226 2.5365222431816434 3.8050439018929 3.392704830189857 2.2560018837281595 3.13815762220231 1.8281944786758086 1.677586541846591 2.047088500320234 1.9848687586037923 2.4599313081146494 2.386407260225131 1.225630892722585 2.725112126569537 2.4904053095931133 2.5245367057042385 3.0621520409444516 0.7773745781677979 1.7852945646375074 1.4713087051997156
1.6075304007588533 0.0036966809410397803 0.10789102014922626 0.08993820782927478 0.003726403021233016 2.660709512088674 2.1682288374528262 2.7132880671126913 3.99938849547482 3.5718531586563556 2.41906388551452 3.3152399998132527 1.9862363981734932 1.8361420968530207 2.2125052038378414 2.149912237413111 2.633673506583709 2.5608773324956013 1.3802197845154953 2.9037552149360644 2.667394224441946 2.702873157495798 3.249172783286852 0.9268747646385695 1.9500650714008592 1.504662286637069
1.6575462208512184 0.0067503490275367265 0.10005304911907427 0.19115651153665894 0.0035229213449458896 2.588106997944673 2.0853549917214593 2.6409259261743676 3.9514047474892147 3.524404233130739 2.3477536160201185 3.257597885744768 1.9021925785455394 1.7474577250498133 2.1315660060983563 2.0681987347474777 2.5614351518217595 2.4854868366792644 1.2821893133432136 2.837293393157878 2.594057086353772 2.6296921669617914 3.1876551622013873 0.8179222285805074 1.8622025057915788 1.4950803614213386
1.6699496088365875 0.0059848502084726175 0.09941770706178851 0.1837587060429642 0.003455468094423098 2.5717035881882158 2.0501085616156245 2.625150891829899 3.98275309265841 3.55171003633472 2.3284258857256726 3.2634294635672263 1.8609105207674788 1.69966697508068 2.0984570819567296 2.033910145654751 2.544569597999561 2.464781794435783 1.2196677285724387 2.831071337517532 2.5697329004732548 2.613903913245447 3.1925364304745565 0.735461906293337 1.8187286770389355 1.4916700737702009
1.6087175567750378 0.007137232056579508 0.10434100849324723 0.19990942426030672 0.00217953422228429 2.659287627578815 2.165897051045745 2.711822666313068 3.999814538986072 3.5727206385563117 2.4176877824400647 3.3148213781912776 1.9834881257544732 1.8330408021698545 2.2102089501972686 2.147633627486074 2.632253757565097 2.5592018879631175 1.3765716508049743 2.902892812460734 2.6659548790824923 2.7014425850811246 3.248756097450043 0.9223057774264418 1.9473558567451215 1.5150683969570495
1.645009729766461 0.006785714423314862 0.10155003143316528 0.19935551960063577 0.003601785288268141 2.6115629303232306 2.1091167039042586 2.662274129571015 3.9687070629505152 3.557978629714862 2.3756678023359106 3.2780479851942768 1.922231981263451 1.7673639203656522 2.1540527570593175 2.0924017257756145 2.585381743206409 2.5088094973083663 1.3073752566341024 2.8618413309161808 2.6176754794379873 2.6529012201236157 3.2104880030722422 0.8426085110688893 1.887047067569299 1.4971216945067096
1.626454578684895 0.0067872809885299 0.10291235908263535 0.19577002748899522 0.00242541379975384 2.63345172578431 2.1334444741245857 2.6851029461575147 3.9867071151346463 3.5645625536820043 2.3934677731236786 3.296022613489059 1.9478418634443124 1.794445726601267 2.177984705989257 2.1160887704059013 2.6068919152252787 2.531355445302702 1.3349846137830959 2.881676978447929 2.639722265125586 2.674969088890291 3.229449375733884 0.873695962877773 1.9121895603597823 1.5049013611050952
1.6032478682996791 0.0066114909873222225 0.10515898460177307 0.1990642666371353 0.00360925629768554 2.662904449887715 2.1717814320723066 2.715504376862359 3.998597033101075 3.5712480607831494 2.4215096161073064 3.315869827442723 1.9902208984890681 1.8405862935369208 2.2158771214994655 2.153361591322479 2.635876325095474 2.563367269448604 1.3857443198804908 2.905229207799143 2.6696128676976825 2.7050253249318463 3.2498582979549338 0.9337279187515676 1.9541830505077464 1.5161250603879959
1.651408543074789 0.0064905335903893985 0.10041655743199608 0.19715513263332587 0.004855490779555284 2.59359407371528 2.080742630184727 2.646865597801374 3.9764296252859093 3.5519534899832386 2.350631839522148 3.27502968228388 1.8936131042047668 1.7357033102119566 2.1276964016695845 2.0636663410799554 2.566431843230402 2.4887194304965017 1.2608149236251045 2.8479075235688196 2.599645041791669 2.6358525353568836 3.205611703616907 0.7882725596917022 1.8530963951551553 1.4998522694507892
1.744208507416831 0.006068222786943584 0.09683485047939583 0.18966462263181688 0.004431225514135436 2.511564505962241 2.055825708494711 2.560555330619375 3.7516818923816087 3.351611034826504 2.2877321676909474 3.1262352832192692 1.8927054461610746 1.7521122486965548 2.099059785725195 2.0398054804889147 2.4871149222377613 2.4189907009191014 1.3264579078787038 2.7363054408107645 2.516751643270848 2.5490440793835187 3.0538496325382347 0.9075848904168593 1.8541679098473267 1.4753420979309464
1.6764918426471942 0.006188984628346231 0.09806530614467691 0.1931373578627101 0.006298135110614972 2.5500068408778453 2.0375049291831844 2.603592818796609 3.945344028377558 3.512155673986994 2.3090256341135285 3.2331667612678943 1.853085904786471 1.6945437029511663 2.085573727528258 2.0209657408214357 2.5228210094119072 2.4451313911517105 1.219251643738803 2.8034391520344526 2.5555697784047635 2.591706285193545 3.1602487284234524 0.7448454218092335 1.809818391708773 1.4972863555049074
1.6005119715116365 0.0033438395979947335 0.10865779658807669 0.06972269042459285 0.003345481936043995 2.66592800161881 2.175694912189442 2.7185662657203773 3.9999998643777523 3.572108137048928 2.4245142707865117 3.3178409405874003 1.9944497155408973 1.8451866020373286 2.2197269859019637 2.157206403707279 2.6388944171043547 2.5666480829312426 1.3909234971486624 2.90768879981602 2.672670261540887 2.7080794705281117 3.2519218580411473 0.9398232439947873 1.9584639343738575 1.5059589843203913
1.6214764495583482 0.00650619464922379 0.10291329913815248 0.19124457183909227 0.0018182203520522942 2.630419984738822 2.127472081995155 2.6830932435953154 3.9945832060816144 3.5668335069782984 2.387921504645013 3.2979328923951354 1.9427438456121766 1.7887964770619498 2.173023563155687 2.1096429748475143 2.6031016109465837 2.5278551742837556 1.3232823883713851 2.879002197414863 2.6365862649807497 2.6724867925289804 3.2303037806327706 0.8601711897700924 1.904603993743285 1.5085760477238954
1.6407402824494195 0.006304526775486248 0.10251464121637169 0.18989965981728416 0.0033634443049443707 2.619960404351714 2.114980793266169 2.6710946475088053 3.9826485836259327 3.566818473159231 2.381559435688778 3.2886361523953327 1.926876766992554 1.7714172301616762 2.159896292780517 2.098196613513794 2.593565324767202 2.5167827511458536 1.3097077909830959 2.871281268898803 2.6262047738144574 2.6616358916735736 3.221787643204809 0.8428470826309862 1.8918457819087773 1.4985824309026476
1.7101352627027886 0.005466677525269678 0.10019090760301055 0.14688861175109377 0.0022380275308594715 2.5563253607539154 2.097612637681723 2.6057646034473523 3.8077487167922426 3.3989951819446986 2.3295766438818295 3.173224674566942 1.9324577357694348 1.7918546910059412 2.14088330132387 2.080951637412029 2.5311725013630424 2.4634588881176582 1.363517974653909 2.7817947523965567 2.5619207198852276 2.5949347365921187 3.1028036754281536 0.9422048476631545 1.8949103444994073 1.4818330236576183
1.8331437291619845 0.006355832666047252 0.0901393735428629 0.19203239846723108 0.003317235921025635 2.4113894442181003 1.953073625021164 2.460965186065163 3.665007740175729 3.259897709175623 2.1917071654527325 3.033870264082788 1.7932297651181937 1.650359871618176 1.9986314347016763 1.9384458578449875 2.3873722408870677 2.3181209037356076 1.2203779031485107 2.6373115445345854 2.4157561597580286 2.447993838415674 2.955131168817704 0.79738792210948 1.7500195501146236 1.4575867589125102
1.6205091097880884 0.006714510577209934 0.10333601477382935 0.19881077556679908 0.00404655133077913 2.6408693556967338 2.13823026752825 2.69242433371022 3.998193899685782 3.5796915548635755 2.4004010698451554 3.3063498968594502 1.9513709482533101 1.7972822173075382 2.1829238807357063 2.1208469845407394 2.614080462355544 2.538262212929461 1.335998764964936 2.8902679592504925 2.647229479390004 2.6826990804374207 3.240232612815445 0.8721439323412638 1.9159379164891155 1.507359099074544
1.7459467747246293 0.00779104682751014 0.09197354799378657 0.1981963805164142 0.0010186758313422447 2.4722364241969847 1.9780085878471159 2.5241294810472605 3.816388563547957 3.3995092392042423 2.2415690626168407 3.1364157076100025 1.8026564453294334 1.6485407692714134 2.0255389251577487 1.9629069672309019 2.4466479713026614 2.370868009287502 1.1893461403396304 2.7183780005017457 2.476883382169445 2.511271436659729 3.057714955469206 0.7316084891013799 1.7586413374761598 1.4862956615089913
1.602057940420547 0.00666004165317219 0.10511082817410011 0.1868729338483146 0.0026232099672381013 2.663280733880702 2.1714266262565953 2.7157648923052977 3.999967938793561 3.5741233040380758 2.4221129755656228 3.3169579403696923 1.9894376100886686 1.839553354742106 2.215525209387957 2.1530472760287807 2.6362593800298018 2.5635509744359632 1.3843447515534908 2.9060540053994717 2.6699789235565503 2.705402727348126 3.2510397620974385 0.9316009058393416 1.9535353537064408 1.5142767222720757
1.7448898790158687 0.005913989134413098 0.09358478074764229 0.17391193893261994 0.005254084013468345 2.4674143017665924 1.9769707183258862 2.519573019434163 3.805003799696427 3.3843553137052567 2.23752795044986 3.127941448262333 1.8035512004511087 1.650800949570307 2.024409060180094 1.961635654256527 2.4418054035167187 2.367052454829591 1.1935260430295855 2.710228255522182 2.4721412171930783 2.506508575690941 3.0503005213910406 0.739756793400929 1.7590436910556948 1.473772460821294
1.602974589399192 0.006512455693032274 0.10387135485321923 0.18988149822246742 0.004558671916968816 2.645873614695653 2.144263014020732 2.697064816975241 3.9998831332938494 3.5857114450350913 2.4061029738999684 3.3102515041075455 1.9573434669271543 1.8036140580182716 2.188584682304535 2.126465175389581 2.618967156665089 2.5434534619598717 1.3431486625381457 2.894819965132022 2.6522854847167956 2.687679021104496 3.2442513393737538 0.8802700128053597 1.9221955081180495 1.510372507060916
1.6128314356506293 0.006634323404194731 0.10435411892535991 0.1958839801873205 0.003966806296802742 2.6523950336184345 2.158579240875709 2.70445994636846 3.9915440822353987 3.568891028529703 2.412122848073478 3.308195384861377 1.9757177845277987 1.8248786470110405 2.202784791972827 2.1406117628242862 2.6255951477984563 2.552038110039081 1.3691030461565932 2.89671688548806 2.65894487031254 2.694218905136566 3.2420104032074355 0.9141683911362597 1.9399966785287948 1.5116460721163572
1.719253389954591 0.00805001094395143 0.09543349998465912 0.19758535325842397 0.004340637422954824 2.5284236082985196 2.012329882162768 2.5881262272806618 3.9498642870716325 3.544504366019533 2.305960999050875 3.234973803640054 1.8179803735183102 1.6534321225611155 2.0604194821912225 1.998652420469496 2.5148912466326023 2.431198393607517 1.1752456008326404 2.8051383495254147 2.5455901981312254 2.5809096100115028 3.1649761645230514 0.685602343296563 1.7802285468669719 1.485478721692842
1.6585610717142023 0.006869034726563037 0.10051182608724561 0.19546159520541884 0.003562758694154651 2.592733158575534 2.105116637374155 2.6447814428700154 3.919737904096225 3.497324453590222 2.3558298425791677 3.244184366646651 1.9277945881669734 1.7782308899694326 2.15016938355559 2.087716224004799 2.56619308834787 2.493653494376001 1.325154991185118 2.833320803113294 2.59877871380628 2.633715914177076 3.174449031498141 0.8759210601190444 1.8890411983618027 1.4959931408687257
1.67799127504822 0.00427529058453588 0.10323246086983236 0.10628771114677661 0.002907112827160898 2.597041998040564 2.1011685512672322 2.64816986470158 3.938359190061638 3.5138910474442744 2.358076524739014 3.2558436392134533 1.9189775961964046 1.7664690393091615 2.146450052432367 2.0847507145794024 2.5709970488624325 2.495946862361086 1.3101289203623872 2.8430160284214967 2.6030528323060094 2.6379407954048326 3.187736751354305 0.8526369500659333 1.8820301887039441 1.485548666200032
1.674135290342684 0.006605185254508749 0.09871689307412475 0.1912048934043076 0.004770317255833185 2.5619495486910546 2.0678011398891463 2.6145428551999763 3.9059681900731875 3.4822769401991893 2.324860839606534 3.222593786281158 1.8892101798603946 1.7369457023402126 2.1137700041027103 2.050816280806889 2.535403865684458 2.4612167679727914 1.2776856655424902 2.8062286566933428 2.5676782941537746 2.6028316787181622 3.1509239900074593 0.8214610147580412 1.8485196407514075 1.491964676231831
1.8540724578831111 0.005679761406503376 0.09248306506623154 0.18419208259525155 0.006242076034530002 2.4336530624532733 1.9916486245347922 2.4801053570757086 3.6350182687415713 3.244219398360023 2.2172800240505244 3.0327892143756126 1.8367601501962942 1.6998920139137046 2.035359104330552 1.9770760424608913 2.4102093536913127 2.3438508418931314 1.2860486111301557 2.6510373323634533 2.438019880114283 2.469188706701592 2.957809785442636 0.8801614261741353 1.7960562734641352 1.461180050272805
1.6756862532111132 0.004132081985856497 0.10313297827638802 0.10477996672981692 0.00349075176027685 2.593143393180311 2.097289518702596 2.6446366375316224 3.937048563904619 3.508356421091656 2.354126177714725 3.2521441921210377 1.9152422828270854 1.762750367635625 2.142630277082651 2.080842753712254 2.5670277049845747 2.4920947040257304 1.3060488595023259 2.8388705680549924 2.5991675735930646 2.6341005334810346 3.183930415930424 0.8485721619706201 1.8779868087509803 1.4857476011968214
1.6215660098923863 0.005883296410780777 0.10082334840851173 0.18027787267266968 0.004603432689527797 2.58540870283363 2.058160811755292 2.634654835958511 3.9818186821050308 3.6028562610712616 2.3529437316108983 3.278625124959749 1.8585655673586547 1.6943122468634462 2.103176943970707 2.042656584850509 2.5599846182731576 2.4759770174635207 1.2193832288205966 2.8526310197980296 2.5911804760969854 2.6263066481924113 3.211736899328068 0.7289133597260975 1.8259166315872553 1.4941136759912763
1.676015768608884 0.007012773884107033 0.10035989507523137 0.19833429138511705 0.0032716224701082107 2.589534545606075 2.112874160951754 2.640147796105281 3.886222227470472 3.4684781886703284 2.3560025423021522 3.226806234157295 1.9395355612911087 1.7935082630515282 2.15696373660858 2.0958139159594182 2.5636000034078914 2.492692850101558 1.3507905967356741 2.8244969971572447 2.595375540444344 2.629424560386657 3.1575265775796435 0.9123746905935878 1.9021326924069346 1.493316624817014
1.7149811837990334 0.006361510897145978 0.0956867147370716 0.19951456709608112 0.005733318262736261 2.5022427835116043 2.004303797166942 2.5516316633671687 3.855133276196533 3.4436801483365 2.278112641156865 3.168008089067574 1.8229481979860995 1.6680493297688437 2.050871552703713 1.9919509307446546 2.4793113800117186 2.4005868759188584 1.2137574000120508 2.7505832504675705 2.5078566816143195 2.5412709093407337 3.0938480126467 0.7515031200920522 1.7845934641815284 1.4812029029132718
1.8635967712965034 0.004032237961065462 0.08920412639072356 0.09367545349400858 0.0039164168963846625 2.361356341941931 1.897158794330397 2.4115803736785137 3.631469633776964 3.2246390753321457 2.142559133296151 2.9943605308546375 1.7375515111126187 1.5920337955033497 1.9442688947835514 1.883317676262897 2.337283739828829 2.2666364950352937 1.155606062574136 2.5901593770387925 2.3652095799698856 2.3976984532922136 2.9118087300701174 0.726418005783881 1.6910851193130325 1.4482227055299925
1.8192354102112442 0.004039753239951421 0.09038829915234996 0.10730162261689845 0.005695392172875577 2.3898084027352633 1.878239967128182 2.4417312490977165 3.7765658333998813 3.3647054703543833 2.161231098502013 3.079704970170918 1.701985626516847 1.5407197226953124 1.9300073856015372 1.8655915420197882 2.364510406957517 2.2844148185612245 1.0647126185266451 2.644214836146165 2.3933951005788403 2.428238148900735 2.99542295956644 0.5888339453223808 1.6508086323968993 1.4608144833266592
1.6837291461903863 0.004748122026081261 0.0984545667564026 0.15223112934201752 0.00687561612809527 2.5292523317858193 2.0237244409887927 2.581243585503925 3.8997142874043416 3.4844159464497135 2.2952621546461214 3.203874675461822 1.8412511030138412 1.6841831952573725 2.0709518113067986 2.0080787352425116 2.5032251597073927 2.425443506808338 1.2175012946835835 2.780962231367262 2.534422690862002 2.5694833714235235 3.1300937977632075 0.7490488953376411 1.799498330018722 1.4891437189700751
1.67558943102628 0.007767088850628484 0.09696554885750243 0.18469790405863015 0.0011738485190244138 2.564288077388705 2.0323321897939723 2.6173413967895702 3.996445789590155 3.5687331062296956 2.3193877231036737 3.268425922096844 1.84029557931795 1.6756276262310363 2.081930878577128 2.0164345410275057 2.5369707384437263 2.4549286743617866 1.1854343430794982 2.8290390933463225 2.5698916820298128 2.6068777793562434 3.1974432305059 0.6933080958739388 1.7964008148210582 1.5032845652262792
1.7044259891126967 0.006745326139862759 0.0987873601044734 0.18948682220024624 0.0028590999716464113 2.555964748889973 2.0922041158502536 2.6060250200732438 3.8230727484623603 3.4088738483133736 2.327766533028565 3.1793045311901165 1.9250530604790406 1.7827281747352077 2.1358593084822286 2.0754632106991178 2.5307322603898 2.4620616092559033 1.3497982150465835 2.7843057994040765 2.5616953336758486 2.5950171183292734 3.1086586327798953 0.9234161338973456 1.887025453046465 1.4850450658855976
1.6679197600421865 0.005452879552241881 0.10009003516579063 0.17380362004172936 0.006237583597442446 2.5678312161896057 2.065832946174853 2.6206185128380723 3.93217405016033 3.50636945323779 2.329249786133842 3.237505289170208 1.8841000801415637 1.7293004811320047 2.1124915250201797 2.0489749947488174 2.541029640546429 2.46534866913089 1.2639009857875116 2.8163196965281845 2.5735814091080065 2.609148537469564 3.1659693866239578 0.800090589143247 1.8431109330946704 1.4966410831652819
1.6002066191656414 0.0032384471536696115 0.1087859701740461 0.06509963290973608 0.0033988473594491887 2.6661919006481516 2.1761030173732707 2.7188383116037027 3.9999999999999996 3.57200937274328 2.4247798149446824 3.3179416042998886 1.9949117873116442 1.8457014404876 2.2201225133622904 2.1576045464638183 2.639158611021565 2.566948543916722 1.3915388506418593 2.907868864157092 2.672937757486126 2.708342528229724 3.252026848173411 0.9405823066381602 1.9589316940926762 1.5059683590283448
1.6347006171940426 0.005640863623453611 0.10374310385588686 0.17882847831501172 0.004423626898783601 2.6326896451679995 2.1263876876913907 2.6842192746904776 3.9969239120217415 3.5788588627128934 2.3911232064500694 3.3028753978075027 1.9390330853579452 1.783745314434121 2.1718693957894875 2.109227452684209 2.6056794443867157 2.5293480215951467 1.3186112943561974 2.8836801965956904 2.6389832088601723 2.6747522495014433 3.236192181770122 0.8514147306941181 1.9025161240445396 1.5029377148333003
1.6220906896616045 0.0049744829064335555 0.10459645803749475 0.1470319876582871 0.005511444792484167 2.6327467530659447 2.1302115629678564 2.685445985413064 3.9942652754318666 3.567726008690745 2.3902073280558196 3.299990260046454 1.9455373009352201 1.791758056639579 2.1757015618730793 2.1123770927559233 2.605456986495295 2.530330728531096 1.327263665767317 2.881129048397248 2.6389751355339257 2.6748854784076443 3.23242141284225 0.8640243328315771 1.9075465513030034 1.50634905329258
1.6286689533263299 0.006923524379117802 0.10232385458310563 0.19497249804631392 0.003938310591277824 2.6273912673511353 2.1253953731450888 2.67990911629507 3.9890451976289714 3.560484623109617 2.385101274518823 3.293560945327844 1.9408998269424247 1.787202916929693 2.1708384933644735 2.1077140582375167 2.6001953482523517 2.525059346371949 1.3230154695703766 2.8755169852553246 2.6336361445027525 2.6693693282545286 3.2262961927057803 0.8606102351461489 1.9030343563840022 1.5060822343998976
1.751441169857565 0.00435078497881243 0.09193282287422821 0.09794368245496239 0.0028788076328600753 2.413365209286017 1.8849927029474876 2.4644224748982624 3.8325251290331375 3.4360802580513905 2.1875806985558137 3.120353373894637 1.6989537786543474 1.5313858964376155 1.9366534973884044 1.8733457147897388 2.3888964488592417 2.3035604442080118 1.0467888023285712 2.679711150741251 2.4167989334292956 2.4514758017518066 3.0398974920232282 0.5514355374957742 1.650280594764191 1.4661935369730164
1.734273924282102 0.00649462519618444 0.09530782619665878 0.18672550418543502 0.0056286389458786905 2.5015142680134663 2.025506357620027 2.5523889733162144 3.7976584255824477 3.385811888131168 2.272397274376489 3.142553484341538 1.8555633299616816 1.7081837746919446 2.0707173618163432 2.0093772484170436 2.476052878179851 2.4045099239316636 1.2633257550603976 2.7371705772887265 2.506699786010427 2.5403831580769802 3.0676882829759418 0.8233917535224786 1.8142457440018451 1.4787965595824824
1.7125259267676973 0.006850864147279081 0.09665653724904473 0.1999756838606055 0.0038169421078555373 2.531343298776491 2.0098631282064447 2.5779823131317343 3.9323978147087777 3.5336087700281382 2.302525339618969 3.219356687799832 1.8154788143650604 1.6518517312826806 2.0565791403463827 1.996352935939557 2.5053989090725306 2.425005859557619 1.1814847430309332 2.7929014180774567 2.5349631858576154 2.5706034003538574 3.147650304793366 0.6959499241958693 1.7789563289224302 1.4785611983795464
1.6002132783300824 0.0032392700308619764 0.10878484678663065 0.06513512454456745 0.003398436639908393 2.6661877472476214 2.176097446736661 2.7188342306113893 3.9999999999999996 3.572007113733047 2.4247749662782634 3.3179392578793356 1.9949060373616745 1.8456952161911016 2.220117231935303 2.1575990356657755 2.6391543713273733 2.5669440980457985 1.3915311587829973 2.9078653295739327 2.6729335845690674 2.7083384611711363 3.252024294897301 0.9405733016432947 1.958925516628838 1.5059677708813664
1.6856529805145706 0.007090467116412691 0.09426224151438414 0.1998130799213832 0.0030446452194772566 2.5075470077512856 1.9687320896960057 2.563715216273338 3.973945464905379 3.5354205849728575 2.265342962498271 3.2255270117304744 1.7764211750212155 1.6078262877999383 2.019999679675166 1.9535618701363922 2.480882262428433 2.396972045676039 1.1089876425279235 2.778637650742413 2.513261728234474 2.5504948204020503 3.1500059885093 0.6069129261470115 1.7280338575270802 1.4902571174535002
1.7172146500918188 0.006835019805418072 0.09660577627179524 0.18880619843334373 0.0057298832792141655 2.53590083933818 2.0073440583314186 2.5827162711716776 3.9449392589069534 3.547491909162899 2.3054178016507496 3.230390825698852 1.8099966797899423 1.6443974245045823 2.05417725594816 1.9939292265582034 2.5112222911430884 2.426011374783384 1.1703241307917835 2.786812354382599 2.5408763898520252 2.575618097768613 3.1606363348933404 0.6790724949337351 1.775502386270691 1.484560410381663
1.6559217554176187 0.0064150110644049995 0.0996544666645025 0.1837227332484433 0.00588690476607275 2.5795505918216026 2.0456136140567267 2.628854758412585 3.999364956112484 3.5959021908100013 2.3420086837924705 3.2797574620531305 1.8452568202686277 1.6790128162746034 2.091970014489147 2.0306486937429304 2.5538484841091256 2.4687998504862385 1.1963345225495159 2.8497236729459106 2.585337090072648 2.620726398327594 3.2132925187011123 0.7014732860399898 1.8105217029423524 1.4975011647912095
1.60020737996931 0.003238139182742762 0.10878627080438287 0.06508630831204931 0.0033990026909926255 2.6661916821553007 2.1761028430850127 2.718838152300981 3.9999999999999996 3.5720086427961903 2.424779415355218 3.3179413957836297 1.9949117078946865 1.8457013884256306 2.220122370902749 2.15760435589535 2.639158371144287 2.5669483533464055 1.3915387051555377 2.90786857054639 2.6729375441493715 2.708342329806303 3.252026597959771 0.9405822217279151 1.958931529509941 1.505968085900059
1.731409065581605 0.00599773126472297 0.0944626253119502 0.19872887191939997 0.005937817187177135 2.4860852208175808 1.983185141313544 2.5386526430489673 3.854019355041477 3.4326449995979202 2.252101720924 3.160643317068053 1.8047891054669472 1.64820002462703 2.0315786653319723 1.9678939576814072 2.459917552255294 2.3830132726145825 1.1808295732839227 2.735354519805485 2.490931302388821 2.526044841145887 3.0837326289895155 0.7148999951711377 1.7598057440318775 1.4821643271904845
1.6903610519337942 0.007116978181355439 0.09738291904362864 0.19861537478833013 0.0036956961323097925 2.550996526545782 2.041959939767397 2.6017330173904027 3.9202896086302035 3.505595424804955 2.3138984897196546 3.2263010567242176 1.8555559504595651 1.6977413565424713 2.08843000112066 2.0261903896909814 2.525257068357307 2.4462065990082986 1.2279035883975467 2.8052428375978593 2.5563445674176704 2.591093410207025 3.1537992528697196 0.7592630950299486 1.8159258120385535 1.4856112949773481
1.6003522008132007 0.0032879686950487825 0.10872665606743835 0.06725563184318575 0.0033740733807887395 2.666075374619858 2.175926549212043 2.7187197171244315 3.9999999929775214 3.5720347689825487 2.4246585693713523 3.3178943251900415 1.994714638503735 1.8454825632516174 2.2199520577917258 2.157431909334477 2.6390415181563367 2.566817150560016 1.3912754125589906 2.907786110919375 2.672819857128307 2.7082269049031056 3.2519769178050324 0.9402595552660945 1.9587300989894734 1.5059657989654531
2.10835466275304 0.006957617807692247 0.07618524647076143 0.1876121837780957 0.001980974050086088 2.1978132154808474 1.7560875254135715 2.2441952498003896 3.4034709420909297 3.02165835474776 1.9936665296983611 2.808746490692601 1.6115649729219923 1.4714055163682087 1.8047717997105943 1.7457664473736445 2.176077580098205 2.1078480403230033 1.0534229349323059 2.415085717092198 2.200139214642589 2.2303390026074177 2.7181627911542106 0.6449451330736556 1.5608752419349372 1.4392937538660164
1.6867484089307105 0.00732459959427184 0.0972524415667733 0.19119556549425262 0.0017829574340500795 2.5544017726462944 2.0129516581276534 2.6034875224213456 3.9912186303628054 3.5988003138243294 2.318725518547225 3.265438250992499 1.8121430703164707 1.643216037080889 2.0615770323455633 1.9999715125739574 2.5290187426680255 2.4423264548479677 1.1544438559089285 2.828528140154676 2.5615849709819893 2.595820796616881 3.196529450494103 0.6514902034835197 1.7745630494909732 1.4887308856565216
1.6002104604826328 0.0032385645760561335 0.10878570977437811 0.06510465316639723 0.0033987900626805943 2.6661897493227844 2.176100470138096 2.718836190663469 3.9999999999999996 3.5720068870719497 2.4247772961675502 3.3179400250728452 1.9949093223872063 1.8456988548009288 2.2201201139000495 2.157602025046831 2.6391564116382176 2.5669463344021093 1.3915357131567887 2.9078668026914642 2.672935601692873 2.7083404199031933 3.252025150821347 0.9405788210642406 1.958928987425917 1.505967959965135
1.600247795427197 0.0032523208422464856 0.10876973881773969 0.06570098424105769 0.0033918900807022004 2.6661625023454003 2.176060112766394 2.718809049024978 3.9999999999998535 3.5720078932786827 2.424747477230821 3.31792845243897 1.9948650300949766 1.8456498752712913 2.22008131759313 2.1575623507323245 2.6391288692190966 2.5669159383379707 1.3914759561656018 2.9078465682832775 2.672908099441186 2.7083135825755407 3.2520127022932583 0.9405062425141584 1.9588829660452138 1.505969794714934
1.6002088860076826 0.003238415627639556 0.10878592384387191 0.06509823695059733 0.0033988643555663816 2.6661907418684074 2.176101540027665 2.7188372306026354 3.9999999999999996 3.5720082788029885 2.424778322499767 3.3179409114305263 1.9949103380962638 1.8456998950584045 2.220121131511781 2.157603067482455 2.639157413344612 2.566947334784682 1.3915368560599712 2.9078678002593388 2.672936599126077 2.708341409918708 3.252026070795196 0.9405800301618228 1.958930068039757 1.5059680078856572
1.600217752765114 0.003241596347200002 0.10878201260225347 0.06523580173457284 0.003397269287218618 2.6661824502730136 2.1760884607168705 2.7188285984420433 3.9999999999999964 3.572012605504588 2.4247702266131808 3.317937964962905 1.9948953632176383 1.8456831563962453 2.220108425692792 2.157590340132504 2.6391491453442706 2.566937811298742 1.3915169407601606 2.907862358924579 2.672928184725088 2.7083331198473686 3.2520230334778923 0.9405553162385618 1.9589150114198832 1.5059667449128922
1.6002130745514969 0.003239202221549884 0.10878493522103475 0.06513219369387734 0.0033984705274193675 2.666187986589396 2.176097884513099 2.718834442912509 3.9999999999999996 3.5720067945634093 2.4247752510966385 3.3179392472759974 1.994906546267513 1.8456957963061784 2.2201176529774527 2.1575994708478765 2.6391546150202276 2.566944384147345 1.3915319085232074 2.9078654548003664 2.672933826289708 2.7083386897130266 3.2520243001241504 0.9405742472209819 1.9589260479611619 1.5059678427624748
1.8371897330473803 0.0066805533067869185 0.09214271462596273 0.1946918793276387 0.0019842463155315933 2.4394300229109214 2.011778108542493 2.4861919621918656 3.6116081190074443 3.2212262339533755 2.2275934463803964 3.0218015853413873 1.8620115794818528 1.7299248423137232 2.054150504621592 1.996892197673015 2.4161722771247427 2.353137773226299 1.3271746592632383 2.648837818912632 2.4442075137755803 2.47493898699678 2.9477693923947523 0.9346363578567014 1.8230865287393188 1.4628645098676623
1.758415660215285 0.006011466946841463 0.09603472727602282 0.19084854844767407 0.004918327359990237 2.510343936432476 1.9930167094978488 2.557475484460728 3.9080181312446296 3.492655132024603 2.2810443481530362 3.194151114931249 1.8015037289017553 1.6390357755305338 2.04050383229254 1.9804523658439117 2.486822966117396 2.404105819616634 1.171450099757157 2.7675562943878074 2.515587005298909 2.549879824238456 3.122685633220614 0.6896078713979292 1.7655512589989557 1.4751727856206456
1.6002077597473467 0.0032382151124670327 0.10878617752941423 0.06508958689813414 0.0033989646417105506 2.6661914541856295 2.176102523265246 2.7188379294058485 3.9999999999999996 3.57200857042227 2.424779149797816 3.3179412836740516 1.994911369545219 1.8457010184476723 2.2201220660681886 2.1576040391461335 2.639158139231438 2.5669481050288163 1.391538245573282 2.907868385804193 2.6729373151488067 2.7083421075366627 3.2520264753957395 0.9405816754104113 1.958931168488755 1.5059680705725809
1.8831950383032332 0.006826840145392873 0.08691417442548255 0.18297595748050668 0.0018321011276368337 2.362015921255669 1.9240123868792531 2.410344078576695 3.5617947584687673 3.171059113105526 2.1501344849435293 2.9614831421474377 1.7730196259793087 1.6362291764307777 1.9683502438878995 1.9099665365899472 2.3389678800611717 2.273068389992484 1.223120461574525 2.5774034997722417 2.3660795896068447 2.397001284069138 2.8816820363113287 0.8193843889381603 1.7299995950992886 1.4539603233842808
1.6651542276095086 0.004051546756705117 0.1040461728654037 0.09761232359725007 0.003009365248720822 2.609364709318205 2.1057839712171984 2.6610863318406732 3.970539800136234 3.5424151252812384 2.367811299339535 3.2769512797129483 1.920324819805313 1.7655248053076793 2.1515736490937 2.0892118903913226 2.5828527579064833 2.506640971595215 1.3026062396679217 2.8591738615003996 2.615499679836826 2.650964587182818 3.2093771122694563 0.8377288918246396 1.8831160347461928 1.4885252344388544
1.674871750524718 0.004443187203764101 0.10306226056765297 0.12780990400778913 0.004629126778475316 2.5963626737215937 2.103106210882251 2.6477270126544696 3.9332232818364123 3.5070200084892806 2.3576163622673847 3.25236472582918 1.9221470641724336 1.7705697956482713 2.148224621616824 2.0865412606905225 2.570302770494982 2.49590526881604 1.3157785721699338 2.8407515264231127 2.6024113457327367 2.6372271149930353 3.1841648385848975 0.8609361954640928 1.884987805891295 1.4896955209792484
1.600209270913964 0.003238519814385478 0.10878580716508528 0.0651027397957243 0.0033988119678867146 2.6661905459377904 2.1761013313015507 2.7188370243513527 3.9999999999999996 3.5720079732387515 2.4247780985831255 3.317940730709753 1.9949101493415837 1.8456997046808137 2.2201209365468317 2.1576028622812102 2.6391572131577496 2.5669471382379063 1.3915366374092033 2.9078675968284906 2.6729364024370836 2.7083412149935966 3.2520258831486366 0.9405798064581821 1.9589298583163817 1.5059680719285427
1.6002216549115926 0.0032422028308478003 0.10878133496971992 0.06526202246395194 0.0033969655066794784 2.6661810073478955 2.17608700641723 2.7188274231381575 3.9999999999999973 3.5720093505158887 2.424767941813068 3.317936819907904 1.9948942636357132 1.8456820944451366 2.220107130380878 2.1575888192344816 2.639147605172152 2.5669364332104014 1.3915152964073676 2.90786069702212 2.6729267625337156 2.708331782762814 3.2520217043691493 0.9405537466608938 1.9589134932267056 1.5059673034367052
1.76350678666595 0.0017885846982626814 0.10126960223836405 0.004149336947611799 0.004700288742699324 2.5144940134024427 2.057659124492012 2.5643409692430588 3.7575928951139983 3.353841461175718 2.2878297268757355 3.1315725833903767 1.8951355902557445 1.7553517416332627 2.1015753549918346 2.0417363883100164 2.4896476473153015 2.4219965750180665 1.3316466514216956 2.7397201885408387 2.51998899609162 2.552935523965505 3.060039540885676 0.9398523202642687 1.856579927404559 1.4670030654864425
1.669746254849638 0.007157007672135294 0.09867130870757045 0.1866367409376821 0.0017150493216770187 2.576060010618644 2.0493231280267943 2.6259745456333996 3.9869852999837345 3.567780207649691 2.336056900659664 3.268454059867923 1.8529364203455774 1.6893081372065741 2.095796601191373 2.0342173152375986 2.5504006451012238 2.467275961253366 1.2124117653246107 2.8412153200712953 2.581950795545244 2.6172521838967304 3.2019720306033372 0.7235775660091561 1.8170986029989011 1.4942432215903432
1.6002075926614197 0.0032381434753447004 0.1087862612590095 0.06508649202382048 0.0033990005773891665 2.6661916040290095 2.17610274281438 2.718838078701105 3.9999999999999996 3.572008564123197 2.424779310249805 3.3179413495887284 1.9949116113901166 1.8457012856738533 2.220122278681911 2.1576042549135455 2.639158290534346 2.5669482726997987 1.3915385692540803 2.9078684977168967 2.672937466651826 2.708342255311583 3.252026546809035 0.940582067285039 1.958931419576031 1.5059680617850744
1.7458024963082122 0.00566911831528055 0.09741955884882234 0.18080719529879102 0.005829707109342194 2.514451023425736 2.060298493920473 2.5636143113542618 3.756396057300468 3.34904545460724 2.2911316438278586 3.127582350026634 1.8982579863266562 1.7584843762605942 2.1038323921659265 2.0441949024656454 2.4897092320525083 2.4225463807826073 1.3333906377945224 2.7375639093052735 2.5198298448647978 2.5524462282371276 3.0552054911470177 0.9158725234530648 1.859505111750718 1.479909967759027
1.600486604012608 0.0033165083921137817 0.10869217346162989 0.06850893258079739 0.003359945596987014 2.6659952691891005 2.1758167824063896 2.71864271303857 3.9999999964067894 3.5719959795374936 2.424563093350367 3.317852843816162 1.994600162776265 1.8453579970616698 2.2198477198851045 2.1573230325366937 2.638959659458794 2.566730744552455 1.3911200105390948 2.9077192821269926 2.6727393836768387 2.7081488163683733 3.251931227043203 0.9400760568639104 1.958607101748466 1.505971869544919
1.600207495810717 0.003238140360224491 0.10878626531911265 0.06508635796994543 0.0033990021428145644 2.6661916208053302 2.176102760498444 2.718838091152292 3.9999999999999996 3.5720086152120536 2.424779341940731 3.3179413616695776 1.9949116238137774 1.845701297867673 2.220122293463584 2.1576042735832344 2.6391583085196597 2.5669482882084647 1.3915385899684203 2.9078685175788856 2.672937482911693 2.7083422699492563 3.252026560487233 0.9405820876974528 1.9589314371847468 1.5059680636987247
1.986070994837815 0.0068531913075507486 0.08271545534692765 0.19396078703188033 0.0038420724399086453 2.2902708875931723 1.8778183146536727 2.335997729250715 3.4231569695874198 3.045639168953739 2.089099127619483 2.8591580463478943 1.7382767216402606 1.609203431311083 1.9209007514081966 1.8648489930451397 2.2685121405780335 2.206860236272608 1.2179230954598852 2.492221057142858 2.293839302609412 2.3230276668002756 2.7788222225544787 0.8385587033817623 1.6955666651782821 1.442590167983586
1.600211878583663 0.003239162656195407 0.10878502394265611 0.06513049586535315 0.0033984898774027305 2.666188680044621 2.176098742073087 2.7188351551270253 3.9999999999999996 3.572007429039524 2.424776029179418 3.317939742481755 1.9949074050240505 1.8456967072490398 2.220118465357139 2.1576003131739747 2.6391553190747437 2.5669451097134623 1.3915329926163589 2.9078660872853392 2.672934523219992 2.7083393772949353 3.2520248210052163 0.940575479359892 1.9589269673872831 1.5059680114441483
1.6792343565865955 0.00553900709549231 0.09995751504231962 0.196519841422846 0.008070417686667806 2.57016904370173 2.0404935329712366 2.6190671789877062 3.9831340889124602 3.5726164405418896 2.332667364952031 3.265525729794405 1.8425879092077528 1.6778382317978406 2.0871625528657116 2.025857852190591 2.5445336355719825 2.4606298456677096 1.199976741338688 2.837044803907574 2.575920449440254 2.6112918748352962 3.1989966749124137 0.7082790445859515 1.8075285105371122 1.504872830222939
1.6757404059856784 0.006925236185915834 0.09507932879365119 0.19333239860446433 0.0023906584196956727 2.5129157894383307 1.9660124880461975 2.5650029635926286 3.975724105697747 3.5715818372990262 2.277529619255067 3.234971107100583 1.7669708621055757 1.594988535873983 2.016280836532795 1.9525696712843987 2.4870233442596286 2.3990644545866218 1.0982853759705102 2.789320100204489 2.517535567787594 2.5537998533331474 3.161015298688761 0.586190537373819 1.7233523759166913 1.4881065998123038
1.60020746405242 0.003238122505595296 0.10878628402777686 0.06508558599782516 0.003399011150175659 2.6661916273253636 2.176102774687134 2.7188381012555767 3.9999999999999996 3.572008588724889 2.424779344564145 3.3179413620241958 1.9949116421398616 1.8457013193657674 2.220122308092105 2.15760428703475 2.6391583141730695 2.566948296569774 1.391538614968752 2.907868518319456 2.6729374898658214 2.7083422770513956 3.2520265592206496 0.9405821192081965 1.9589314539805884 1.5059680589249755
1.6002075179281867 0.003238145956597804 0.10878625834025246 0.0650865996502544 0.003398999343602288 2.666191604340886 2.1761027373765485 2.718838076883847 3.9999999999999996 3.5720086071451167 2.424779321180491 3.3179413556971253 1.994911598647361 1.845701270074575 2.2201222703329275 2.157604250593247 2.639158291988986 2.5669482700275896 1.3915385548956136 2.907868504556071 2.672937466388493 2.708342254382529 3.2520265537075734 0.9405820439795001 1.9589314107517966 1.5059680640430249
1.6762371475265188 0.006321663652957067 0.10105402628467182 0.18954085197938947 0.0020673785609479855 2.586139145021865 2.117858542994725 2.63672080423656 3.8647692102280478 3.448003663097044 2.355212149213424 3.2140914613324454 1.9479399666492179 1.8045908293514246 2.1614355838204307 2.100658815044041 2.5604287431205055 2.491387264406181 1.3681523209226054 2.8164942929500394 2.592139752876444 2.6259052506809155 3.14467815032427 0.9375903537335968 1.910649666627248 1.494739146455699
1.7012450148344784 0.007242844902111585 0.09850928165180926 0.19144816140710244 0.0017228374566684967 2.563339412362443 2.08701570034892 2.613151252529506 3.8560635986267537 3.4429559223849306 2.3319339948341815 3.200074909803319 1.9135902516574714 1.7669773775751305 2.1309752074930524 2.0707111121567587 2.538064878856359 2.466214071625667 1.326341339906724 2.799043374120142 2.56889301258226 2.6023245524333247 3.1301888079961966 0.8875476573365801 1.8766718004127556 1.4888409344953648
1.6002074582119692 0.003238137401783898 0.10878626975886757 0.06508623039238308 0.003399003625606578 2.6661916407261907 2.1761027892858467 2.7188381133566284 3.9999999999999996 3.5720086083782645 2.4247793615792483 3.3179413722426556 1.9949116541481893 1.845701330694313 2.2201223200180165 2.1576043017295246 2.6391583284094744 2.5669483098859276 1.3915386308458308 2.9078685331302205 2.67293750296488 2.7083422897563447 3.252026571904737 0.9405821364227887 1.9589314694937348 1.5059680721979234
2.357874130953108 0.010102365601337482 0.04297458719136946 0.18791087006743218 0.006165225476447289 1.6781529397525077 1.4326463616578509 1.7084491098796981 2.4346739362073975 2.4662056425388106 1.5558808840856293 2.0495861393970323 1.3597673789979647 1.2851002090949808 1.4637711410398375 1.4284443929403552 1.6710621479278875 1.6306017153558474 1.0729530171599562 1.8007447120730475 1.6785497542112224 1.6949982286140681 1.9758182542584488 0.8741019633485785 1.3290849340098274 1.5566246201251686
1.7319988868825555 0.005488648504977832 0.09866303614422818 0.1796660269930201 0.00617813143368043 2.5320951424987865 2.0752251277768092 2.581438920410481 3.7807417182132372 3.372032636129624 2.307170021295224 3.1478434028247246 1.9116058352761436 1.7712155478688663 2.118765104060337 2.0589156911846325 2.507156621705137 2.439678368037324 1.3440166560227638 2.756565815696066 2.53762799777632 2.5704864920070953 3.0762691463337855 0.924065551631197 1.8732751998258723 1.4848498881930023
1.6206449066698816 0.005981286701378185 0.10409839111205647 0.1916062248674872 0.003679644565860635 2.6356999955252047 2.145280779203141 2.688359476222268 3.972592829841269 3.5427510233693313 2.3956933835071474 3.288956417439246 1.9651147376069285 1.8152871344548953 2.189789864404126 2.1271648902089693 2.6087969692808173 2.5362253418476115 1.3603107056652366 2.8776208209617944 2.6421767177953805 2.6774869392202283 3.2214083387358348 0.9086501179214798 1.9278591159784289 1.5090730971034354
1.8292916873490483 0.006368601918829964 0.09169620711957722 0.19702488810544877 0.004161812098730023 2.4288984879743456 1.9956952985155911 2.4765663990327123 3.617216074562455 3.2222319437955678 2.215756603635188 3.0191074722438085 1.8440734364244156 1.7099359574342625 2.0385698948723916 1.9807395865878747 2.405470847190589 2.341304626926307 1.3020021871356506 2.6413057194035297 2.4335736229856226 2.4646034041880376 2.9438046625329837 0.9038258072858215 1.8041904493860066 1.4611549789610085
1.748585837339272 0.0059001786474862285 0.10062808454430656 0.17859156144298835 0.0025636036387072336 2.5545916344959774 2.1388858071771994 2.6004823406578517 3.6958062619692718 3.3080253860231355 2.342290853814297 3.1175207747362066 1.9898810052205809 1.863259059929272 2.1786733819247663 2.122855263013566 2.5313259868979254 2.4713239184501035 1.4729460333959972 2.7576327407657746 2.5602436953216223 2.5906367633119265 3.0501952251967306 1.0938110035359525 1.9558324063056016 1.4852760745415279
