9.718235993094412 0.1259516006658418 0.1705905686714411 0.19973699893149477 0.00851955787270742 0.8660004354731896 0.34684984899009164 0.9505652731018064 1.412342578642915 1.3459677301111366 2.525179903002179 2.0747445993438243 1.1737073595469085 2.0157077154591794 0.8776245179469164 1.3873866485572806 1.4803894279965615 2.8381364984679145 1.886364229405126 1.729283736386812 2.2640660757641027 0.6561237489204056 2.105279942868893 1.2639711769825297 2.867565054788349 1.9450768600618291 1.8237253713244537
8.471474928807366 0.10292745340608093 0.17825431395728142 0.19999447896337702 0.009277653356185418 0.5991099437351004 0.05586064216100344 0.6074883329763667 1.3005559602043648 1.0858120017636168 2.487146668520039 1.9472720144316438 0.8617574518921323 1.8705441731788797 0.5278104780543256 0.9899971091933085 1.2319776824978608 2.561115115081419 1.7204140553116534 1.530819657721337 2.172874444937861 0.23913757123078017 1.9515139044458756 0.9729168655421638 2.8865778565029383 2.0458785109616207 1.5692179470915826
9.254119547107422 0.12613937628252356 0.19999003653619482 0.19951085481567055 7.475841371510633e-05 0.8446200331068153 0.07641349918035859 0.8378901697957424 1.603959610582083 1.3651892167070883 2.687970271165097 2.3718532502133134 1.1407238870843388 2.2994438872638465 0.7367659644618859 1.2841819205601694 1.5727528710641745 3.1310921155117706 2.1303064269634873 1.914895623552141 2.6510568615406154 0.642202771604849 2.434696842047875 1.2655697490455824 3.480070852056844 2.2217973990065394 2.6309026634685706
9.99621051281497 0.10150163975218851 0.1782881570777393 0.18223391663080485 0.008891216100858534 0.8484100542589523 0.33960987398367404 0.8301535831521055 1.2694434769877856 1.133400878768505 1.9865751862685705 1.6553912442923355 1.0027292663410643 1.5984889410922487 0.7920909357721148 1.061875899225604 1.2576005307198426 2.0058828468335967 1.499862476005307 1.3868425904995303 1.8973140904784849 0.6010075889686627 1.6543306120395522 1.059613399550289 2.195347203834351 1.540041895171405 1.1274740116745616
9.946429959953438 0.10031560811030647 0.19262001522104483 0.19999941797397883 2.8237969920029428e-05 0.8659375895008994 0.2836862113514501 0.8516937986771792 1.5449811270452343 1.329222875998101 2.517195503377235 2.2229280139522674 1.1317121419483427 2.157551335819068 0.7704484874136094 1.252002786027676 1.5096959991704058 2.8740719708111735 2.009515161976869 1.8247922687226241 2.4782123967919567 0.4167944132495562 2.281685551047825 1.2539983096354563 3.2266577504834695 2.104058799744978 1.7342159635058196
8.860834015385914 0.09671019729278413 0.17821320395144938 0.15831080002297843 0.010527186724900217 0.9037000851428544 0.5249690711113261 0.8886519360696337 1.373972042577802 1.2195910679946598 2.2191436572759966 1.824921601089765 1.0677583260166137 1.7586561563305303 0.8467962298256122 1.1556706087037507 1.3198139681042487 2.239124046373521 1.676666907787716 1.5208789117676123 1.9651514116722202 0.7245667529278454 1.8331564472129587 1.1458107127447634 2.3780553265983615 1.6991898685034934 1.1923945229431667
6.358113762257199 0.1104358920576599 0.17904280349090335 0.1878063186175227 0.02374026375985715 0.6045487676073138 0.06375938952386351 0.5928376928066584 1.2617866650247243 1.0590229561314364 2.3020342146355306 1.8780974870778337 0.8496979389811186 1.802415666698056 0.5259961971525323 0.9668643751008321 1.1950778669497673 2.468782268655139 1.6570932807110317 1.4773794065058543 2.0869015700343985 0.2628406636977331 1.9076154989364833 0.94808476792307 2.8065791997540006 1.9636839008304254 1.617041661220832
4.665991001102779 0.12598710880629616 0.1743656696425006 0.19972379850980562 0.0027677988595363875 0.9739330160787802 0.3633450449810162 0.9399726557597847 1.5631723640300275 1.374930555130191 2.5480749486178835 2.141184702410649 1.1702799322545283 2.051156018834475 0.8830851894468895 1.2715924290725902 1.4840227160929065 2.645704738727031 1.9164801546465142 1.7013051598882518 2.3028794550695593 0.6024629620360917 2.299641251225184 1.2667996665659023 2.8973541923134825 1.9766877555845552 1.8749890979238604
0.9218627174794024 0.10481976665924922 0.18909773392215326 0.184852374514553 0.011206031228455466 0.7756311405750389 0.42414657113330523 0.7326235268383804 1.3524985059283083 1.1675880985902904 2.2817182023127223 1.8282067211854942 0.974493421717329 1.7490805379261556 0.7031485266149022 1.0673319733475912 1.253404244753666 2.3027983909861445 1.634906903645299 1.4845125160804198 1.9915301125406653 0.4663781248387387 1.841568971682296 1.055600340978471 2.5629482806661543 1.6884980187173069 1.6166433943736416
8.521149869904256 0.13745355889192762 0.17925870271528693 0.19711459207695473 0.031559301716699815 0.7981731963763196 0.16743278288565783 0.7736355536064914 1.3938763122654811 1.2007630618349205 2.423638242646926 1.9449801518406358 1.0106406248688016 1.8697512623713963 0.7180758731450737 1.112772025464736 1.3202315961578026 2.46199751327503 1.7359620910444056 1.7084539466047566 2.2631536141078996 0.46356089453297683 1.9609005349072484 1.0993030941075457 2.716440515069502 1.7960478298025864 2.124321811873977
9.999102786128661 0.10007027215052393 0.19529314376678014 0.19999957151112946 1.3129032589409894e-06 1.0069102389639275 0.44087567338506434 0.9877328433614051 1.5479787640232354 1.3634489574434874 2.46302237381541 1.6225163685887218 1.2046942972594292 1.9822765340654134 0.8699342111736806 1.3006323502802346 1.4983754016235584 2.527115116024888 1.8564337770846384 1.7323900932441842 2.2027971564172355 0.6901724774344942 2.0706122982361235 1.2915905297554564 2.7725956659271014 1.9174007963461945 1.59458877029226
8.171413416359181 0.11099016431827465 0.1933792198084813 0.19950878467834005 3.166261603993194e-06 1.232003139487403 0.6060508338615027 1.1622136053993668 1.5675266312917597 1.441736401249222 2.2574055413812046 1.953864657676044 1.3570065288688242 1.8878294336307218 1.1162460538256043 1.4442671709534405 1.6350782974848643 2.2675300134847496 1.8157871090001891 1.7101498278082206 2.0574640165884643 1.025255110986533 1.950304995838689 1.4221454432001077 2.482389012208182 1.8477823830766138 1.7463796710399668
0.8727508072304879 0.11786169652105473 0.1694749853548225 0.19538734834833457 0.0043340791744199475 0.7669256608927506 0.09747060491122224 0.7233610091531333 1.5616450481259752 1.3032723890865723 2.773442871047993 2.1652629816767024 1.02554886024467 2.0738310038950827 0.664359857019799 1.162606042053609 1.4213874283406847 2.846554003098481 1.9467793715317196 1.743506555108636 2.4286853202920606 0.3579538789620103 2.564268064613703 1.155088831404149 3.23394010725238 2.3131296664259864 2.0358896077890205
1.97686648036126 0.10136471874428224 0.18444152596189836 0.18536970314642426 0.02122088249657034 0.6321611941050252 0.23451565710873376 0.5816432184479416 1.2398456909821007 1.0402307236252617 2.227987036122468 1.7569568494147183 0.8322548895495251 1.6853446508047272 0.5486358410661867 0.9311874332650962 1.1466374890337887 2.300036819937478 1.554488459259924 1.4023762887348679 1.9386253260523179 0.28846730344337795 1.7750930258526758 0.9248400835823944 2.5440283929274736 1.6127894090434454 1.463415307751534
9.563159375507237 0.05343096518396035 0.19999997591260968 0.19999690014124794 8.540249045137289e-08 0.9271227842973749 0.9145698978699371 0.9255556051590762 0.9400783642437308 0.9359838766658738 0.9618136348574844 0.9517058839665268 0.9319957943442615 0.9496513526559993 0.9255479668072085 0.9338975947649375 0.9380797764910238 0.9616213676930326 0.9465345315685209 0.9432306554496076 0.9545558010004459 0.9200209123540698 0.9512128214361341 0.9335178969898994 0.9672904496238569 0.9478155273252765 0.5743734121849813
3.0288445037801752 0.048750640788010814 0.1997197525847154 0.1996882036200584 3.959517689405766e-06 0.9036252948631293 0.93753041949169 0.9065822810089835 0.8716558080867427 0.8810381218396249 0.8211859948916898 0.8449497582666117 0.8905391053666083 0.8499866847535453 0.9067935784069838 0.887340101100754 0.8779302860225922 0.8221201367250228 0.8576547007399515 0.8654590951514319 0.8388181486932438 0.9213141591532714 0.8465855398583371 0.8884227205100631 0.8097069719970782 0.8545669208048152 0.6239066318080841
8.340815706890373 0.11123901465112017 0.19928896329863255 0.182462261832972 0.011147959868876303 0.8902781851348144 0.421648208737257 0.8656670991563141 1.3434359135600873 1.249769966587426 2.1273271713110105 1.7667927898254845 1.0608561154408915 1.704534780405311 0.831086736668822 1.1353579395415994 1.2887342258896064 2.1616409333895774 1.5998715659718934 1.4777789978808276 1.8903712045271182 0.6314584574855652 1.7686337342349387 1.1233559197561551 2.3566311202766363 1.6447153951994349 1.712002599550911
9.419673792391901 0.09597156215239531 0.1777623898020786 0.16295931157202195 0.020527037061961535 0.7795808030635241 0.20737929404142097 0.7800554277329014 1.3218715955086604 1.1537211251633572 2.084796506843736 1.8190535168257949 0.9850288224266506 1.9126700451418486 0.7063402793387695 1.0738017153183244 1.254855148256018 2.273920794708044 1.6594258612272117 1.4824209925660514 1.9690000402768364 0.5512797228503882 1.8283430879254323 1.0563921806951666 2.519580615715005 1.67650589579076 1.2098551304528722
8.622765501416609 0.0837623945973715 0.17782626523715728 0.14534349918301712 0.015112562625217317 0.799869019256694 0.34897903987542184 0.7950712957590345 1.2414193094402473 1.1003754387035987 1.9687531336116664 1.631243369752206 0.9630095313995992 1.5769452952407128 0.7646838174929638 1.0332658327670214 1.1825270928631553 1.9853080075518759 1.4835236490945727 1.3592140757339972 1.745126425526675 0.5544836769520974 1.6363948196495635 1.0229416912036569 2.1769872920954745 1.5185053661593575 0.8912629892936512
9.985037189291454 0.07996599973239886 0.1843680007437823 0.17826358031381828 4.9291399093782706e-05 0.9923526759623424 0.7992608398018115 0.9540786951381991 1.1778513493207228 1.1180581551007425 1.4806591409352963 1.3362748751740554 1.058588288295387 1.3130036510857495 0.9686340157464297 1.090879334344729 1.1465061528031966 1.477230187405978 1.264666221146638 1.2216489512692146 1.39471419018371 0.8906356283830268 1.3320177006226976 1.0698259979990947 1.5555818701813313 1.285164173147658 0.7239045963193091
8.55162176848649 0.057791170359117176 0.19999999062799437 0.1999998429152402 6.285568433329098e-07 0.9695719717116118 0.973562044309366 0.9700222143960183 0.9658192990482771 0.967001787930144 0.9595075943535594 0.962432566496636 0.9681543338940417 0.9630314378542695 0.9700345615296168 0.9675627490717665 0.9663857737616846 0.9595490758185284 0.9638589485758812 0.9648883441214012 0.9615994736624607 0.9716821822566786 0.962567277031431 0.9675893016962525 0.957912882650839 0.9635565016226079 0.6154356519983789
9.99873983929388 0.05528547385303473 0.19999995454281097 0.1999718962980245 1.9786154148777263e-06 0.9391300785717109 0.9253268407439453 0.9374685870108476 0.9532309667102182 0.9487813625605636 0.9770569679472783 0.96603400777055 0.9443381176360148 0.9637350825766815 0.9374711547300291 0.946386909044666 0.9510085954738103 0.9767513544247398 0.9604293132115552 0.9567405779316059 0.9688793615215789 0.9319012048005002 0.9654569159458734 0.94596775783196 0.9828578152149876 0.9617559715433898 0.5904913405811991
9.991794873344135 0.07289752596588465 0.1916208717079362 0.13369718155456534 0.026958923066973124 0.817318663782927 0.4509999892285593 0.8044669065162905 1.1691656280205955 1.0586852183439392 1.7612796653843594 1.476715725800587 0.9439512092764824 1.4331883892794408 0.7685584957659535 0.9994648665959062 1.1171361525624495 1.7633668714166026 1.3505916966172422 1.315144690700375 1.5689010051964876 0.6091656107806945 1.4755242745200683 0.9886949947202165 1.9162012922663458 1.3821614358465455 0.8097323760102393
7.880394829126104 0.03261601526032948 0.19999421432416128 0.11413426346594711 0.004886195601894615 0.8485689453203481 0.845418767075772 0.8481924478359845 0.8515832179095215 0.850616982907525 0.856679856757418 0.8543076611228141 0.8496864338207426 0.8538275297344433 0.8481859875864775 0.8501499479419607 0.8511313895839616 0.856652884040473 0.8531294722085788 0.8523415318435202 0.8549962377777173 0.8469056625394378 0.8542143064493547 0.8500671607599695 0.8579846287102879 0.8534183819560974 0.36333011669970194
9.128238543132912 0.05732636702706335 0.19999999999810347 0.19999999793510945 4.2828956396569274e-10 0.9633159211718111 0.9630052395306062 0.9632794003422187 0.9636159546731233 0.9635208257683487 0.9641184228298669 0.9638849652383913 0.9634292061746755 0.9638364621790663 0.9632801928975 0.9634729893607605 0.9635695789837461 0.9641140940051484 0.9637664687845947 0.9636886579293392 0.9639505133973971 0.9631536266039447 0.9638731780107241 0.9634641499146196 0.9642463096345905 0.9637946099939838 0.6104975793386698
6.568777627312846 0.0546169262255421 0.19999997528236224 0.19999995161018028 1.3843874679942206e-08 0.9225545248420128 0.9087956258904373 0.9209336963168608 0.9358694738716961 0.9316556091275513 0.9583083876254187 0.9475802144751959 0.9275763885538755 0.9457378257058492 0.9209199285642051 0.9295354074361244 0.9338419421598454 0.9580904554738396 0.9426097740054531 0.9391433047068238 0.9508069840775379 0.9152387114362105 0.9473639857164053 0.9291457767264265 0.9639214872251904 0.9438633227933041 0.5823590658085863
9.530308696901686 0.05355256733458482 0.19999999999999887 0.19999999997545995 5.906136042900375e-15 0.9402133170008163 0.9403755652095656 0.9402219260458381 0.9401391068495882 0.9401645884572251 0.9400039691003608 0.9400667309206089 0.9401867459457488 0.9400792363603452 0.9402218301365195 0.9401749656629952 0.9401497568281901 0.9400028876873789 0.9400969946338001 0.9401177453927599 0.9400463126131787 0.9402440781169714 0.9400672337885977 0.9401765959692167 0.9399660846300112 0.9400884369329547 0.5775815585911555
9.117403960816878 0.05775595174711147 0.19999999999999998 0.19999999999938844 3.0569944382369872e-12 0.9662027037522211 0.9661338696454304 0.9661946792054255 0.9662687821229737 0.9662478930696037 0.9663799569091589 0.9663283402671644 0.9662276491292143 0.9663176366671783 0.9661946719472577 0.9662373306491465 0.9662586740298886 0.9663789537384011 0.9663021583355111 0.9662849613307029 0.9663428190562929 0.9661664913671923 0.9663257370954689 0.966235372119191 0.9664078651925718 0.9663083690442931 0.6146168092478383
9.845972629258075 0.05253167947030168 0.19999411652275506 0.1994659429483414 0.00011738854469530391 0.9181013758555299 0.9015810591023936 0.9160299384881324 0.9354144324217113 0.929972614915114 0.9642031779762925 0.9508825504874259 0.9246700954058704 0.9481487785772882 0.9159815079314413 0.927213334193766 0.9328227353421716 0.964042188528279 0.9441477997184533 0.9396785432090718 0.9546904469497957 0.9090767616237996 0.950276716130987 0.9268428474818621 0.9715235417680557 0.9457615081913273 0.5658781115086722
8.969006933134734 0.05853508103315947 0.19999999999975143 0.19999999988126776 7.573765226785592e-11 0.9714492652229866 0.9717598048845119 0.9714814747618825 0.9711811386549524 0.9712596297750964 0.9707042647156606 0.970929513533641 0.971342725143204 0.9709618021847224 0.9714829543680898 0.9713018279602411 0.9712111708016796 0.9706995884874253 0.9710262216162489 0.9710992891816582 0.9708738081010102 0.9716085783579217 0.9709255012178485 0.9713099105264882 0.9705828350999393 0.970999298084129 0.6220180211058352
9.999841398009407 0.05583729070702318 0.19999997494564486 0.1999989445431357 2.4616852719610384e-07 0.9460547791631208 0.9361982696903176 0.9451212185144584 0.9564809672680447 0.9531691203139235 0.9741807266638707 0.965827926974893 0.9499720740846067 0.9641618766400394 0.9450727976008255 0.9515275619501646 0.9549233826390692 0.9737324776328272 0.9617536909775264 0.9590548912280735 0.9680922337589125 0.9410166000872201 0.9654305266438061 0.9512255757592758 0.9782438800406998 0.9627118797307962 0.5960912120684442
9.991739894721132 0.056207361498981506 0.19999948801093484 0.19999328546541933 9.480795370349e-08 0.9523771696577571 0.946110133008397 0.9516052098305797 0.9587373588225714 0.9567419025334964 0.9694793558346971 0.9644910703332924 0.9547939682638276 0.9634748734262395 0.9516204181971379 0.9557147428806421 0.957772822464572 0.9694284825799081 0.9619831382862948 0.960314846259123 0.966016701227598 0.9489210469000073 0.9642744826965858 0.9555218143966959 0.9722315968585149 0.9625874685779859 0.6001465058992181
9.65741147271516 0.09342367806423187 0.18536178923834964 0.17403507675593063 0.02892648116475279 0.7091950932257732 0.22443567053855348 0.6954615851887263 1.2120132428129164 1.0533561107948177 2.065893658567248 1.6641587142526195 0.8947576827141723 1.5980710311994841 0.6467705121528371 1.0282845212405902 1.1448314845074001 2.2519520041394547 1.4850501617620309 1.3518051071984862 1.8005802538939173 0.4317187337947074 1.6685472993501091 0.9632083882345269 2.302956014559063 1.533483190501953 1.1562076442059717
7.0341114435853065 0.023779378576796684 0.18037475041917503 0.09392362939619787 0.013684151337388852 0.8002725911913018 0.7451526271773373 0.7941309353971301 0.8531582411449475 0.8364142705546487 0.9421384741395721 0.9007492423841299 0.8201535465343621 0.8922373192559886 0.7938176542633453 0.8279695543297371 0.8450735306287072 0.9413205086472716 0.8798765878033566 0.8661223682323929 0.9124060873837336 0.7712670219160455 0.898738231570399 0.8264192910483474 0.9644642732252136 0.8848379538666443 0.2202280415718908
2.4021122049089407 0.02499123443124081 0.19593005775007508 0.17484867727520426 0.019955587471095836 0.7440014494276577 0.7708530615496301 0.7461293621232394 0.7238605791359338 0.7301770321395826 0.6887594852979946 0.7075026557112698 0.7365919506329065 0.7110412280335424 0.745703683152537 0.7337726682652927 0.727660500778228 0.6913728724091232 0.7144627772568644 0.7196116060706527 0.7021510157117291 0.7526294413375695 0.7072288031640602 0.7346049682908304 0.6820934917612123 0.7124193111075904 0.5101471996381819
9.99411359299901 0.06756271086804426 0.19085802898131696 0.14570368261977865 0.019547005813263133 0.679806115789436 0.2919757909198264 0.6632651604315076 1.0684898449908768 0.9455228642082318 1.6888911714894186 1.3980178976171589 0.8204707713130416 1.3426642637303239 0.6306983528298831 0.8810101910081912 1.0036919549773649 1.6957406070035177 1.3115256168593166 1.1571663402862682 1.4881939271927365 0.46936341023206374 1.3909076783769396 0.8721388144901455 1.8615972245705532 1.2910602271122218 0.7018641478960974
8.711164335319765 0.06172990254018897 0.19999999998150778 0.19999999999999665 5.283142450154159e-14 0.9918769062025948 0.9921406587468998 0.9919036057507493 0.9916653200561437 0.9917273166226127 0.9913035994263072 0.9914714621028267 0.9918009672322077 0.9915090577941854 0.9919081047154874 0.991768511053083 0.991696562506929 0.9913090496755087 0.9915689406394304 0.991611870522918 0.9914233284271439 0.991987843170126 0.9914787451569407 0.9917708839719566 0.9912092289674286 0.9915403273928153 0.6545042538579776
2.7941585722896085 0.1203697881698488 0.1935956175802405 0.19999951056304618 0.0006633233413770623 0.7118110635441957 0.14436622263908083 0.6819998854620672 1.3267088846303943 1.1596889081345385 2.39547108138262 1.8780128923982249 0.9371910280574279 1.8528806539490281 0.6380825426381926 1.0380151174490855 1.2440564363251663 2.082055110302009 1.6605539361544948 1.495996368468011 2.0688890189897116 0.40612363696454595 1.893745876625178 1.0218377545506616 2.789322705262005 1.722016913480522 1.9634339474871616
9.95274893291022 0.10533302497979284 0.18503994390982126 0.19986780646601027 2.4888751721617953e-05 0.6023900349053177 0.096895587129501 0.6042358026294912 1.2314991277850817 1.0370019062382612 2.2892448177884304 1.7964707839614755 0.8418114402073452 1.7204100543391716 0.5293789586898229 0.9435706159362753 1.1552162857057886 2.5710212838683377 1.5833543933532483 1.4141022408848514 1.9880140774423527 0.28487844541478025 1.886419121267729 0.9265729947659398 2.5683481426304557 1.6456790889630062 1.5010144796241625
9.893007661697926 0.11736955550855424 0.17543559197643818 0.16366023801502322 0.02174724163499391 0.9629247825601085 0.41076672209029114 0.9570805678163692 1.6597013837456231 1.332040203390953 2.4377560807125103 2.0130308613313894 1.1681199514027745 1.9508230666821103 0.8913135524261349 1.2626621199392558 1.4503107385914131 2.5429963081664324 2.1747603055371956 1.682704165036461 2.18295447176542 0.6391207671805531 2.035911550183884 1.2488444304841513 2.7681314755816597 1.8847970913037324 1.7891112957955397
9.001320288100068 0.058161701693113015 0.19999999999999948 0.19999999999970283 1.2673761161675262e-13 0.9692065475765338 0.9696250487345119 0.9692528126407325 0.9688084188286886 0.9689347290194703 0.9681394228656114 0.9684507286895976 0.9690571646994253 0.9685153444648311 0.9692555922507374 0.9689978876708119 0.9688683439712531 0.9681464486946637 0.9686085780807234 0.9687120686043097 0.9683639704109317 0.9694255511871465 0.9684472870530696 0.9690078292598734 0.9679727201564652 0.9685713109975693 0.6184473107942132
8.602371975517462 0.061340514898125274 0.19999999996171366 0.19999999972356264 1.2910534671231659e-09 0.9899959595621117 0.9912974975869742 0.9901584437941772 0.9888093271680357 0.9891926244744317 0.9867657395594325 0.9877252725979416 0.9895683493886623 0.9879197523259109 0.9901776110423677 0.9893904247404044 0.9888509360955818 0.9868021207250453 0.988203483376768 0.9885180166668526 0.9874573585504111 0.9906969420092895 0.9877742091565841 0.9894267401878165 0.9862763357834077 0.9880905070033953 0.650359964825639
1.8853950667885686 0.016376030304261734 0.19952562015917838 0.19997577655622165 0.03506209095935989 0.7598224420116841 0.912238320472191 0.7702385092072247 0.6899186804735993 0.7111373961780639 0.5510700577262994 0.6463509194730679 0.7310845932375244 0.680094667006665 0.7696396386774329 0.722492514456725 0.7027479037967415 0.5540906696636999 0.6620996680810352 0.6773749714235122 0.639014472219858 0.7999988230860599 0.6594839438754803 0.7227672226933646 0.5070467094061573 0.6601460609795727 1.0537137014566875
9.40181960714345 0.09923459082936466 0.15866179900334912 0.1996512053850322 0.003513387666541972 0.8960712904685434 0.18644687544059219 0.7485754022179507 1.3586627081962512 1.1538329924921469 2.21432724080627 1.846004976793359 0.9644351023488 1.9753599988843735 0.8071090395775024 1.0713556426880908 1.2916946087012613 2.2528965032213404 1.4646825405615718 1.5950854976148106 2.1246070881741814 0.4422148543255407 1.805475776657852 1.0847964784988184 2.4929033885324037 1.6422881083197767 1.1058917514379782
9.99625720116112 0.11597368236889462 0.19584125381488182 0.1942736235137737 0.0005555220596467743 1.0941833732951696 0.6723150229402082 0.93325564631611 1.2531564848204648 1.159433064930026 1.7531862508993312 1.5215896460293656 1.0686916421171737 1.4771808360921814 0.9208097498466293 1.114208578663642 1.2127719317531407 1.75355510501709 1.4092996839182919 1.3314697305148113 1.7199425290372987 0.7905696029271405 1.5156346830242806 1.1071618317064573 1.8867966951543678 1.4378677607409494 1.6066655638312004
3.5794370038337084 0.041773354329996744 0.19390826769089417 0.1851298387635792 0.005498352173787459 0.8485617098658967 0.8602133154658314 0.8497711752386492 0.8369391548875257 0.8405961351132094 0.8182725381407372 0.8272825182006859 0.8443894662464493 0.8287928490330233 0.850163444421476 0.8427182742140094 0.8389557078136535 0.8181905331564874 0.8313419086789677 0.8342785949213724 0.8243639989574939 0.8550986336857791 0.8272933680753457 0.8428168426982707 0.8132482290516744 0.8302942660100882 0.46377310486736506
9.45591034874717 0.054605748255820354 0.19999999977686905 0.19999996476874551 4.078184363899278e-11 0.9442934300477769 0.942019923880631 0.9440277297509041 0.9464848493495165 0.9457900686315647 0.9501683630666803 0.9484535833461039 0.9451167718250931 0.9481031328617767 0.9440257293593931 0.9454419178484527 0.9461497301115156 0.950135635410272 0.9475911739959318 0.9470170483108065 0.9489376984117814 0.943052361044427 0.948370595031667 0.9453779122989973 0.9511110297486961 0.9477944846028034 0.5859997752709515
9.999974064414156 0.05438800858489058 0.19999999978399835 0.1999942091707668 3.774879275279623e-06 0.9327413412357259 0.9173944820534623 0.9309371361081149 0.9476056414901043 0.942906481464152 0.9726497843186005 0.9610042241415719 0.9383471038752154 0.9585996046459541 0.9309321973380593 0.940531785108547 0.9453367242146244 0.9724252177837395 0.9551186604001594 0.9512519017039809 0.964266274859602 0.9246018343818831 0.9604239981199956 0.9400926522954457 0.9789098613879907 0.9565170557904735 0.5825514031089969
9.999999716018406 0.051253137260684194 0.19999999987673903 0.1999990911139761 8.145981947957741e-07 0.9051128193370667 0.8823190072466107 0.9024374578909151 0.92732675568339 0.9202983756144973 0.9647144206452908 0.9473280496796884 0.9134841467067424 0.9437650755377638 0.9024088024040128 0.9167516513532449 0.9239348166513777 0.9643665126964955 0.9385442284921395 0.932766563033144 0.9522078481152607 0.8929487549126485 0.9464632505683108 0.9160964574935594 0.9740937468806518 0.9406302293331599 0.5561475944013232
9.24229516117099 0.05666645194365444 0.19999999999999932 0.19999999999999474 1.18901578735467e-13 0.9593506671563775 0.9593289391862925 0.9593481101815902 0.9593714734458856 0.9593648995038044 0.9594064753959127 0.9593902231200011 0.9593585238417033 0.9593868621029877 0.9593481384281783 0.959361580434691 0.9593682987023171 0.9594061730763402 0.9593819801742259 0.9593765659670194 0.9593947890205393 0.9593391914020974 0.9593894080412267 0.9593609666064101 0.9594153275752213 0.9593839568411084 0.6045396615695988
8.878992306804307 0.060043429410696535 0.1999999999996506 0.1999999998462283 5.600307877210406e-14 0.9807115752590553 0.9807910017272425 0.9807126719231261 0.9806361417292009 0.9806617894251132 0.9805122413556118 0.9805735675827038 0.9806865037321739 0.9805860904878412 0.9807210486982064 0.9806744101289013 0.9806508465252959 0.9805195624726073 0.980532955659105 0.9806220835125151 0.9805591757612497 0.9807488178665921 0.9805779046036045 0.9806763057569394 0.9804883156418717 0.980596957889311 0.6369924719049735
9.999966713941996 0.053453834223233 0.19999999991592246 0.1999999367726209 1.3040580297990027e-08 0.9368907617843639 0.9327390008573351 0.9363841248699679 0.9409804228326691 0.9396834771646749 0.947852330574461 0.9446553842790737 0.9384307697557438 0.9439866948000194 0.9363931356777453 0.9390303889223344 0.9403467138711336 0.9477698548282332 0.9430300781636733 0.9419689773591421 0.9455382525219527 0.9346445406986088 0.9444843961743754 0.9389094620255767 0.9495504387048087 0.9434128023394892 0.5765164433538956
9.085544685624237 0.058169225593014774 0.19999999999999998 0.19999999999999998 1.0848394636968851e-20 0.9689257136118674 0.9689245257543839 0.9689255752330478 0.96892689015725 0.9689265229773597 0.9689288370673934 0.9689279295573386 0.9689261608525436 0.9689277320242357 0.9689255760736976 0.9689263240595267 0.9689266983251399 0.968928799971373 0.9689274572920639 0.9689271517244762 0.9689281685214021 0.9689250775920373 0.968927869786097 0.9689262880213233 0.9689293035979822 0.9689275658770593 0.6185704397473931
2.0422549391781946 0.03142355873262963 0.1913066292617163 0.19999129765828286 0.013975395825807303 0.7604768682154134 0.9529558349047907 0.7758342477229341 0.790294034888059 0.7957675786792026 0.7545197145467364 0.7995257828853886 0.7549160465236918 0.8451959473109188 0.7664409810186974 0.7969760575028956 0.7929775267442931 0.9129631506567449 0.7936605002561415 0.7929794249731925 0.8870232664092713 0.7783783746243385 0.8921705693824429 0.7431441627585397 0.6704779313324902 0.7938413023080919 0.5941967430777432
9.068336246368458 0.05832313938421046 0.19999999999999998 0.19999999999999998 8.03480746702703e-24 0.9699000237935312 0.9698967736465823 0.9698996353312059 0.969903128407313 0.9699021454135346 0.9699083733206143 0.9699059449189807 0.9699011963713037 0.9699054471289583 0.9698996430569574 0.9699016565408267 0.9699026674630732 0.9699083441824363 0.9699047191624125 0.9699039076452965 0.9699066391131471 0.9698983150643542 0.9699058328381425 0.9699015651733264 0.9699097105543034 0.969905013031599 0.6200427365637935
7.361697457634338 0.06298738254001296 0.1999999385997569 0.19999997078358187 9.6836562848271e-13 0.9930889389070005 0.995734309479349 0.9930532344150362 0.9921517068857262 0.9923895123118273 0.9890206391796503 0.9902692449339793 0.9925911175310324 0.9902421913436131 0.9933506055903181 0.992121774112226 0.9915269443690715 0.9889556268332356 0.9835826034172662 0.99079079654744 0.9897806097327864 0.9943996217448028 0.9901565672463684 0.9920419587904341 0.9885594428544021 0.9903001491616148 0.6659490172520868
9.0646101078136 0.0582232844639167 0.19999999999999998 0.19999999999999932 2.4453394549070553e-17 0.9692151382312617 0.9691839556886852 0.9692106731523048 0.9692432217354964 0.9692343134069926 0.9692939896800281 0.9692713892355288 0.9692260345986977 0.9692673595115641 0.9692112769781206 0.9692307046801558 0.9692407359850942 0.9692957986611055 0.9692606642898748 0.9692528237256893 0.9692793595523551 0.9691985719634715 0.969271557608193 0.9692299362195895 0.9693092195632513 0.9692636216164136 0.6190580547665886
9.392308347100677 0.05531185836972157 0.19999999999999812 0.19999999999977142 2.309361922712187e-13 0.9504496311694456 0.9500465403075375 0.9504013372577526 0.9508327768013959 0.9507113411505279 0.9514791575751539 0.9511793100605593 0.9505935506742679 0.9511161260679789 0.9504024852477552 0.9506499652587271 0.9507741751019836 0.951474596030985 0.9510271386103735 0.950927107698173 0.9512635691708697 0.9502392894107708 0.9511643031170611 0.950638597168569 0.9516417336991064 0.9510632929594439 0.5924170967125425
9.079629482711802 0.05804165211669044 0.19999999999999998 0.19999999999999982 1.304793814897792e-16 0.9680519750505541 0.9680307016280479 0.9680497262696727 0.9680729241038839 0.9680663527763862 0.9681076985487389 0.9680913476852402 0.968059811888541 0.9680879008818566 0.9680494873242957 0.9680628226927402 0.9680694963307784 0.9681070652461515 0.9680830784377509 0.96807768197359 0.9680957803980486 0.968040652469127 0.9680904441428168 0.9680620574293607 0.9681160821341225 0.9680850171826562 0.6173201037444598
9.18519655616688 0.05717799764253709 0.19999999999999998 0.19999999999999998 6.238924619998642e-22 0.9626020485264308 0.9625899319973328 0.9626006133582288 0.9626136861559925 0.9626100059385054 0.9626332680442533 0.9626241783690324 0.9626064404250367 0.9626222940606679 0.9626006346177913 0.9626081435057088 0.9626119042350674 0.9626330929795427 0.9626195660512201 0.9626165363353367 0.9626267288086625 0.9625956691300128 0.9626237176690563 0.962607801914097 0.9626382097408784 0.9626206605703241 0.6092352950325336
9.156115625303054 0.057137856951827486 0.19999999999999998 0.19999999999999998 4.5097603114448414e-18 0.9622815476010728 0.9622658904863093 0.9622787584426487 0.9622969387830557 0.9622918348339712 0.9623222648197427 0.9623112095252765 0.9622867339009633 0.9623086258947136 0.9622775171893565 0.9622895261650478 0.9622945872331009 0.9623227404758333 0.9623049568217783 0.9623008694889147 0.9623128849154832 0.962273361377451 0.9623104815558267 0.9622890721396886 0.9623308060895682 0.9623063349580406 0.6088140407520155
9.047974206599063 0.05821634777909451 0.19999999999999998 0.19999999999999862 4.125910858967739e-15 0.9691502115740468 0.9691468079186158 0.9691492273903177 0.9691544822756385 0.9691530956820511 0.969163570578177 0.9691600714428057 0.9691519246850367 0.9691598142676711 0.9691485395443951 0.969153130039172 0.969155032817591 0.969165149335283 0.9691616602818764 0.9691574277500387 0.9691623181629907 0.9691469391196756 0.969160968241963 0.9691529548776762 0.9691676827416768 0.9691595039647265 0.6189688241571029
3.842270233004073 0.025642374122478596 0.15278184621041993 0.1026187721113983 0.02122301586036466 0.659325920260812 0.6552543206625426 0.6576555884668258 0.6633804671385609 0.6621218017418528 0.6736349636829099 0.6680490398003374 0.6610418582492822 0.6670907071081664 0.6595004512178655 0.6614640895376267 0.6625073620552722 0.6778267461786368 0.6658757731185584 0.6646043572088661 0.6693642379674956 0.6518087546928374 0.6677272267665405 0.6616047074996846 0.6841422765708883 0.6663139932161212 0.21569647621718072
9.991905395424702 0.0541555041675284 0.19999992398723287 0.19999854609457615 5.762986557409314e-07 0.935772299748914 0.9257056598145105 0.934499651186467 0.945604075545528 0.9424821997189552 0.9621567639663025 0.9544800141326639 0.9394544555474622 0.9528928699712762 0.9345321896591797 0.9409065792400971 0.9440361475123075 0.9620428206901298 0.9505811652219315 0.9480151013842409 0.9566514219723057 0.9303080805001587 0.9541013094498535 0.9406175119664527 0.9663650937288619 0.9515095025799176 0.5813990750692607
9.061594234910546 0.05797145919900487 0.1999999999999998 0.19999999999969564 1.6397300727481041e-13 0.9709427845495513 0.9665722509203167 0.9708760559390242 0.9688001324984826 0.9686671324781092 0.986276357855391 0.9695026863408756 0.9609600295262409 0.9680706222672834 0.9695864291687617 0.9685943649194034 0.9687375776508058 0.9682635221975261 0.9694799561287527 0.9691288161268269 0.967908934834718 0.9704733617696732 0.9675801923057241 0.9686170491569546 0.9683325422750991 0.9696118216736859 0.6160513277201682
8.924706353385783 0.057028358023288775 0.1999999753559485 0.1999983235987036 1.1908180259587368e-05 0.960871952782317 0.9632990012371235 0.9609034347083656 0.9612227940776215 0.9611989514318608 0.9623691690934947 0.9612438310775997 0.9608632049579436 0.9611110248942061 0.9608079349675094 0.9611489365683104 0.961188214513649 0.9616339798014419 0.9611437061649443 0.9611788313835903 0.9612235888024735 0.9604574407226039 0.9610221554707932 0.9610731608711343 0.9617493690792744 0.9610633324647764 0.6074319508688922
8.798032201685865 0.06113992427126747 0.1999999982360219 0.19999946647535738 6.58746359037873e-08 0.9886642921997858 0.9893071587918701 0.9885784671982065 0.9879822852677086 0.9881521739735497 0.987139273051893 0.9873199334437979 0.9882846405552956 0.987381139233281 0.9887140395666626 0.9882368443630222 0.9872566054181011 0.9884522437192514 0.9876710535742178 0.9878441031515215 0.9871023684309614 0.9893591473302217 0.9873027418646728 0.9882535033658026 0.9864477436513305 0.9876041620260237 0.6484296029861132
9.999466558515515 0.1182927791944293 0.1861150664985703 0.1889158175170231 0.0006015304025223876 0.6788961852727269 0.1051709267174697 0.6817435792150498 1.2863377488498104 1.0976524244015962 2.4204696666902623 1.8345098030243907 0.9083125473953333 1.7606869694417533 0.6032883341749914 1.0076315724970168 1.2126076489677589 2.3434112731134884 1.9593618821751915 1.4643907950922124 2.007788523715779 0.33957826235967514 1.8483089106453763 0.9925757156592605 2.6123989107488685 1.6850359570626896 1.7685642577682872
9.143499607172926 0.05753229892972742 0.19999999999999998 0.19999999999999998 8.717882968924922e-19 0.9648345699178591 0.9648208928873733 0.9648329556470967 0.9648477239577282 0.9648435667617288 0.9648698494782533 0.9648595794202183 0.9648395363522764 0.9648574487425683 0.9648329719542649 0.964841463179696 0.9648457127490631 0.9648696528863567 0.964854369029854 0.9648509459133169 0.9648624620883492 0.9648273634511063 0.9648590625288685 0.9648410733183339 0.9648754082084869 0.964855605826087 0.612528336222975
9.16570832825501 0.057613051955642244 0.19999999995583947 0.19999999150643125 1.4961515651940145e-09 0.9653650593710755 0.9648268195472478 0.9652927295926956 0.9658840855696245 0.9657149507575754 0.9667771023766493 0.9663562591652902 0.9655545932967505 0.9662689040482402 0.9653000928288985 0.9656333914192397 0.9658022957122812 0.9667536620351271 0.966145410102449 0.9660094634915128 0.9664669551957961 0.9650808789908347 0.9663316371650814 0.9656184890199008 0.9670143506053032 0.9661941009525321 0.6132369699209994
9.389990543528546 0.05616923641609155 0.19999999999913506 0.19999999996007278 1.5552774495501992e-15 0.9559874246745772 0.9553730788963952 0.9559149864063358 0.9565780497562297 0.9563913747832774 0.95757141787433 0.957110256649867 0.9562106075816048 0.957014601338413 0.9559159813044352 0.9562969254286343 0.9564877075130935 0.9575625188729676 0.9568763394820086 0.9567226590301191 0.9572425442401563 0.9556645732372563 0.9570870566968042 0.9562794191872769 0.9578209586031541 0.9569318666678343 0.6000707106051321
6.159522961867872 0.049101047871193834 0.1999967835524246 0.1998648820746918 9.714471754209736e-06 0.8604423354215488 0.8233655911222778 0.856224752792685 0.8961418932141867 0.8848377835416948 0.9561951454915557 0.9282784085173204 0.8738789058914331 0.9225190502328008 0.856091992112006 0.8791394171480637 0.8906790508747426 0.9556528913100083 0.9141722097565167 0.9048853477170347 0.9361309519984503 0.8408870821100976 0.9269057258091962 0.8780896073360346 0.9712734483048296 0.9175243467303478 0.541249740500818
1.1397885431589538 0.1238352357610869 0.19230007329356003 0.19810081093952947 0.004158425746007347 1.0241093214570247 0.6806010155938834 1.0054582943635575 1.399297503471059 1.2757955078329533 1.997133440995632 1.7167044605136732 1.1478003880017995 1.6641100015631223 0.9869601321871646 1.211818678398031 1.3356292779931171 2.00501341655811 1.5797139291396434 1.4871214830622193 1.8089786004847843 0.8411769144388722 1.7144046435843894 1.1999338751123785 2.4015732997494945 1.6177449332601979 1.8027925195211714
9.999862319181833 0.10168900270256626 0.19941098347012182 0.18689649003100375 0.013607848999704054 0.7188205182287889 0.2506185704417989 0.7047523460782793 1.2051480067785312 1.0519004242681362 2.0185644908351468 1.641758784853548 0.9024690537070803 1.575075534700958 0.663714222654471 0.9782410188270153 1.1397261500747415 2.038937193884897 1.4661223920136786 1.338387699435811 1.766124813622343 0.4709192467776487 1.8106349676669333 0.9680144593961822 2.2460769238077196 1.5414850687777806 1.4586327990734504
9.22417676047789 0.0567532528895459 0.19999999999999998 0.19999999999999998 5.368101569340905e-25 0.9598773156631879 0.9598556115949093 0.9598747514351994 0.9598981826368662 0.9598915870791704 0.9599332869375102 0.9599169928674745 0.9598851928963251 0.9599136121393136 0.9598747816529016 0.9598882499519146 0.9598949921937084 0.9599329890433835 0.9599087257899025 0.9599032947813505 0.959921565879531 0.9598658895179834 0.9599161721981547 0.9598876313779655 0.9599421056248922 0.9599106879979612 0.6053186512649693
9.169179906254513 0.056743996121812176 0.19999999999999998 0.19999999999999998 3.748700017437197e-19 0.9597614294263764 0.9598047062487222 0.9597655779693661 0.9597206276588365 0.9597332957227523 0.9596533210020024 0.9596841832196364 0.9597458138913729 0.959690334727549 0.9597628940885584 0.9597397529039792 0.959726746497408 0.9596522013831301 0.9597008287540841 0.9597105078915223 0.9596748434283526 0.9597851670511113 0.959684998416623 0.9597413163606752 0.95963489589104 0.9596961746100161 0.6051652965143954
8.70509367057106 0.060690392314020236 0.19999999970706686 0.19999999335390897 1.3623105557198229e-08 0.9790601282188631 1.0025756730506943 0.9817553212212734 0.9758448981256445 0.9780467306352502 0.964821953159233 0.9721580675560144 0.9756633489962628 0.9678329121684597 0.9792072522527833 0.9790868727216986 0.9768990007676993 0.9635476222547144 0.9724454995652712 0.9741997368721454 0.9763540205820675 0.9841888239994634 0.9778509652869077 0.9785317545300439 0.9578205158796252 0.9718292294211262 0.6468541682028051
8.957726156810846 0.05858667431711296 0.19999999999999157 0.19999999999677928 8.622766057230225e-13 0.9737158428094826 0.9713341509153006 0.9660000508572903 0.9738603296731394 0.9730527769344427 0.9676191751047296 0.9696870903579218 0.9686781981025102 0.9742143323955507 0.9698111395471747 0.9725710127152505 0.9733834909189052 0.9854439558392428 0.9757480643775434 0.9747418957699079 0.9838726961673777 0.9721498797256742 0.9827108855226919 0.9740525093262354 0.9908522328833468 0.9761116409220669 0.6216044296971774
9.119580492454334 0.05770189567896005 0.19999999999999998 0.19999999999999998 2.8089508081385457e-18 0.9658703704858893 0.9658303766911889 0.9658656517830397 0.9659088309610893 0.9658966762150946 0.9659735205442095 0.9659434930217913 0.9658848917268794 0.9659372611006792 0.9658656990764116 0.9658905251722355 0.9659029501039217 0.9659729466108631 0.9659282595419388 0.9659182509662823 0.9659519223368627 0.9658493001227505 0.9659419825566736 0.9658893852850022 0.9659897747388302 0.96593187583324 0.6141071495861623
1.1679906638121995 0.03369179518870395 0.19999484266257145 0.1993750332310829 0.01946285082042836 0.7516009450332608 0.759751533653534 0.7572617123281135 0.7612763063044282 0.7595164976675716 0.7728201571604008 0.7432240514700859 0.755827224755585 0.7652268323527659 0.7564258381609944 0.7592135825635092 0.7611347347041574 0.7922896421909406 0.7633668848808631 0.7617946419924864 0.7710879535683804 0.7554704011802355 0.7625866141708587 0.75950051050664 0.7839636946544213 0.7631464326004277 0.7514936378616126
9.303090647102739 0.057458619810302404 0.19999996459686242 0.19967941292598487 4.155063491803635e-05 0.9621815470509733 0.9797324212820275 1.0085890355249858 0.966989852657529 0.9679583832992121 0.9764055101311359 0.9615132427237295 0.9512413733270175 0.9682165635842722 0.9610911384862282 0.9680707801489941 0.9675384765900691 0.9685508860015837 0.9662897595850358 0.9668466566564952 0.9787384519757409 0.9662238097549616 0.9720714419840699 0.9673615132384925 0.9637085071230248 0.96618094520515 0.6091570231867732
5.580773030565203 0.03256987073909736 0.19999992176766854 0.10521243667459552 0.0033236255058115404 0.8306476120837015 0.8135091964468628 0.8286602539680167 0.8471437470440506 0.8419255729934343 0.8748864866602535 0.8619990813118336 0.8368654085994147 0.859331465075168 0.8286406688495228 0.8392881252706336 0.8446182697785843 0.8746356616599004 0.8554722385307129 0.8511809674883126 0.8656185738781221 0.8216122135111487 0.8613562738390396 0.8388015257806486 0.8818521961049012 0.8570220374499736 0.3651104747760472
9.03903171869843 0.05842507533983681 0.19999999999999998 0.19999999999999993 3.493156418786263e-19 0.9712971203265086 0.9702540997731316 0.972096502242207 0.9717922738161539 0.9715206731661498 0.9696951022594649 0.970329181289504 0.9697302080650041 0.9722618508165823 0.9701402243341593 0.9713818692814177 0.971656308508728 0.9755260025479182 0.972440894251881 0.9721139802087214 0.9752082630468116 0.9706080020426824 0.9749227009247091 0.9713576729715564 0.9769874855582121 0.9725608364388584 0.6203540797957905
9.019871949798548 0.05808374144080572 0.1999999996651169 0.1999999954370329 9.299178150767026e-10 0.9725522458952691 0.9607012592490093 0.9688154474767753 0.9699741143907676 0.9696682382254089 0.9800618844601542 0.9688700323375122 0.9649901685735547 0.9676564589824055 0.9716671328177859 0.9694884053929613 0.9698297266580623 0.9684971777842738 0.971114266849894 0.9705347167148625 0.9675132557273473 0.9804692631018773 0.9665143159406867 0.9675324083810869 0.9892042840620592 0.9712857469495312 0.6171919180937718
9.04705848758483 0.058424151064007813 0.19999999999203918 0.19999999998386056 1.2114498328037212e-13 0.9993029623915448 0.9872505664262413 1.0058310844261171 0.9758377549395982 0.9757109986380335 0.9653081441233217 0.9641126890687611 0.9617018176574136 0.9687728143883094 0.9573290895039233 0.975618116926373 0.9757940946547846 0.9891266658463995 0.9777699860402153 0.9767197714652927 0.9811178628892392 0.9502326780311243 0.9803394047291776 0.9752005930021359 1.013286645134571 0.9781723189939975 0.6181571094045452
8.701526869684159 0.062000376645563245 0.19999999999999998 0.1999999999999996 1.91035176241425e-16 0.9934825210715341 0.9935303392851562 0.9934881688341903 0.9934365273712992 0.9934510626368787 0.9933591613807129 0.9933950723754168 0.9934651548841364 0.9934025237171769 0.993488107329886 0.9934584190327204 0.9934435605148413 0.9933598489882683 0.9934132930376068 0.9934252625574133 0.9933849936134422 0.9935077165790108 0.9933968812574328 0.9934597824532218 0.9933397222556863 0.9934089682785027 0.6573848569778613
9.09571628259083 0.05742099941648932 0.19999999998968954 0.19999999936297644 3.052778124938986e-13 0.9640694209946565 0.971422197405163 0.9636476634399908 0.964781428500666 0.9648815380781433 0.9671369879449285 0.9605956061333636 0.9638367538974273 0.9644879624613312 0.9638876078794048 0.9649363088137128 0.9648474478598481 0.9661058710187851 0.9647993635965799 0.9647894455172511 0.9653982029713585 0.9640882128070661 0.9649716175981474 0.9644639505150707 0.9670587831238051 0.964808659070504 0.6113082012793073
9.110771930785418 0.05788299282439752 0.19999999999999998 0.19999999999999998 1.528117606174713e-26 0.9670622351742257 0.9670335729950149 0.9670589243731216 0.9670898013138478 0.9670810959197251 0.9671361267088465 0.9671146412277088 0.96707269552139 0.9671102004315617 0.9670588941450916 0.9670766962377497 0.9670857856933479 0.9671358049236753 0.967103754664151 0.9670965765427856 0.9671205279694352 0.9670470729762912 0.967113598105841 0.967075876289761 0.9671479374525515 0.967106350685668 0.6158349616558898
8.398953696347746 0.0418639700426301 0.19999977338733035 0.1638468255509331 1.023231340244462e-06 0.8708365342041552 0.8576853748422155 0.9202132648514652 0.8842616866692607 0.8837597947518153 0.8982252626750029 0.8907229349748904 0.8757015839211267 0.874164777680746 0.8861780468871675 0.8846101119454991 0.8845285794931801 0.9226143259182076 0.887510176292663 0.885863498208354 0.8828704808154476 0.8699868598040817 0.892592672170336 0.8843346143080953 0.9100465559765724 0.8889986848439775 0.4507915155617429
1.5296311854814788 0.051602008220949284 0.19996330481112262 0.19999934028378116 0.0014182160937968003 0.8824925146914407 1.1470281147787578 0.8917982559020331 0.8832679639281309 0.8987412087890179 0.7273850113259359 0.9142711462778125 0.8702702143021176 0.9570893034373479 0.8955396233752004 0.9070308563698852 0.8920039546084423 0.8144499259942856 0.8664295524328512 0.867743747524859 0.9551435049268594 0.8845168222459702 0.9644464948897542 0.8809296620884798 0.6944217567590925 0.8637328737065629 0.9570642443779406
8.804537834544696 0.06091860156801162 0.19999999999999998 0.19999999999999998 4.850663288055698e-29 0.9865323066299675 0.9865334519763731 0.986532439049308 0.9865309914019599 0.9865315087254334 0.986529193404176 0.9865301090314548 0.9865318671019703 0.9865302812202211 0.9865324099733728 0.9865316981167565 0.9865313241385422 0.986529240335318 0.9865305635407443 0.9865308638813711 0.9865298536634999 0.9865329473776553 0.9865301431717821 0.9865317328314931 0.9865286961131875 0.9865304557530871 0.6459734094706963
2.2850882298245883 0.051186215667479384 0.1991107035439135 0.19999999645819588 0.002044298279266757 0.8529078209133731 0.8162565711766422 0.8490412507115961 0.8867755227666964 0.8753123454936999 0.9525464841041723 0.9273979371829566 0.8630095936499863 0.9142826767546146 0.8483677503299486 0.8694405352833333 0.8808534423773299 0.9553052576770567 0.9052798123949666 0.8955057085610246 0.9306417137536508 0.8311421876234522 0.9190064399215863 0.8683264554704776 0.9758537253878306 0.9088948383305262 0.6169979922904636
8.980086153949154 0.05805400337818017 0.19999999999950846 0.1999999999681057 9.617061975580679e-13 0.9672784165650429 0.9741943856803543 0.9666006104960898 0.968711681503506 0.9686291166971255 0.9659619794580216 0.9670248127107222 0.9676547450911913 0.9679269514029818 0.9669547826916226 0.9685775390827668 0.9686778954104022 0.9721246566888034 0.9691285050913442 0.9689182471333974 0.9717333413962047 0.9665542705146577 0.9714231842918425 0.9683247371478796 0.9740940424656771 0.9692119616590866 0.6170872419818708
8.984470544789904 0.058337198229580396 0.1999999999335497 0.19999999985278683 6.029371854403072e-12 0.9709808999734563 0.9803690443474591 0.9609736359710852 0.9732814320674666 0.9722243469223761 0.9644627189658709 0.9673273478938497 0.9630473398315883 0.9744307936839909 0.9656201388187624 0.9716068240340798 0.9726840708787816 0.9904358844393232 0.9759601869408873 0.9745486119618813 0.9880846369186704 0.9672587760657358 0.9866337391243362 0.972365812232864 0.9983300286866097 0.9764806982137236 0.6191409556505713
9.130163447795034 0.057529953322104664 0.19999999999999998 0.19999999999999998 2.3618834387362882e-21 0.9638020985233834 0.9704190508272506 0.9644765164721899 0.9652573538687967 0.9652469445736364 0.9649526322569375 0.9648380541126207 0.9640448372596844 0.9648428498535649 0.9637232731393645 0.9652389796754712 0.9652552281649595 0.9667897046288647 0.9654356376674242 0.9653399567860177 0.9666619729576005 0.9632641927209179 0.9664794442374368 0.9652085813551488 0.9678369402085933 0.9654753903579419 0.6123357135112639
9.091036793623633 0.05811508386661456 0.19999999999999998 0.19999999999999998 3.360662265118522e-27 0.9685756647875683 0.9685686767856171 0.9685749558227215 0.9685821802696628 0.968580106327898 0.9685933209878481 0.9685881955173669 0.9685781164626115 0.9685871843195291 0.9685748431808462 0.968579154749788 0.9685812801766891 0.9685933694147769 0.9685856542181394 0.9685839276625483 0.9685897439855626 0.9685720380780662 0.9685880283601723 0.9685789689669927 0.9685962854444329 0.9685862832992207 0.6180521511715403
9.077462840948252 0.05751088172977138 0.1999999999999962 0.19999999997765275 5.1404670768470415e-14 0.9699822896036959 0.9721780414000978 0.9648463484624265 0.9653511065011654 0.9654570037116588 0.9633861330787153 0.9637005427440574 0.9628870570239658 0.9633641979665551 0.9625579458493765 0.9654597191567359 0.9654162614789272 0.9678916790784678 0.9654603656794493 0.9654036554451084 0.9670318981511161 0.9619673592145777 0.9662718702051823 0.9650674906793175 0.9697635457706147 0.9654892898154025 0.6119029621224942
8.97017831461623 0.05895259565813871 0.19999999999999996 0.19999999999999044 5.3048238753079486e-15 0.9726177271369721 0.9784832515150954 0.9718597717368512 0.9750854142418978 0.9746015634070767 0.984012215374347 0.9721355203766184 0.974441684008905 0.9781132198049802 0.9674167715141101 0.9746836848778426 0.9748518688205576 0.9862438938146211 0.9762766811327231 0.9756598801708858 0.9778530688308684 0.9706605342064838 0.9804361667864221 0.9739749793964966 0.9735596490759245 0.9765037482678928 0.6256929289594021
9.099876743342076 0.05822809486837745 0.19999999999998977 0.19999999995953302 2.8592750492414744e-12 0.9718715812112911 0.9719655585493839 0.9657367770713712 0.9726550558187109 0.9718101645067757 0.965809547575918 0.9691103201222026 0.9670913006463846 0.9742796329184726 0.9682134238299837 0.9713794561478531 0.9722335787388182 0.9849887608436572 0.9747195378713389 0.9736715115253161 0.9829565799519621 0.9695084458507329 0.981793899455323 0.9713036935931688 0.98997487392709 0.975103588145421 0.6182357406185365
9.190463661121145 0.05703878763415201 0.1999999999999961 0.19999999997197968 2.1852080953134595e-12 0.9616821539051569 0.9616453887562701 0.9616780536619977 0.9617173287977262 0.9617061867414609 0.9617765001765025 0.9617489957589358 0.9616953972556008 0.9617432944672727 0.9616778710328551 0.9617005683890745 0.9617119459181227 0.961775912520267 0.9617350567941748 0.9617259102238019 0.9617566836772374 0.961662899561399 0.9617475960790655 0.961699536866592 0.9617912894394816 0.9617383564023666 0.607930802546512
