0.5487194937569866 0.005236988072603131 0.04255343393544122 0.03137293310333579 0.030837199664201217 1.2751036933303728 1.7830419818600598 1.5925476544394728 0.8671022215222696 1.3762506026845576 1.4873869316165853 1.9712009768929541 0.5746691932476142 1.220899944491466 1.2178338457926974 1.001270011535694 1.2398145385475374 0.9746324384184286 1.0062061542841825 0.9060046880937782 0.06637222319483763
0.43235344832568284 0.00587266503654371 0.05115608952583227 0.03893463910709612 0.026427374666971568 1.4660327157700288 2.082889477610146 1.8516979214348817 0.9708981456213684 1.589252122912691 1.7241187446263815 2.3110400894799246 0.6160406500080573 1.3981778071729707 1.39495139198968 1.1323499414092815 1.4233605942597964 1.1014330450277299 1.1397841767892585 1.0181248530053322 0.0744943710451578
0.4323534408807707 0.005872664916385919 0.05115609014752749 0.03893463792555408 0.0264273744290198 1.4660327282523729 2.082889499794805 1.851697939993773 0.9708981502684827 1.5892521373933393 1.7241187612046744 2.3110401152922644 0.6160406492194704 1.3981778183425326 1.3949514033425119 1.132349948600297 1.4233606060524489 1.1014330517733513 1.1397841841413412 1.0181248584474567 0.07449437196636563
0.43235344116088537 0.005872665032550682 0.05115609011197336 0.038934639138202755 0.026427374420413968 1.4660327288282835 2.082889498561376 1.8516979394398243 0.9708981523214508 1.5892521375899877 1.7241187610195094 2.311040113362004 0.6160406522215607 1.398177819353835 1.3949514039574344 1.1323499500870886 1.4233606067826121 1.101433053423175 1.1397841856681485 1.0181248603525046 0.07449437186577501
0.4323534539783687 0.005872664842912929 0.05115608929346935 0.038934637128346807 0.026427374895321244 1.466032705511022 2.0828894606492536 1.851697906963336 0.970898140699839 1.5892521112869815 1.7241187315215891 2.3110400700247635 0.6160406488833716 1.398177797727656 1.3949513825886926 1.132349934809313 1.423360584474875 1.1014330386962272 1.1397841700586866 1.0181248475800657 0.07449437037305541
0.43235345184386054 0.005872664594440496 0.051156089574045105 0.03893463461465242 0.02642737486647072 1.4660327081536966 2.082889467095365 1.8516979119956116 0.9708981402816899 1.5892521147268073 1.7241187357778862 2.311040077888128 0.6160406463874356 1.3981777998242748 1.3949513848292376 1.1323499354707485 1.4233605868281074 1.101433039123514 1.1397841706890621 1.0181248474792743 0.0744943706859487
0.43235342856178466 0.005872665139263902 0.05115609117676372 0.03893464029512778 0.026427373916827705 1.466032753815205 2.0828895388216386 1.851697973999913 0.9708981651105866 1.5892521656954688 1.7241187924541372 2.3110401592776264 0.6160406562636304 1.3981778421757858 1.394951427165431 1.1323499667420882 1.4233606307210973 1.101433069414602 1.1397842026224623 1.01812487427315 0.07449437335899475
0.4323534412323878 0.005872664654583731 0.05115609056865172 0.03893463534702963 0.026427374464805815 1.4660327296343534 2.082889499147997 1.85169794010247 0.9708981533615673 1.5892521383783946 1.724118761732091 2.3110401138593213 0.6160406533851308 1.3981778201242905 1.3949514047958977 1.132349951046937 1.4233606076148153 1.1014330544018516 1.1397841866320413 1.0181248613392335 0.07449437183414241
0.432353444836953 0.005872665115267341 0.051156089860750334 0.03893463996733219 0.02642737450681805 1.4660327238666306 2.0828894892298258 1.8516979317302698 0.9708981508711204 1.5892521317439001 1.7241187541958198 2.31104010238169 0.6160406532179463 1.3981778149217468 1.394951399514853 1.1323499474797791 1.4233606021357685 1.1014330510596682 1.139784183018148 1.0181248585433227 0.07449437143519404
0.4323534419569757 0.005872664985405918 0.05115609030694594 0.0389346387009847 0.026427374404832116 1.466032730299167 2.082889498682386 1.8516979400515265 0.970898154907836 1.5892521387756133 1.7241187619008727 2.3110401129406517 0.616040655523396 1.3981778210336677 1.394951405519963 1.1323499522136828 1.4233606083660768 1.1014330557150673 1.1397841878664599 1.0181248628159847 0.07449437175433722
0.4323534419013034 0.0058726647712601925 0.051156090405910216 0.03893463651522129 0.026427374479334926 1.4660327282222574 2.0828894966591314 1.851697938014198 0.9708981527999679 1.5892521367281576 1.7241187598627594 2.3110401109638556 0.61604065341931 1.3981778188172862 1.3949514035167325 1.1323499501920415 1.4233606062678998 1.1014330536100554 1.1397841857863735 1.018124860704771 0.07449437174060307
0.43235343181123176 0.005872665094011521 0.0511560908864471 0.038934639857597826 0.026427374071956354 1.466032746882512 2.082889527264498 1.8516979641565467 0.9708981618727034 1.5892521578318837 1.7241187835708223 2.311040146014629 0.6160406557048644 1.3981778358538821 1.3949514207509315 1.1323499623139395 1.4233606240977785 1.101433065229427 1.139784198122526 1.018124870717368 0.07449437293024026
0.43235345421315474 0.005872664958570142 0.05115608908340755 0.038934638246345445 0.02642737489393133 1.4660327041458412 2.08288945899278 1.8516979054384124 0.9708981395138921 1.5892521098731407 1.7241187300488954 2.3110400682903576 0.6160406479454715 1.3981777964880777 1.3949513811473673 1.1323499335557687 1.423360583115232 1.1014330375053947 1.139784168820522 1.0181248464475006 0.07449437035787788
0.4323534467398764 0.0058726645714327974 0.05115609027806036 0.03893463451932648 0.026427374668424104 1.4660327205976886 2.082889483517535 1.8516979269260985 0.9708981495604952 1.5892521279619152 1.7241187499046873 2.311040095773668 0.6160406533282458 1.3981778120504667 1.3949513965215394 1.132349945553682 1.423360599046327 1.1014330492438185 1.1397841810609823 1.0181248570685002 0.07449437119042726
0.43235344401115444 0.0058726646042443174 0.05115609052960377 0.03893463487268771 0.026427374550902608 1.4660327265127169 2.0828894926913746 1.8516979348922393 0.9708981528341031 1.5892521345432764 1.7241187571846894 2.311040106166777 0.6160406547128675 1.3981778173942652 1.3949514020810792 1.1323499496629548 1.4233606047182958 1.1014330531960002 1.1397841852265023 1.0181248605923665 0.0744943715065607
0.43235343676623245 0.005872664794026813 0.05115609075671296 0.038934636786727456 0.026427374284728838 1.4660327376244502 2.0828895129356506 1.8516979517291534 0.9708981566594672 1.5892521475374504 1.7241187721686062 2.3110401298066083 0.6160406534072407 1.3981778272130874 1.3949514122113633 1.1323499558761423 1.4233606151886589 1.1014330589642438 1.139784191549217 1.0181248651138548 0.0744943723830022
0.4323534445247401 0.005872665009019841 0.051156089822597374 0.0389346388219711 0.02642737453460363 1.4660327222164522 2.082889488713079 1.8516979307811587 0.9708981482965414 1.5892521303363483 1.724118753040457 2.3110401023086453 0.6160406500534301 1.398177813097328 1.394951397796637 1.132349945248206 1.4233606003777084 1.1014330487135153 1.1397841807454188 1.0181248560650527 0.0744943715088872
0.4323534464088018 0.005872664778394688 0.051156089997336444 0.038934636546930704 0.026427374640735385 1.4660327198210215 2.082889483794334 1.851697926816859 0.9708981479194169 1.5892521274161902 1.724118749580315 2.3110400964406685 0.6160406511390913 1.3981778110393035 1.394951395693726 1.1323499442185525 1.4233605981856603 1.1014330478153638 1.1397841797219597 1.0181248555227205 0.0744943712654496
0.43235344602059905 0.005872664554601167 0.05115609037046296 0.0389346343541989 0.026427374645051422 1.466032722004154 2.082889485095496 1.851697928446121 0.9708981508219685 1.5892521294017212 1.7241187513767438 2.311040097425627 0.6160406544659003 1.3981778133880076 1.3949513978326913 1.1323499467967093 1.4233606004367076 1.101433050530463 1.1397841823412072 1.0181248583265954 0.07449437123571086
0.43235344049692986 0.005872664904213717 0.051156090243311914 0.03893463780484485 0.026427374409489977 1.4660327295249782 2.082889501154236 1.851697941325118 0.9708981514858708 1.5892521386801481 1.7241187625140533 2.311040116654231 0.6160406503632618 1.39817781963117 1.3949514045667628 1.1323499498044274 1.4233606073283704 1.1014330530198126 1.1397841853793849 1.0181248596733417 0.0744943719927255
0.4323534298670187 0.00587266487866757 0.051156091410649605 0.038934637701526775 0.026427373976592616 1.4660327529729016 2.082889536057495 1.8516979719399225 0.9708981657723972 1.5892521644382143 1.7241187907727271 2.311040155801594 0.6160406580161529 1.398177841570657 1.3949514265417562 1.1323499669176182 1.423360630002127 1.1014330697103838 1.1397842027917162 1.0181248748499414 0.07449437317997781
0.4323534344061703 0.005872664934302095 0.05115609060559556 0.03893463812351313 0.02642737418341511 1.4660327395018236 2.0828895191605805 1.851697956334212 0.9708981550994769 1.5892521502965296 1.7241187758754064 2.31104013768123 0.6160406493502718 1.398177828119378 1.3949514139372625 1.132349955616597 1.4233606167197719 1.1014330582495488 1.1397841911286977 1.0181248638561937 0.07449437271813406
0.43235344290463634 0.005872665139518892 0.051156089963443764 0.03893464020610438 0.026427374427297375 1.4660327271924498 2.082889495122817 1.8516979366625157 0.9708981521200548 1.5892521355658356 1.7241187586012046 2.3110401092491406 0.6160406530281491 1.3981778178010797 1.3949514026383358 1.1323499494507776 1.4233606052647652 1.101433052857839 1.1397841849975927 1.0181248599942259 0.07449437167158379
0.4323534514860203 0.005872664654411222 0.051156089694745506 0.03893463527901468 0.026427374845815303 1.4660327104047772 2.082889468229899 1.851697913555352 0.9708981434506624 1.5892521167387246 1.7241187375657685 2.3110400786064944 0.6160406501293718 1.398177802454047 1.394951386950555 1.1323499381912292 1.4233605892087124 1.101433042019557 1.1397841735382839 1.0181248505500038 0.07449437065962665
0.4323534434438586 0.005872665244585046 0.05115608960000799 0.038934641155121165 0.026427374447177143 1.4660327235196258 2.082889492184096 1.851697933446844 0.9708981478606507 1.5892521320616886 1.7241187552508899 2.3110401065896746 0.6160406483976474 1.3981778138950807 1.3949513990164317 1.1323499454963153 1.4233606015299614 1.101433048731752 1.1397841809434341 1.0181248558180422 0.07449437167743951
0.43235343939443194 0.005872665169408372 0.051156090359776966 0.03893464056548044 0.026427374288782366 1.4660327352203582 2.082889506725646 1.8516979469469976 0.97089815730042 1.5892521443408218 1.7241187681429626 2.311040122167877 0.6160406561623846 1.3981778254652217 1.394951410111251 1.1323499554773595 1.423360613090142 1.1014330588046168 1.1397841911570374 1.0181248654767225 0.07449437205952023
0.4323534215958881 0.005872665396917322 0.05115609158550406 0.03893464287237265 0.026427373566154478 1.4660327685149783 2.0828895618498575 1.8516979939016056 0.970898173120454 1.589252182072698 1.7241188106343157 2.3110401853742397 0.6160406595309424 1.3981778558381268 1.3949514408511698 1.1323499768067677 1.4233606448397529 1.1014330792234635 1.139784212937194 1.018124882977265 0.0744943741978735
0.4323534337517173 0.005872664850034394 0.0511560910530777 0.0389346373599418 0.026427374170402185 1.4660327438549472 2.0828895218119974 1.8516979596173455 0.9708981607901277 1.5892521542965883 1.7241187795278938 2.3110401396604074 0.6160406559720232 1.3981778334094372 1.3949514179644815 1.1323499605572545 1.4233606212468641 1.1014330636180578 1.1397841963651683 1.018124869437874 0.07449437270577113
0.43235344462261477 0.005872664592453305 0.051156090238405255 0.03893463470781462 0.02642737461465822 1.4660327224185266 2.0828894887387506 1.851697930883959 0.9708981486541021 1.5892521305003007 1.7241187531720106 2.311040102277101 0.6160406505106907 1.3981778131924816 1.3949513980596828 1.1323499455871955 1.423360600595069 1.1014330490288873 1.1397841810613343 1.0181248564050653 0.07449437147237976
0.4323534375320028 0.005872664752472804 0.051156090772472906 0.03893463640131233 0.026427374324376637 1.4660327367135264 2.082889510321315 1.8516979497463086 0.9708981571079675 1.5892521462753713 1.7241187705328092 2.31104012657353 0.6160406547680938 1.398177826681216 1.3949514114247132 1.132349955824297 1.423360614392304 1.1014330590285215 1.1397841915016445 1.0181248654113733 0.07449437225585225
0.4323534311558736 0.00587266518905279 0.05115609090940418 0.03893464076755459 0.02642737399032352 1.4660327490871934 2.082889530730495 1.851697967147788 0.9708981631006032 1.589252160290194 1.7241187863027696 2.3110401499150552 0.6160406561766769 1.398177837930768 1.394951422864403 1.1323499638495693 1.4233606262339986 1.1014330666826901 1.1397841996921427 1.0181248720125875 0.07449437304059914
0.43235344115573304 0.005872664940872583 0.05115609036481627 0.03893463825409887 0.02642737440194561 1.4660327309683383 2.0828895007281445 1.8516979415862642 0.9708981544765704 1.589252139714022 1.7241187631456534 2.3110401155222777 0.6160406543151068 1.3981778214643372 1.3949514060754349 1.1323499521901206 1.4233606089410695 1.1014330555656457 1.139784187816614 1.0181248624755137 0.07449437186539536
0.43235344720092345 0.00587266524406983 0.05115608962662343 0.03893464119307049 0.02642737452910822 1.4660327205789443 2.0828894829966322 1.8516979265914435 0.9708981499537462 1.589252127840524 1.7241187496530095 2.31104009506094 0.6160406539434994 1.3981778120093862 1.3949513966110525 1.1323499457942614 1.4233605990421083 1.101433049505712 1.139784181284876 1.0181248573963741 0.07449437115448329
0.5873464002428916 0.013438527175585377 0.032049686647041144 0.10730699242689067 0.03097196539633617 1.2225241222532972 1.6914939098305282 1.5155880757226297 0.8456661940630907 1.315815330918664 1.4185355934974153 1.8653921349458624 0.5755808417856363 1.1731281044758166 1.1697099372361655 0.9697225652975751 1.1899650913839708 0.9450612860248103 0.9742101785676734 0.8816761364116363 0.06601516119528687
0.43235345184439755 0.005872664390062022 0.051156090096189974 0.038934632682170026 0.026427374866577886 1.4660327120992351 2.082889468910564 1.851697914596743 0.970898145955695 1.5892521182123345 1.7241187388148083 2.3110400789012076 0.6160406531756369 1.3981778042704112 1.3949513887331644 1.1323499403840462 1.4233605909771276 1.1014330443287115 1.139784175768444 1.0181248529905698 0.07449437057942662
0.43235344274848203 0.0058726650546598504 0.05115609014366292 0.03893463937973015 0.026427374441565427 1.4660327282031118 2.0828894957616764 1.8516979374364564 0.9708981534177151 1.5892521365182246 1.724118759465582 2.3110401097376894 0.6160406545520455 1.3981778190530094 1.3949514035046753 1.1323499505634873 1.4233606063117317 1.101433054091219 1.1397841861915698 1.0181248612970706 0.07449437167113677
0.4323534569378933 0.005872665004107074 0.05115608880738165 0.038934638725555686 0.02642737498276723 1.4660326994045962 2.0828894507819524 1.8516978985040398 0.9708981376443624 1.5892521044425598 1.7241187238418376 2.311040058779734 0.616040647986069 1.398177792156298 1.3949513768546806 1.1323499307446536 1.423360578621789 1.1014330348315036 1.1397841659385692 1.018124844219189 0.07449437001653302
0.4323534431500075 0.005872664761012897 0.051156090318742194 0.038934636397419946 0.026427374511562216 1.466032726467201 2.0828894942763214 1.8516979358701886 0.9708981515088365 1.5892521348297706 1.7241187578383783 2.3110401083690344 0.6160406525094136 1.398177817184307 1.3949514018654974 1.1323499487815682 1.423360604558817 1.1014330522122355 1.1397841843374095 1.0181248593768917 0.07449437164695309
0.43235344573391354 0.005872664680212605 0.05115609015273085 0.03893463560028404 0.02642737463444346 1.4660327213225912 2.082889485435142 1.851697928392185 0.9708981493359475 1.5892521289532806 1.7241187511422615 2.3110400981246384 0.6160406524720513 1.3981778125860966 1.3949513970797645 1.1323499456307682 1.423360599679462 1.1014330492650442 1.1397841811527802 1.0181248569329118 0.07449437130828752
0.4323534496037365 0.005872664861418381 0.051156089529741613 0.03893463735904264 0.02642737475690613 1.4660327126618222 2.0828894728582417 1.8516979172917578 0.9708981437741564 1.5892521194838238 1.724118740841852 2.311040084112524 0.616040649158958 1.3981778043090611 1.3949513891091145 1.1323499391875447 1.423360591260639 1.1014330428872174 1.1397841745551538 1.0181248510961902 0.0744943708849697
0.43235343950701277 0.005872665133023156 0.05115609024593967 0.03893464015050382 0.026427374304869328 1.4660327334553271 2.082889506121491 1.851697945904931 0.9708981546171145 1.5892521428180375 1.724118766867018 2.3110401219957564 0.616040652836535 1.3981778234086573 1.3949514083530985 1.132349953143798 1.4233606112096313 1.1014330563579617 1.1397841887607731 1.0181248628803465 0.07449437210762141
0.4323534532475184 0.005872664904657704 0.051156089146275084 0.03893463771054074 0.026427374872644745 1.4660327052527422 2.0828894617220985 1.851697907539468 0.9708981393512723 1.5892521113255642 1.724118731846075 2.3110400716359774 0.6160406468333397 1.3981777972133727 1.3949513821965842 1.1323499338443757 1.4233605840886092 1.1014330376634474 1.1397841690901833 1.0181248463707864 0.07449437048167241
0.4323534428616824 0.005872665286022965 0.05115608981344944 0.03893464163498965 0.02642737439726409 1.4660327270698292 2.0828894953890695 1.8516979367877604 0.9708981516673926 1.5892521355259202 1.724118758652391 2.3110401096516804 0.6160406523990847 1.398177817751855 1.394951402384578 1.1323499490874127 1.4233606051205894 1.101433052514594 1.1397841846699874 1.0181248596188768 0.07449437171105096
0.43235345160419325 0.005872664732518365 0.05115608962108315 0.03893463605498597 0.026427374818950702 1.4660327106120692 2.0828894682792978 1.8516979136524143 0.9708981437710912 1.5892521169142362 1.7241187376968419 2.311040078589262 0.6160406505457192 1.3981778025736369 1.3949513872586428 1.1323499384839277 1.4233605894104786 1.1014330423394125 1.1397841738342966 1.018124850873583 0.07449437064080223
0.4323534465324373 0.005872665241149836 0.05115608951954026 0.038934641120027966 0.02642737453919043 1.4660327196518552 2.08288948390851 1.8516979268191323 0.97089814753784 1.589252127290447 1.7241187495235728 2.3110400966608906 0.6160406505618714 1.39817781081383 1.3949513954747141 1.1323499439034361 1.4233605979908222 1.1014330474994274 1.139784179395816 1.01812485514916 0.07449437129019086
0.4323534475770361 0.0058726645767821955 0.05115609017857982 0.03893463453222443 0.026427374703543723 1.4660327184474875 2.082889480076883 1.85169792397452 0.9708981484744268 1.589252125555112 1.7241187472015722 2.3110400918692484 0.6160406529248537 1.3981778100612807 1.3949513945215009 1.1323499440764468 1.423360596982165 1.1014330478425913 1.1397841795813546 1.0181248558413574 0.07449437107302527
0.4323534484616443 0.005872664791808037 0.05115608990780441 0.038934636688933995 0.02642737468494774 1.466032717419079 2.0828894786103747 1.8516979226665649 0.9708981477629477 1.5892521244551532 1.7241187460018443 2.311040090197171 0.6160406525156171 1.3981778089586643 1.3949513935939548 1.1323499433362731 1.423360595980233 1.101433047080697 1.1397841787910434 1.0181248551612827 0.07449437100390403
0.4323534462105043 0.005872664418215911 0.05115609026819468 0.038934632918132143 0.026427374699092267 1.466032719151624 2.0828894841937946 1.851697926807854 0.9708981464098669 1.589252126969105 1.7241187493532852 2.3110400972588008 0.616040649031252 1.3981778100904776 1.3949513950176808 1.1323499430588269 1.4233605974210792 1.101433046529428 1.1397841784786265 1.0181248540740908 0.07449437131423907
0.43235344437024326 0.00587266460902284 0.05115609036120465 0.038934634872079855 0.02642737458652254 1.4660327240108948 2.0828894905292406 1.8516979326068586 0.9708981500927525 1.5892521321297668 1.7241187548374086 2.311040104141441 0.6160406518320248 1.3981778149001587 1.394951399579805 1.1323499470282372 1.423360602199344 1.1014330505204875 1.1397841825615302 1.0181248578640578 0.07449437150725627
0.432353443029382 0.005872664766497859 0.05115609014498225 0.038934636428417525 0.026427374535144432 1.4660327245301994 2.0828894932137465 1.8516979344676978 0.9708981489116848 1.5892521330768792 1.7241187562723446 2.311040107635057 0.6160406493869711 1.3981778150131312 1.394951399911313 1.1323499464337368 1.4233606025438916 1.1014330497428386 1.1397841819172079 1.0181248568035124 0.07449437169026224
0.4323534464028078 0.00587266474641554 0.05115609016842618 0.03893463626782077 0.026427374607838696 1.466032722083614 2.082889485881089 1.851697928955919 0.9708981503188231 1.5892521296159743 1.724118751732766 2.3110400984411767 0.6160406535713043 1.3981778133476856 1.3949513979534085 1.1323499465449547 1.4233606004536765 1.1014330501939966 1.1397841820525954 1.01812485791026 0.07449437125937165
0.43235344535280906 0.0058726650412240155 0.05115608973695168 0.03893463918131413 0.026427374568898522 1.4660327209167352 2.0828894866236376 1.851697928996556 0.970898147623916 1.589252128862391 1.724118751412493 2.311040099931715 0.616040649884843 1.3981778118955621 1.3949513965817555 1.132349944393355 1.4233605991530536 1.1014330478904688 1.1397841798997717 1.0181248553508029 0.07449437142319787
0.43235345215791876 0.005872664910474854 0.05115608922893298 0.03893463777970729 0.026427374838658108 1.4660327072884223 2.082889465458621 1.851697910648374 0.9708981400031433 1.5892521136966866 1.724118734597996 2.3110400759898337 0.6160406465842679 1.3981777992333546 1.3949513838908643 1.1323499349120631 1.4233605860195877 1.1014330387026472 1.139784170221356 1.0181248471619415 0.07449437064993927
0.4323534450068399 0.005872665076671769 0.05115608964957287 0.03893463951269675 0.026427374568294616 1.466032720403209 2.0828894866059664 1.8516979287912045 0.9708981467086985 1.5892521284727867 1.7241187511010396 2.311040100111115 0.616040648717203 1.398177811308192 1.394951396061083 1.1323499436511935 1.4233605985951523 1.1014330470949085 1.1397841791350098 1.0181248544681227 0.07449437146590486
0.4323534515977421 0.005872664873020082 0.05115608939317992 0.03893463745501741 0.026427374815653847 1.4660327096773202 2.0828894680116434 1.851697913139352 0.9708981422694073 1.5892521161317592 1.7241187370465072 2.311040078578768 0.6160406487169894 1.3981778016628146 1.3949513862188936 1.1323499371736585 1.423360588401245 1.1014330409926667 1.1397841725315705 1.0181248494491915 0.07449437068939231
0.43235345213420034 0.005872664787035671 0.05115608955981774 0.038934636627834626 0.026427374826444167 1.4660327100570052 2.0828894666757503 1.8516979124462758 0.970898144056322 1.5892521161402742 1.724118736706712 2.311040076604925 0.6160406513963202 1.3981778021606275 1.3949513867746046 1.1323499384777627 1.4233605889192689 1.1014330424021466 1.139784173826776 1.01812485108172 0.07449437055769559
0.43235344645662477 0.005872665014079542 0.05115608970570847 0.03893463890060818 0.026427374602569415 1.466032719269886 2.082889483535382 1.8516979264402467 0.9708981471479384 1.5892521269277744 1.7241187491431968 2.3110400962890014 0.6160406501809511 1.3981778104363867 1.3949513950542274 1.1323499435302138 1.4233605976114803 1.1014330470992926 1.139784179005052 1.0181248547449206 0.07449437128648947
0.43235345042417656 0.005872664645714719 0.051156089854640006 0.038934635199429385 0.02642737479252736 1.4660327132012978 2.082889472334492 1.8516979171737664 0.9708981451943497 1.5892521198108844 1.7241187409059289 2.311040083190206 0.6160406511222767 1.398177805125781 1.3949513896795822 1.132349940251102 1.423360591901359 1.1014330440611193 1.1397841756559373 1.0181248524218118 0.07449437078826218
0.4323534412803275 0.005872664574005855 0.051156090626848304 0.038934634563073646 0.026427374473021598 1.4660327298982214 2.0828894999027074 1.8516979406618135 0.9708981532007593 1.5892521387187073 1.724118762184835 2.3110401147996362 0.6160406529176624 1.398177820082495 1.3949514051584666 1.1323499510862687 1.4233606078172905 1.1014330543435369 1.1397841866266958 1.0181248612470724 0.07449437184145037
0.43235344617693217 0.0058726649368537505 0.051156089891610336 0.03893463814793051 0.026427374601597293 1.4660327208657309 2.082889485239324 1.851697928107842 0.9708981486225171 1.5892521285472765 1.7241187507921365 2.311040098036628 0.6160406516353065 1.3981778121724417 1.394951396599688 1.1323499450082108 1.4233605991993907 1.1014330486506723 1.1397841805581295 1.0181248562799237 0.07449437131513013
0.4323534364354209 0.005872665405115919 0.051156090209256315 0.03893464287416063 0.026427374151142557 1.4660327389399146 2.0828895148921234 1.8516979534334745 0.97089815747296 1.5892521489647102 1.7241187737441026 2.311040131984188 0.6160406538239677 1.3981778285798225 1.3949514133494434 1.1323499567666317 1.4233606164724102 1.1014330598844146 1.1397841925184031 1.0181248659727644 0.07449437246451258
0.432353447440386 0.005872664421999422 0.051156090544199485 0.03893463302457953 0.026427374688427777 1.4660327211770239 2.0828894825660695 1.851697926554733 0.9708981513740075 1.5892521282399164 1.7241187498291415 2.31104009425426 0.6160406559547326 1.398177812864787 1.3949513972100283 1.1323499468925788 1.4233605997429688 1.1014330507025145 1.1397841824367096 1.0181248587505032 0.0744943710696055
0.43235344395049896 0.00587266470209298 0.051156090391094894 0.03893463582429431 0.026427374534135382 1.466032726097637 2.082889492512888 1.8516979346206504 0.970898152262648 1.5892521341910193 1.72411875687258 2.311040106058626 0.6160406540280818 1.3981778170143393 1.3949514016189988 1.1323499491102509 1.4233606042998472 1.1014330526785125 1.1397841847060444 1.0181248600284802 0.07449437152872813
0.4323534423782829 0.005872664951112008 0.05115609029037062 0.038934638305306336 0.026427374418815514 1.4660327292850142 2.0828894980170474 1.8516979392580477 0.9708981535884602 1.5892521378355216 1.7241187610323687 2.311040112424269 0.6160406540353869 1.3981778198637218 1.394951404601681 1.1323499510661537 1.4233606073279608 1.101433054487625 1.1397841866858298 1.0181248615316467 0.07449437174446087
0.43235343256941844 0.00587266534395428 0.051156090571920824 0.038934642211878125 0.026427373984390445 1.4660327458408542 2.082889526205957 1.8516979631190635 0.9708981608722885 1.5892521567827538 1.7241187825146105 2.3110401449562272 0.6160406546559585 1.398177834602671 1.3949514199042854 1.1323499613887278 1.4233606230588078 1.1014330641956926 1.1397841971089697 1.0181248697031933 0.07449437288730117
0.43235343873439086 0.005872665247884764 0.05115609010458512 0.0389346412763117 0.026427374269951846 1.4660327336880092 2.0828895069617928 1.8516979465014625 0.9708981543806249 1.5892521431748066 1.7241187673750986 2.311040123071249 0.6160406522581641 1.398177823525667 1.3949514085425472 1.1323499530972654 1.4233606113784525 1.1014330562121415 1.1397841886826245 1.0181248626725588 0.07449437217878907
0.4323534350141401 0.005872665070241127 0.05115609054078218 0.03893463953511137 0.026427374174663624 1.4660327401727078 2.0828895185622547 1.851697956186861 0.9708981567317524 1.5892521507038142 1.7241187760091137 2.3110401365664903 0.6160406517553624 1.3981778293377567 1.394951414469858 1.132349956807121 1.4233606175190672 1.101433059691343 1.1397841924687768 1.0181248654231685 0.07449437265131545
0.43235344518253466 0.005872665099616193 0.05115608973389873 0.03893463976763698 0.026427374553542087 1.4660327215115359 2.082889486777035 1.85169792932512 0.9708981485990145 1.5892521293659532 1.724118751824068 2.3110400999131397 0.616040651093035 1.3981778126480489 1.3949513972056204 1.1323499452323964 1.4233605997848742 1.101433048761632 1.1397841807311617 1.0181248562821632 0.07449437141240789
0.4323534489216148 0.005872664806362836 0.051156089878821406 0.038934636847717426 0.02642737470863932 1.4660327166172626 2.082889476882107 1.8516979212861708 0.9708981477223992 1.5892521234319834 1.7241187448025883 2.311040088159074 0.6160406529727189 1.3981778083871133 1.3949513928075143 1.1323499430018114 1.4233605952462793 1.1014330468159998 1.139784178492188 1.0181248550157986 0.07449437093550593
0.43235344753720867 0.005872664814445919 0.05115608986859837 0.03893463691549014 0.026427374668509376 1.466032717778113 2.0828894800400604 1.8516979236982813 0.9708981472620686 1.589252125029509 1.7241187468051085 2.3110400920680054 0.6160406514049468 1.3981778090846713 1.3949513938813625 1.132349943142559 1.4233605962391787 1.1014330467886044 1.1397841785759337 1.018124854725413 0.07449437110339659
0.43235345177988177 0.005872664678268994 0.05115608963988037 0.03893463551479829 0.02642737483625527 1.4660327100209316 2.0828894675773015 1.8516979129902433 0.9708981432383593 1.589252116308605 1.724118737057869 2.311040077846839 0.6160406501055566 1.3981778020367248 1.3949513866701104 1.1323499379480184 1.423360588818908 1.1014330417929432 1.1397841732862235 1.0181248503618956 0.07449437062810142
0.43235344436946865 0.005872665010793959 0.051156089915982465 0.038934638872331846 0.026427374524321423 1.466032723206907 2.0828894887277953 1.8516979311659916 0.9708981501032221 1.589252131127641 1.7241187536208895 2.3110401019540245 0.6160406524088844 1.3981778142287236 1.3949513988433555 1.1323499467459748 1.423360601471617 1.1014330503129748 1.1397841822844874 1.0181248577967759 0.07449437146207577
0.4323534364821707 0.00587266469886858 0.05115609102344035 0.038934635863772625 0.026427374278192965 1.4660327399288104 2.0828895152337776 1.8516979540185705 0.9708981589998189 1.5892521498284216 1.7241187744614548 2.311040132072309 0.6160406556941629 1.398177829750485 1.3949514143621702 1.132349958106604 1.4233606175208195 1.101433061277182 1.1397841938644795 1.0181248674466035 0.07449437241002074
0.43235344695428873 0.00587266491231962 0.0511560898335335 0.03893463792556917 0.026427374629375285 1.4660327193247782 2.082889482174818 1.8516979256148902 0.9708981483465964 1.5892521266725612 1.724118748609399 2.3110400944082814 0.6160406521620921 1.3981778105936005 1.3949513953545982 1.1323499443419498 1.4233605977626078 1.1014330480083316 1.1397841798156378 1.018124855837783 0.07449437117135216
0.4323534510700437 0.005872664835886989 0.05115608924587865 0.03893463700547644 0.02642737481393221 1.4660327079306152 2.082889468276442 1.851697912642889 0.9708981389086844 1.5892521147853425 1.7241187361502237 2.311040079607529 0.6160406442522252 1.3981777991800386 1.3949513846268888 1.1323499345644443 1.4233605864903067 1.101433038054707 1.1397841697330051 1.018124846248019 0.07449437079305614
0.43235345485369875 0.005872665003646793 0.05115608905578948 0.038934638690805 0.026427374879592964 1.466032703939579 2.0828894586241016 1.8516979051072566 0.9708981395321783 1.5892521096295473 1.724118729756599 2.3110400678425536 0.6160406479649835 1.3981777961785515 1.3949513810731335 1.1323499335342098 1.4233605829300688 1.1014330374183985 1.139784168736114 1.0181248463742087 0.07449437030580117
0.4323534387066999 0.005872664872520507 0.05115609055167502 0.03893463758590498 0.026427374350088437 1.4660327344840594 2.0828895068278905 1.8516979467404786 0.9708981558943697 1.5892521437821174 1.724118767772683 2.311040122623272 0.6160406542973563 1.3981778246363918 1.3949514092593644 1.132349954254694 1.4233606122631122 1.1014330575431805 1.1397841899703234 1.0181248641184544 0.0744943721318266
0.43235344699121403 0.005872664471814619 0.05115609022225725 0.03893463347781603 0.026427374723960357 1.4660327182221657 2.082889481195379 1.851697924584167 0.9708981471127788 1.589252125611267 1.724118747562058 2.3110400935035407 0.6160406508951289 1.398177809569225 1.3949513942006408 1.1323499431712982 1.4233605966365703 1.1014330468034623 1.1397841786445417 1.0181248546393302 0.07449437117006683
0.4323534295980211 0.005872664935739263 0.0511560912219833 0.038934638245282906 0.026427373991940496 1.4660327514142946 2.08288953563375 1.8516979710834904 0.9708981633036788 1.589252163130615 1.7241187897095436 2.3110401557952898 0.6160406549782116 1.3981778399585454 1.3949514248306414 1.1323499647884332 1.4233606283682323 1.1014330674792892 1.139784200642256 1.0181248724433531 0.07449437326331321
0.43235344374079415 0.005872664927561545 0.05115608986810406 0.03893463800195236 0.02642737453189198 1.4660327222610574 2.082889489566433 1.8516979313565356 0.9708981477321269 1.589252130540565 1.7241187534407634 2.3110401034952965 0.6160406490213308 1.39817781285071 1.3949513978930899 1.132349944959778 1.4233606003591996 1.1014330482927108 1.1397841803958517 1.0181248555346865 0.07449437157525442
0.43235344637683154 0.005872664741708536 0.051156090134643506 0.03893463621227807 0.02642737461957854 1.4660327213548152 2.082889485188975 1.851697928271221 0.9708981495724472 1.5892521289389112 1.7241187510502796 2.311040097772287 0.616040652824147 1.3981778126910946 1.3949513971505196 1.1323499458012571 1.4233605997504315 1.1014330494554752 1.1397841813326253 1.0181248571633734 0.07449437126726828
0.4323534483556619 0.005872664863145153 0.051156089810937666 0.03893463738582639 0.02642737467047935 1.4660327171250653 2.082889478545603 1.8516979225238581 0.9708981472833085 1.589252124205272 1.7241187457966156 2.3110400902407084 0.6160406519182846 1.3981778085865648 1.3949513933381266 1.132349942950522 1.4233605956783928 1.1014330466539597 1.139784178374982 1.0181248547025519 0.07449437102004039
0.43235344136028675 0.0058726647051282835 0.051156090554983734 0.038934635867078175 0.02642737446335513 1.4660327300277471 2.0828894996184286 1.8516979405456697 0.9708981536281319 1.5892521387572918 1.7241187621492324 2.311040114337779 0.6160406536238163 1.3981778206400917 1.3949514051501917 1.132349951313276 1.4233606080148526 1.1014330547299869 1.1397841869693268 1.018124861642434 0.07449437184543457
0.43235345374134343 0.00587266497310994 0.051156089119231835 0.03893463843124725 0.02642737487973293 1.4660327052644357 2.0828894604063186 1.8516979067309154 0.9708981404222248 1.5892521110571054 1.7241187312941242 2.3110400698056925 0.6160406486565696 1.3981777976129235 1.3949513821849737 1.1323499345197336 1.4233605842297288 1.1014330384567648 1.1397841697999025 1.0181248473337803 0.07449437039999618
0.43235344443080215 0.005872664761252097 0.05115609027050278 0.03893463637009571 0.026427374540038896 1.4660327246650042 2.082889490518112 1.85169793283417 0.9708981512564419 1.5892521326365403 1.724118755204986 2.311040103884204 0.6160406533531382 1.3981778156136433 1.3949514002623316 1.132349948025855 1.4233606029068706 1.1014330515427215 1.1397841835549642 1.018124858983618 0.07449437147312447
0.43235345334269837 0.005872664789470132 0.05115608928811509 0.03893463656213714 0.026427374882136277 1.4660327058285385 2.0828894631990083 1.8516979086751633 0.9708981392046658 1.5892521120721486 1.7241187327776943 2.3110400734007577 0.6160406462044136 1.3981777977035945 1.3949513827060125 1.1323499339868441 1.4233605846230653 1.101433037717981 1.1397841692165134 1.0181248463198986 0.07449437052739614
0.43235345147154963 0.005872665012631928 0.05115608906977552 0.03893463879561629 0.02642737482406614 1.466032707079176 2.082889465689822 1.8516979107112062 0.970898139446414 1.5892521135903792 1.7241187345756757 2.3110400763762287 0.616040645767516 1.3981777989956339 1.3949513836222454 1.1323499344626835 1.4233605857796041 1.101433038200868 1.1397841697708817 1.0181248466329706 0.07449437071095186
0.43235344787167485 0.005872664591604984 0.05115609013506503 0.03893463470399703 0.0264273747107801 1.4660327180431543 2.0828894794618558 1.851697923435573 0.9708981482074102 1.589252125124412 1.724118746735052 2.3110400911468614 0.616040652863666 1.3981778096564599 1.3949513941295624 1.1323499438210805 1.423360596601558 1.1014330475771494 1.1397841793159804 1.0181248556123568 0.07449437104719367
0.4323534391262394 0.005872664935741386 0.0511560904880942 0.03893463818074078 0.026427374336532403 1.4660327339882744 2.082889505640937 1.8516979458009422 0.9708981559758219 1.5892521431502826 1.7241187670047766 2.31104012116118 0.6160406547684284 1.3981778241972085 1.3949514088764894 1.132349954155034 1.42336061182139 1.1014330574728313 1.1397841898408982 1.018124864145132 0.07449437207125126
0.4323534534068519 0.005872664632425052 0.05115608951136242 0.03893463498639161 0.026427374902246954 1.4660327063864487 2.0828894630122003 1.8516979087666225 0.9708981403662621 1.5892521124742616 1.7241187330116992 2.3110400729503553 0.6160406477402339 1.398177798411082 1.3949513832549456 1.1323499349071837 1.4233605852337234 1.1014330386988607 1.1397841701447458 1.0181248473867974 0.07449437048277764
0.4323534433400227 0.005872664587705205 0.05115609036757261 0.03893463464870737 0.026427374576110264 1.4660327245239928 2.082889491964435 1.8516979336946908 0.970898149866534 1.5892521328266953 1.724118755756399 2.31104010592637 0.6160406510759152 1.3981778153109472 1.3949514000169672 1.13234994707996 1.4233606026250651 1.1014330504802528 1.1397841825834683 1.0181248576994533 0.07449437160841992
0.432353439188477 0.005872664840369616 0.05115609066468563 0.03893463727370738 0.026427374351944012 1.4660327349701845 2.0828895062787858 1.8516979465543675 0.9708981572378258 1.5892521440546705 1.724118767814234 2.3110401216306005 0.6160406562028616 1.3981778253085808 1.3949514098194962 1.132349955284016 1.4233606128401064 1.1014330586760201 1.1397841910160955 1.0181248653805413 0.0744943720524211
0.4323534460267155 0.005872664702724343 0.051156090133421823 0.03893463578318771 0.0264273746272881 1.4660327206876702 2.0828894846718726 1.8516979276970675 0.9708981487800293 1.5892521282620777 1.7241187504418634 2.311040097333183 0.6160406519472803 1.3981778118440018 1.3949513965379225 1.1323499450906163 1.4233605990293863 1.1014330486761417 1.13978418057002 1.0181248563707008 0.07449437128150702
0.4323534477762351 0.005872664908519667 0.051156089789926446 0.03893463785330538 0.026427374646635696 1.466032718170865 2.082889480727813 1.8516979242772793 0.9708981473843397 1.5892521254555996 1.7241187473144808 2.3110400928326857 0.616040651400105 1.3981778095691366 1.394951394136628 1.132349943323855 1.4233605966325449 1.1014330470107536 1.1397841787904095 1.0181248548855517 0.07449437112508338
0.43235344119721014 0.005872664767066561 0.05115609051230901 0.038934636510648706 0.026427374440662597 1.4660327306772412 2.0828895000803294 1.85169794107251 0.9708981544375338 1.5892521393686005 1.7241187627197507 2.31104011474322 0.6160406545102282 1.39817782127893 1.3949514058150774 1.1323499520382565 1.423360608673496 1.101433055474502 1.139784187697315 1.018124862433532 0.07449437184236748
0.432353447006092 0.005872664882606135 0.051156089850887446 0.0389346376080095 0.026427374648538077 1.4660327188261641 2.082889481677409 1.851697925114422 0.9708981478272031 1.5892521261868797 1.7241187481189963 2.3110400939104636 0.6160406516418142 1.3981778102397575 1.394951394744572 1.1323499438046065 1.4233605972610577 1.1014330474784637 1.1397841793112693 1.0181248553141369 0.07449437117870512
0.4323534540579962 0.005872665204557573 0.051156088815665586 0.038934640727447026 0.02642737485827373 1.4660327041039516 2.082889459312319 1.8516979056105414 0.9708981392118305 1.589252109929373 1.724118730165122 2.3110400687429924 0.616040647432983 1.3981777964574595 1.3949513810494585 1.1323499333088607 1.4233605830438196 1.1014330372523953 1.1397841686097296 1.0181248461326315 0.07449437039360163
0.43235344969141565 0.005872664839785658 0.05115608964241716 0.03893463715913071 0.02642737475417889 1.466032713574995 2.0828894729417677 1.8516979176861534 0.9708981453218407 1.5892521202250438 1.7241187413730508 2.311040083895798 0.616040651181674 1.39817780538847 1.3949513899275532 1.132349940467839 1.4233605922550714 1.1014330442935119 1.1397841758882523 1.0181248525932887 0.0744943708431468
0.432353451318973 0.0058726649657536625 0.05115608920718038 0.03893463836249043 0.026427374800020186 1.466032708822641 2.0828894681049293 1.851697912868105 0.9708981406742566 1.5892521154656787 1.7241187365927493 2.311040079047574 0.616040646586756 1.398177800491267 1.3949513853778985 1.1323499358964875 1.4233605874873443 1.1014330395782823 1.139784171174516 1.0181248479063885 0.07449437074478711
0.5349478509836469 0.002989241277645285 0.04587913728787612 0.008247806296367103 0.030541964840685276 1.292307771157926 1.8019112930214167 1.610892834262875 0.8828482592232456 1.3938465333804722 1.5054153795375396 1.9909226458093154 0.5892980488592123 1.2378575835359522 1.234654841980199 1.0173528856776035 1.2569415868377989 0.9908156279189323 1.022497671304227 0.9219349474290365 0.0665746296796778
