0.5397013154730089 0.00836428943552705 0.16088098210614438 0.19990974441458959 0.004124371459475502 1.86618899420971 1.7054140852638335 1.8871264157216112 1.8532253938333219 1.8717437928944778 2.0248625013823927 1.7237190050352906 1.7922716342228533 1.8970439322152768 1.9172175370531208 1.818940411513459 1.7642454044767366 1.8008950125446384 1.736651460829624 1.738827990704212 1.6435953144474844 1.6679662734621528 2.0423963263995724 1.679231567372821 1.7159619360229295 0.31433756890897546
0.4983177594057235 0.006147447444235956 0.18098715573283933 0.1431638559418578 0.005184603309041324 2.0158465916724038 1.8796357584074554 2.034888942375106 2.005542710754339 2.022266848111949 2.1509528477392474 1.8946792657040101 1.953429310348808 2.0417865502873536 2.059418889342133 1.9760656818996507 1.930011642983395 1.962696542430804 1.908749435162329 1.9084497049880333 1.827285533152796 1.8492841966510267 2.1659798345866292 1.855848658675023 1.8877957705944406 0.33578854616251197
0.45944291587200403 0.008428969767177974 0.19673807001667054 0.19988231799967315 0.0024227461992053965 2.1702734021169947 2.0610962439775258 2.182966492312324 2.16065232481384 2.172945773886209 2.2775654951143753 2.0721564922098454 2.1214585565795896 2.190515633841245 2.205695844872381 2.138209777637728 2.1001190716372165 2.125697436431578 2.0830045682831893 2.083268073328967 2.01685877025698 2.035756353682948 2.290109309829129 2.0422958746247883 2.067842063430033 0.3653951543544497
0.4468328983775682 0.010768609416762127 0.19984793040938376 0.19993130609401072 0.002192685547863109 2.2333624528160447 2.153061761332073 2.2431808788737206 2.22628961738754 2.2353627756383183 2.31264378755764 2.1609230878287495 2.1955312776330334 2.2485355736910924 2.259142422434267 2.223220212968306 2.1822989372234414 2.2006438647809383 2.169534710743959 2.169674353258462 2.1226635660415796 2.135678796061886 2.3207335235224322 2.1403412625103635 2.1588166625695755 0.378134352889093
0.4570907211591663 0.010106700021511367 0.19999989301139573 0.19998209304208953 0.0015817702480908629 2.214062844412314 2.1516066883956415 2.2216301663087856 2.2088178492147743 2.215942621577235 2.275579856603813 2.1590780901899462 2.1862677872391587 2.225074621002705 2.2333812560712833 2.1958519541933694 2.1740213127030157 2.1886609093240024 2.164288547338019 2.1643156722935593 2.128119386920235 2.1371902371815343 2.282508159915125 2.1408716619724304 2.1553961159081316 0.3762609328326098
0.45615358640046344 0.008263459057005124 0.19739023284412438 0.19905487060948715 0.003062270249917254 2.1815080235201623 2.0511826552271084 2.197357450718723 2.1702913660531595 2.1850328443344496 2.3097014950776433 2.064684113430303 2.1214731257048873 2.2058082555019123 2.223223665056057 2.1431501973719254 2.09840524737605 2.1285177562138964 2.0778934023185873 2.0780284732457783 1.9979578938563534 2.0213708291964103 2.3247345690930326 2.0289466433529415 2.0593039359983556 0.36730897628377157
0.48141279014518584 0.00867563744645878 0.18209500355088507 0.1990191608179872 0.002501490356815068 2.061189163747401 1.8818161566619316 2.0829733690359604 2.0453090743626023 2.065699389781889 2.240045799526703 1.8992890688955324 1.977302316190456 2.094937159383869 2.127975759289655 2.0080619879604713 1.9462013753936658 1.9877923295331075 1.9179778280104822 1.9182311339168865 1.8186944675950523 1.8407617936443899 2.2593586218633748 1.85103967462836 1.8928391512823575 0.3424067991413592
0.5678981949241003 0.009760861804393397 0.1515087970782233 0.198339303360004 0.0018999410356628015 1.7989979237429523 1.6408776515750036 1.818451751421452 1.7852952004355391 1.8032290619105762 1.9554734743337716 1.6581664183964253 1.7256702340259622 1.8284778762790395 1.8496138247832759 1.7521016673893903 1.698676347558361 1.7344561892234605 1.673473604612781 1.673551856179044 1.5814532375502157 1.604773010977758 1.972079737465047 1.614417329468984 1.6504769807121829 0.30499130734484126
0.5169315259725724 0.00809155012737924 0.1711610886227868 0.17240901736092287 0.0025865567067176053 1.958731380404235 1.7848821542081938 1.9801130533501161 1.943730568959343 1.9635035306761164 2.1304498626309853 1.804393019782582 1.8784186185691558 1.9909117942887429 2.0131579370925756 1.9071525325612446 1.8484857473453582 1.8877669835296196 1.820773670420531 1.8208076764215997 1.7198261765108134 1.745227080294886 2.1487960130199113 1.7552116902449892 1.7954215213878766 0.3240797077892447
0.4026829391074206 0.009547759894357724 0.1919734867513853 0.19493802079589093 0.002428446838266221 2.3466798975519314 1.9826661865332071 2.392753522477654 2.315317943683105 2.3563735930362912 2.7048576079162236 2.022741072163568 2.181043331647087 2.4128113846396064 2.4609935103585254 2.240038241468162 2.1146185871214764 2.1985373046105496 2.0575558848916553 2.0577464012319004 1.8457650611173746 1.8999114423630012 2.7456736476490216 1.9206858510242972 2.0051375075708444 0.38930225186008877
0.44621461845306226 0.008293843254555053 0.19778349849750126 0.1993803528623578 0.002296088642669454 2.224986686131764 2.09088498819398 2.241141072501212 2.2134429402747027 2.2281508310474725 2.357503989751293 2.104805453858116 2.1626108887340987 2.2501108862463943 2.2694016721284935 2.1847573812545877 2.1395068230226646 2.1700990046492685 2.116550495131729 2.1185173385055975 2.040409850944015 2.0602555281552952 2.37081954304446 2.068881481775949 2.099173374598794 0.37121768319026827
0.4897236933182952 0.008514346680944656 0.18159286749990672 0.19710479088501934 0.002903397260187141 2.0525555509297133 1.8905277558712614 2.072495092293263 2.03853485401702 2.0569276012910414 2.212156780127976 1.908442224629934 1.9773280283281 2.0828055014686893 2.1034235413555518 2.0070389770707395 1.9500256249121466 1.986485804060927 1.9241607745439733 1.9242775731914556 1.8297158920480725 1.8536184268326026 2.229890827755247 1.862888264853035 1.9003703867812463 0.34093288643269465
0.4450165589881845 0.010577254750442125 0.1999986204048204 0.19261212554854373 0.0025761608129173928 2.247445772203848 2.1332344194996327 2.2615232115379307 2.2375374593240136 2.2504853222819454 2.3604524331593058 2.145673142386332 2.194272284226099 2.268665002290706 2.283279066367907 2.2134221829679666 2.1749726661236135 2.200784240589979 2.1567859469291544 2.1568092184504946 2.090205521961764 2.107139450892342 2.3724676211571722 2.113750428330531 2.14009102665928 0.37924313335437654
0.5813288972607329 0.005219513406133046 0.15090730174659386 0.09570354488090216 0.00426617825879736 1.7584421678328264 1.5844398922087441 1.7798635335264803 1.743434627648898 1.7631104258024421 1.930488673835927 1.6035870489014306 1.6780441470912073 1.7907981863172011 1.8131652989281373 1.7068744182973423 1.6479683618396823 1.6874361749458102 1.620277297844108 1.6203412843817397 1.5189013057058043 1.544808106425928 1.94882008906142 1.5541174119942127 1.594912359768758 0.3002746815562463
0.44736368967996376 0.009693239363072982 0.1989515063243857 0.1972092492727438 0.0031209788358863614 2.2350274704865716 2.1282818725053714 2.2483001651089163 2.2258512796759677 2.2380522180720464 2.3413222769508626 2.140067546024664 2.1850381766806883 2.2549301466090848 2.2685489098192573 2.2031904552006685 2.167393144724946 2.1911687921402487 2.150627209483472 2.1503802436544315 2.08831348741907 2.104084726260431 2.3514923423037337 2.110267972064075 2.134681671960939 0.37563734878782057
0.4674195774504902 0.008049448575543383 0.19405865933102287 0.19209803725256433 0.004524464287651811 2.1459400914570086 2.040290592318056 2.158960461570669 2.1365209646203893 2.148760848498666 2.2506408551811488 2.0517643945442767 2.0967418734239396 2.1656120453855876 2.179115188884883 2.114482116571663 2.0789014088088464 2.102781048050957 2.062072906628096 2.0621241772403653 2.000477240418762 2.01614399331612 2.2614340888678672 2.0222360867479874 2.0467186400870943 0.3624178390104584
0.3854205761992357 0.0099189649510256 0.19143595261507984 0.19536833274851104 0.0012644809684761666 2.4014883323446874 1.8686924036267683 2.465583074124708 2.356327350402023 2.416428663315469 2.9238951193933045 1.9292016230545992 2.1641780712575716 2.496887306210429 2.5682749687772377 2.2462295380513826 2.061257204955206 2.1851556415804763 1.978126102515927 1.9782708577399006 1.6679019888183477 1.747111961394058 2.9763216376780113 1.7779777964701922 1.9012671082726125 0.41125193567857116
0.43005431477661754 0.009694057085427261 0.19720829405046586 0.19894986134163742 0.0012372083534131226 2.2593364126768596 2.047727643093975 2.285160380467166 2.2412769418535246 2.2654293192829815 2.468764441655772 2.0713970822193817 2.163271522930791 2.298424542803391 2.3261526118844285 2.1969532757159262 2.1250697492281327 2.1732751480661983 2.0914460627895792 2.091433341604029 1.967980227994615 1.9994468182086298 2.49380377383085 2.01159085430945 2.0604067713723353 0.3749335211257218
0.4367457983967754 0.008864841135909601 0.19813396968649974 0.19932704575064908 0.0024012385704767236 2.245194820218337 2.0447200946814026 2.269934202134095 2.2275748714194186 2.250093896513792 2.441261771451957 2.0666193136709086 2.153604818219208 2.281983103649387 2.3084143435704325 2.1860222757879018 2.117702379897316 2.16447470623325 2.085977247306246 2.085687939958118 1.9694389953430191 1.9989383223825243 2.465183476759296 2.0086386082934 2.0571503091373313 0.3726118142245714
0.4589154726030574 0.008441309488559331 0.19591559217549823 0.19920323073640908 0.0026452242134270645 2.171834703849246 2.027208894811471 2.186827295421879 2.157524541221588 2.1739298210773916 2.3069839966539143 2.0452655909583903 2.1069576251873463 2.1951452272494847 2.213413607038774 2.1279618182478224 2.0796011899665765 2.111239372845381 2.0567604083625706 2.0565482946990974 1.9747049386987303 1.9954633356473044 2.324713609390822 2.0032257761531804 2.0355923649548475 0.3639268926165025
0.4466471144797996 0.009680281665075225 0.1991083363705407 0.19588631408173096 0.001901558627127308 2.2139877353972532 2.0680565507983393 2.2315202641146135 2.2014212923890497 2.2178106425391553 2.3566179386217523 2.0828670332359294 2.1476960662136797 2.240740198893827 2.260769783977136 2.171092171028753 2.1202255227855655 2.1545473327666307 2.0974276081119876 2.097686104898034 2.0123334847272516 2.028940487526329 2.3740780547347233 2.0431168118055356 2.077105054713768 0.37114663894848593
0.47567069084852337 0.007541169390461849 0.19060986327523016 0.18300182285757544 0.003684744230337509 2.108655622019245 1.9931046131724706 2.123293556296128 2.102575497266117 2.112101541354237 2.2231699569306964 2.0065811690644697 2.054231768528337 2.1302212400078155 2.145096397019472 2.0744935395378414 2.0356126051691774 2.061568337072131 2.017148222936262 2.0171276948003163 1.9482042412749085 1.9664410497618907 2.2346758230709587 1.9729831248088814 2.000476467138131 0.3537073396930886
0.4644549625902441 0.009094867176649984 0.19247069003564152 0.19589747596684826 0.0016856830001528826 2.153142247530985 2.010003290322024 2.17073590514917 2.140702123403859 2.15695487106895 2.2948701045296214 2.0255906615661265 2.0866304839651066 2.179760954500397 2.1981397708902546 2.110598822901109 2.062286546262622 2.0947130915549175 2.039506888278172 2.0395746292122325 1.9562088462624627 1.9773685158563015 2.309867678387997 1.9855963004258583 2.0186874326266113 0.3593644451715899
0.5257989583724769 0.008614080602944073 0.16769108033575877 0.19345632428274756 0.00352486839243438 1.9289430285145501 1.7748778936920278 1.947916250859822 1.9155924189345221 1.9330695627194132 2.0814111775762902 1.7918038289427838 1.8573129205045098 1.9576191711176603 1.977274020219434 1.8832002207243683 1.831257727976952 1.8660283253276613 1.806687566849868 1.8067458790106312 1.7169051036889922 1.7396955537413772 2.0975150020179782 1.748570812286177 1.7842373602039245 0.3214867740096344
0.4460373446506114 0.008161269194733256 0.19866842163583837 0.18634148285582744 0.002221370943358425 2.222654174261229 2.0662866248784577 2.241468596390278 2.209052401133048 2.2266099296625153 2.3759122698199766 2.0832709850589026 2.150722674455848 2.2515866631422106 2.2717820255855563 2.1761843107449987 2.1234138205241724 2.1588948485828667 2.098820829022747 2.0988166593277313 2.0089850997315746 2.0320336433367117 2.3935604146148854 2.0396411567847545 2.0765244673437016 0.3699124227997089
0.3988732640541132 0.007002753424303763 0.19071866349541303 0.16388207245028272 0.010021518217443732 2.3437577764016693 1.9728299424645221 2.383979736564464 2.308026013423631 2.349454715727683 2.6989905442053086 2.012698821260539 2.172903480583207 2.407532378496194 2.4552198733861936 2.231707324277999 2.105198177387563 2.1903022963521153 2.0479670294278605 2.0482610694642536 1.8348234175528275 1.889324699067719 2.7402133890116667 1.9101471300490533 1.9952042462912913 0.40708166727380396
0.47678379403697235 0.008638995159954947 0.1824270843100992 0.19956365026202638 0.0022368062820196846 2.0682755355876394 1.8835520296330936 2.090411943772264 2.0525259356274614 2.073342694899278 2.25028063781659 1.9031775073649455 1.984929936550278 2.102321814016298 2.1271304509538704 2.014344179667497 1.9504343819473844 1.993333274533762 1.921601984934213 1.9215799359793169 1.81438314290766 1.8320421713951807 2.2702720978283164 1.85229666969047 1.8949405987917283 0.34296503839225484
0.49551151541328464 0.00883272678803275 0.17792754301995725 0.1977982205895554 0.005521804258857292 2.0227923673586967 1.8539394459191134 2.043313997311933 2.00813260734617 2.027269154217202 2.1896131948847 1.8710040031357245 1.9448760349211065 2.0543971159116055 2.0771328358752377 1.9727852871925373 1.9144645841942234 1.9800361668129005 1.8880696253975124 1.8882886853604985 1.7896689393420766 1.8148767268474688 2.208319733301353 1.8244557727650716 1.8644598864346642 0.33866131019275375
0.420962104684625 0.012146755637474128 0.19962792272859434 0.19995730702505526 0.00028189355088312104 2.2881386581789473 2.0806432509410686 2.313422333160842 2.270000227424204 2.293650440694112 2.4903681011196857 2.1017710089963955 2.192824215279618 2.3269505551708574 2.354400795658123 2.226813087443929 2.15541250924953 2.2034991598045823 2.1229232387961225 2.1231633310860314 1.996177929901696 2.033244361778423 2.513325416895862 2.045388467422659 2.093404406104436 0.4004653929507743
0.6006886825812995 0.008390808411117579 0.1443225209785905 0.19301188654480642 0.00851942321491531 1.7052100061357858 1.5950072067068957 1.7188191498257617 1.6969120167047138 1.7093762146891014 1.8146941915841905 1.6076361960565826 1.654688417159892 1.7258020099423683 1.7398574132171825 1.6734413814228881 1.6356202840870866 1.659977613153757 1.6171589221707867 1.6183676896373558 1.553220291156483 1.5696479606923872 1.8256114953947962 1.5760879137817434 1.6010718830664366 0.3023729132344896
0.5031892071824884 0.00875933566765737 0.1762970927427851 0.19701700738799716 0.004839525342659391 2.006353507112484 1.8556178346028396 2.0249241337925157 1.9932860114614215 2.0103864078347806 2.1555758815166284 1.8721315134167726 1.9362192014270234 2.034405063160503 2.053644390953122 1.9614865372387045 1.9107487339911582 1.9447822452475005 1.8867160219792969 1.8867794716319184 1.7988303572845792 1.8211848547869514 2.1713002391395624 1.8298758904393546 1.8647750217709007 0.33531426799129815
0.48073276908759643 0.007985757292943929 0.18239275978801367 0.18498933686417787 0.0036242949859809585 2.0561450559870487 1.8788017158627854 2.0778115019049843 2.0405167717230714 2.0609024843589347 2.2335194605974285 1.8957842020565039 1.973882535843653 2.0896982965515396 2.1244851641327904 2.003810678602521 1.9420563874185088 1.983556395220417 1.9141982074545412 1.9145956539099338 1.813763434944606 1.8389936551868116 2.252631569675466 1.8492178830609125 1.889703867417898 0.3414958935924087
0.48060995645052773 0.007772647621445889 0.18503293404457952 0.1803660039998936 0.002628909014772022 2.080105844299146 1.9004550787877301 2.1021156424180627 2.064478748720335 2.084804989737182 2.2586473808097915 1.920081606753513 1.9964657790681748 2.1133723321484568 2.136537938490405 2.0312180050076707 1.9663497423137812 2.00678219768751 1.9373912075912747 1.9378291752833006 1.8363450687023433 1.859359287735858 2.277349585720742 1.8696665807379906 1.9112902000421983 0.3449283216906169
0.5007665158037821 0.008551478335699051 0.17560955098265535 0.19324167209788393 0.0027629125984839752 2.006859762017685 1.8297657743391964 2.02861462634661 1.991532128819296 2.011612235530707 2.182024041014347 1.849180143696556 1.9248123880709385 2.0397309078199473 2.062461146055962 1.9542588054928123 1.894446809315896 1.93455842152219 1.8662701553415966 1.8663467312085122 1.7630767270853047 1.7893211441378856 2.2006346657746376 1.7995383856634812 1.8405366912049512 0.3324478123640977
0.42808895713916667 0.009122338075017082 0.19734373613092338 0.1995349870177861 0.0019140755976332696 2.270712836431492 2.0017087705865264 2.3036188272036338 2.2474785053360065 2.277928073678972 2.534822768308322 2.0312464427088073 2.146572909395903 2.320185703577219 2.3550368842073723 2.191053961517412 2.09969255108527 2.1610154837609654 2.05714305002208 2.05728196170946 1.900899667901992 1.9402660692887486 2.5652229480127895 1.9557730438614485 2.018048723796284 0.3761585308054268
0.4787494827276414 0.008563777707828738 0.18553076078906655 0.19357220699661526 0.0022425979674856344 2.089924343741214 1.9202817241530115 2.110776719220456 2.075218342081546 2.094445321454504 2.2576702473168817 1.938937197267369 2.011139899030097 2.1214074818505435 2.143135377304246 2.0394371321305216 1.9824056603065936 2.020670763347865 1.9553559848078228 1.9554203081277244 1.8558623824306117 1.8815225193880722 2.2754856961261094 1.891265698548718 1.9305959458016952 0.3470552220870945
0.47164220864242484 0.008181590310176932 0.1903252366353324 0.19388868177997384 0.0027803335084863974 2.117644565725669 1.9856529649181272 2.1335199881858915 2.106242849961991 2.121226192324618 2.248110493444463 1.9992849321995791 2.0566520707963445 2.1425533853304857 2.159896360307618 2.0784251181829547 2.033218909985567 2.063665027197945 2.0118742612110196 2.012532408546532 1.9327048786074288 1.955423916353447 2.262103521230465 1.9631750469260831 1.9936899403083683 0.3538643226927834
0.44477672436604015 0.009220754285848152 0.19634218910838824 0.19502826466062415 0.0030441510133309337 2.197971585727145 1.9984800529031137 2.223526682988482 2.180928847566315 2.2046758522091654 2.401227167009946 2.0184200488570267 2.116530494095809 2.2364056122400795 2.2639847357907477 2.1395980379730952 2.068004775824557 2.1158729059895913 2.037775570950219 2.0379194108150145 1.922447156338114 1.951897541259133 2.4167885157454028 1.9646567045517938 2.0106429402418495 0.3660147764309612
0.4510620510554586 0.009310055597119822 0.19968587856287556 0.19882557505124795 0.0016326212751508367 2.214344327653018 2.0903183740019555 2.2295168399389915 2.2034053915101874 2.2203148659995 2.3371060100233527 2.1022710301297938 2.156001086399513 2.238415084322279 2.254041937643191 2.176956694566369 2.1346668014544217 2.1632530220858848 2.1150994212366707 2.115377754869343 2.046228994304831 2.0616517137052512 2.3502502155833955 2.0692152737920253 2.097969766240412 0.37296112427129785
0.4721481108918735 0.008653802318734279 0.18456853307706514 0.1999999999844916 0.0023206591102041094 2.07453727220637 1.9106616008502593 2.094472033742866 2.0605265223379763 2.0792735712938017 2.23897665958791 1.92632789577205 2.001141366049214 2.105666127957688 2.1426944315960768 2.026352564883085 1.9683470101998617 2.0073330261352984 1.9429202667315724 1.943202674558823 1.848084718609152 1.8733657053487338 2.257607258112521 1.8830860108044691 1.920767991498395 0.34504109780003234
0.5294749510654055 0.009364102237009207 0.16310579374078854 0.188714239895398 0.00396847407009207 1.8960705757640188 1.7278342924677381 1.9150829247440169 1.8821756796198508 1.9004665705477972 2.0537581021541538 1.7526143593784154 1.8238696046406995 1.9252237978291935 1.9471200735584853 1.8491740025039878 1.7930630759305137 1.8307477531870606 1.7680260390241214 1.767901905373659 1.6749048910229118 1.6988177729821434 2.0713732765323853 1.708417355368681 1.7456223534491657 0.31637153063336454
0.4358335261035037 0.014653174750364893 0.19999965991047589 0.19999998283209183 0.0001391130832625568 2.300683541683439 2.2392777399369646 2.308299543609633 2.2953339450907206 2.3023095641679587 2.36150359723159 2.2459440195061253 2.2718194371343383 2.3122607816243756 2.3199468354577175 2.2823243976616325 2.261788027063948 2.2755757555049407 2.25196438505323 2.251990731153826 2.216166783417943 2.2252444767031268 2.3679914817903107 2.2287798182984506 2.2430015324191466 0.4394803923505429
0.47695090099402737 0.008884567454972202 0.1859308046155677 0.19987579232043032 0.0024350310460955985 2.1001832684829407 1.925051415113656 2.1208030445724306 2.0850244905425552 2.1048816950616915 2.2734229815795834 1.9444323700305741 2.0189207726408016 2.1326879833299177 2.155007048901456 2.0481119986728915 1.98916053969288 2.0286941778958525 1.961244466443326 1.961318452708868 1.8586963612166314 1.8849511284245017 2.2916157049639603 1.8951659827028287 1.9357320747275926 0.34875637382465396
0.4575084479100273 0.012394290374064849 0.19631576691266003 0.19992935742577989 0.001884878547342722 2.1997944056284604 2.2188802757857298 2.19775792712028 2.2012700031570134 2.1991603421454196 2.181594939018888 2.216453270805996 2.2067494353079127 2.1968036458898306 2.1937069512889256 2.2048974725975996 2.2123956147118573 2.2073986161858152 2.2150519912700686 2.216351483878107 2.2259571966127227 2.22314359991202 2.1790662746857623 2.222004791774832 2.2176834502361653 0.3911946411834088
0.43702931364511255 0.013203964612939465 0.19999593049827769 0.1987142486513467 0.0005885370003425452 2.290095356026438 2.175278671839283 2.3045144416711487 2.2803291466222175 2.29336351911744 2.4041664835430736 2.187843989063903 2.2366066551086314 2.311694913471177 2.326309649205566 2.256010473026415 2.2173579863529786 2.243296876734211 2.199008050041037 2.199061056055461 2.131908782325925 2.1487177516119003 2.416287776969851 2.1556214892690644 2.1822708517616167 0.39873689659189737
0.4621938873296469 0.009907311426620803 0.193851407660506 0.19975538761091627 0.0014766853842598589 2.1713628385989256 2.045996019404299 2.186806513686894 2.1604905482236685 2.1747179841662967 2.295541414197116 2.059742767120359 2.112910228585525 2.194698668499045 2.210647617139914 2.134004333758142 2.0918819336245247 2.120140867058586 2.071880376123786 2.07193113844221 1.9987551861667245 2.017359823736318 2.308540949860255 2.0245858048404615 2.0536066668772217 0.3638973272231338
0.5099990631251422 0.008283463261751804 0.1724846402009241 0.193987533746729 0.004865270098583884 1.9753188608310241 1.804085222673172 1.9963545227230353 1.960497592781162 1.979914056772826 2.144691766483811 1.8228583688601558 1.895979820463298 2.007115166571594 2.0290881121927553 1.9244589116718531 1.8666307773930777 1.905410972092071 1.8393816634771387 1.8394547512672819 1.739602474599003 1.7649772453999937 2.162682222523873 1.774856942236009 1.8145000078173357 0.3298435671105374
0.4418722740935618 0.012175747526419364 0.1989991469588139 0.19764776738792825 0.0007297864369679477 2.260318802026148 2.147563783525344 2.2742607371700116 2.2504650174788683 2.262512874076386 2.3705574901648134 2.1597626654947777 2.2075918374595656 2.281500008113794 2.294658923621072 2.226779203691321 2.188780047428203 2.214401141830274 2.1708813345591804 2.1709463178899924 2.1032075705470037 2.121458778228843 2.3822262750141063 2.128263290447959 2.15448972253423 0.3878173362228221
0.509986118545086 0.008825720462335434 0.171291337976937 0.19936988266688768 0.0022709217461957657 1.9735767370194923 1.7884474381590056 1.9963166649716526 1.9575547649735174 1.9785460967194781 2.1566783161488434 1.8087610590653975 1.8878228851597016 2.007943282050441 2.031702997088181 1.918594963515776 1.856066891222067 1.897996192372864 1.8266076240496705 1.8266858148158518 1.7187333421059579 1.7461663484797987 2.176141963460219 1.7568473236864157 1.799706764946053 0.3275170469619971
0.44458100767728914 0.012276676095054912 0.19994220497461845 0.19725906593585282 0.001089562426314889 2.2615988970135867 2.185057030404884 2.2710533073561727 2.2549622988332683 2.263654319356674 2.337523673335073 2.1934750341917466 2.2258416243464865 2.275822581220642 2.2855465843555405 2.2387640599148497 2.2130593597830748 2.230305638568646 2.200847775845984 2.20087523067441 2.156216398645088 2.167559181004646 2.345336187987878 2.171975877384468 2.189697457422715 0.3890828819638701
0.4643153337833978 0.008762617915824564 0.1920187744224347 0.19228560977198736 0.0018808264857778 2.1522135475444593 1.9857595147544949 2.1727065752062558 2.137789923490038 2.156669081401595 2.3169377366681676 2.0039801841285994 2.0748554913112978 2.1831307145167016 2.2044242748246794 2.102689330679594 2.0466015508640925 2.084229784142205 2.020092814309967 2.020166651350444 1.9230793542526128 1.9477446830578555 2.3343560142373443 1.9573404249516135 1.9958744091664982 0.35822892136427353
0.4765707279551845 0.008657208134144508 0.18456770834445238 0.1949122711235267 0.002346242261462129 2.0820930683010075 1.9136897509455435 2.1022725071958988 2.067728104170916 2.086710707754492 2.2479220701917124 1.9313463062067562 2.006018037762762 2.1131728988827296 2.1359393739382133 2.0327346868930283 1.9741701194836188 2.013575909950859 1.947801964820509 1.9480339074739392 1.8495382074734572 1.874867754391378 2.2661651554900955 1.8774626444681375 1.9240592588313232 0.3451196213595112
0.45404911275074966 0.01168606978003592 0.19920051234525354 0.1951306051101152 0.000777633123925589 2.2313317454875294 2.1894310772766032 2.2365237002042746 2.2277430505012648 2.232494117552932 2.2727623575449014 2.1942493183219924 2.2120609755932437 2.239012134082516 2.244397294300558 2.218939957301153 2.2047192609826807 2.214249919267602 2.1981014870160105 2.1981045632016945 2.1735570184653867 2.1798435478840883 2.277493088851197 2.182234635520874 2.191971335585218 0.3862890120718294
0.4629673311615624 0.00861054365782573 0.19529581943022373 0.1880371225308839 0.002930560073156011 2.1682013236789937 2.044155799203647 2.1835115906563893 2.157434774154185 2.171511583789842 2.291066801323865 2.0577238339829935 2.1103178703005754 2.191303728232915 2.207087077407131 2.1312220884721094 2.089554687168593 2.11751407864567 2.0697607705769765 2.069813765092669 1.9974443507710318 2.015818096569966 2.3039484858531223 2.022964515497073 2.051685448167519 0.36289722040834194
0.4769698828723904 0.0075826350612250406 0.17369013555676432 0.16967876292365736 0.00321653533670431 2.0318112811992193 1.6779384128541865 2.074784017521401 2.030609632733636 2.0414850387965506 2.3794287933160247 1.717422881500971 1.8709184380848416 2.0966536905869995 2.1429626719254578 1.9278243653357137 1.806784213912339 1.8877666209050321 1.7508309445102657 1.7509570437742834 1.5441092788752384 1.5973536543080997 2.4177543580107237 1.617737039767131 1.699534936453015 0.3406198944780994
0.5274560222605521 0.008465208921246104 0.17331785712716427 0.1999964387378923 0.0025102981155183594 1.9408038568295416 1.8885621205513732 1.947230827588435 1.9361818034854037 1.9421050628529086 1.992856322228108 1.8936286294124605 1.9161474036123078 1.950576989656786 1.957264052814493 1.924966883131597 1.907450958533094 1.919429199844629 1.8992004049310476 1.8992769336555113 1.8686700687015694 1.8765259306329742 1.9983143647461576 1.8796424635088749 1.8918011602533462 0.328420309106625
0.5162648425596097 0.008915201008889486 0.16662375666608356 0.19999999999872947 0.0022295170070243324 1.9425559847415423 1.7206064850903608 1.9654725073984278 1.9233817202821406 1.948534893860504 2.161877364384403 1.7450932415112856 1.840141721708745 1.9836625017149765 2.012235527631692 1.8767731074101797 1.8016301315168948 1.8519978170602387 1.7663578362371533 1.7664427422642035 1.6368905445227473 1.6698154331776653 2.185355317119155 1.682629346511881 1.7341191352664376 0.3229807136574859
0.5178234705675732 0.008882724834636618 0.17064142908432342 0.19956607776887644 0.0025116815043413096 1.9592059899993026 1.7973531125747266 1.9791346487318462 1.9451808605200032 1.9635291771029653 2.1192825631218457 1.8152420625305405 1.8839801946889805 1.9875679580473689 2.009899206378437 1.9110746504335223 1.8566206707163069 1.893136417906638 1.8308170076208405 1.830874041222279 1.7363541671285854 1.7603607144172502 2.136186844827108 1.7696824810911653 1.8071847994410912 0.32560535580434097
0.4337764863150371 0.015003591930137629 0.19999415930113235 0.19929653186256419 0.0009347062655446915 2.310997695521049 2.2491976687749657 2.3186078566598614 2.305466221623743 2.312450905438558 2.372197593143768 2.2547368345038366 2.2817602845877616 2.323177108595051 2.3313640664401016 2.292717795762497 2.2714649937081597 2.285927028742797 2.2617246181987203 2.2618581528738435 2.2255507828883268 2.2348909142720235 2.377781321675939 2.2383747331374595 2.2528488757231226 0.41229602841630986
0.5007597461251772 0.008386401607008067 0.1781599354693994 0.19895331780689665 0.002554083530132148 2.00988401363635 1.8833012968064893 2.0255017609201307 1.9989276340688815 2.0132646964680694 2.134709919384286 1.8971721194365434 1.9512751098928587 2.032736972606628 2.0497147820201844 1.9721887115657994 1.92968082289789 1.9582149602910255 1.9095082709080502 1.9095490491414726 1.8325510094445097 1.8546886462794816 2.148449967542864 1.861900862529509 1.8910162644638582 0.335192907247396
0.46596506228298334 0.008367855926463174 0.19157014659492777 0.19286665614637336 0.002860317607125151 2.140602321336519 1.972287269863578 2.1590247270812823 2.1260256505823154 2.14504169196152 2.308245634804034 1.9910706314043047 2.0627171948856784 2.171981149464506 2.1934398031079914 2.0906610839002324 2.0336686068263474 2.071783931476868 2.0067970550671896 2.00681466426727 1.9096173252262267 1.933056778307293 2.3253027764698007 1.9442415909508315 1.9783579158921423 0.3569058710016231
0.48902807893455935 0.008222291458521625 0.1847736467903422 0.19640467527441768 0.005661580859000576 2.0662385830517866 1.949298306190942 2.0806804917262927 2.0560846589929813 2.069357449126052 2.182091341241316 1.9620974057523002 2.0116221073133613 2.088041904399973 2.1028973789894727 2.031364666292648 1.992114822824182 2.0184498800461252 1.973440839882014 1.9734888654674207 1.905260661428776 1.9225806403772452 2.1942123718650484 1.929317127269179 1.9563949141058776 0.34888063428058297
0.45196250315995457 0.011442191702394836 0.19874139764166843 0.19574523955257014 0.0010289472907042301 2.23150071496086 2.1634160164201917 2.2399416093547133 2.2255761264388845 2.2333087350134693 2.2990201806831068 2.170863533889869 2.1995221294009193 2.244232099632464 2.2528163253406412 2.2111393720571977 2.188387391611703 2.2036591306767663 2.177487713675278 2.177514383938454 2.137772028002351 2.147857210383362 2.306015580255273 2.1517734717020462 2.1675408937176384 0.38189961412975426
0.41832277759325504 0.009753252103935718 0.19459379764124643 0.19206707990514774 0.0019799439541554626 2.2946725290890293 2.0431306282911206 2.325291990110174 2.273439088994499 2.3013866953278588 2.543512340437459 2.069765375822169 2.1788073567231896 2.3409467243193576 2.3739288057860395 2.220227511304157 2.1341864763524097 2.192111326856486 2.09468773803638 2.0949423427233067 1.9482707217858577 1.985666150062756 2.569421780503022 2.0002568637273863 2.0584972463349027 0.37774569910900957
0.5632299153438725 0.009166599697403117 0.1542345023373158 0.19908219853632245 0.0019720074939649536 1.8149868408664018 1.6600284702983632 1.834122889480388 1.801522388257266 1.8190748212726007 1.9681118975007172 1.677332985726744 1.7432488460677678 1.8437936981590242 1.8636984027519856 1.768917189704977 1.7165681874952863 1.7517278784038497 1.6919099280353636 1.6920027102232797 1.601154362658072 1.624606462697688 1.9845159874108709 1.6335972404593762 1.6695306027603358 0.306912698805879
0.46030991943274 0.008774908546750036 0.19930748314265498 0.19999933674348366 0.0019570431497869965 2.1933471982544757 2.1294535522216296 2.2012694425519768 2.187786986463947 2.195044465729117 2.2567176574739767 2.1364485414019256 2.1633332953416438 2.2052964136271775 2.213350138705568 2.1742372651986135 2.152889159167397 2.1672176111843044 2.1426583295611223 2.1426830412537616 2.105390804060789 2.114850214407586 2.263275815470838 2.11852684738931 2.13332392701841 0.37226125493288087
0.502017438541072 0.008958624944059792 0.17641143507912227 0.19269383216067373 0.0032655997274527756 2.012415679496074 1.8484220909281763 2.032590315944555 1.9981999395024204 2.0167812428395386 2.1745150201441823 1.866571800535953 1.936216833218246 2.041127104484102 2.0637501407820733 1.9636369238331548 1.9084891723569484 1.9454749450222748 1.8822497341173785 1.8824009082739848 1.7866465583730016 1.8109476220440095 2.1916994437498825 1.8203871181550928 1.858385232837242 0.333599436627368
0.5224560250131811 0.008631101587083035 0.17094138674850726 0.1994754116923359 0.0029831721446676265 1.94868023772862 1.8146177562378536 1.9652092881937302 1.9370561047350798 1.9522663436678223 2.081420672400716 1.8293719459948294 1.8862765794164507 1.9736405116905111 1.990714959459746 1.9087782970026341 1.8636876221166399 1.8939228255718137 1.8422875641612435 1.8423369991858007 1.7641374810267498 1.7839905569692702 2.095329108700455 1.7917131581436088 1.8227545430412777 0.3252576203532755
0.47778955991806055 0.008642200824666817 0.18950791350427873 0.19987830694845504 0.0024413318822751003 2.1098348045630164 1.9883960112302337 2.1248349921353116 2.0992895006643586 2.113073027019134 2.2301471922763256 2.0016869771544954 2.053103046202937 2.1324755840013028 2.1478987446744724 2.073614083209513 2.032862907131686 2.0602066281076197 2.0134696122194424 2.0135196239569386 1.9426655470869365 1.9606511906241375 2.242732033632227 1.9676458984941836 1.9957647700057537 0.35335798340317753
0.4482395167801846 0.010669819351034187 0.19927797844874656 0.1998287592347013 0.001616308991688738 2.236186941732159 2.1210548303957575 2.250408342749612 2.22619002955297 2.239256515454111 2.3502409040988197 2.13364147459811 2.1824096199864913 2.2576360933098765 2.272265985956498 2.2018447354393915 2.1631976551366314 2.189134548399704 2.1448212855368483 2.1448710867920604 2.0776985353958204 2.0947509804109345 2.3621820506899063 2.101383615458639 2.1280415018637364 0.377132476476475
0.4754932615178718 0.005668229090932102 0.1892898578264446 0.0959769333167281 0.002511476697162143 2.1013280512361843 1.9323206274269056 2.1220747456301146 2.0867066559552754 2.1058657751837155 2.2684318415582303 1.950801935167539 2.0231034268069195 2.1326610188890722 2.154404784480209 2.0511443586608755 1.994002153967539 2.0323352319419263 1.9671438119046063 1.9672226676360716 1.8687074916997348 1.8937233703970024 2.2862749199696246 1.9034780329757977 1.9426051700671723 0.34570303585775314
0.49546234466542927 0.004080261212422045 0.18270910242554614 0.06026905209074733 0.003956362894347402 2.0291159481076027 1.8548655969316183 2.0505555464501444 2.014020629165186 2.033783584203227 2.2015395636860413 1.8739662215927024 1.9481966663223325 2.0614961031140226 2.083792469024433 1.9772969617126783 1.9185561972972154 1.9579548129930286 1.8908018715689128 1.8908758101482983 1.7892496268428504 1.8150663380406988 2.2197860851233377 1.8251140851495247 1.8654559076339523 0.3350973275800714
0.46972447386214 0.00756108907251627 0.19225303669477634 0.17345768141108678 0.0038341623937698304 2.1353804729095605 1.9938556238111376 2.1528239036971564 2.1231075636101164 2.139163356261769 2.275496495000572 2.009339028120691 2.0694868006264144 2.161707668459849 2.179765576947248 2.093237652371513 2.045616096006137 2.0775667772569633 2.0230565323590355 2.023118077709429 1.9405632151209067 1.9615291611283057 2.290250095394418 1.9696859425481328 2.0024518015231183 0.3561181633072146
0.5305760083479988 0.0066781742274456225 0.16715517392717938 0.15889085042738366 0.006839388261683225 1.9106818633188163 1.7403603708139637 1.9316359039438529 1.896003782388401 1.9153122646066416 2.078774121422702 1.75958841133592 1.8320163449448108 1.9422085835996274 1.9639265216598276 1.8602189464923415 1.802751201862006 1.841140621525864 1.7755872224574065 1.775613790441559 1.676428888713749 1.701530462968494 2.096775669624324 1.7112887020973706 1.7506717697980914 0.32174386486151474
0.47541983754076655 0.007553944384164025 0.19011913284925613 0.17939148038658398 0.0043934185316916894 2.1139431914748683 1.9761310813418493 2.130939538799637 2.101987547502481 2.1176243769925223 2.2504107093074195 1.991212921304175 2.049715804341063 2.139597869865051 2.157157007657774 2.0728866714932668 2.026552550150095 2.057639488994912 2.004571757766075 2.0046304230957595 1.9242360997475136 1.944650277263519 2.264752499500715 1.9525916126979719 1.984499225133242 0.35372755743992085
0.47002950497307355 0.008225754661960976 0.19077728818598233 0.19161831462383766 0.0031310705630715257 2.1319559942998607 1.9757284336205143 2.1512088736000345 2.1184092440334603 2.136132633141119 2.2866187325944876 1.9928313351345808 2.059227006339226 2.1610112448478116 2.180947353357706 2.085436859878045 2.0328670210915 2.0681363859343254 2.0079633307602966 2.008030705356921 1.9169005333971305 1.9400438592320268 2.3029130837005547 1.949047603076244 1.9852171449135134 0.35556939970656687
0.539113438180158 0.003907970281148232 0.1669924762096587 0.06150100157426218 0.005078537514161822 1.8839825717202294 1.7215657357905314 1.903959306214203 1.8699119290851445 1.8883345440277892 2.044707119196027 1.7393690914767193 1.8085806389733634 1.9142026122100386 1.934979462871724 1.835704978221582 1.7809397250409609 1.817660932762035 1.7550575564256983 1.7551230350627942 1.6603981719304544 1.6844624099559946 2.0617033706235084 1.6938312064815042 1.7314400620417933 0.31513367527431774
0.45813733961976366 0.007619291086316003 0.19941650099995364 0.12856337753465044 0.002207200169200976 2.1952214033119315 2.1384054944585142 2.202214930387123 2.1902963546324443 2.1967496667162734 2.2515797887748024 2.144488354812682 2.1686903556513086 2.2058600811642384 2.2131581280368198 2.178308143009035 2.159191648806641 2.172027841760855 2.150130455083887 2.150161421495237 2.116989317258503 2.1254114257165586 2.2574657856284754 2.1287024980632783 2.1418655511061333 0.36813897730984574
0.42284196203218793 0.013317218245307589 0.1999269422177544 0.19999849138702963 5.431160231307248e-05 2.321065371881223 2.096456881658799 2.3485571684042377 2.301671391202896 2.327112925151759 2.542937119430958 2.1209775604172307 2.217576105769987 2.362502246790424 2.3915678093322144 2.2544938922823383 2.1782292633355573 2.2294066653361786 2.14266870319174 2.142793048701341 2.0118681990903746 2.045178946061235 2.566808681586927 2.0581561895915583 2.1101402847035624 0.4851026557149459
0.505596127507398 0.009209076503996851 0.176083574065207 0.18701534545505302 0.0014869536826891054 2.0022905244718805 1.8751332952353503 2.0179667516681277 1.991260152394149 2.005688317447413 2.128206485064513 1.8890530311232532 1.9430540758286392 2.025973200678171 2.0421794839430825 1.9644198063333798 1.9216545450431504 1.9503429407499382 1.901371047156113 1.901423952639888 1.8272469868594747 1.8460839603353294 2.141439448589898 1.8534133900860181 1.8828560763407713 0.33293078312085994
0.44896348475027764 0.009851379345366475 0.1998342501096025 0.19851606342462724 0.0032476583319543026 2.228959821366595 2.1195514606542005 2.242671346992385 2.219502793385809 2.2319365491682577 2.3366739967654073 2.131415459254183 2.1773723783678376 2.249479666098437 2.263153746050817 2.1962808367339073 2.159834996690711 2.1843339455165496 2.1422538666552753 2.142288823790523 2.078223990547707 2.09445625864981 2.348856604359933 2.101576447110998 2.1253621081692153 0.37648645236118927
0.45597135519703336 0.012142387058560414 0.198462970352282 0.19612358663181007 0.00027038341301099077 2.22390100127017 2.201677035350953 2.2266624534670396 2.2219647709284827 2.224490183607524 2.2459555460447325 2.204112373902181 2.2134302652150573 2.22806472059495 2.230853750366472 2.217244205114909 2.209836657137976 2.2148089486797247 2.2062724424740465 2.206280573789599 2.1933068847104855 2.1965963756897446 2.248225174393458 2.197874527324621 2.203021920271519 0.40081809712457195
0.4195041732669391 0.008908659289691255 0.19472005014063531 0.19623980774290095 0.0025936713804573645 2.2989969794731246 2.005612343098168 2.3347576735698623 2.2737703584966393 2.3069749012819996 2.5884498855000873 2.0379083564722946 2.164861043787579 2.352728568160181 2.3910812757802513 2.212384556711619 2.1122084275350375 2.1794200739251246 2.0659828952362265 2.0660834208400325 1.8948206478664427 1.9387060857962815 2.6199669423962417 1.9554120679538798 2.0235861198226828 0.37859997021433006
0.3668387217508307 0.010859978615338274 0.18838771273877694 0.19969940972982228 0.0017132469940015827 2.4432944039241873 1.845611697050032 2.514922005218482 2.3929121944587317 2.460553953476197 3.032015748529456 1.9140820957962172 2.181015111233408 2.549458752874749 2.632246718704905 2.2706352524785007 2.058851884273918 2.2006910755900813 1.9670730869610007 1.9675165451260432 1.6195548933425585 1.7088357014129114 3.1132537664308337 1.7437720024001742 1.8823609156431027 0.43064560176913597
0.45423922207735756 0.011014995476696285 0.19999852762113382 0.19959660056543696 0.0015929559541227466 2.226283762766498 2.181372799476008 2.231858172172809 2.222373178230995 2.227475512206199 2.270839711318214 2.186291368021328 2.20515535408828 2.234689879846022 2.2403387005347892 2.2128411660523297 2.1978535826750076 2.207913637048329 2.190656802648438 2.190673771709937 2.1644585425091893 2.1711068551867605 2.2754377829753136 2.173690497545337 2.184091966135717 0.38105357569063397
0.4974111556725335 0.01726812669123233 0.15370322576702883 0.18879060452408827 0.014407691882603432 1.8774724071719624 1.3488953812924482 1.9434083142641805 1.8317329544576002 1.8927910765771914 2.4582577263167913 1.406001772075026 1.6415950620272974 1.9757465138762922 2.052892878319696 1.7224236128411896 1.5386425523421905 1.6609998032652993 1.452348511746937 1.462279353650029 1.1570817544075178 1.230349289892687 2.652108254063051 1.261916033520357 1.3818738093081555 0.42919658190264603
0.4642464741294887 0.008551047939046302 0.19328135864158077 0.19612659036792116 0.002284148326604566 2.1565227834065723 2.00399743865035 2.1753213486254923 2.143296293514889 2.1605998505916393 2.3075251434215502 2.0206902507422257 2.085505620554876 2.184888717919485 2.2043506823945846 2.1111018744603736 2.059782542309873 2.0942144521601294 2.0354692491536106 2.0355355026106614 1.946563833482418 1.9691587127080534 2.323429222882763 1.9779487602153885 2.0132609680254614 0.3602180855477307
0.4813461981818631 0.007465918091597629 0.18620863260679976 0.16909900308502285 0.003816135626743494 2.0856314640363505 1.9268717429200912 2.105178584575836 2.0718722441243522 2.089880242173129 2.2427294411057694 1.9442556705506462 2.0118284102016863 2.115142565093926 2.135435118612977 2.038394576759297 1.9849129993764159 2.0207901785124958 1.959620882699712 1.9596895347514143 1.8670904036302252 1.8906107888889203 2.259369930127801 1.899760923208547 1.9365188420577801 0.34586791926341753
0.530146264896895 0.009221475880594614 0.1665708578660847 0.1996339561027407 0.0017849512006796857 1.9187416833034205 1.78331480685409 1.9354392818630208 1.9069934207234536 1.9223607818954305 2.052853221007773 1.79815654706171 1.8556457884626139 1.9439814065850805 1.961228934440523 1.8784090753220886 1.8328731564992096 1.863415164153277 1.811260687599273 1.811314755769033 1.7323125673998394 1.75237357333975 2.0669395694667205 1.7601796157659553 1.7915390358696637 0.32051979710812406
0.44432111413994646 0.01026239017710808 0.1999442671186936 0.19999708141326955 0.0016544099950282095 2.245139632001399 2.0982174170406953 2.2632541860220368 2.232398169570556 2.2490653057253382 2.390622517202379 2.114281913739133 2.176719337437817 2.2724491121138453 2.291198599147548 2.201378211510886 2.151941572631423 2.1851168579037843 2.1285290766028897 2.1285953135236846 2.0428921464570347 2.0646583787256265 2.4059146415774872 2.073126079040657 2.1071407045587858 0.3769485353103257
0.5802676691312366 0.014952359962042926 0.12185965300279127 0.161598489744267 0.023110380652689406 1.6256200785738515 1.0981086717372173 1.6978506519429166 1.5773879194848255 1.6432962803657034 2.24217061785023 1.1531026473753554 1.3796926939956675 1.7372244884069574 1.8223906368098446 1.4635877660982413 1.266633493288525 1.398221304875832 1.1588346253565558 1.1911379982746069 0.9193634525703293 0.9956740260403095 2.633463905197107 1.0200492842950102 1.1298011154299008 0.48166863075692706
0.515992162155214 0.008343633123989657 0.17012637889570573 0.19623605931009788 0.004003682922309441 1.9562373808414495 1.7714937015360248 1.9789385142204492 1.9402529834481685 1.9611986914486292 2.138923117521017 1.7918555225864172 1.8706726871419672 1.9905163849022909 2.0141952735359103 1.9013779830653343 1.8390106147159737 1.8808127412110287 1.809601288864672 1.8096731576760807 1.7019675521239035 1.7293013903938979 2.1583214706795935 1.7399524103658222 1.7827219994718493 0.32614943459994644
0.42741523661126907 0.0093339505441899 0.19824978101190768 0.19828909765297076 0.0016599787512504296 2.2744872816116644 1.9741741491867242 2.311632593791904 2.24866093490903 2.282591387781994 2.5712339885870725 2.0075398531721698 2.1365324447404164 2.3295080849876224 2.3684621763959464 2.1856156743585644 2.083752856358091 2.15200524611428 2.0361768306167245 2.036299202599274 1.862819861107482 1.9054757051687754 2.602145212587271 1.9237145801237656 1.99245096593702 0.37895400086904263
0.5291276902098084 0.007964131124910548 0.16480933660908337 0.1812284307041859 0.0045816628293617375 1.9097229409969267 1.7235755522340133 1.9325841013299696 1.8936136311781573 1.9147213932387486 2.0938312080807404 1.7440195260547542 1.8235170046679126 1.9442967393855344 1.968183692412331 1.8544492697446149 1.7915726404082728 1.8337296866886879 1.761943541327864 1.7620193872493188 1.653474427118481 1.6810582508563814 2.1134005739131436 1.6917993747615105 1.734897526605181 0.31896949206127245
0.4124932262171205 0.009324996276949974 0.19712984636109693 0.19833869135202528 0.0014448990764079413 2.2995501709146775 1.9341714476692302 2.3438470511223564 2.2682861077246987 2.3095386726314087 2.6509251656871613 1.974941348853564 2.1340469322162288 2.3660192468249788 2.414006328853038 2.192286062728498 2.0667738829854145 2.1509657610960757 2.00952360250216 2.009724388833352 1.7967016948304795 1.8508270299370935 2.6983304705758546 1.8718055842994206 1.9564090650167534 0.3835837731109812
0.5024445709564203 0.007209570547451211 0.18089583810108817 0.16611804505973832 0.003938121600874626 2.0194728244804128 1.9011160296251435 2.0340895318130543 2.0091954441718545 2.0226292412536293 2.1367304443431214 1.9140742098028733 1.9641945891487707 2.041546766794521 2.0565791313834505 1.9841781046882319 1.9444552816887068 1.9711059720679638 1.9255519327394015 1.9255997186393436 1.856544704172421 1.8740741905359994 2.1489969311624324 1.880892293206531 1.908298601931869 0.3363143059928451
0.5117519344011553 0.008173870112891626 0.17226155759780454 0.18543287047973853 0.002706417511989735 1.9714643616136094 1.7991455042123672 1.99266509690862 1.956536443325552 1.9760810741018229 2.141982165286571 1.8180442030669288 1.8914496206590248 2.0035011464336856 2.025545460340044 1.9202258553230496 1.8621360278090133 1.9010931563518143 1.8346829045464847 1.834754319621267 1.7342545368622597 1.7597850718997228 2.1600214818248444 1.769722321067898 1.8096187946138549 0.32686876117436586
0.4686377073915415 0.007460293113929165 0.1928350891597182 0.16775799786690113 0.0032101907159490578 2.139839171964164 1.996270676697798 2.1575376852771226 2.1273879252422634 2.143676066454406 2.281984288048468 2.0119801170456686 2.072977073368341 2.166549528386944 2.18486116898475 2.097081977139887 2.0487837698450764 2.0811886355447062 2.0258951617746668 2.0259572937987427 1.9422089570568382 1.9634769856350622 2.296945529422102 1.971750920414751 2.004990088443506 0.3558760399577075
0.4445930631069165 0.014718647964437696 0.1999988899254615 0.19984239648183866 0.0007483040732921637 2.282386132500834 2.2828064169810913 2.2823338098306287 2.282422784517297 2.2823750068267445 2.2819688332631527 2.2827602896113275 2.282584665441548 2.2823072577506904 2.282254728434754 2.2825121805158415 2.2826519585419742 2.282558130107052 2.2827194648204046 2.2827193218224537 2.282964708624382 2.28290251685166 2.2819260974536477 2.282878359592344 2.282781008716024 0.4127131985132316
0.4715814632973995 0.008410335469182765 0.19219448167898479 0.18138243564778236 0.002494562774276444 2.1344945271790237 2.0099838696660397 2.149872853603603 2.1236831253380966 2.1378148451535828 2.257845320882387 2.0236097410351803 2.076335003490162 2.1577025699731522 2.1735198257247976 2.0973589735679385 2.055572180858652 2.0836114368254743 2.0356908939325127 2.035742573316359 1.9630969241840472 1.9815377297739618 2.270752901684368 1.98870944282845 2.017539250607905 0.3560008578625119
