0.7715890630112465 0.040854732004586114 0.08634036498198139 0.15938395125819332 0.062193258060473586 3.8040552495534814 1.6992291716858638 0.9854483689614376 2.3246394235605825 1.8671370241395508 0.35317229189271493 0.4764685843507457 2.0394431382192932 1.612321014332242 2.2101771230695197 2.448716296265239 1.1990164034335546 2.0256506287123615 1.288660787848088 2.440858597617753 0.43784181318844767
8.621130137023293 0.06753154382280194 0.14211198546979523 0.1754555996949162 0.09354023241566792 0.8671440434615916 1.029875566066018 1.983423669609466 1.5800643850017162 0.3268645168825342 3.4093699972770333 2.575540958218741 3.494659872989259 3.3891322875780543 2.9156462824187455 3.304911349801532 2.8301734167681327 1.7407001474933768 3.2840699920924767 3.6756747510782932 14.085924912705174
0.8664678342276348 0.051187004798537585 0.09877938199204202 0.16395534730482533 0.029453566255668546 3.864963670885929 1.7955653844933988 1.056403007363897 2.624132626602422 1.9122793363233046 0.48261815493534577 0.3958946710819682 2.142967386498193 1.7258326547476448 2.3065559696557973 2.575430612430333 1.3959320384654865 2.1022220724782508 1.3909818163820147 2.525041814315335 0.6926666029062332
0.47803920597729616 0.0476635213984139 0.15131824489105522 0.10679334257972127 0.030297707320746808 3.9891075641442155 2.0539090754765192 1.4814884452015664 2.619887032216867 2.1904041575595192 1.0884880201428568 1.1536458538582415 2.325277907716852 2.0882501597312446 2.460930063933471 2.6841884038687227 1.7466555374259325 2.2995418586655703 1.7429929647213025 2.6432566265760027 1.2647527151839941
0.6499780796288098 0.031977598988488024 0.12214779631830584 0.07933802256759816 0.047595199360045026 3.9796263655446698 1.7092507029084987 1.0141118838849386 2.390745309034295 1.9530818840265398 0.4818909876100103 0.5814487718549566 2.0430847460208903 1.5978566011678554 2.203423262037241 2.4736370189490735 1.3271246869065785 2.00909299373733 1.3246050779488965 2.417696743562306 0.6051912247033258
0.622679583954828 0.043520146460837364 0.1134122170383983 0.11384823971992025 0.03650401062323107 3.337588046674906 1.895118770174594 1.4484468948238898 2.33862305313491 1.9926893140658937 1.0936135491343435 1.1240385230309582 2.0212804301208527 1.8434336190405172 2.21087189186615 2.384013226341317 1.6576324160604814 2.0879258237156226 1.6517451660713867 2.3490071043243907 0.49536331333231426
1.0187345454534735 0.053244556992770795 0.028664810639282792 0.16566896040570758 0.05092170309065298 1.9189652191309008 1.3562607925405452 1.1857487810860734 1.5266727283089137 1.3966556027293444 1.0476139767804666 1.065509684758972 1.4380007019748684 1.347812671477787 1.4787217946076157 1.5443297371208238 1.2653051776829745 1.4298430085541474 1.2643944111962666 1.5307480163741702 0.05836371471200642
1.0187328589549187 0.05324476531674779 0.02866413614084153 0.16566982638857586 0.05092196027000727 1.918934185645859 1.3562577030002319 1.1857541971327874 1.526661282577785 1.3966507886031843 1.047626212772034 1.0655209323625319 1.437993114820816 1.3478106737853128 1.4787125473775475 1.5443174117419645 1.2653066674014646 1.4298363120416986 1.2643959449353934 1.5307362934746047 0.05836376475300182
1.0187328637100581 0.05324476456070842 0.028664135343166353 0.16566982450769824 0.050921961650603254 1.918934096513068 1.3562576901457093 1.1857542077495324 1.5266612472544918 1.396650772231007 1.0476262421411588 1.0655209586713001 1.4379930880100225 1.3478106664395615 1.478712517448001 1.5443173740347196 1.2653066674056184 1.4298362896081418 1.2643959450527242 1.5307362572375878 0.05836376501439146
1.018732891799849 0.05324476590833108 0.02866413899534692 0.1656698281857054 0.05092195733123516 1.918934453398786 1.3562577221163645 1.1857541405499068 1.5266613760009469 1.3966508229745427 1.0476260955176122 1.0655208239381548 1.437993174101775 1.3478106830332772 1.4787126213228434 1.5443175130286073 1.265306645764084 1.42983636323992 1.2643959228974349 1.5307363893935237 0.058363763536307026
1.0187349625794173 0.053245136972343274 0.028664162886620926 0.16567118370772602 0.05092157855219653 1.9189509933113444 1.3562596470420214 1.1857516246291482 1.5266676791110956 1.3966536826847253 1.0476200168334124 1.0655152547090878 1.437997409413951 1.3478121230813873 1.4787177543894554 1.5443242870640614 1.2653061942260537 1.4298401864375068 1.2643954425189785 1.5307428292524514 0.0583637369022833
1.0187328814576795 0.05324476741131328 0.028664135471991616 0.165669834747669 0.0509219584212724 1.9189342934151081 1.356257707851472 1.1857541708080481 1.5266613183933713 1.3966508005026412 1.0476261614224287 1.0655208844542705 1.4379931353206548 1.3478106760969009 1.4787125747656535 1.5443174508383322 1.2653066556278774 1.4298363303450117 1.2643959329743506 1.5307363302230412 0.05836376417274974
1.0187328690215531 0.05324476632576553 0.028664135347638266 0.16566983029387342 0.05092195968838343 1.9189342183541518 1.3562577023138473 1.185754186304505 1.5266612919010458 1.3966507900805478 1.047626193818802 1.0655209145676936 1.4379931194240103 1.347810671962093 1.4787125540435109 1.5443174221284777 1.265306661284021 1.4298363156928189 1.264395938758353 1.5307363031191874 0.05836376437074667
1.0187328384881598 0.05324477022254427 0.02866413433180323 0.1656698435040273 0.05092195647848393 1.9189343137569679 1.3562577285148318 1.185754191064396 1.526661338306326 1.3966508187472457 1.047626181466413 1.0655209052201478 1.4379931594821624 1.3478106913965944 1.4787125959054273 1.5443174706479288 1.2653066756190896 1.429836350428885 1.264395952975046 1.530736350410196 0.0583637648000956
1.0187328625563388 0.05324476439043248 0.02866413562944745 0.16566982374727784 0.050921961687474246 1.9189341073884583 1.3562576909414226 1.1857542054598034 1.5266612510467215 1.3966507735812461 1.047626237386405 1.0655209542939221 1.4379930904986726 1.3478106667020122 1.4787125204764582 1.544317378138326 1.265306666525428 1.4298362916854297 1.2643959441560035 1.530736261133592 0.058363765016069186
1.0187328778000586 0.05324476583272149 0.028664137934373918 0.16566982848966835 0.05092195843081033 1.9189343394010208 1.3562577153093343 1.1857541665399054 1.526661337377649 1.3966508103423076 1.0476261477429876 1.0655208721320584 1.4379931489702453 1.3478106820344444 1.4787125907136351 1.5443174710214709 1.2653066567619489 1.4298363427740153 1.2643959340553692 1.5307363495876343 0.05836376437007561
1.0187328807480895 0.05324476359146608 0.028664140483457695 0.1656698194781178 0.05092195882210754 1.918934393403028 1.356257718729769 1.185754154414998 1.5266613557309594 1.3966508162320637 1.0476261232036959 1.0655208495641417 1.4379931613122499 1.347810682212005 1.478712605402832 1.544317490959678 1.2653066516703082 1.429836352564308 1.2643959289052213 1.530736368539047 0.05836376403682209
1.0187328665582387 0.053244766253086884 0.02866413401001868 0.16566982987537046 0.050921960619350594 1.9189341465095393 1.3562576927086243 1.1857541955544966 1.526661263565411 1.3966507762311415 1.0476262182191363 1.0655209368896166 1.4379931003424802 1.347810663940592 1.4787125308222757 1.5443173918300526 1.26530666174455 1.4298362979571693 1.264395939325683 1.5307362742225235 0.05836376425906614
1.0187328785511003 0.05324476495350993 0.02866413422095331 0.16566982598551303 0.05092196178436612 1.9189340863572013 1.3562576827387334 1.1857542011416504 1.5266612389581427 1.396650764477763 1.0476262362009272 1.0655209526921434 1.4379930803975776 1.347810658853275 1.478712509495931 1.5443173656801208 1.265306660405986 1.4298362818125332 1.2643959380591259 1.5307362489586887 0.058363764386750346
1.0187328257992452 0.05324477274029614 0.028664133598113484 0.16566985105638535 0.05092195443361753 1.9189343840068893 1.356257741781801 1.1857541866417067 1.526661368149631 1.3966508338540724 1.0476261629565602 1.0655208892537258 1.4379931844400133 1.3478106986684621 1.4787126221360076 1.5443175022695446 1.2653066790677516 1.4298363706884314 1.2643959563266973 1.530736381005199 0.058363764663910654
1.0187328739437105 0.053244765472895556 0.028664133867089717 0.16566982810230282 0.05092196156431515 1.9189340910008585 1.3562576844571004 1.1857542019840361 1.5266612415768162 1.3966507664495291 1.047626236333769 1.0655209529062302 1.4379930824858256 1.3478106605527322 1.4787125118315665 1.5443173683787095 1.2653066616611097 1.4298362839195355 1.2643959393081357 1.5307362515887681 0.05836376453563683
1.0383619741612051 0.05405083648055789 0.02660962596747711 0.1688888636227359 0.051194858017865184 1.9152723596118904 1.342316695540249 1.1687079921428583 1.5157956098969805 1.383397890820209 1.0280802473488513 1.0463388570202006 1.4256587760885304 1.3336816490952337 1.4670492322878461 1.5337997344748484 1.2497016715096985 1.4172330206065389 1.2487762456731613 1.5199765488941643 0.05761749829625079
1.0187328632971877 0.05324476379756742 0.028664136460422856 0.16566982129956886 0.05092196174122674 1.9189341223851808 1.3562576916608806 1.185754201832808 1.5266612560334336 1.3966507751656598 1.0476262302775388 1.0655209476929526 1.437993093531031 1.3478106668175591 1.4787125243498327 1.5443173835759612 1.2653066648982656 1.4298362942446003 1.2643959425092517 1.5307362662601836 0.058363765021649916
1.0187328582293573 0.0532447656353019 0.028664134926444314 0.16566982751283707 0.050921960734114514 1.918934137017427 1.3562576971937081 1.1857542043096365 1.5266612638956412 1.396650779922561 1.0476262303757442 1.0655209485234232 1.4379931024540564 1.3478106691583804 1.478712532189241 1.5443173917127617 1.265306668539624 1.429836300653593 1.2643959461434244 1.530736274402954 0.0583637646553573
1.018732879458924 0.053244765493933435 0.028664133604912156 0.1656698281905815 0.05092196175991362 1.9189340865092104 1.3562576813800478 1.1857541993487883 1.5266612380837452 1.3966507633252678 1.0476262340565659 1.0655209505772856 1.4379930791314215 1.3478106576347793 1.478712508453235 1.5443173648557205 1.2653066588344275 1.429836280673679 1.2643959364830486 1.5307362480825935 0.05836376434554628
1.018732853973426 0.05324476755777769 0.02866413449478809 0.16566983462807217 0.05092195913811122 1.9189342083774392 1.3562577080055815 1.18575419664052 1.52666129275027 1.3966507942181086 1.047626207899435 1.0655209282673879 1.437993123414195 1.3478106769974425 1.478712556402389 1.544317422456541 1.2653066693644641 1.4298363192290107 1.2643959468651085 1.5307363038789765 0.05836376468702637
1.0187328650059353 0.0532447646482636 0.02866413666773949 0.16566982416041906 0.050921960597663185 1.9189341821993897 1.3562577004137297 1.185754194942416 1.5266612799191563 1.3966507866182891 1.04762621086662 1.0655209302211641 1.437993111117139 1.3478106726898211 1.4787125444437335 1.5443174090727292 1.2653066651515399 1.429836309489314 1.2643959426817544 1.5307362907204283 0.05836376481251734
1.0187328974027199 0.05324476476489341 0.028664134190360124 0.16566982529852994 0.05092196184348593 1.91893410327392 1.3562576772417563 1.1857541888655965 1.5266612402014752 1.396650760557642 1.047626218491737 1.0655209357198636 1.4379930782369956 1.347810652938697 1.4787125089157203 1.5443173676730122 1.2653066513052647 1.4298362792597006 1.2643959289214595 1.5307362504192044 0.05836376380749355
1.0187328765910502 0.05324476496564708 0.028664134475669623 0.16566982608409767 0.05092196170867026 1.9189340986691248 1.3562576845648613 1.1857541998067787 1.5266612439668334 1.3966507671112862 1.04762623232027 1.0655209491333193 1.4379930836765742 1.3478106605708857 1.4787125135830688 1.544317371015532 1.265306660554619 1.4298362850221047 1.2643959381896108 1.5307362540440688 0.05836376450403201
1.0187328583427817 0.05324476421180659 0.028664136414266395 0.16566982304107042 0.050921961469258994 1.9189341282341619 1.3562576957580306 1.1857542054280712 1.5266612606973788 1.3966507795012812 1.0476262334487214 1.0655209508848342 1.437993097726297 1.3478106711385165 1.4787125287871976 1.5443173882867516 1.2653066687525085 1.429836298599291 1.2643959463567025 1.5307362709212073 0.05836376524442094
1.0187328830983238 0.053244764519864735 0.028664135243864457 0.16566982417343146 0.050921961536116535 1.9189341221967655 1.3562576864759972 1.1857541950790993 1.5266612522531073 1.3966507700730697 1.047626222288478 1.0655209399544794 1.4379930894834547 1.3478106610930247 1.478712520336888 1.5443173800004573 1.2653066588475703 1.429836289668874 1.264395936452192 1.5307362625960832 0.05836376423326996
1.0187328547942587 0.053244764788385884 0.028664137112569606 0.16566982454415904 0.05092196028760072 1.9189342029373644 1.3562577057702478 1.1857541956155329 1.5266612898798066 1.396650792888531 1.0476262077773577 1.0655209276841664 1.4379931190350932 1.3478106772800271 1.4787125531893897 1.5443174194899736 1.26530666797374 1.4298363168193706 1.2643959454777802 1.5307363008206238 0.05836376513807585
1.0187328707606327 0.0532447675201986 0.028664135090042352 0.16566983491322623 0.05092195865070618 1.9189342648490715 1.3562577082532405 1.1857541799510363 1.5266613100374646 1.3966507987601757 1.0476261775902755 1.0655208997077317 1.4379931315634598 1.347810676815177 1.4787125688657543 1.5443174415486434 1.2653066606596468 1.4298363269241865 1.2643959380589236 1.5307363216183907 0.0583637643939859
1.0187328812588483 0.053244764693956226 0.028664134843845467 0.16566982498202001 0.05092196160659832 1.918934114896017 1.356257684674724 1.1857541950010417 1.526661248875727 1.3966507681552731 1.04762622358026 1.0655209409843343 1.4379930864713852 1.3478106599589603 1.478712517270574 1.544317376440597 1.2653066580119652 1.429836287203769 1.264395935621801 1.5307362591269504 0.05836376432863009
1.0187328728535625 0.05324476501882443 0.02866413429623714 0.1656698261972993 0.05092196179535869 1.918934084549987 1.3562576838474643 1.185754203176479 1.5266612392502132 1.3966507655777531 1.0476262389623445 1.0655209553034326 1.4379930808102006 1.3478106603567068 1.4787125099260563 1.5443173658682279 1.2653066620374243 1.4298362825791004 1.2643959396943212 1.5307362491898007 0.058363764637919306
1.018732864078319 0.053244764915290094 0.028664134696968782 0.16566982580916897 0.05092196171072958 1.91893409035373 1.3562576876482633 1.1857542063559026 1.52666124364844 1.396650769463893 1.0476262416435147 1.0655209580593676 1.4379930849781675 1.3478106639710006 1.4787125141555981 1.5443173703071154 1.2653066654891447 1.429836286623579 1.2643959431433913 1.530736253598057 0.05836376492656161
1.018732882193119 0.05324476456160851 0.028664134722534273 0.16566982452665693 0.0509219618322226 1.9189341019425168 1.3562576827874024 1.185754196481436 1.5266612436782927 1.396650765585085 1.047626227762487 1.0655209447734406 1.4379930827838523 1.3478106585129863 1.4787125129427516 1.5443173708974742 1.265306657937552 1.4298362838878649 1.2643959355644556 1.5307362538204008 0.05836376429720802
1.0187328778844933 0.053244763847784336 0.0286641387499004 0.16566982148017975 0.05092195999782966 1.9189342813007024 1.3562577067158017 1.1857541731468333 1.526661314163202 1.3966507993307071 1.0476261665060127 1.0655208889428769 1.437993131428609 1.3478106767718114 1.4787125710472875 1.5443174462545428 1.265306656458454 1.4298363279253135 1.2643959338341033 1.5307363257986155 0.058363764608242025
1.0187328898180155 0.0532447643328314 0.028664135039320877 0.16566982344860853 0.05092196174195457 1.9189341068916483 1.356257682264262 1.1857541943017769 1.5266612447939578 1.3966507654484777 1.0476262242523942 1.0655209414448383 1.4379930830619392 1.3478106579598885 1.4787125136201493 1.5443173722117873 1.2653066565396618 1.429836284087519 1.2643959341593836 1.530736254999061 0.05836376411993249
1.018732885134811 0.05324476550066547 0.028664133487736502 0.16566982821008683 0.05092196172672868 1.9189340885218704 1.3562576797689911 1.1857541966365548 1.5266612375543687 1.396650761946994 1.0476262304620614 1.065520947105396 1.437993078104058 1.3478106559071092 1.4787125076394674 1.5443173644498958 1.265306656633657 1.429836279534609 1.2643959342782785 1.5307362475948083 0.05836376415395043
1.0187328798060666 0.05324476461913221 0.028664134706010085 0.16566982463397908 0.050921961824611194 1.918934088598907 1.356257683266558 1.1857542011825306 1.5266612400426498 1.396650765274806 1.0476262358414197 1.0655209523462197 1.4379930809751507 1.347810659655575 1.4787125103722538 1.5443173668278452 1.265306660703817 1.4298362825997393 1.2643959383524994 1.5307362500411654 0.05836376444824111
1.018732864907058 0.05324476716577733 0.0286641347684008 0.1656698332087123 0.05092195921852767 1.9189342156990392 1.356257704935366 1.1857541904569198 1.5266612928396393 1.3966507919993567 1.047626199211484 1.065520919888352 1.4379931217494588 1.3478106739954545 1.4787125555927094 1.5443174229020333 1.2653066646669375 1.4298363175552584 1.2643959421465234 1.5307363040524722 0.058363764409941156
1.0187328606340729 0.053244764951316054 0.028664135422000893 0.16566982527205773 0.050921961120692895 1.9189341286145296 1.3562576948685596 1.1857542039445435 1.5266612599013936 1.3966507777392532 1.0476262315544786 1.0655209493257094 1.437993098390667 1.3478106681922188 1.4787125284028133 1.544317387536873 1.2653066673662634 1.429836297659816 1.2643959449768964 1.5307362702781717 0.05836376477881053
1.018732849900009 0.05324476679278448 0.028664137669170416 0.16566983027179735 0.05092195751964077 1.9189343722213295 1.3562577288063271 1.1857541735146317 1.526661355810864 1.396650822046485 1.0476261496553718 1.0655208756178982 1.4379931697711807 1.347810688406149 1.478712609125027 1.5443174899823005 1.2653066661658143 1.4298363580840519 1.2643959434626406 1.53073636860231 0.05836376417521901
1.0187328445326798 0.053244764681707524 0.028664137568811334 0.16566982313332912 0.05092195996532387 1.9189342253759771 1.35625771221126 1.1857541968459648 1.5266613006459013 1.3966507987036592 1.0476262049207872 1.0655209258814586 1.4379931303588986 1.347810679641465 1.4787125635406944 1.544317430723069 1.2653066712968586 1.4298363249636963 1.2643959487986167 1.5307363119653064 0.05836376489394641
1.0187328560149667 0.05324476661262921 0.02866413499302342 0.16566983101469704 0.050921959676190655 1.9189341911736477 1.356257704559445 1.185754197415377 1.5266612852348846 1.3966507900887948 1.0476262120534319 1.065520931886206 1.4379931174959695 1.3478106744610534 1.4787125498922942 1.5443174145130036 1.2653066682165353 1.4298363140415054 1.2643959457424465 1.530736296208379 0.05836376468938186
1.0187328690252346 0.053244764411908334 0.028664135497145086 0.16566982394861177 0.05092196164065733 1.9189341019846595 1.3562576893699843 1.1857542050867014 1.526661248355893 1.396650771901313 1.047626237964205 1.0655209547033961 1.4379930881720122 1.3478106655514999 1.4787125180465044 1.5443173753473083 1.2653066656295215 1.4298362896552277 1.2643959432653604 1.5307362584031965 0.058363764867672877
1.0187328819797363 0.053244764991931676 0.028664134187304062 0.16566982621886897 0.05092196185190678 1.9189340907423331 1.3562576812535574 1.1857541979138808 1.5266612392873549 1.3966507635695933 1.0476262315702567 1.0655209482101997 1.437993079552891 1.3478106575730295 1.47871250925741 1.5443173662059297 1.2653066580229442 1.4298362811325962 1.2643959356655279 1.5307362493197434 0.05836376433875028
1.0187328794096848 0.05324476480355652 0.0286641346351779 0.1656698252400622 0.05092196165657437 1.9189341061276575 1.356257684188955 1.1857541969916348 1.5266612458551037 1.3966507669564299 1.0476262275706036 1.065520944740537 1.4379930849478362 1.3478106593339638 1.4787125150076819 1.5443173731555748 1.265306658819552 1.4298362856023266 1.26439593644483 1.5307362560514644 0.05836376431919779
1.0187328786165293 0.05324476799724035 0.028664135291714913 0.1656698362194055 0.05092195776748616 1.9189343332181883 1.3562577120064359 1.1857541639213913 1.526661332947535 1.3966508059280536 1.0476261457411808 1.0655208703326235 1.4379931465997189 1.3478106767621896 1.4787125870211983 1.5443174664878445 1.2653066536607631 1.4298363388946527 1.2643959309585417 1.530736345249066 0.05836376385227331
1.0187328701104874 0.05324476475609845 0.02866413498011579 0.1656698251299621 0.050921961617558034 1.9189340971241624 1.3562576876265242 1.18575420427261 1.526661245653255 1.3966507698551804 1.047626237902026 1.0655209545630016 1.4379930860760977 1.347810663721722 1.4787125156509682 1.5443173725455757 1.265306664369946 1.4298362874890291 1.2643959420104594 1.5307362556817696 0.05836376476828395
1.0187328643450737 0.053244764557728745 0.028664135295381202 0.16566982431621088 0.050921961651472204 1.918934091976791 1.3562576896025307 1.1857542084084214 1.5266612454991653 1.3966507713930654 1.0476262437716104 1.0655209601772277 1.437993086871499 1.347810665977615 1.4787125160350745 1.544317372157882 1.2653066675015956 1.4298362885382898 1.2643959451543867 1.530736255452194 0.058363764993864586
1.0187328620692935 0.053244765016346826 0.0286641357637946 0.16566982555261575 0.050921960745838414 1.9189341683545498 1.3562576976168317 1.1857541954441808 1.5266612737323664 1.396650782824725 1.0476262140334884 1.0655209330990716 1.4379931070281964 1.3478106695646868 1.478712539300631 1.5443174025136195 1.2653066640606363 1.4298363051906005 1.264395941615299 1.5307362844639973 0.05836376468789083
1.0187328555031006 0.05324476695682074 0.028664135556941344 0.16566983209942915 0.050921959017534546 1.9189342327992494 1.3562577100682767 1.1857541919318633 1.526661301540314 1.3966507977945217 1.0476261977544594 1.0655209188799846 1.4379931289338008 1.3478106784285684 1.4787125633738827 1.5443174319595034 1.2653066678104832 1.4298363242120602 1.2643959452710827 1.530736312864785 0.058363764733284265
1.0187328954028094 0.053244763973470804 0.028664150005259226 0.16566981736001365 0.05092195263646999 1.9189348539184061 1.356257778403563 1.1857540921129495 1.5266615352868043 1.3966509006238148 1.047625963064522 1.065520703655761 1.437993285839249 1.3478107260295469 1.478712753398538 1.544317683260475 1.2653066457741164 1.4298364640391366 1.2643959223037087 1.530736551983185 0.058363764212686874
1.0187328823650847 0.05324476464771061 0.028664136660089615 0.1656698245548126 0.050921960445333286 1.9189342144958452 1.3562576971988354 1.1857541810011711 1.5266612874194676 1.396650785984724 1.047626188316355 1.0655209088252415 1.4379931131069807 1.3478106688956506 1.4787125489890636 1.5443174177222911 1.2653066562444808 1.4298363109488887 1.2643959337125645 1.530736298536364 0.05836376430738808
1.0187328871534476 0.05324476490560888 0.02866413400864352 0.1656698259055416 0.05092196190088933 1.9189340881533443 1.3562576790812608 1.1857541958469477 1.5266612369569925 1.3966507612807695 1.0476262295977956 1.0655209462513537 1.4379930774489098 1.3478106552340239 1.4787125070199538 1.5443173638716676 1.265306655893641 1.4298362788865688 1.2643959335367196 1.530736247004025 0.05836376411309187
1.0187328746986872 0.05324476500125853 0.02866413437283601 0.1656698262475393 0.05092196172897801 1.9189340856523331 1.3562576844580023 1.1857542036435704 1.5266612400173818 1.3966507662624348 1.0476262393127573 1.0655209556538958 1.4379930814219415 1.347810661085869 1.4787125106238632 1.5443173666590395 1.265306662584572 1.4298362832646234 1.2643959402381129 1.5307362499598993 0.0583637646135825
1.0187328662438055 0.05324476414148026 0.02866413570093292 0.16566982271745195 0.05092196181246991 1.9189341009051588 1.3562576889809266 1.1857542048932286 1.526661247747858 1.396650771409146 1.0476262379342676 1.0655209546658702 1.4379930877355334 1.3478106650569681 1.478712517519817 1.54431737470847 1.2653066653293885 1.4298362891588516 1.2643959429679676 1.5307362577876968 0.05836376492889056
1.0187328691821673 0.05324476499764585 0.02866413471260934 0.16566982614610526 0.05092196158325034 1.9189340946237785 1.3562576875493058 1.1857542049279772 1.526661244845856 1.3966507696212904 1.0476262391473894 1.0655209557197802 1.4379930855913354 1.347810663743216 1.4787125150276765 1.544317371663469 1.2653066646813802 1.4298362870936985 1.26439594232763 1.53073625485413 0.05836376478809501
1.018732863268312 0.05324476411961072 0.028664136791959748 0.16566982227004767 0.0509219611356411 1.9189341553252033 1.3562576969778708 1.1857541987058582 1.5266612695640684 1.39665078204591 1.0476262203851403 1.065520938822463 1.437993103503593 1.3478106707552244 1.4787125357709296 1.5443173979805884 1.2653066656448093 1.4298363030933208 1.264395943209901 1.5307362800869397 0.058363764989170744
1.0187328430026672 0.053244769829239424 0.028664135347180306 0.1656698426448858 0.05092195633723266 1.9189343540136252 1.356257730176433 1.1857541812154655 1.5266613518319316 1.3966508238875366 1.0476261623249177 1.0655208871137745 1.4379931658022564 1.3478106938602554 1.4787126058161397 1.544317485398036 1.2653066712911658 1.429836357317127 1.2643959485718919 1.530736364155274 0.05836376504044927
1.01873285523209 0.05324476879705724 0.028664137812388146 0.16566983792326048 0.05092195562030761 1.918934461544279 1.3562577386012842 1.1857541593967147 1.526661389780734 1.3966508380767866 1.0476261162828717 1.0655208446855098 1.4379931906371362 1.3478106977314837 1.4787126361536511 1.54431752648838 1.265306663369654 1.4298363784561923 1.2643959404979657 1.5307364031439699 0.05836376454501838
1.0187328805432843 0.053244765031883336 0.02866413413178144 0.16566982636095173 0.0509219617897895 1.918934088325379 1.356257681815487 1.1857541993574223 1.5266612389238414 1.3966507638334702 1.0476262337232372 1.0655209502878544 1.4379930798063811 1.3478106579840745 1.4787125091868654 1.5443173657450688 1.265306659034606 1.4298362812820966 1.2643959366828537 1.5307362489415974 0.05836376434605846
1.0187328860656801 0.05324476735874272 0.02866413469863069 0.16566983431577684 0.05092195893357152 1.9189342541029755 1.3562577013665988 1.1857541742453261 1.5266613019878916 1.3966507916575328 1.0476261728435274 1.0655208948278287 1.437993124055114 1.3478106701640495 1.4787125611511156 1.5443174334171068 1.2653066544262543 1.429836319554274 1.2643959318304878 1.5307363135449068 0.05836376388460063
1.0187328881442927 0.053244764006826664 0.028664137023339812 0.16566982230755467 0.05092196088441745 1.9189342027156941 1.3562576936085873 1.1857541799845568 1.5266612814794887 1.3966507822383554 1.047626189341279 1.06552090944972 1.4379931076911776 1.3478106664230225 1.4787125435181354 1.5443174115422167 1.265306654109276 1.4298363063870252 1.2643959315896427 1.530736292475311 0.05836376426960401
1.0187328782412057 0.053244765967888553 0.028664137172432366 0.16566982907115088 0.0509219587615332 1.9189343181758352 1.3562577105284241 1.185754166732864 1.5266613276420142 1.3966508044126937 1.0476261519444274 1.0655208757957193 1.4379931417131002 1.347810677590916 1.4787125823377467 1.5443174607638142 1.2653066546305314 1.4298363358351933 1.2643959319512514 1.5307363397013904 0.058363764240695795
1.0187328584344832 0.053244764702037886 0.028664135744928924 0.1656698245924366 0.05092196120929098 1.918934136479829 1.3562576950077632 1.1857542018376301 1.5266612625034135 1.3966507788518412 1.047626227618193 1.0655209455135286 1.4379930990792147 1.3478106690346894 1.4787125301283992 1.5443173903661696 1.2653066663797314 1.4298362989011397 1.2643959439760768 1.53073627287544 0.05836376499784172
1.0187328521216805 0.05324476375740581 0.02866413746656659 0.1656698207740666 0.05092196118428356 1.9189341519612648 1.3562577012631436 1.1857542053052454 1.5266612715443788 1.3966507857511974 1.0476262288299205 1.0655209470313798 1.4379931067356129 1.3478106750481786 1.478712538403821 1.5443173996952768 1.2653066711503578 1.429836306368175 1.2643959487303715 1.530736281997409 0.05836376536800333
1.0187328676284277 0.05324476658539147 0.028664134337068516 0.16566983117972964 0.05092196002645085 1.918934171220018 1.356257697874278 1.1857541947954497 1.5266612746065513 1.396650782712781 1.0476262126941995 1.0655209320180632 1.43799310850739 1.3478106686133293 1.4787125402586967 1.5443174034958536 1.2653066637526935 1.4298363056764094 1.2643959412975365 1.530736285444861 0.058363764315334396
1.0187328361493029 0.0532447687943558 0.028664135722725016 0.16566983770765803 0.05092195685547603 1.9189343340410028 1.3562577301483503 1.185754186896775 1.5266613453543354 1.396650820969192 1.0476261726855989 1.06552089726391 1.437993164855501 1.347810691131786 1.4787126017774688 1.5443174782600282 1.265306674002657 1.4298363543332802 1.2643959513493035 1.530736357728739 0.058363764652268335
1.018732871400023 0.053244765016803246 0.02866413583081267 0.1656698257527252 0.05092196077141904 1.91893416610819 1.356257695551798 1.1857541935296265 1.5266612717281196 1.3966507811863347 1.0476262122154352 1.0655209311441123 1.4379931043018885 1.3478106685215587 1.4787125370935226 1.5443174005454439 1.2653066621738893 1.4298363032092718 1.264395939720093 1.5307362824099588 0.05836376460086445
1.0187328711521348 0.05324476468179869 0.028664135032852547 0.16566982488332777 0.050921961706089085 1.9189340960944732 1.3562576872798455 1.185754204128736 1.526661245099166 1.3966507694800883 1.0476262379248735 1.0655209545548265 1.4379930855775016 1.3478106634432487 1.4787125151384437 1.544317371975617 1.2653066641307193 1.429836287050721 1.2643959417740642 1.5307362551224246 0.058363764743746764
1.018732871549641 0.05324476531194006 0.028664135764216104 0.16566982670894892 0.05092196040337387 1.9189341893819818 1.3562576971799212 1.1857541885479572 1.526661279803544 1.3966507840456286 1.0476262019454752 1.0655209216791401 1.4379931096117133 1.3478106689967055 1.4787125435231587 1.5443174092894951 1.26530666022568 1.429836307606761 1.2643959377342437 1.5307362907042583 0.058363764507231006
1.0187328709486063 0.05324476617192392 0.02866413579492633 0.1656698296906375 0.050921959536046904 1.918934232137134 1.3562577030287921 1.1857541831119727 1.5266612966189494 1.3966507919252495 1.0476261874755435 1.0655209085933033 1.4379931217934405 1.3478106728288266 1.4787125575674263 1.5443174272676619 1.26530665996004 1.4298363181681675 1.2643959374055522 1.5307363079146072 0.05836376445366259
1.0187328885549929 0.053244765289651996 0.028664133505065775 0.16566982745935094 0.050921961775368015 1.9189340840107854 1.3562576781315787 1.1857541958704818 1.5266612350514313 1.39665076014419 1.0476262304016257 1.0655209469421425 1.4379930759716266 1.3478106544308013 1.4787125053652759 1.5443173618681703 1.2653066554698136 1.429836277526138 1.2643959331165673 1.5307362450697253 0.05836376405047819
1.0187328558764364 0.053244764481413506 0.02866413829683363 0.16566982357523763 0.05092195979584924 1.9189342617462564 1.3562577123490474 1.1857541863203633 1.5266613121166153 1.3966508028232372 1.047626185745138 1.0655209074655603 1.4379931338363414 1.3478106820538094 1.4787125712454126 1.5443174433594995 1.2653066660254972 1.4298363301658232 1.2643959434496073 1.530736323555514 0.0583637651318053
1.018732839882529 0.053244766026549525 0.028664136056080924 0.1656698288278969 0.050921959769993856 1.9189341896269383 1.3562577106913378 1.185754205882026 1.5266612890808628 1.3966507957237244 1.0476262223773687 1.0655209419333291 1.437993122421393 1.3478106808013661 1.478712554310868 1.544317418086652 1.2653066755919988 1.429836319172085 1.2643959531291928 1.530736299959671 0.058363765285446255
1.0187328699323075 0.0532447630590859 0.028664154177942935 0.1656698139009587 0.050921950036777255 1.9189351822631628 1.3562578153033853 1.1857540397897517 1.5266616587118402 1.396650953195999 1.0476258393459437 1.065520590914482 1.4379933728544843 1.3478107463260345 1.4787128550701507 1.544317815594404 1.265306634092213 1.4298365379694442 1.2643959102382039 1.530736678624498 0.05836376361632467
1.0187328763869754 0.053244764701269945 0.028664134505222785 0.16566982495550228 0.05092196189168143 1.9189340846154532 1.3562576827246993 1.185754201667656 1.5266612384472216 1.3966507644294743 1.047626237155224 1.0655209535684116 1.437993080011055 1.3478106590009185 1.4787125090910722 1.5443173651142053 1.2653066606904766 1.4298362815870758 1.264395938345122 1.5307362484174518 0.058363764496823275
1.0187328593656533 0.05324476838427091 0.028664137160025215 0.1656698374670628 0.05092195640518456 1.9189344143650555 1.3562577306951906 1.1857541636256632 1.5266613703739094 1.396650828616905 1.0476261301938283 1.0655208569390382 1.4379931751502786 1.3478106932145435 1.4787126193929196 1.5443175058452412 1.2653066621499116 1.4298363656696296 1.2643959393404447 1.5307363832418612 0.058363764655032256
1.0187328524501622 0.05324477077550442 0.028664137117735005 0.16566984329014017 0.05092195398729984 1.9189344971300657 1.3562577481047156 1.1857541604927009 1.5266614064295156 1.3966508469323116 1.0476261107646732 1.0655208407962746 1.4379932076872595 1.347810701348188 1.478712651960441 1.5443175439853576 1.2653066679605647 1.4298363908491591 1.2643959450472488 1.5307364203504332 0.05836376398321157
1.0187329031822332 0.053244764611036305 0.02866414328984994 0.16566982354371187 0.050921955790494425 1.9189346425675682 1.3562577401709894 1.185754106779213 1.526661445580674 1.3966508528180086 1.0476260201190963 1.0655207542156988 1.4379932178925288 1.3478106970838584 1.478712676768641 1.544317588007571 1.2653066361509837 1.4298364036520128 1.2643959129954725 1.5307364604902653 0.05836376365856232
1.0187328858389768 0.053244764671035345 0.028664134552749243 0.1656698247558896 0.0509219617875428 1.918934105557755 1.3562576814342058 1.1857541936037317 1.5266612437856641 1.3966507644623594 1.047626223669498 1.065520940884719 1.4379930823837004 1.3478106567795332 1.4787125127167136 1.544317371169437 1.2653066557515618 1.4298362831614064 1.2643959333718764 1.5307362539928535 0.058363764132161364
1.0187328667295354 0.0532447645102272 0.028664135453327983 0.1656698241322774 0.050921961546672424 1.918934113256815 1.3562576900937262 1.1857542025351748 1.5266612521570582 1.3966507729983024 1.0476262328082149 1.0655209499983587 1.437993090974487 1.3478106652452018 1.4787125211456422 1.5443173794693854 1.2653066645304103 1.4298362916712533 1.264395942153505 1.5307362623377998 0.05836376480655909
1.0187328793405612 0.053244765108318694 0.02866413413840478 0.16566982647617412 0.05092196167869529 1.9189341042196626 1.3562576828330781 1.1857541957948678 1.5266612443211423 1.3966507655061295 1.0476262265051384 1.065520943679761 1.4379930835739998 1.3478106578697573 1.4787125135421266 1.544317371599268 1.2653066575363026 1.429836284160889 1.2643959351625578 1.5307362545152665 0.0583637642465783
1.0187328674031735 0.05324476672174744 0.028664135124134238 0.16566983179867575 0.050921959383635265 1.9189342236759885 1.3562577039339736 1.1857541867859185 1.526661294614181 1.3966507918792919 1.0476261933896969 1.0655209142846078 1.4379931217089728 1.3478106733351123 1.478712556490386 1.5443174249581126 1.2653066622835896 1.4298363177799962 1.2643959397507292 1.5307363058735997 0.058363764410410114
1.0187432750474292 0.05324307054714506 0.02867221594175213 0.16566131276648136 0.05091848637205693 1.9192324508212812 1.3562987118240002 1.1857169271372145 1.5267792437843146 1.3967077106614485 1.0475261557622735 1.0654300186926402 1.4380759295415164 1.3478413325930392 1.4788103607846033 1.5444435261559322 1.265305599717015 1.4299105876911213 1.2643944426790399 1.5308567837864768 0.058363893242415255
1.0187328729275984 0.05324476472900272 0.02866413559033226 0.16566982479667505 0.050921961178378744 1.9189341425537596 1.3562576921664034 1.1857541962701212 1.5266612622923672 1.3966507764955667 1.0476262198733703 1.0655209381018687 1.437993097751549 1.347810665823863 1.4787125292742844 1.5443173904770444 1.2653066620752167 1.4298362972083178 1.2643959396567672 1.5307362727866578 0.058363764512801626
1.0187328421929738 0.053244770310112384 0.028664131884833348 0.16566984448815164 0.05092195795854073 1.9189342016250261 1.3562577118906205 1.1857542035336348 1.5266612931474397 1.3966507963629877 1.0476262172665505 1.0655209375940806 1.4379931272021595 1.3478106788892115 1.4787125582012057 1.544317422491323 1.2653066746707198 1.4298363214983525 1.2643959521875099 1.5307363043049937 0.05836376460844097
1.018734144809005 0.05324594616034861 0.028663724013948153 0.16567434284164428 0.050921050045324434 1.9189642446498412 1.3562621608180776 1.185750858634858 1.526673390347307 1.3966568164023612 1.047616622516389 1.0655122503563903 1.4380016813962437 1.3478141700522162 1.4787226241596938 1.5443303412489786 1.2653069396313965 1.4298440766961904 1.2643961644626727 1.530748647628925 0.05836376170657695
1.0187328712442005 0.053244764524956814 0.028664136290949386 0.16566982390288265 0.05092196096002747 1.9189341654342675 1.3562576953211538 1.1857541934551639 1.5266612713946575 1.3966507810182822 1.0476262122591546 1.065520931143207 1.437993103891545 1.347810668468945 1.478712536749935 1.5443174001925326 1.2653066620448707 1.4298363029426315 1.2643959395909623 1.5307362820569925 0.058363764647280846
1.0187328614261042 0.053244770394509755 0.028664133902406488 0.1656698448097484 0.050921956440352134 1.918934344925987 1.3562577223093912 1.1857541736351271 1.526661343466894 1.396650815571728 1.047626155013787 1.0655208798804 1.4379931582496135 1.3478106853283172 1.4787125977849005 1.5443174770272996 1.2653066635150185 1.4298363492133508 1.2643959408061662 1.5307363558628224 0.05836376418650201
1.0187328804594984 0.05324476756743619 0.02866413673569836 0.1656698349785717 0.050921957447439485 1.9189343771356557 1.3562577183072118 1.1857541589064766 1.5266613506830744 1.396650815205548 1.0476261316082645 1.0655208573174106 1.4379931579758196 1.3478106830467986 1.47871260143365 1.544317485421621 1.2653066539935998 1.4298363501958518 1.2643959312258968 1.5307363632699842 0.05836376410614272
0.8185435569987809 0.0403629473854085 0.0782319680613696 0.10793131119619342 0.04637466380003895 2.704720418912281 1.578592614793501 1.2277577488906675 1.918037454713519 1.6526543521053778 0.9552595392045659 0.9910005942133286 1.7425604428505241 1.5474627659179705 1.821364346654713 1.9530238047895467 1.3889552596782604 1.721992719129878 1.388369152295195 2.0436189689693074 0.16649495029701844
1.0187328886666618 0.053244765491089995 0.028664133309372727 0.1656698280397325 0.050921961714447045 1.9189340916885878 1.3562576781695324 1.185754193555267 1.5266612373357773 1.3966507605030631 1.0476262262087916 1.0655209430672419 1.4379930774824543 1.3478106538244041 1.4787125071317335 1.544317364386019 1.2653066542109177 1.4298362785195833 1.264395931849742 1.530736247446568 0.05836376395099687
1.018732835197777 0.05324476898190796 0.028664134092078856 0.16566983926633674 0.05092195790243522 1.9189342524097042 1.356257719023458 1.1857541973937336 1.5266613133636993 1.3966508062409457 1.0476262004760408 1.0655209223287851 1.4379931413006708 1.347810684349174 1.478712574934302 1.5443174440527125 1.265306674654963 1.4298363342712286 1.264395952105762 1.5307363249329933 0.058363764886884995
1.0187328354295941 0.05324477150840773 0.028664131136593357 0.16566984814796223 0.0509219571724766 1.918934220785991 1.3562577159908404 1.1857542028172594 1.5266613014371384 1.3966508002606153 1.0476262127569356 1.0655209339706713 1.4379931354579332 1.3478106798606944 1.4787125659129934 1.544317431234468 1.26530667597575 1.4298363272978971 1.2643959534703557 1.5307363128843918 0.058363764407698956
1.0187328506129805 0.05324476779667305 0.02866413499786368 0.16566983544678035 0.05092195855188789 1.9189342454868106 1.3562577127912598 1.1857541916373187 1.5266613072766502 1.396650801221106 1.0476261950361316 1.0655209164880468 1.4379931331840943 1.347810680870017 1.4787125682707525 1.544317437990536 1.2653066689258823 1.429836328236584 1.2643959463644203 1.5307363186725826 0.05836376487517094
1.018732864674879 0.053244764581758704 0.028664135306001173 0.16566982443881786 0.050921961620652344 1.918934103537452 1.356257689514716 1.1857542047722989 1.5266612488898377 1.3966507719916503 1.0476262372927487 1.0655209541208917 1.437993088706561 1.34781066534023 1.478712518527087 1.5443173759097153 1.2653066654950897 1.4298362899462553 1.2643959431300815 1.530736258957472 0.058363764932416094
