9.999999997150296 0.00243535082353228 0.0016951695648978592 0.0618446388973279 0.002880533325467888 2.916313638587556 3.9999999755179645 3.9999999999874776 3.999999884970731 2.079704227372661 2.611170835856248 2.815833861959715 2.5991049408121945 2.220372974917543 2.236440540480809 1.1988292664626183 1.7634844104817688 1.9741561538158607 2.749117107639965 1.322355187382974 0.963462739690298 1.0989101575802556 1.2712250717682534 1.492132271578667 0.5910036746396656 5.481585425235016
9.999999978212768 0.001452677825007195 0.00014127722481147194 5.393205756172077e-06 0.003600040108458415 3.6964414887117223 3.9999999999230296 3.9999999999936553 3.9999998297751933 2.074959593963405 2.601935804551897 2.8023191284745703 2.5800872346006063 2.198569085600415 2.208975433026586 1.1810348295837085 1.7331846799149317 1.9358036669348253 2.6926574737572193 1.2900208592137943 0.9374068897365151 1.0666248569595198 1.2308013254968373 1.4403085310165622 0.5458628602673948 5.493905802849008
9.999999999999895 0.001603143918865858 2.69454182500689e-05 0.0014924447087933026 0.003092004292998789 2.9418512066603526 3.999999999999995 3.9999999999999996 3.9999999999912355 2.075043519006536 2.602107227839134 2.802577450596623 2.5804775581532353 2.199054816487052 2.2096185141410762 1.1815082093225096 1.7339838467290776 1.9367874235219917 2.6932759583771992 1.2910062652901233 0.9382938889971398 1.0676902460084425 1.2320346890801825 1.4416348515547814 0.5475924028800319 5.465042996942424
9.999999999990004 0.001761248824825311 0.0027594244922066165 0.00763977819139261 0.002115379586369952 3.8166021477541427 3.9999999999998814 3.9999999999695297 3.9999999991398645 2.080386819905995 2.6124611641480153 2.8176347959548886 2.6014246701154984 2.2227533848108774 2.2392970242926293 1.2003129043312684 1.7659674231613847 1.977578894407906 2.7563439234630915 1.3242195546596351 0.9644768917372669 1.1000224978022555 1.2723548477805906 1.4925406949213198 0.57723218706331 5.444505196206865
9.99999999999904 0.0016939497796993575 0.0003633772923811513 0.009730244114941097 0.0027940293447455645 3.8788004476260203 3.999999999999917 3.999999999956799 3.9999998930257905 2.0760378234555703 2.604067362607856 2.8054507257308745 2.584446995078396 2.203498675189885 2.215202818871063 1.1849498510280456 1.7399840230159052 1.9445327302878816 2.7064238777908254 1.2972954273084734 0.9432303374949608 1.0738712304301639 1.2398999911109678 1.4518113601001323 0.5541374593842923 5.455381531648622
9.999999975729178 0.004444840833220374 0.0001000793162904844 0.18921999800948974 0.0003701010540228197 3.998552021237327 3.999999874512791 3.999999998080016 3.9999999373824764 2.081264865159967 2.613636586186371 2.8185579512923975 2.6004472918709105 2.2189725596308003 2.230932643629021 1.1927461870415261 1.7486601701156466 1.9523042970862174 2.7048542255016526 1.2910886714518632 0.9339025534345142 1.0564823007138637 1.2103009562343325 1.4043600450714901 0.44551354341117294 5.85259266842153
9.999999999998881 0.0014661961119839296 0.0006375547661690486 1.127941576973884e-05 0.0035680998388976214 3.7938116210688273 3.9999999999999996 3.9999999999999996 3.999999999192904 2.07587393598147 2.6036782252555795 2.804803446594439 2.583402488840308 2.2021661150743483 2.213260403176384 1.1836217421710251 1.7373411951670945 1.9407640947437228 2.7003399468773583 1.2935043521652225 0.9399198531621424 1.0694206361347056 1.233899388183446 1.443691564903581 0.5443117834932933 5.492815412379599
9.99999999123618 0.002612766281567981 0.00048488854324125704 0.06580966298900688 0.0019359311288960255 3.303158696281551 3.999999998923912 3.999999999998853 3.9999999804516344 2.0781800398019934 2.608060772715694 2.8112155910905474 2.5927387535421333 2.2133920687357045 2.2277646255704475 1.1944319776626209 1.7548298838209326 1.9631883639223766 2.734085884186983 1.3147667479621628 0.958801586999332 1.0925038666652533 1.262338527555699 1.479063402421687 0.5805960522562643 5.452566476590603
9.99999999961349 0.002187155579192461 3.881806698389275e-05 0.03509160894205873 0.0021678835640167892 3.1313130127872135 3.9999999999999436 3.999999999999996 3.999999949185189 2.0763556160367704 2.60453879531044 2.80603477109192 2.585144763878905 2.2042495180397226 2.215872996069149 1.1859787687612002 1.7405357565251154 1.9445475903692282 2.7045599715596538 1.297816070266404 0.9440961379263935 1.0744822346273208 1.2394984133450184 1.4498351057806176 0.5558159874793585 5.442755502519968
9.999999999996424 0.0014560818437243986 2.059158569411065e-05 1.4657145058292044e-06 0.0035091678649599666 3.9990676887174352 3.999999999999991 3.9999999999999996 3.9999999999760343 2.078952963964076 2.6015202250241685 2.8017261147692034 2.5792963612429274 2.1977131903548623 2.2079587859331786 1.1804222906287856 1.7322038093614274 1.9346379485570466 2.690912276662666 1.2892071739324058 0.9368209419190854 1.0659707277925399 1.2300766323410033 1.439500321398531 0.5461845701816048 5.490149753374997
9.999999999566663 0.001565932469623933 0.0001555807683371697 0.0009557539439587576 0.002536364695789636 3.9957425226450187 3.999999999984436 3.999999999990145 3.999999993510264 2.075289580285144 2.602571140810727 2.803237875026985 2.5813697147618795 2.2000172398539872 2.2108041493157957 1.1821885333156783 1.7351882612175178 1.9383846007791166 2.69676394022842 1.2922036399114747 0.9391623094983109 1.0688184719270868 1.233573058151063 1.4438367488021282 0.5484498064821889 5.454139386718948
9.999998280339025 0.0021926533647219177 6.553231549766628e-05 0.016107395903913486 0.0017815407186317993 3.999400537202723 3.999999999942204 3.9999999999998512 3.999999155279641 2.0763926658937044 2.6043970330610016 2.8058196070436763 2.5850204570266806 2.2043859067940383 2.2162409209357516 1.186878296527195 1.7416301820893052 1.946093901175333 2.707129165792367 1.2999220466104977 0.9468839665810916 1.0772505405366175 1.243104945437218 1.4545611729483023 0.5640858177741342 5.411007872253596
9.999999999946303 0.0023449126958097525 0.00034205631245571655 0.045660316931064295 0.0019484547722268 3.96694119872756 3.9999999999999525 3.999999999999935 3.999999999503629 2.07735074115992 2.606481097904796 2.8089161386618895 2.589438793317557 2.20949656187136 2.2227997987866113 1.1909053645755674 1.7490591792097 1.955844218652105 2.722968903713326 1.3080770709166043 0.9529732174551051 1.0854440299279993 1.253721741826161 1.4684281354041093 0.5706703091329361 5.434450758410129
9.999999999389091 0.0018074272007788535 0.00037120887906472736 0.007715930957393135 0.0021470595083263474 3.9566894480689454 3.9999999999904237 3.9999999999981473 3.9999999999661116 2.07414249873529 2.6042015504009073 2.8056231461663774 2.584751135513203 2.2039497077139156 2.2158069172876806 1.1854674100781388 1.7408299546365984 1.9456265063511604 2.7079700170872547 1.298387314298373 0.9441561903542626 1.0750303132039591 1.241389364179233 1.453711270370372 0.5552375713760134 5.429713446293157
9.999999999999998 0.0014453930447963193 1.4793088158546118e-24 5.558128065982463e-22 0.0035611085833377448 3.8759519186630045 3.9999999999999996 3.9999999999999996 3.9999999999999996 2.0746918152863163 2.601425482627018 2.801588582808652 2.579104134790043 2.197493218769548 2.2076815045965548 1.180243802286196 1.7318979149171905 1.934247256717253 2.690301388563102 1.2888792573564807 0.9365581896793225 1.0656459882821563 1.2296693961354532 1.4389873633136423 0.5458498765887064 5.493406837969424
9.99999999300633 0.004996099757060862 0.03287242738272378 0.19961077579514216 0.00014505983494499312 3.999985596601013 3.9999791241950886 3.999999178715846 3.999962040722146 2.145241991872033 2.740661724650634 3.0072697422691066 2.8732307638820167 2.5398959732057236 2.650437941284604 1.467627407548155 2.235914741887422 2.594090801549031 3.7571349653589117 1.8567852551637447 1.3982190285677745 1.6505285760922483 1.977798653054989 2.406190180114547 1.301347114024637 6.3846532308395165
9.999999995485014 0.001896573459307352 2.41715229662761e-05 0.0243240763464004 0.0025798583789378854 3.195161689754326 3.9999999999999982 3.9999999996841367 3.9999998352158412 2.0757316503297 2.603444634566305 2.804539419566705 2.583096403138777 2.201897177954577 2.21310427476373 1.1837834456353917 1.7375785911360977 1.941288788542986 2.7015906392873754 1.2946188330174802 0.9413017269325025 1.071184884314886 1.2362027182408841 1.446757900295956 0.5539758758691031 5.457129912876589
9.999999999997694 0.0019710823527756957 0.0007791583338378968 0.0012050353812143796 0.002187354040514416 3.999078090913382 3.999999999999006 3.9999999999999876 3.999999997874479 2.077551380518689 2.6068516819093905 2.809452861196636 2.590217306111507 2.2104391861608543 2.223996659771001 1.1918746489248044 1.7505089818316437 1.9576361496022439 2.725175365985041 1.3098284391962176 0.9545696275691598 1.0878414205023883 1.256398626468836 1.4714076730346821 0.5756933467504551 5.409397567102662
9.999999999999496 0.00144677268093198 1.036892014785783e-05 4.341654618453565e-05 0.0035253211497118446 3.9969465945608404 3.999999999999888 3.9999999999999942 3.9999999997731677 2.0747110676381295 2.601458165659331 2.8016289044394247 2.579141376766394 2.197515161415081 2.207682876308324 1.1802282431608782 1.7318419632683002 1.9341381019268753 2.6900715873789376 1.2887260372879004 0.936410624904256 1.065431837529152 1.2293625261902956 1.438551417633451 0.5452435891861016 5.492355721621631
9.999994167723452 0.0022455530688709107 0.00028580312922151484 0.03426822993614789 0.0020647528924730117 3.554153895748348 3.9999999999972324 3.9999999999954374 3.999999872131926 2.076992509077085 2.605736074799674 2.807806109293773 2.587748975487643 2.207405173387704 2.2199642489756934 1.1889608841018944 1.7454875039052362 1.9509878792307527 2.7148845078739776 1.3035845223283664 0.9492684671002064 1.0805553981307956 1.247256038903127 1.4598261797961616 0.5650108064117431 5.431988532471963
9.999999999900012 0.0019709101290568696 0.0009895394230565947 5.673137636209323e-06 0.0021837823055111632 3.908014996056483 3.9999999999998406 3.9999999999999805 3.9999999958397243 2.0779429092039208 2.6076045576236813 2.8105443331431874 2.591740717595649 2.212179509849247 2.2261696882535613 1.193329323145547 1.7528953299606236 1.9606251025064612 2.729763216194785 1.3126070529052378 0.9571574979459552 1.0903059163265005 1.2594086481382571 1.475113433049725 0.5785550329406176 5.410000726095565
9.999999995433575 0.0019458064039251724 0.0001194130364898429 1.869131176891267e-05 0.0022036088172234587 3.8692115865456653 3.9999999999798 3.999999999999932 3.9999997889403507 2.0762229775700867 2.6042347851423386 2.805600110658673 2.584766273803189 2.2041614926366933 2.2159978442327875 1.186829695303939 1.7415781524857412 1.9460684189209851 2.707022614643415 1.3001987470405965 0.9470786434647279 1.077773887575605 1.24373132411676 1.455350562873319 0.5624287191524154 5.408976258190683
9.99999999999988 0.0022796942789276658 2.622935424419475e-05 0.03950407020830138 0.0020147240156228536 3.6823846996712586 3.9999999999989586 3.999999999999987 3.9999999997555964 2.0766805862108386 2.60504872319623 2.8068243365828693 2.5864894793845945 2.2060969944595827 2.218502693624859 1.1880626212042091 1.7442550476583245 1.949715191057176 2.7131851139954293 1.3028531034941433 0.9487095506240536 1.080172842872821 1.247172042952789 1.4604487859439663 0.5666789622438408 5.433558807946999
9.999999999999998 0.0017244743349721391 0.0013558970679353637 0.0004877282498182582 0.0023423660694747903 3.9999281525980175 3.999999999999956 3.9999999999999907 3.9999999999976756 2.077984481852962 2.6078266018920946 2.8109096909667057 2.592095736038012 2.212254786961446 2.2261887389234145 1.1920375890101462 1.7520236737754773 1.959805143231298 2.7300631282605923 1.30993079538625 0.9532922722853742 1.0862706285224926 1.2552795421650138 1.4710135624057665 0.5657515282305515 5.430579450443334
9.999999999999998 0.001445392938501165 7.883326839588758e-23 6.327070126131431e-15 0.0035611091412802542 3.8759510660972087 3.9999999999999996 3.9999999999999996 3.9999999999999996 2.0746918146578115 2.6014254825107903 2.8015885816485517 2.579104133710024 2.197493217756263 2.2076815032006274 1.1802438035013947 1.7318979136891168 1.9342472542002132 2.6903013835766894 1.2888792582600883 0.936558188567175 1.065645987067554 1.2296693935008418 1.4389873598600718 0.5458498751400561 5.493406873155902
9.999999957917804 0.004581574454166047 0.012218400020434814 0.19516241262915918 0.0007285918805759904 3.9876948822561333 3.9999999101598203 3.9999999769823504 3.9999999341636205 2.1048742989867923 2.6602267804422444 2.8872877211951837 2.701402560596991 2.3390200619489927 2.38803366857991 1.2988382720751763 1.9347186440250028 2.1946850577563772 3.097783627065333 1.5119432117717655 1.1172872806315834 1.291051439624386 1.5109994413323211 1.7948145412535208 0.787732856776775 5.659357480228167
9.999999999999998 0.0014453930667809177 1.5980726971320502e-22 3.0243155766342573e-21 0.003561108582930123 3.8759526408907234 3.9999999999999996 3.9999999999999996 3.9999999999999996 2.074691815946218 2.601425483522838 2.8015885821518403 2.57910413598948 2.197493219129271 2.207681508207454 1.18024380230646 1.7318979173992601 1.9342472580320555 2.6903013875475343 1.2888792577572175 0.9365581876744821 1.0656459911633889 1.2296693939904457 1.4389873641520219 0.545849879779698 5.493406834111187
9.9999999999946 0.0016795217106860038 7.955799116383167e-06 0.0008434545616580191 0.002579793512040288 3.7980524903490585 3.9999999997941673 3.999999999983962 3.999999947526811 2.0751317092120525 2.6022623964438636 2.802800553296113 2.5807833340147663 2.1993675817458302 2.2100078068300566 1.1816803167246717 1.7343407988145365 1.9373306462542352 2.6952330585595976 1.2913657123165438 0.9385030686839572 1.068011482027747 1.2325996902077627 1.4426486457870145 0.5478475936583594 5.437758807184102
9.999999993666115 0.00360509832978413 0.00019342880790401506 0.1339522631894931 0.0019368290069752428 3.743006680822737 3.999999999984438 3.9999999998811764 3.9999971799940828 2.0790797613868053 2.609969698431628 2.8140841749993903 2.5966944671876737 2.218333168663002 2.2331567384816644 1.1966701249017597 1.760206473010524 1.9705711457224753 2.7476171285234092 1.3194077805683535 0.9610566549611904 1.096156722485148 1.2679854647421875 1.4874673069107507 0.5788628532404319 5.486389019744161
9.999986033031115 0.002292709733646354 0.0002292827108178598 0.02389315284987299 0.0017625481565787691 3.999996573283949 3.999999807413833 3.9999999994603748 3.9999995404434903 2.0771279900661974 2.6059910923726677 2.8081729644023823 2.5884334537513856 2.2084388627966915 2.221461065277929 1.1905160792637592 1.7478215429950825 1.954108369790974 2.7196388065388173 1.3072202373876516 0.9529091977802349 1.0850052346223142 1.2527870099890284 1.4668020287786765 0.5740150464954628 5.414536674089201
9.99999999999995 0.001482529648478649 1.6849386716465918e-07 0.00012575562110729967 0.003425886602617206 3.84302175980754 3.9999999999999996 3.9999999999999996 3.99999999999932 2.068728396233343 2.6015631677130697 2.80178800942997 2.579381363081175 2.197809813820893 2.2080797617094965 1.1805001670624475 1.7323366048658162 1.934807087089494 2.691175810501033 1.2893447401996563 0.9369299814345111 1.066107626340354 1.2302455000382673 1.4397126015542439 0.5463139183748892 5.483446953285496
9.999999897987298 0.0019421694345298209 3.488342252231172e-05 0.005477340747870208 0.0022733388845656696 3.676412175242269 3.99999999969137 3.9999999908424235 3.9999728965616983 2.0758607938304965 2.603576159074522 2.8046633305946758 2.5834357183647967 2.202580659533125 2.214030111939913 1.185202497706975 1.7392615134832006 1.943264128318368 2.7031982310698415 1.2974447430883107 0.9444189532444999 1.0747628035925316 1.2403158990446161 1.4514582295982368 0.5592535965686551 5.416981266685948
9.999999999999998 0.0014453931132823172 2.83890654623056e-23 8.125878375125457e-25 0.003561108302842438 3.8759534263604096 3.9999999999999996 3.9999999999999996 3.9999999999999996 2.0746918155716365 2.6014254834047654 2.801588583589794 2.579104136833988 2.197493218235473 2.2076815049337197 1.1802438035169955 1.7318979159599988 1.9342472596230846 2.6903013933984106 1.288879258957818 0.9365581907290463 1.065645987561219 1.2296693942349675 1.4389873646812128 0.5458498802474739 5.493406817577328
9.999998775155609 0.0020536505443844786 0.00010966124367986836 0.008560674032605416 0.001953290830914987 3.9999999415500054 3.999999998054874 3.9999999999950404 3.9999999669056536 2.0764091289106585 2.6046126544894634 2.806173470907189 2.5856280901555264 2.2052089968043136 2.217406035405965 1.1877559524753258 1.743292961749824 1.9484002139067267 2.710965006160461 1.3022680869378724 0.9487525773948761 1.0799626615623867 1.2466329682134596 1.4592509958487139 0.5679615223487613 5.409014164424681
9.999999999394163 0.0017405674846221947 0.0005761820677312933 0.021386257706450446 0.0026202594902912735 3.988455348834064 3.999999999996067 3.999999999999422 3.9999999244619877 2.0771162007302513 2.6045751716140644 2.8061332791153193 2.5855166837582786 2.2048334791191313 2.2169493560035303 1.1862636861859548 1.7421700848402877 1.9473337373432322 2.710313365403127 1.299868914740065 0.9453805971167936 1.0766137092686379 1.2433371945258043 1.4561499653974628 0.5572451194182152 5.4692779403456235
9.999994780767322 0.0015451970238461845 1.0219599910077979e-05 0.008147256543703268 0.0030438870152141736 3.1767434227725357 3.9999995633313503 3.9999992424843906 3.9997778409738802 2.0751361603433076 2.601765353874737 2.802081481800282 2.579785662807983 2.1982298311881636 2.2085773461099056 1.1807595034630538 1.7327640836187161 1.935309639541683 2.6920172628587693 1.289704383663159 0.9371831679627296 1.0663572640033263 1.2305297684998027 1.4400177055895158 0.5462076926328744 5.485686684362573
9.999999831094422 0.002087823823325274 2.1189390118039886e-05 0.03224772588875965 0.002259329432563218 3.4159829874742536 3.9999999994494875 3.999999999928227 3.999999744366042 2.076155203213984 2.604228192750462 2.805664771860586 2.5847470332251774 2.2039114769568533 2.215590789206059 1.1857812487628867 1.7407301003928466 1.9452810629654407 2.7073184302972124 1.2984597627958288 0.9447411124294425 1.0753624483467432 1.2413087763896278 1.4530422771598164 0.559703720056099 5.443358524294432
9.999999999999998 0.001447831241393068 7.956568957822638e-20 3.3753180713523587e-07 0.00354215444450633 3.9798254615045017 3.9999999999999996 3.9999999999999996 3.9999999999999996 2.0746966109680085 2.601434703599828 2.8016019051529053 2.579122618121284 2.1975142995372083 2.207708014690172 1.1802608491098237 1.7319270942214673 1.9342845047502217 2.6903597193043014 1.2889103068274794 0.936583010751001 1.0656767478811375 1.229707886052228 1.4390358649609543 0.5458812004455924 5.492448684320611
9.999999945588103 0.0019142617044076173 9.797100648481938e-05 0.03739073095123957 0.0022928424425932596 3.812529518430577 3.9999999989489408 3.9999999999270917 3.9999999868987257 2.0755818045228005 2.6030666219343215 2.80393532705005 2.5824167989989197 2.20138415594883 2.2125512620342236 1.1840059472391302 1.737544631422737 1.9412000561774903 2.7003132369465153 1.2954741853828902 0.9426316706945145 1.0726983093853748 1.2379171062892091 1.4486831257172503 0.5570976733361336 5.472851503050752
9.999999988419944 0.0018468407274264565 6.188019941891568e-05 0.0018719518968953784 0.002544085045148544 3.4435222098408986 3.999999999851122 3.999999999999447 3.9999999998874998 2.075562284121327 2.6029995708131053 2.803808688206791 2.582168766834523 2.2010365718651954 2.2119997359043126 1.1837080769183208 1.736763694821041 1.9399945680503254 2.698023363709579 1.2943689710201098 0.9417541197191588 1.071424450189745 1.2360982117160864 1.4460674324739364 0.5544014091124583 5.425796587796848
9.999999999999998 0.0014481258580336255 1.040509592285365e-05 4.4914813089416174e-05 0.0035297189322194295 3.979050427619365 3.9999999999999996 3.9999999999999996 3.9999999999999205 2.074713826602929 2.601463916260391 2.8016378680029996 2.5791553928335555 2.1975327350180693 2.2077069893247088 1.1802449808372961 1.7318728531457452 1.9341808702755399 2.6901449170584746 1.288766279872655 0.9364448671079552 1.0654771126924452 1.2294225822411153 1.4386315075087617 0.5453248497461856 5.492231907977512
9.999999999999998 0.0024768753085053614 0.0003996012578098445 0.056329999036996946 0.0018868068772910326 3.9022710460103642 3.9999999999963305 3.999999999998525 3.9999999986973473 2.077748201512045 2.607237659241134 2.8100183184192704 2.59104201241779 2.2114133401684706 2.2252635818107245 1.192585594062583 1.7519556719977667 1.9595768804706812 2.728515943846655 1.3113620934188361 0.9555549648831035 1.0887728632422708 1.2583251712243626 1.4741531218459463 0.5751166664989985 5.440571976088707
9.99999978705502 0.0020581117809541074 0.00018222780063624055 0.009495742195365624 0.002080071009621447 3.9998039564165135 3.9999999997637636 3.999999999999582 3.9999999973374045 2.0765694698575 2.604919289679593 2.8066187636079634 2.5862569833494753 2.2059380195013207 2.218325475890717 1.1883916572568667 1.7443308493527305 1.9497101115126645 2.712955640154093 1.3034115861916333 0.9497115773284451 1.0811265255458513 1.2480777878567844 1.4610025305370609 0.5692485135029783 5.410152646654259
9.99999969804441 0.0018187851289378078 0.000323826475136958 0.0009291787837583625 0.0025480714847235866 3.999990459417458 3.9999999999615943 3.999999999999978 3.9999999958093433 2.076332868990506 2.6044937947089863 2.8060146706382563 2.585399467360285 2.2049119034029787 2.2170398145485084 1.1871787773951878 1.742760329153721 1.9478224813245844 2.710347424039559 1.301343510610975 0.9474142246215853 1.0786640487881947 1.2453861011227125 1.4580550820190932 0.5620931572897445 5.422216448577316
9.999999999973005 0.0020933642113359677 0.00023656474757625517 0.010228544058618571 0.0019299925492354245 3.9273212135809197 3.999999999995937 3.9999999999999996 3.999999998692066 2.0767408512974317 2.605250019360486 2.807102251690144 2.586944432942174 2.2067405656084707 2.2193459388138277 1.1890964854058936 1.7455022674472436 1.9512060706496248 2.715253339807432 1.3047451717115615 0.9508306425648705 1.0825151466965985 1.2497799931407854 1.4631414699320942 0.5702650090630111 5.410037107874309
9.99999907903323 0.0020467765642206513 0.0006569129650373703 0.0060223151049553 0.0020111137342951405 3.9980025757182482 3.9999999999631637 3.9999999999999996 3.9999999999819895 2.077500474299876 2.6067045012408263 2.809208149297904 2.589877165334772 2.2100729748787313 2.2234899681649596 1.1917886920436032 1.7499506710188608 1.9567843679364294 2.7260662372343756 1.3092499363877894 0.9544589619471947 1.086832718443308 1.2549934739719348 1.4695291757746232 0.5746449250059921 5.408719990641465
9.999999999998465 0.0014656897101431791 4.049838500010271e-06 0.0012433468754463244 0.003508240163970213 3.9866048434557912 3.9999999999997264 3.999999999999999 3.999999999979351 2.074745283926981 2.6015259499587176 2.801733425256999 2.579310233106547 2.1977321718219054 2.207982540441194 1.1804502540456114 1.732238224626856 1.9346778272799865 2.6909569223195295 1.2892529160913537 0.9368670624894035 1.0660259075053224 1.230137239843928 1.439568447211384 0.546271056163228 5.491076262511188
9.988108210505342 0.004211715796450078 0.04023727179462789 0.17213467173091618 2.143210378088439e-05 3.9999789211923416 3.999985256074747 3.9999994812287056 3.9999882349225473 2.2492162247246967 2.764182594426029 3.0419661537073392 2.9248942376998452 2.6029245138076726 2.730996588862991 1.595578964377869 2.340002716685671 2.729546120830473 3.948562316547983 1.9855835163590303 1.5052725745808258 1.7956791492646251 2.1514617837646193 2.6503413414016737 1.5007779245804038 7.893805399075584
9.999999999814412 0.0028833021445811026 0.001588908081715183 0.06876992313195586 0.0014546329999940016 3.833960736358454 3.9999999999999574 3.999999999987989 3.999999999517007 2.080357865027285 2.612466724794373 2.8177284791926516 2.6018072120002986 2.2235331191316132 2.240608181883526 1.2014551202639592 1.7683842704329866 1.9809942830003735 2.763554472469433 1.3280953990812714 0.9680194544447488 1.1048160401593647 1.2787517758561715 1.5009464819801435 0.5879726356095797 5.450958303870252
9.999999999995776 0.001569640806550135 7.561862795165267e-05 0.008343309439968196 0.0027789916703975905 3.9965323279904537 3.999999999999999 3.9999999999996727 3.9999999861881923 2.0743713756906836 2.6020936779831594 2.8025646665225223 2.580460482936714 2.199024549621499 2.209607564932312 1.181452187842445 1.7339826859860485 1.93691382209821 2.6946262743647993 1.291032039041162 0.9382375671218135 1.0677369811869089 1.2322744460868982 1.4422820055279717 0.547767799662372 5.472278480983682
9.998380332006947 0.001977263306742203 3.4021595861755734e-05 0.01604036561190767 0.0022474989798049595 3.993043028366318 3.9999999999940554 3.999999999998721 3.9999999987038657 2.0758960700562645 2.603642164731677 2.804800128389417 2.583623225374977 2.2027765536634156 2.2142894821446144 1.1852485591009583 1.739502072769522 1.9436308837184317 2.7036795296958407 1.297625305371865 0.9444305332938937 1.0748711067519368 1.2405582114927045 1.4518889996033717 0.55895721189328 5.423755310034502
7.841108250210711 0.004782635748931456 0.033945686063434156 0.1984959060739235 4.188244023301342e-06 3.999950186358246 3.999979249866267 3.9998069112224997 3.9998405543263313 2.067676991724046 2.754644228672566 2.973594328480088 2.8768116635937786 2.5527584303194457 2.6631160633364064 1.482246171376868 2.2533436035415053 2.600532559140011 3.766464779091517 1.8759832514289794 1.4146006440323338 1.6677831493307227 1.9996890064604922 2.4307779364887834 1.313202992145805 9.62087062534037
9.999999999375879 0.001985507905366932 0.00021730604880724124 0.005587639066336997 0.0021960108923441 3.9691684589894156 3.9999999999998255 3.9999999999999996 3.999999999882855 2.0764854419205854 2.6047612526254604 2.806390658847911 2.585933491007641 2.205558642689731 2.217845223578092 1.188031386590256 1.7437703531383502 1.9490082177211927 2.7119189304068763 1.3027474235829102 0.9491074637574916 1.080407158421376 1.2472129227143085 1.4599634332946791 0.5679581108102006 5.411313101770619
9.999999999999998 0.001445392983446805 2.2265685059509833e-22 4.951770631391637e-30 0.003561108997305147 3.8759506191128312 3.9999999999999996 3.9999999999999996 3.9999999999999996 2.0746918148904427 2.601425482603688 2.801588581564205 2.579104134481525 2.1974932165195376 2.207681503418208 1.1802438025999575 1.7318979130650225 1.9342472554100378 2.6903013876503925 1.288879255553426 0.9365581873216844 1.065645986951224 1.2296693959535663 1.4389873618823585 0.545849876707711 5.493406860912794
9.999999925416104 0.004560196442084114 0.006748685558854775 0.19337201726764486 0.0002512688532883216 3.9999867908945346 3.9999999681642957 3.999999996372661 3.999999998083044 2.0942151784854515 2.6393780146287367 2.8571116713368983 2.6576068882143904 2.288201323310566 2.3227378734342468 1.2558513758485346 1.8609951455617877 2.099613206728667 2.9486527367776842 1.4299179840023326 1.0507454609849702 1.2077191587330751 1.4076647855598168 1.663509721733998 0.6990216717112299 5.981002472755575
9.999999995153159 0.0026094386798663485 0.0003560889515175973 0.0792030648350944 0.0017585082337852026 3.6879525768043524 3.9999999999153486 3.999999999967234 3.9999999931905017 2.0778942248776886 2.6075126390080423 2.81040656872512 2.591535171334288 2.2119019926308687 2.22580817402145 1.1928782278290475 1.75232280821119 1.9598519840444077 2.73101933661685 1.3114210245564422 0.9557270436339191 1.0886758384101947 1.2575897829591596 1.4720587171694168 0.5741693427092162 5.4677482493588325
9.999999999999547 0.001850752418301305 0.00021204385030853545 0.011821393561802212 0.002668668497898215 3.9996755641357313 3.9999999999998566 3.999999999999896 3.999999999692957 2.076102848458732 2.6040726542214694 2.805411176870602 2.584533418971027 2.2038739374794973 2.215729740252218 1.1861632810403249 1.7412021610888198 1.945893578648409 2.7075977387041017 1.2995137472298373 0.9458255049453701 1.0767498468406127 1.2430612843018423 1.455253022868874 0.5599794190631271 5.4364022255836995
9.999999999999325 0.0015243198987389519 7.024136035073462e-06 0.0007068093053692421 0.002694145775886507 3.8265297409791486 3.9999999997420788 3.99999999991015 3.999999921518428 2.0729751984571494 2.601784607520698 2.8021162698605138 2.579765135595964 2.1981387043996015 2.2084349624104624 1.1807576762715342 1.732568363741925 1.9349890004382222 2.691791632946679 1.289503675283765 0.9371379617667274 1.0662183768892421 1.2302320607812318 1.4395183138031156 0.5463847784391995 5.46355064697211
9.999999999999998 0.001445392985984732 1.2460924629890222e-23 5.919421653842356e-32 0.0035611089215389895 3.8759513382868076 3.9999999999999996 3.9999999999999996 3.9999999999999996 2.0746918145714246 2.6014254825770506 2.8015885816416164 2.5791041344133445 2.197493217304341 2.2076815034940807 1.1802438029632063 1.7318979126147935 1.9342472538124467 2.6903013865614462 1.2888792582876125 0.936558187187018 1.0656459877166027 1.2296693953944335 1.4389873614266024 0.545849877282759 5.493406858272596
9.99968099019965 0.0015455050751453118 3.803980076415513e-05 0.001873198858758503 0.003187797751352817 3.745007405265405 3.999999999277538 3.999999999993618 3.999999999886516 2.074957126922176 2.601938455315925 2.8023302501969702 2.580131688814283 2.1986629194675533 2.2091453089282087 1.1811874735207666 1.7334951570199002 1.9362579346728108 2.693290689980616 1.2905483027390032 0.9378896308871554 1.0672830624111789 1.2316661318133815 1.4414034286806598 0.5473658333314437 5.47100860411418
9.999999999999996 0.0016989964413640876 0.00014697493819203444 0.002936861340445358 0.0029918928253199585 3.9999996185813966 3.99999999997051 3.999999999999144 3.999999998684047 2.0756521627295057 2.6032062324717593 2.8041837984220717 2.5827954557872452 2.20184297109921 2.21317018339368 1.1842953319406984 1.7382684420787222 1.9422148690588656 2.7019469088783645 1.2961819037739926 0.9428890909645706 1.0732598982554329 1.2388793652132624 1.45018612666043 0.5566050945500928 5.446579882982315
9.999999999909829 0.0021440326216547534 0.000436168229423297 0.030236279939520518 0.002182975836316282 3.013343218114204 3.9999999999997082 3.9999999999999982 3.9999999918516447 2.077054815178084 2.605903286109701 2.808035707458373 2.5880759978115737 2.2077759348073425 2.2204556279243453 1.1891905272445416 1.7460231382969764 1.9517418162103868 2.716040671970618 1.3041324783018946 0.9496080651749762 1.081064283634114 1.248005636581221 1.4609151305696784 0.563875275354642 5.441817433808859
9.999999999923373 0.0014630277793962459 8.026250572652046e-07 0.0006083632065860973 0.003468963921597907 3.9999993729456182 3.999999999999984 3.999999999999983 3.999999999513763 2.0747117170920175 2.601463126447384 2.8016418254635784 2.5791762834315257 2.197575622275587 2.207783399930845 1.1803120769964648 1.732010788612322 1.9343877811808292 2.69048610071799 1.2889937718917386 0.9366495444221828 1.0657628816551536 1.2298116527791236 1.439183377240059 0.5482320574540529 5.4889844027425
9.999992049714127 0.004994780258683859 0.03422227801084744 0.19791350882042208 8.997261976512454e-05 3.9999968540296478 3.99999998063179 3.9999999504708663 3.9999895106259187 2.147280326406631 2.7452413374356057 3.0125858637963265 2.88150416370127 2.5509589422319605 2.6632693149757896 1.4789360128439208 2.2549357279853126 2.6166188005282662 3.7984511613999743 1.8826312693749372 1.4231569838383176 1.681404931148045 2.0150961338320594 2.4495122139800345 1.3817684586712269 6.699726265629401
9.999999615755176 0.0024231801990965245 0.0005752761310656739 0.03772868902383293 0.002040018622071144 3.9990177896568544 3.999999999591351 3.9999999999002958 3.9999999662566443 2.1084175562780905 2.606995850121464 2.809559255780109 2.5905737764376537 2.211266821508071 2.225079045603733 1.1937294633096578 1.752608018996989 1.9599536245560762 2.727043775413062 1.3129477099833555 0.9573578730152372 1.0907920686192933 1.2601993663647553 1.4761304358881187 0.576915824433621 5.42410175280726
9.999999999999998 0.0014478100561403232 2.3305345697016354e-17 4.171943149450876e-07 0.0035423241573935014 3.9789068701521577 3.9999999999999996 3.9999999999999996 3.9999999999999996 2.0746965701637645 2.6014346231288927 2.801601790389616 2.5791224569770077 2.1975141165855163 2.20770778553585 1.1802607007096988 1.7319268424343073 1.9342841839820195 2.6903592091137414 1.2889100373166344 0.9365827959301262 1.0656764805162353 1.2297075539865 1.4390354415662119 0.5458809303082411 5.492457115464955
9.999999999271667 0.0018078810962658951 0.00018015363474245563 0.011215648546007474 0.0027492790468640026 3.9701606753343257 3.999999999999999 3.999999999999842 3.999999988539816 2.075931923170976 2.603754464897731 2.804952688250094 2.583878122449054 2.2030973347454776 2.2147484212343316 1.1854263228879962 1.7400538110640948 1.944459199940102 2.7054917271225722 1.298184262706116 0.9446612454331469 1.0753540333725962 1.2413786980529746 1.4532129629859383 0.5582131609033602 5.441763293907745
9.999999999999092 0.0022425734718620454 0.00036994047185755316 0.0371373237416895 0.0023254518938178874 2.9050400103242935 3.9999999999999725 3.9999999999919247 3.999999998486316 2.077226201003212 2.6062191197686997 2.8085312481566747 2.5889507811448507 2.209014780565274 2.22222858209746 1.1907239592005308 1.7486070972548706 1.9552598750497212 2.721858693883123 1.3078441724787164 0.9531163765144491 1.0855182734922508 1.2537002530659411 1.4682895933714064 0.5722107388228626 5.445797221996129
9.999999999999872 0.0016982154874925833 0.00022953572987904767 0.006066424939942119 0.0023666296675094447 3.891275754862069 3.999999999996821 3.999999999992103 3.9999999843472303 2.0756370568026745 2.6032528248743483 2.804245737596984 2.5828150974166952 2.201714603091183 2.2129877567529115 1.183620543302684 1.7376831863656048 1.9416231267097277 2.7019248027969693 1.294995119467217 0.9414288869966856 1.071658555776654 1.2371800766873406 1.4484115064782368 0.5519450194363604 5.442399568445916
9.999999999999964 0.001969356377398655 0.0005680164949043489 0.00021250162541908653 0.002100437916716192 3.9944289564008866 3.999999999998687 3.999999999999935 3.9999999998698077 2.077166573543828 2.6060675061166636 2.8082935809800755 2.5886328651212493 2.208701657895665 2.2218237993486407 1.1907624969392785 1.748291147473938 1.9547466406386953 2.7207129715105585 1.3077637414745606 0.9532555641876326 1.0855181792716029 1.2535147374961406 1.4678175053834828 0.5742202963406429 5.407308258791013
9.99999957382301 0.001915326321397137 5.680470920552865e-05 0.025842858066895236 0.0021191473222394166 3.995034776067338 3.9999999964961552 3.9999999999882734 3.999999308543566 2.0756630749430793 2.6032081506502394 2.8041201154458357 2.5825984104177775 2.201502804408993 2.212594482984778 1.1839626302843171 1.7373508157108541 1.940795083783466 2.6992599688834895 1.2948823447795776 0.9420301283062676 1.07184382685585 1.2367019627617368 1.4469407075701448 0.5543161308484584 5.446895133421145
9.999999999895728 0.0020785949674736012 0.0001950710344196632 0.03778082840447809 0.0024647689737845335 3.354330074074541 3.9999999998975575 3.9999999999999982 3.9999999924780436 2.076494075538525 2.604834432184797 2.8065245441991307 2.586099887193429 2.2056735515322994 2.21800724632098 1.1876364890448272 1.7437382888282649 1.9491446325424375 2.712696056018919 1.3022525842897883 0.948005513870958 1.0794859133873684 1.246503837820301 1.4596140518516871 0.5604234796119104 5.456144358240847
9.999999999999929 0.0014760330673641137 3.249627044413228e-06 9.659711922726274e-05 0.0035650967393244157 3.7457891370737992 3.9999999999999996 3.9999999999998526 3.9999999999648095 2.074718727488146 2.6014362916919374 2.80154315489778 2.5788690791142685 2.1970274432973635 2.20684312306887 1.1795418775164683 1.7304108424078397 1.9319860692913347 2.6862038952104528 1.286384359596977 0.9343159374668074 1.062546551599419 1.2254090352851734 1.4331217742654594 0.5386987655549738 5.489661849588119
9.999999999999849 0.0022300164913132844 0.0002874158387739885 0.04426170159057472 0.0021853637732782466 3.9999908465841347 3.9999999999998006 3.9999999999998783 3.9999970292914964 2.077014245906882 2.605848741613222 2.8080043784322313 2.588179960161713 2.208057414605023 2.221020915652784 1.1894978886454082 1.7470554908234508 1.9534144825461481 2.719425383613042 1.3057426667085392 0.9506653958689661 1.0828865549099669 1.2508643754813156 1.4652222745600818 0.5671685891861747 5.44195148450033
9.999999999999998 0.0014453930313008448 2.458803645703461e-21 3.0755050903900705e-24 0.0035611086340480384 3.8759516402622194 3.9999999999999996 3.9999999999999996 3.9999999999999996 2.074691815937612 2.601425482620154 2.8015885815684096 2.5791041351209483 2.197493218319387 2.2076815041674096 1.1802438034000287 1.731897914853997 1.9342472561054649 2.6903013900730812 1.288879258447201 0.9365581881242359 1.0656459880961588 1.2296693957333442 1.4389873614006186 0.5458498749721278 5.493406841827353
9.999999999759774 0.001952783673344963 0.000643538623753593 2.4343748174669727e-05 0.002154705628486354 3.977036105683333 3.9999999997699227 3.9999999999998783 3.9999999665291326 2.077291711414312 2.6063090821540262 2.808644551953668 2.5891228708476 2.209257915863088 2.2225183247373783 1.1911907919127231 1.7490307869897728 1.9556818155625915 2.7221854801611234 1.308501754314318 0.953870258095548 1.0862247071297735 1.2543577698486035 1.4688615578368658 0.5741897684951838 5.40864699756508
9.999999999999297 0.0019477610154001652 0.0001273442883407729 0.03268796927842593 0.002806301068276503 2.8976469292332183 3.9999999999932334 3.999999999989152 3.999999175886412 2.07606763946807 2.6040233885339634 2.805348643236118 2.5844361941165475 2.2037337110795967 2.215557299872219 1.1858829500789125 1.740933781287096 1.9456089437662665 2.7073542614103787 1.2990651177301704 0.94476404153485 1.075706780526469 1.242074641413139 1.4543791647641882 0.5595259188927876 5.472563117780352
9.999999999999998 0.0014453931460321784 1.5884647104275002e-18 6.360071893744573e-20 0.0035611081104961325 3.875952359723249 3.9999999999999996 3.9999999999999996 3.9999999999999996 2.0746918151733134 2.601425483127012 2.8015885836057417 2.579104135303526 2.197493219033796 2.20768150627956 1.1802438035184115 1.7318979160189567 1.934247258269728 2.6903013928180894 1.288879259615977 0.9365581906098337 1.065645988055475 1.2296694000217698 1.438987366263105 0.5458498787596859 5.493406806119194
9.999999999999998 0.002012545312658494 0.0005940868112056493 0.004035044558523775 0.002138400501502285 3.99769289073068 3.9999999999999942 3.999999999999993 3.9999999999949263 2.0772996079300152 2.606327353899675 2.8086739247690278 2.589171006159211 2.2093240593365997 2.222613948339515 1.1912815164941832 1.7491850291673745 1.9558915935012522 2.7224807310113444 1.3087570480798347 0.9540504569270866 1.0865300710281438 1.2547938488031336 1.4694335263022171 0.575418699089576 5.409095504714207
9.999999997193672 0.0022412835658534754 0.00022127560135004262 0.018979750570813005 0.0017982492096568214 3.999994260216483 3.99999999963441 3.999999999999924 3.9999999992379207 2.0770264173388173 2.605791090246578 2.807881606330731 2.5880323903106883 2.207991575753437 2.2209044932127338 1.1901894870721228 1.747237782939263 1.9533643532712477 2.71846695612389 1.3066453833725424 0.9524815656314114 1.084466182361314 1.252106515762295 1.4659376240039874 0.5735710444367685 5.411826203585446
9.999999890944503 0.0020356942322118645 0.0005897775070913917 0.005492575834730177 0.002062372110466091 3.99211881698838 3.9999999995138276 3.9999999999995395 3.999999989790598 2.0773400723240347 2.606403223424664 2.808783526492952 2.589325688248193 2.2095046411102093 2.2228417557605478 1.1914513147556995 1.7494474987651376 1.9562213758501101 2.7229791657267857 1.3090624207006243 0.9543303739668558 1.0868579690646087 1.2551842832718558 1.4699043435603698 0.5744716030402622 5.40884196419143
9.999999999997245 0.0016568177427427973 0.00012245204789782836 0.002057844970832152 0.0030963409203688466 3.998596536975508 3.9999999999998956 3.9999999999999862 3.999999962505138 2.0754959554901524 2.602916827084717 2.8037346904610945 2.582195153908532 2.2011358190877868 2.2122775917574535 1.1835859876018044 1.7372185495507722 1.9409256814550278 2.7000496369715066 1.295124383481523 0.9420733847398833 1.0722316680917154 1.2375679728862166 1.4485067969988348 0.5543684186530555 5.45285509673146
9.999999984045747 0.004174779602377609 0.00797959807074816 0.1607875051672052 0.0006187372691183308 3.8436909721778134 3.9999999599532514 3.999999998415543 3.9999996546435463 2.094808322182895 2.641935094875061 2.8608248918403594 2.6629613817149385 2.294558035674666 2.330875010692203 1.2621057615598619 1.8707047213218444 2.1120527372096296 2.9678201444496066 1.4418209409727152 1.0621265604439027 1.2212104579990926 1.4213955189246334 1.6820601234597468 0.7318443279859808 5.655692511709043
9.999999999999998 0.0014476202651427718 6.258297562875198e-13 3.745205743633175e-08 0.003543777698126389 3.971073899724464 3.9999999999999996 3.9999999999999996 3.9999999999999996 2.074696196518493 2.60143390588981 2.801600752396685 2.579121016692695 2.197512474391666 2.2077057201120422 1.1802593727565072 1.7319245672281325 1.9342812809906516 2.690354660730008 1.2889076176753287 0.9365808612807606 1.0656740836539156 1.229704555158283 1.439031663231567 0.545878488773549 5.492528602352783
9.999999999999998 0.0014453930258051732 5.204663827779288e-21 2.3157907954039886e-24 0.003561109182730392 3.8759515231925232 3.9999999999999996 3.9999999999999996 3.9999999999999996 2.074691815528947 2.6014254828720684 2.8015885830505343 2.579104135593317 2.1974932184750515 2.2076815058316828 1.1802438051439315 1.731897912929694 1.9342472586958714 2.6903013917361704 1.2888792572477328 0.9365581913531836 1.065645987210767 1.2296693953227034 1.4389873614388133 0.5458498798544178 5.493406858677282
9.997755539548152 0.0019957192922871155 0.000511038877989121 0.00536646054546822 0.0022109553440304037 3.999998530864871 3.999999999997663 3.9999999999999956 3.9999999692039787 2.077092774722827 2.6059276739520936 2.8080918466369975 2.5883480621426873 2.208369451862469 2.221405979501711 1.1904709687930783 1.7478161095859264 1.9541511054092755 2.7198212095638734 1.3072305827585282 0.9528052702267364 1.084968839399653 1.2528435531459459 1.4670031478462797 0.5723310971165385 5.411502169930424
9.999999999999437 0.002064056042675778 0.000515272586797212 0.011475749297209813 0.0021513111239919004 3.9999996072420694 3.9999999999805227 3.9999999999999827 3.9999999999867124 2.077233229436487 2.6062028759901406 2.8084941064267737 2.588914952998385 2.2090215443594676 2.222232510116399 1.1909684302642107 1.7487360617674212 1.9553375440825476 2.7216706283688055 1.3082023901023814 0.9534771358880285 1.0858961992808842 1.2540768148452373 1.4686138026960591 0.5721927047286917 5.4131921711514135
9.99999999093635 0.0017793903312787534 0.00025245941031315614 0.00635052872349313 0.002144358490819863 3.834278951046206 3.9999999998344684 3.9999999999634497 3.999999999795391 2.075128606894651 2.603655077982768 2.804827981504624 2.5836306639218143 2.2026562464951236 2.2141706289158103 1.1844022069567466 1.7390018469229973 1.9432846446285608 2.7043226620570464 1.2964105549604177 0.9425692151351813 1.0730583095840467 1.2389135324550742 1.4505803818018597 0.5532109768093745 5.432075194260843
9.999999999999998 0.0014453930674030193 1.2201461517338033e-16 1.738947710798908e-26 0.003561108758263642 3.8759526141292007 3.9999999999999996 3.9999999999999996 3.9999999999999996 2.074691815215937 2.601425483349828 2.8015885833233396 2.5791041347008172 2.197493218505183 2.2076815057715398 1.180243803893587 1.731897914579839 1.9342472563635578 2.6903013906315274 1.2888792583248363 0.9365581886395343 1.0656459887854204 1.2296693964657455 1.4389873670353248 0.5458498806338975 5.493406838915051
9.999999997854799 0.0014653092205819296 1.1018609981219732e-05 4.326278632343636e-09 0.003521989146341167 3.900431320502271 3.9999999999987 3.999999999999808 3.999999993948508 2.0747708917509593 2.601571597717137 2.8017986213423995 2.579403784101989 2.197848590696549 2.2081291160966203 1.1805870490314077 1.732422361101939 1.9348979024451498 2.6912477271123945 1.289488360991601 0.9370988886823823 1.066286958398394 1.2304345115656632 1.4399057700013198 0.5466658921365679 5.488798172121701
9.999999998415888 0.0017911097140603394 0.00017977858276231872 0.00906047999466937 0.0028442135692537517 3.39654375034482 3.9999999999993534 3.999999999999883 3.9999998995900654 2.075902792500407 2.6037017379657375 2.8048785791006847 2.583775529976226 2.20297842173703 2.214603234049258 1.185279148236985 1.7398853522533175 1.9442626112896937 2.7050969864355614 1.2979661838404344 0.9443790439060981 1.0750757063812506 1.2414323840231811 1.4531708573207534 0.5594625598078322 5.446390273132329
9.9999999843978 0.002020431073217931 0.0006143027110117622 0.004358725005322866 0.0020667840724888013 3.6763439849448383 3.9999999999999925 3.9999999999999067 3.9999999937609196 2.077359850465058 2.6064423368127985 2.808840247814994 2.5894026962656422 2.2095867714921233 2.222941382894139 1.1914856309586939 1.7495295799089103 1.956330039408856 2.7231869126663493 1.3090880296253082 0.9543198778369663 1.086836633462098 1.255162741289346 1.4698985118209638 0.5754763219861767 5.412265473990401
9.999999999995362 0.0019107392622413634 0.0003904535181370912 0.0045033681952995125 0.0024615192592224865 3.459169460834141 3.99999999948695 3.999999999999834 3.9999999500605443 2.0766610137957735 2.6051081854435045 2.806903021682732 2.5866626794523544 2.2063988807803003 2.218915234640477 1.1886598809526254 1.744951150951124 1.9505451042358526 2.714387927293265 1.3039538878823431 0.9499251436070562 1.0815319428611252 1.248697223921042 1.4619510492783783 0.5675531066007522 5.423591893526153
9.999999999749887 0.0036408388156749915 0.0009979689894384996 0.15390429632630168 0.0016019905794460128 2.5357118137789234 3.9999999999949867 3.999999999985483 3.999999960166862 2.081167295844393 2.6138487854371424 2.8196679642204265 2.6046800652875617 2.227190450286026 2.245241466130639 1.206102765638732 1.7744776922440832 1.988278647306396 2.7730752057506995 1.3363069412460176 0.9765110265145496 1.1143724388202707 1.289504007771011 1.5130983589643872 0.6062437150159522 5.531303102560852
9.999999834562074 0.0021112096393339596 0.0004496718463475734 0.018582101163024903 0.0021291045074369555 3.9786354253306886 3.9999999724322204 3.9999999990524184 3.99993089571742 2.077167264748906 2.606088896813994 2.8083332077626295 2.58867791988475 2.2087235357169424 2.2218559656945485 1.1906134259459256 1.7482523123947962 1.954758580425284 2.720927073596941 1.3075784838729199 0.9528875429351839 1.0852128779396943 1.2532765770488858 1.4676911380888729 0.5714317143703068 5.417688836189439
9.999999999999998 0.0015668693772996683 7.570594899770031e-05 1.9696183079098237e-05 0.003300093626472312 3.9860957396420234 3.9999999999999996 3.999999999999996 3.9999999999799836 2.0751946283570915 2.6023486774440623 2.802913138246104 2.5809972277791497 2.199748146295956 2.2105210912747317 1.1824705244808347 1.735249512082827 1.938389579949971 2.696275372236034 1.2928056756559023 0.9400813284915358 1.0697997657789087 1.2345970269239657 1.4448673399859029 0.5496996374468838 5.466678719733778
9.99999999975343 0.0018406222052143898 0.00023422441974026322 0.00888762066811234 0.002671347045544223 2.8036128468240893 3.999999993727918 3.9999999999914606 3.9999993554708904 2.057430191597775 2.6042381917240442 2.8056374390599266 2.5848869945917827 2.2043347421339745 2.2163194499582617 1.1864654207548089 1.741874824495355 1.9467667915233613 2.708807208487115 1.3001213191767917 0.9460674932151519 1.077171264149632 1.243745111034338 1.4562680423622647 0.5592264036705518 5.444638377409144
9.999999999968317 0.0020458973961309107 0.00046895434723648874 0.0057239598280458765 0.001966101660275687 3.968284770900911 3.999999999997523 3.9999999999999947 3.9999999995606466 2.077114283510242 2.6059683118787422 2.8081492340062986 2.588426042637456 2.2084586924442418 2.221517456022928 1.1905747107712796 1.7479472665803288 1.954310940458107 2.720055521914428 1.3074161994051805 0.9530403196885153 1.0852088338476962 1.253097829020906 1.467285010648998 0.5738634848961625 5.408321887172457
9.99999999794553 0.004369129296901981 0.0025639138777634454 0.1941110120381115 0.0013937611938705963 3.920108460367691 3.999999800430838 3.9999999999681304 3.9999952160519183 2.0856105259802615 2.6225082188346485 2.8323436684889183 2.6226049245540026 2.2478841807066163 2.2715095953156457 1.2230831219273182 1.8038993520835782 2.026092331376695 2.832423746534696 1.3682255764516127 1.0018003921496068 1.1462488913591888 1.3298495584497045 1.564949319510354 0.6422357561174169 5.542812427508533
9.999999999748342 0.0030531375018300598 0.00024156773649260625 0.16312087549692686 0.0015724332681980805 3.9730248715808973 3.999999999999963 3.9999999999998215 3.9999999839006555 2.0797192940559777 2.6086465022115153 2.8120735817475158 2.593934462849629 2.21472891378951 2.2294546187946698 1.1951835055408522 1.7565652161114738 1.9655016664642315 2.738000503078961 1.3161621002178 0.9592278304743151 1.093442099246356 1.263905803737797 1.4814602002210155 0.5772771539037982 5.579532465189799
