4.141761042994252 0.07294979171789699 0.10503682631567364 0.19932022457378878 0.08909291494117626 0.21334256791707693 0.11050944844116184 0.3472824731361075 0.60218539288304 0.4148997371503154 0.32432086249899156 0.08981160149976325 0.07762971859052731 0.47814856532345373 0.3835957703898067 0.872672202712427 0.49145549963033214 0.6077730654226998 0.28959708398588274 0.7289702211959718 0.49958154280414563 0.6646354094709843 0.41101128217925365 0.7550751561238694 0.9284223831222477 0.014165582439623743
9.906684031331038 0.08598779823679552 0.05864693862069498 0.1990696771339617 0.07235641554849474 0.2613483405769851 0.07778058022670291 0.3058610620515956 0.5738650801474348 0.40476517719753125 0.315639856477225 0.08617765473884888 0.0719542870827154 0.42667730954538075 0.330885145682766 0.7289998200077589 0.3976831589906979 0.4780972375944808 0.22116680678629366 0.5441518971303865 0.3645531438986717 0.47406233884758764 0.2859917906087115 0.5206909085560428 0.45143533710423234 0.006972297348293068
0.19882530460767991 0.16249549081849904 1.791426487037618e-07 0.19999999999766405 0.008802027555974772 2.170945418313756 1.4622970955686219 3.143082852335631 3.9999999192429616 2.1424508736768564 1.1372111508358196 0.2360300898646806 0.13604448229269628 0.6310790411938767 0.4053194807129412 0.769712485907648 0.3713986072896879 0.4028288486380507 0.17068452029551207 0.38739790765789867 0.24104979568783927 0.295103441438257 0.16781242122109702 0.28837110752539313 0.1719268341249236 0.021338223297671297
0.1988253409299133 0.16249579118521734 1.091392544578135e-07 0.1999999999985735 0.008801981941882205 2.170956539402109 1.4622968771674667 3.143082382259415 3.999999997320046 2.1424508903220767 1.1372111579359148 0.23603009254547794 0.13604444508509406 0.6310790084152843 0.4053194438416519 0.7697123677969764 0.37139896800219324 0.4028288620963241 0.17068435364799248 0.38739854031465365 0.2410509605667448 0.2951041058575627 0.16781315165931612 0.28837327422180853 0.1719312223952475 0.021338073257977045
9.965340619321529 0.09014410537117164 0.045692937240753115 0.19964478905746397 0.06925445275206611 0.2741598579203537 0.07758006727786866 0.3047434266900505 0.5704738445409424 0.40140025789439593 0.3114742641272455 0.08465066571407076 0.06995567033830967 0.41117665928760383 0.3160641664278995 0.6908197365386178 0.3739291316760635 0.44640865099947047 0.2050485739379132 0.5011997418590215 0.3337795705253596 0.42946109407892696 0.25742287945543574 0.46502193951156484 0.3649117832145536 0.006034321375940756
0.19882535026074288 0.1624954646881199 1.658937549837957e-07 0.19999999999934528 0.008802016086400664 2.1709480632592686 1.4622968117056647 3.143082264850594 3.9999999967489717 2.142450476748444 1.1372109413324705 0.23603002686273605 0.13604443097201518 0.6310788777738825 0.40531937365231446 0.7697122749750925 0.37139861105584787 0.40282876128017653 0.17068444758138868 0.38739795438281854 0.24104997815874807 0.29510350513358136 0.16781252112379605 0.28837144087309224 0.17192744589633435 0.021338201757901902
4.754458408714536 0.10025702978599463 0.013808696333294217 0.19970844943936444 0.06956319296153876 0.2739447228396085 0.10163310576881326 0.3281467024769296 0.5725168046868497 0.3922713773141451 0.29834002130548953 0.08007740982831606 0.06468357034685687 0.37139042615126294 0.27924940408543497 0.5976506092118271 0.3167700153365748 0.37093155971637526 0.16713039481101097 0.40103748010939483 0.2624625686785393 0.3314304018723452 0.1953209545790623 0.34714559406455664 0.23131737775391698 0.004459949017973275
0.19882544802637545 0.16249569457102286 8.155150636152917e-08 0.1999999999995594 0.0088019830474684 2.1709562540237752 1.4622960863385772 3.14308076935419 3.9999999682456306 2.1424497047813738 1.1372105430565649 0.23602996166461274 0.1360443732116003 0.6310786799290248 0.40531923735509695 0.7697119847284785 0.37139878847341484 0.40282867113579024 0.17068427257083213 0.38739837392378235 0.2410508751859137 0.2951039888360779 0.16781309428464336 0.28837320728893967 0.1719312944751303 0.021338082348514094
0.19882539878849714 0.16249523631206558 4.205604201245179e-08 0.1999999999999945 0.008802026171376341 2.1709456305634296 1.4622963480818187 3.1430810970491248 3.999999808563137 2.142449578320372 1.1372103915676368 0.23602986159831296 0.1360442767460435 0.6310782518993185 0.40531890936368253 0.7697112692189647 0.3713984847299901 0.4028282332346784 0.17068404719355 0.3873979530003923 0.24105067366570934 0.29510361485779596 0.16781289268306843 0.2883729182043954 0.17193102434022384 0.021338238380272583
6.083246622784294 0.1045789441201169 3.3205041527773023e-10 0.19999999999999996 0.06421556802066959 0.2975714527564812 0.09036003038292484 0.31235436011077905 0.5610009803546854 0.3882611706863702 0.2955272829973323 0.07898858854879856 0.06315565116663531 0.3588224988505306 0.26722686508545657 0.5669259136228028 0.29787111104639225 0.3460655175615684 0.15466972213078817 0.36876556736644067 0.23995486548188458 0.3005900952243561 0.17613787299234215 0.3116987698815015 0.19876110363892 0.004016395700646728
0.19882536980709195 0.16249501256447318 2.0998936922138347e-08 0.1999999999989428 0.00880204026523153 2.170942179221481 1.4622965112633122 3.1430815706506294 3.9999998891220945 2.142449545271399 1.1372103438413936 0.23602989503067792 0.13604433565974597 0.6310782437002523 0.40531888302016345 0.7697111919161708 0.37139815951343047 0.4028280925270257 0.1706840645842527 0.3873974929839184 0.24105006091959585 0.2951031899818245 0.16781251866999664 0.2883719676173191 0.17192970726101992 0.021338293390839896
8.33675140007189 0.07514763411325633 0.09715844587284388 0.1996560276488415 0.08305921580408973 0.22873053768424495 0.08167105804722719 0.31091982900959836 0.5828928138775278 0.41356042706845403 0.32710904699707066 0.0905485560347337 0.0776872749441945 0.47499108364699716 0.37884135934089347 0.8583216507304476 0.4813880545051482 0.5941356316376296 0.2821580651783723 0.7114475450472671 0.4878063154972891 0.6481723044702906 0.3995413512266984 0.7419766023987875 0.7368267217297757 0.012312816984479318
7.205798274423344 0.08905212571294346 0.048867454062179856 0.19955328888373247 0.0734134592916894 0.25796416794713395 0.0851119739450691 0.3101738667871906 0.5707551773060514 0.40043097018984 0.3108938033779855 0.08459081466237424 0.07007965287343046 0.4129142383077033 0.31807385757037837 0.6964365123326683 0.3776312615972563 0.45140878968713805 0.2076618157313149 0.5080291233675625 0.3388420478487618 0.43621766554967556 0.26181141659707047 0.4735098413953758 0.37619315993918045 0.006267562183573814
0.19882533844050543 0.16249526258055938 3.527574944195079e-08 0.19999999999999998 0.00880201979510822 2.1709471901293287 1.4622967850090416 3.143082118382777 3.999999999998102 2.142450184540098 1.137210701650805 0.23602996307223761 0.1360443582218976 0.6310784733781392 0.40531904209900976 0.7697115073793706 0.37139846956495665 0.40282831065009894 0.17068411076305792 0.38739789944860586 0.2410505199155335 0.2951035535550812 0.16781281430238199 0.2883726822037124 0.17193072946580007 0.021338221464354767
5.793415207913894 0.10461714794456421 2.635366813521985e-07 0.1999999999999708 0.06475667340203597 0.29508118022568514 0.09227070230763275 0.3146380631872548 0.5620571048419384 0.38827038418958726 0.2953263538309259 0.07892734313149079 0.06310884241671579 0.3585804481786637 0.26705216566315393 0.5665648286289916 0.2976851630269003 0.34585594978988626 0.1545799785335594 0.36855108049491364 0.2398135475567849 0.3004270112936932 0.17604340992632123 0.311530952637567 0.19869355615439044 0.004014385664320355
9.940200579128689 0.08867509652052535 0.04992094943499173 0.19958696082427343 0.07036418832803114 0.26976965527598584 0.07765071668506336 0.3051328516944076 0.5715602133406478 0.40250364771270597 0.3128394359680371 0.08515112723008315 0.0705900244570374 0.41619762478337663 0.3208290974930717 0.7029787157384672 0.38141722150618207 0.45629505684057065 0.21004021323668384 0.5143578235212392 0.3430860174164728 0.442420463280932 0.2655724874439118 0.48063524527911994 0.38451285050519207 0.006344720647964876
0.1988253500653424 0.16249503889269024 1.1668826450796092e-08 0.19999999999987877 0.008802028276152375 2.1709450180619227 1.4622967729246152 3.143082194329308 3.999999999990241 2.142449928046923 1.1372105433291841 0.2360299410869841 0.1360443607783227 0.6310783352266224 0.40531893199372204 0.7697112595456994 0.37139824987990394 0.402828122768703 0.1706840529193204 0.38739762030521396 0.24105028530464198 0.29510331223647923 0.1678126513756155 0.2883723553920522 0.17193040552539612 0.021338269504765257
6.084067554625553 0.10457884669006565 3.5844313445181734e-11 0.19999999999999998 0.06421404874848836 0.2975784963189329 0.09035489683746548 0.3123483735908829 0.56099835006657 0.38826121637035016 0.29552785585465113 0.07898874372211942 0.06315577021569366 0.3588231630469554 0.26722734607544074 0.5669269098928832 0.29787162694843927 0.3460661004812107 0.15466997505116714 0.36876616477542584 0.23995525145030766 0.30059055520908107 0.17613813723151778 0.311699230830792 0.1987612918217643 0.004016403022060456
2.8515558611359966 0.08803902318791022 0.060071534013294854 0.19982028272436364 0.07735720323125952 0.24682480952951785 0.138808829418086 0.393652350395214 0.6370310764376516 0.4192764572535123 0.31127181638190643 0.08388374817388379 0.06992887541825973 0.4170949692320685 0.3244609096359457 0.7170331247138905 0.3922551437018209 0.47272673944640203 0.2194034415372782 0.5399152522330838 0.361970959547733 0.47038736373756723 0.28430608348493036 0.5151898590645245 0.45835854617288496 0.008243638383347233
0.19882533459438761 0.16249519002120358 4.124561963373071e-08 0.1999999999966188 0.008802033001561724 2.1709439079936677 1.4622969305283968 3.143082567038617 3.9999999087924074 2.1424502918883315 1.1372107629941084 0.23603003780153506 0.13604445559707257 0.6310786554211876 0.405319164479049 0.7697117569958742 0.3713982694099726 0.4028283673158872 0.17068424802183138 0.3873975808805949 0.2410499050328967 0.29510323373991354 0.1678124575550165 0.28837162891459023 0.17192890303610248 0.021338252853526456
7.421771901240022 0.10368313729663449 0.0011086535501422762 0.19981455943481932 0.06212192391671423 0.3061465893242502 0.0837704277816145 0.3055887517599917 0.5589913929259046 0.38898342674009107 0.2966829657638951 0.07935807429438982 0.06349604371303466 0.36090119793632947 0.2688727651566546 0.5702810711712573 0.29962732500346123 0.34786064767018693 0.1553871874160201 0.36998045021432296 0.24039415124381466 0.3010574864350176 0.17617861049817887 0.31123858804888865 0.19800412633743805 0.004049945059632147
0.19882542268162903 0.16249601728554597 9.580201129979269e-08 0.19999999999903892 0.008801972441707393 2.1709588713256873 1.462296328512851 3.1430812945301843 3.9999999793740777 2.1424503286118437 1.137210918621081 0.23603005506501018 0.13604443046028836 0.6310790130137485 0.4053194737230635 0.7697124686821699 0.3713990870564294 0.4028289684974245 0.1706843882792016 0.38739875172692195 0.24105118647704984 0.2951043171619662 0.16781331887715317 0.28837366656401203 0.17193189481601526 0.02133801391920425
0.19882549852815556 0.16249692489274795 2.5000452550469605e-06 0.19999999998189028 0.008801945508182396 2.1709653546491157 1.4622965284647107 3.143081763647742 3.9999999093746545 2.1424536164484604 1.137213378280337 0.23603060892372035 0.13604483546283627 0.6310824083553873 0.40532224991512683 0.7697188198551134 0.37140267038422403 0.4028333551592523 0.17068654642927414 0.38740344506476515 0.2410536290560957 0.2951082690760873 0.1678153280871097 0.2883761274076249 0.17192951372477872 0.021338004189043587
6.081436015827408 0.1045791608784201 4.429251500958822e-09 0.19999999982844976 0.0642189606741664 0.2975557216891358 0.0903714390200396 0.3123677346317334 0.5610068911575922 0.38826105986916354 0.2955261026305554 0.07898818040990449 0.06315534008343522 0.3588210176892038 0.26722579597485424 0.5669237041045385 0.2978699640301523 0.34606424436428074 0.15466919838477394 0.3687642443799257 0.23995394100484319 0.3005891075657941 0.17613727990817382 0.31169765428669327 0.198760507477411 0.004016381186379385
0.19882537490290067 0.16249501767571292 1.869289143629146e-17 0.19999999999999998 0.008802025161211405 2.1709458956083325 1.4622964722229819 3.1430816085574476 3.9999999999997082 2.142449418757101 1.1372103134332665 0.2360298068511307 0.1360442359267461 0.6310780345975825 0.40531873137975 0.7697108589523994 0.37139834169359465 0.40282797413787785 0.1706838849802973 0.3873978063653556 0.24105077709888534 0.29510351958150377 0.16781292691271837 0.2883732509354799 0.17193211267586733 0.021338273851705218
5.611314086158854 0.10464561673620607 3.6299848287155785e-11 0.1999999999999976 0.06509810002981185 0.29353051612835135 0.0935813020287912 0.3162645647264468 0.5628696298615901 0.3883098207620901 0.295195486449607 0.07888644331155184 0.06307770556798344 0.35842033822234165 0.266936962633669 0.5663273419115904 0.2975629769817732 0.3457187420530952 0.1545214128844664 0.36841124139850245 0.2397215981154531 0.30032140496916454 0.17598242628539243 0.31142319468166646 0.19865462212224905 0.004013698875367615
6.0591371794857745 0.10458154808494798 6.435298233391191e-08 0.1999999999999991 0.06425939331337091 0.2973664559133277 0.09050131966469761 0.31251390661903405 0.5610663181887301 0.38825758865431353 0.29551051898799485 0.07898461637634593 0.06315258541742583 0.3588039166844179 0.26721338059503114 0.5668978965409089 0.29785686430421154 0.34604893879862014 0.15466218610515942 0.3687489069656644 0.23994508172522835 0.3005768866583397 0.17613064431548003 0.3116872951459596 0.19875857389635376 0.004016163775549647
5.909013978696824 0.10460145338684546 1.1227298399322625e-07 0.19999999999401896 0.06454002031010767 0.2960752275997657 0.0914918751296996 0.3136984145757084 0.5616143487939345 0.38826241324207206 0.2954065303152093 0.07895277154176158 0.06312827775464551 0.35867840258402456 0.2671227899440062 0.5667106860392453 0.29776028589806036 0.3459403069261133 0.15461575375663913 0.36863760727545103 0.2398715664006352 0.30049231841758445 0.1760816049091514 0.3116000685540325 0.1987234145661136 0.004015080011751207
5.456784163570525 0.10467264339291522 3.9052385024870944e-08 0.1999999999999326 0.06538826605742376 0.29222540280931325 0.09477446446333128 0.3177885975317968 0.5636757046021008 0.3883718204414844 0.29508177918391026 0.0788500547957349 0.06305002406186033 0.35827899316044715 0.2668355855610628 0.5661189733548093 0.2974561718679312 0.34559902338229526 0.1544704937049166 0.3682899261298443 0.23964187615839733 0.3002305422672069 0.17593010133045375 0.311330750944045 0.19862436923681984 0.004013609085397777
0.19882553535887268 0.16249683983800067 2.773029046821138e-06 0.19999999998997597 0.00880195240430015 2.1709635136092453 1.462296417391358 3.1430815567305506 3.9999999962807884 2.142453657708431 1.137213478376077 0.23603062313252282 0.1360448555941832 0.6310826501652281 0.4053224644076974 0.7697193341419608 0.37140297455729054 0.40283373196733957 0.1706867353044329 0.3874038748485196 0.2410538774010002 0.2951086437508915 0.16781552949926204 0.2883764118446663 0.17192932305243913 0.02133804827903738
8.589345115261922 0.08796010670619046 0.053861885311002757 0.19987933082054968 0.07248990604010314 0.2620047741626454 0.0805629686436293 0.3069488596890109 0.5719400180918797 0.4026093331653898 0.31331779092090095 0.08538926213620071 0.0709958328948326 0.4199530708009592 0.324768962496515 0.7141179446616438 0.3888445273435204 0.4667865665400175 0.21562848606917487 0.5302627592907866 0.3552286559908462 0.45971984945558003 0.27717623642774863 0.5037878999377121 0.4239550083210195 0.006564029699224009
7.281424468493688 0.10406661553371054 0.00031436955794464697 0.19988448075554846 0.062140053542196864 0.30663166950926823 0.08439200842716534 0.30624295807570295 0.5589994518128153 0.3887345250675693 0.2963542794102803 0.07923538611445936 0.06335956770113282 0.35993917029584116 0.2680244623776635 0.5683356803330234 0.29854436557153946 0.34656114435294494 0.1547911588179746 0.3685707502357974 0.23948954300667497 0.2997793512596311 0.17547059361374095 0.31013222694212383 0.19510000257108154 0.004030315008131599
6.084759022500313 0.10457875487497031 1.5768150352135943e-08 0.19999999999967352 0.06421279181051957 0.2975844047374218 0.09035058659212959 0.3123433644971548 0.560996153628532 0.38826124637343357 0.2955283756114712 0.0789888489901018 0.06315585289947145 0.35882372721490574 0.26722775867827375 0.5669277750216551 0.2978720626612986 0.34606662534051924 0.15467022634367925 0.36876668992343253 0.23995553248815785 0.3005909880523997 0.17613836884324335 0.31169956282035177 0.19876130800355363 0.004016409656104211
0.19882540542400826 0.16249544158636606 1.1654775212189574e-08 0.19999999999982188 0.008802000393250206 2.1709519958330357 1.462296332996527 3.143081362842469 3.999999999797373 2.1424496804904023 1.1372104970757904 0.23602992499709854 0.1360443430273111 0.6310784557503663 0.40531904642580513 0.7697115383441654 0.3713985654385524 0.40282836582822784 0.17068410873343282 0.38739809169801953 0.24105079468017973 0.29510375854445253 0.16781300696991672 0.28837321094638946 0.17193181490671236 0.021338152867222397
6.068641589353997 0.10457994584479116 1.226854125261579e-16 0.19999999999999976 0.06424093888906879 0.29744911061761403 0.09042875381110338 0.3124224318715657 0.5610198954702416 0.38825507092778516 0.29551733640731787 0.07898705444230034 0.06315443360885498 0.3588125659379095 0.26721956646362227 0.5669105637435873 0.29786344132016374 0.34605609604865784 0.1546650587547146 0.36875627632396046 0.23995039819849712 0.3005821975676569 0.17613387102971934 0.3116935691213231 0.19876177534575196 0.004016216179730913
5.687541892310278 0.10462607675538838 2.1823297408744373e-08 0.1999999999999875 0.06495952126220353 0.29413448771276574 0.09289906463640078 0.31538369650064924 0.5623534588830037 0.3882450967131097 0.2952577682093853 0.07890471006499808 0.06309155023209317 0.3585014275632177 0.26699476800515787 0.5664440406363319 0.29762299390049923 0.3457858388835743 0.1545509657930595 0.3684769366940549 0.2397605781204713 0.3003706491277681 0.1760089330258436 0.31146424437130654 0.19864920202590267 0.004013587438532678
6.050064428022047 0.1045823263118017 1.3987957734921229e-18 0.19999999999999998 0.06427565330499344 0.2972891293795048 0.09054934188286025 0.3125652161588714 0.5610845312665126 0.38825491234675336 0.295504464026137 0.07898321629590672 0.0631515086603226 0.35879719141374716 0.26720845929948595 0.5668876105983446 0.2978515205606539 0.34604276009720564 0.1546593748489716 0.36874255939812106 0.23994129442134346 0.3005717687542847 0.17612780676806522 0.31168275502646686 0.19875730167541658 0.0040160639549905765
5.557162780485336 0.10465458276353898 2.470163734579436e-07 0.19999999999998191 0.06520080970533948 0.2930670479388118 0.09399371587906405 0.31678217859585184 0.5631349040686026 0.38832658291991073 0.2951560661328147 0.07887368769049169 0.06306775864137924 0.3583716004243605 0.2669019509588285 0.5662548166681134 0.29752819556846694 0.3456765963487776 0.15450215314266486 0.36837014694740616 0.23969779008297556 0.3002894952919511 0.17596515151486758 0.3113956606676371 0.19865033653058128 0.004013672209533987
0.19882535817505395 0.1624951693476037 1.452219526852106e-08 0.19999999999978893 0.008802025511952718 2.1709458057748305 1.4622966226157026 3.1430819296564483 3.9999999999988343 2.1424498170418964 1.1372105171346543 0.23602994580976286 0.13604437319086402 0.6310784085581685 0.40531899419499645 0.7697114100682303 0.3713982866511178 0.40282821687626147 0.17068410679391072 0.3873976705028114 0.24105024239817618 0.29510335554291106 0.1678126505660394 0.2883722916055743 0.1719303115405025 0.021338241740894676
0.19882539508812866 0.1624950552885079 2.546649542427181e-14 0.19999999999999998 0.008802021548331507 2.1709467863212084 1.462296334337098 3.143081358638679 3.9999999999999996 2.1424492643658684 1.1372102447003603 0.23602980150610411 0.13604423986887207 0.6310780428911198 0.40531874369278265 0.7697108951718526 0.3713983421364435 0.4028279988019649 0.1706839044138836 0.3873978167405536 0.2410507609832989 0.2951035316536987 0.16781292633296038 0.2883732287558915 0.17193207980542471 0.021338262703274
0.19882537545640153 0.16249524062471463 1.6045152776010748e-08 0.19999999999999993 0.008802022304921064 2.170946592681362 1.4622965119661118 3.143081574388818 3.9999999863324054 2.142449756117557 1.137210488217942 0.23602990410332617 0.13604431647836954 0.6310783230203886 0.40531894165922866 0.7697113066981748 0.3713984496562644 0.4028282182414806 0.1706840400584592 0.38739791961067843 0.24105067027685925 0.2951035978946288 0.1678129009915439 0.28837299723046483 0.17193145309041757 0.021338228874156585
0.1988254093124872 0.1624950609549775 2.341192203621416e-11 0.19999999999999998 0.008802029713153157 2.1709447721781396 1.4622962333581921 3.1430811088585338 3.9999999999296847 2.1424491344315797 1.13721017528222 0.23602980018013703 0.13604424579925903 0.6310780391639235 0.40531874445340094 0.7697109036383228 0.37139831726200734 0.40282800116605505 0.17068391600391306 0.38739779171441885 0.24105071171752934 0.2951035116221746 0.1678129026243975 0.28837315556973186 0.17193197908653898 0.021338266627200432
5.9589161674222995 0.10459474144741064 1.1341495476474774e-09 0.1999999999999796 0.06444681323892314 0.29650349799519804 0.09115965565166642 0.31329960166457227 0.5614280609048113 0.3882597037692093 0.2954414690303609 0.07896318661994146 0.06313622786282935 0.35872018089335495 0.26715292060883566 0.5667729135947479 0.29779228481666675 0.3459764159279831 0.15463129386844082 0.3686744080453365 0.2398954950622545 0.30052033960103636 0.17609770118003218 0.31162826209221095 0.19873371039065985 0.004015420180053599
6.009846163614006 0.10458500091780987 2.9880168880184535e-12 0.19999999999953702 0.06434489537505375 0.2969531404152816 0.09074167379558741 0.31276688892266163 0.5611467784518703 0.3882397612739112 0.2954798805790698 0.07897787447640715 0.06314734561287999 0.3587706558646187 0.26718903794823307 0.5668467607036553 0.2978306063687109 0.3460182479809455 0.15464811739984916 0.3687175323154828 0.23992661454169956 0.3005514555116343 0.17611661416412844 0.311664916723583 0.19875160113853976 0.00401562072283582
6.082883050333838 0.10457873545502645 8.707057915955976e-07 0.1999999999407757 0.06421650114966561 0.29756670916568334 0.09036236375774344 0.3123571817163909 0.5610024054159675 0.38826133895222725 0.2955273309641474 0.07898856201942932 0.06315567267049 0.35882305995544345 0.2672274559920417 0.5669275184886152 0.2978721570831162 0.3460669212696833 0.15467049134296806 0.368767475612702 0.2399561873244955 0.3005920651147738 0.17613907195412412 0.31170098727255563 0.19876335541249487 0.004016416278336105
6.441478324334331 0.09928679577751778 0.016372400058850267 0.19980739894245936 0.06841147169224804 0.2767952325756347 0.08837755851706412 0.31149461099723424 0.563614529486468 0.39192057343320014 0.30070867486806885 0.08100144487978647 0.06550567346183356 0.3762126000593045 0.2831879594053798 0.6066805392934606 0.3221342289983658 0.37794911250218244 0.17057140985710337 0.4103411549363668 0.2691724923944722 0.34026456232480506 0.20087182095912792 0.357633609217518 0.24219719256382446 0.004529134262166286
0.20306111882545766 0.16178591323758665 1.5392349798866045e-05 0.19999999999984297 0.009033030150110848 2.1012353969888435 1.431864788772709 3.0791808507989966 3.9222155974439934 2.101364430787223 1.1164300345264995 0.2319123515413686 0.13390016427075838 0.6222329743361097 0.40030054570899726 0.7613905540972958 0.3679503018496813 0.3996595339184395 0.16957623047862913 0.38537923218036246 0.24007901297829648 0.2942809035675225 0.1675287641545151 0.28817590778148183 0.17335587187076956 0.021304279779170304
4.161954468845957 0.10111474734712365 0.011717456979497947 0.19977832002666543 0.06997088048509796 0.272396023789612 0.10919494734851311 0.3396542676025378 0.5806084175011116 0.39375155390949357 0.29735007343759545 0.07965041817760332 0.06424508144097617 0.36842351366207415 0.2766469230302496 0.5912846807366595 0.31297352796956707 0.36599823608780807 0.16469053534672945 0.3946507656945512 0.2579370279836981 0.32529272967246026 0.19144741701315293 0.3398050889118445 0.2230958231520121 0.004438681749915617
0.21951393928111773 0.15914299486635658 7.606501964387395e-05 0.19999999999998708 0.00990863107374785 1.8930475533597093 1.3256125778914496 2.8562325781469973 3.648010765021273 1.9570847888057314 1.043455006646409 0.21746034261831904 0.12638821830466235 0.5913184985219679 0.3828205317732933 0.7325397454786173 0.3560654471207331 0.3888283392393004 0.1658332268502686 0.378666971000731 0.23692592474292737 0.29174494335281226 0.1667514083919487 0.28788240196791 0.1787491018554707 0.021154173032027827
5.627354536287058 0.10464442209544149 7.077418586600462e-11 0.19999999999999998 0.06506812311048585 0.293671520457098 0.09349723650909013 0.31617878346288725 0.5628468995008187 0.38831993650750035 0.2952041999994003 0.07889108888308816 0.06308124251745306 0.35843256870511 0.2669458133275614 0.566345686869096 0.29757277219972766 0.3457290522150563 0.15452506576463645 0.36842275306393585 0.23973177079988592 0.30032940126162594 0.17598810251973915 0.3114363404711409 0.19866662633446994 0.004013808418618371
7.2175427762162885 0.10128687075489703 0.009006166261117119 0.19988677673880598 0.06433350659954791 0.2960484389573248 0.08465913787369578 0.30694245522945357 0.5609986161301146 0.39073107108186955 0.29885388498892784 0.08016200157181982 0.06450964617597946 0.3688293350438186 0.2763171147375037 0.5892746437409662 0.3112825783798746 0.36325321070134614 0.16309469118764672 0.39019770364454154 0.25467400590218386 0.32032941088566597 0.18822066140362248 0.33366988295294187 0.21546377646808026 0.0042813984601923795
5.921401315844869 0.10459960482402482 2.412045646242102e-07 0.19999999917487798 0.06451690831760838 0.29618050144832847 0.09140676241531573 0.3135957446387904 0.56156516288178 0.3882610112786281 0.29541610797686135 0.07895522838742235 0.06313013565289473 0.358689211190562 0.2671306307190155 0.5667269219778194 0.2977686037325277 0.3459499919063931 0.15462025986561612 0.3686472736957613 0.23987707169411748 0.3005001049487665 0.17608572000496303 0.31160621737971195 0.1987230234680042 0.0040151637891495204
5.452931587194178 0.10467216956708798 1.2347187039083875e-10 0.19999999999999998 0.06539680261462111 0.29218372497354594 0.0947805958438199 0.31777539676338756 0.5636460122973979 0.3883583107903766 0.2950799679165099 0.078848907940846 0.06304894532453809 0.35827726071996185 0.2668342049955393 0.5661154220399175 0.29745625327864594 0.3455964882835839 0.15446846765714603 0.3682882649282797 0.23964266586639288 0.30022833944164323 0.17592943542404596 0.3113310389330736 0.19862524687571909 0.0040135940590246486
0.19882536373868612 0.16249499295285133 2.601358331069881e-16 0.19999999999999998 0.008802025209823568 2.170945883775203 1.4622965477689485 3.1430817656419356 3.9999999999999973 2.1424495031756825 1.1372103496342154 0.2360298165460806 0.13604424245784066 0.6310780437586113 0.4053187334244848 0.7697108569812321 0.3713983235480273 0.4028279634732253 0.17068388350273553 0.38739777606291514 0.2410507403887384 0.2951034900466725 0.16781290282349356 0.28837319165954967 0.17193203155318826 0.02133828343006233
6.0741828509063875 0.10457993884546253 2.2309585834344493e-20 0.19999999999999998 0.06423212429400318 0.29749417219394975 0.09041415365059094 0.31241603520284517 0.5610268107646615 0.38826009712934906 0.29552082787953116 0.07898713107819458 0.06315452537794533 0.3588153970622679 0.267221702703649 0.5669151708623821 0.2978656586178571 0.34605911825100255 0.15466676724962072 0.3687591538845684 0.23995122421855142 0.30058494760939247 0.1761350979348127 0.31169452203541076 0.19876048908171973 0.0040163074454296465
0.1988254132796918 0.16249548027095723 8.742355930992408e-08 0.1999999999997755 0.008802015574550875 2.1709482004260994 1.462296297663982 3.143081285593725 3.999999999858936 2.142449712127872 1.1372105432269342 0.23602997397903466 0.13604441478622548 0.6310786946816335 0.4053192431450393 0.7697120022646733 0.3713984802353628 0.4028285983220217 0.17068435327568277 0.3873978742338007 0.24105006621486205 0.29510348813296833 0.16781258816499228 0.28837178239349043 0.1719286639010986 0.021338183379934435
0.19882528746016945 0.16249516651122783 2.179435919195537e-08 0.19999999999976414 0.008802032560668286 2.1709440923945627 1.4622971305735817 3.1430830375946397 3.9999999979659715 2.1424505022807323 1.1372108609225233 0.23603006951390715 0.13604448619940604 0.6310787105575848 0.40531919226038726 0.7697118052143365 0.3713981554395774 0.4028283498711023 0.17068427716567375 0.38739738487443565 0.24104957886095407 0.2951030371566833 0.16781226012734393 0.28837108137075385 0.1719279925854071 0.021338261952512677
0.19882675903849073 0.16249970031385674 1.3431736078919416e-05 0.1999999891422433 0.008801737686714791 2.17101788037392 1.4622904058466446 3.1430729780559274 3.999999958057177 2.1424570340681077 1.1372188248169308 0.23603244106575383 0.13604661281553848 0.6310957007201707 0.405333448529441 0.7697450080250424 0.3714184953305953 0.40285234250956803 0.17069541835199764 0.3874272134077881 0.24107055757124504 0.2951300694866079 0.16782899680366836 0.28840170699418743 0.17195661703417764 0.021337776310437935
5.6481201736296605 0.10464091160970404 1.2661172512105411e-07 0.19999999999986756 0.06502919029638088 0.2938474201362812 0.0933417942508787 0.31598175759194985 0.5627446061477022 0.38831293675462014 0.29521940460301 0.07889581697046957 0.06308484906048133 0.3584513624641804 0.26695933809965267 0.5663735804006296 0.29758710608983735 0.3457452006510083 0.1545319711380733 0.3684391876286596 0.23974247804841614 0.3003418433841992 0.1759952541283375 0.31144887577793534 0.19867109138090888 0.004013860062475984
0.25271856418415056 0.15414857267868398 0.0004405640670288052 0.19932179213785417 0.011617952887766495 1.63578368231675 1.1563899333851058 2.4980060237800656 3.2026147025484035 1.7239541894449153 0.9257159198301663 0.19419212269564992 0.11436393605208707 0.5421803595094333 0.355305340106182 0.6877057604186491 0.3378608632108563 0.372626564617142 0.16041866895007578 0.36930033510659804 0.23275097778031595 0.28889521111671806 0.1661841182895628 0.28854727682587594 0.18805151703001013 0.020796862461181672
0.1988254093392502 0.16249637772755404 1.2188473669530846e-06 0.199999999997393 0.008801965671431393 2.1709603285355485 1.4622969069254041 3.143082350952277 3.9999997732581933 2.1424525218052 1.1372123828149603 0.2360303467444749 0.1360446237135837 0.6310806924758866 0.4053208334835432 0.7697155629227421 0.3714007729072475 0.40283107768291415 0.17068546099705598 0.3874008555885063 0.24105206387417952 0.2951060246515075 0.1678140671067009 0.2883741762188884 0.17192900350299195 0.021338038448735545
6.079946486830843 0.10457934274774057 6.45805514008463e-09 0.19999999994958767 0.06422171484336657 0.2975429707775658 0.09038079845595516 0.3123786745672145 0.5610117186453486 0.38826098137093457 0.29552508400542815 0.07898788211161771 0.06315511200066762 0.35881981236206983 0.26722492472893355 0.5669219016691598 0.2978690354334829 0.3460631936219371 0.15466874060467886 0.3687631708098633 0.2399532440743857 0.30058828329884635 0.1761368077778114 0.3116968291712021 0.19876024319900681 0.004016368681538959
9.918716275688627 0.0940491584849293 0.033631918753052985 0.19994634704328998 0.06627012067330347 0.28784728852532976 0.07752049088550927 0.3037325024527072 0.5672931797233286 0.39825903434950277 0.3076196264890134 0.0832371250725619 0.06818694065789749 0.3971890648903708 0.3027980583557656 0.6567793596777511 0.3527552047262382 0.41835425548664795 0.190898111224269 0.46379712638461434 0.3071596247254795 0.3928573483070921 0.23427205247422536 0.4213720915380385 0.3163005966796822 0.005282729155400558
0.1988254219800751 0.16249601128514243 2.3397406099531383e-07 0.19999999999979987 0.008801975027163953 2.1709581921399064 1.4622963587084707 3.1430812721835175 3.999999952813475 2.142450509750869 1.1372110341018005 0.23603007332047163 0.13604444174186767 0.6310791632786061 0.40531960601574346 0.7697127872683796 0.37139922651916235 0.40282918990459565 0.17068452342194643 0.3873988975835183 0.24105112415506286 0.295104411283535 0.16781329503893902 0.2883734010847964 0.17193082898517856 0.021338034141675198
5.7606534330958645 0.10462301685435062 2.3736763549736924e-09 0.19999999999982498 0.06481789938906361 0.2948056396120585 0.09251963646426918 0.314954326910162 0.5622230585394365 0.3882829916561906 0.29530092497459276 0.07892088740122744 0.06310394530660285 0.3585508660022377 0.26703085965115836 0.5665208806705576 0.2976626849668443 0.3458302171411898 0.15456840433417285 0.3685254192628823 0.23979855316551665 0.30040698136829647 0.17603258032292607 0.3115141612779399 0.19869256325197385 0.004014252857254553
0.2408596866117154 0.15592122912189035 0.00011609269227669413 0.19999999967235824 0.011089541533554194 1.6338389356370722 1.2100826678613583 2.6137575018475108 3.347873145923717 1.799572314221316 0.9638068599464874 0.2017062083831816 0.11822312378530701 0.5578458996682841 0.36400204196381514 0.7017202735514544 0.3435019190104262 0.37753974462198314 0.16200915390747186 0.3720107259895885 0.23394644785988453 0.28958535100103033 0.16627243014942109 0.2882323546598815 0.18508486545060546 0.021086219295626117
5.756668793733691 0.10462358735148612 3.136081949541953e-08 0.19999999999917017 0.06482544636319129 0.2947710843903634 0.09254821556811857 0.31498952660548124 0.5622405861483936 0.3882838185263765 0.2952980647013789 0.07892000275242463 0.06310327063578275 0.35854737698594563 0.26702835013977705 0.5665157089581235 0.29766003968321153 0.34582723071669697 0.15456712547302587 0.36852237630917656 0.23979663994511452 0.3004046859744062 0.17603126102384145 0.3115119354143679 0.19869173038758872 0.004014235729067488
5.3994971385522925 0.10467387419458934 1.8998248031138172e-09 0.19999999999999754 0.06550921079233855 0.29166593127591367 0.09509754500972487 0.31819278459644534 0.5638182747732395 0.38834550809017937 0.29504115918326235 0.07883698452086951 0.06304016994151963 0.35824036470271764 0.26680730209794024 0.5660575752462226 0.29742521354072066 0.34556339730962193 0.1544562209585443 0.3682509578685357 0.23961183939037634 0.3002006980924258 0.17591085246163496 0.31129031075622093 0.19858716779674548 0.004013232505786992
0.19882542876335912 0.16249574312231238 1.0269970334128754e-07 0.19999999999782303 0.008801989295397885 2.1709547412621517 1.4622962372051598 3.143081024574537 3.9999999999571387 2.1424499818120517 1.1372106866234546 0.23603000622643575 0.1360444034992397 0.6310788001479049 0.40531931925889503 0.7697121496628412 0.3713988500754507 0.40282876033815146 0.17068431910074738 0.38739844241479593 0.24105088980421482 0.29510404222585956 0.16781311458508627 0.2883732066839415 0.17193122432295943 0.02133808523665951
5.979572595497817 0.10459200711445138 4.377226438832102e-08 0.19999999999999998 0.06440830837396241 0.29668082137894186 0.09102410370389251 0.31313785553032675 0.561353531336045 0.38825917372559937 0.2954558736591063 0.07896746446835719 0.06313949908733174 0.3587374236106269 0.2671653817591798 0.5667987002491967 0.29780557229511345 0.34599143990733766 0.15463777707238222 0.3686897822931966 0.2399055012105923 0.30053210934407387 0.17610447937068796 0.3116401480826374 0.19873835330468612 0.004015571953859818
6.08481862793601 0.10457875694170839 1.0965571624008669e-10 0.199999999999972 0.06421267278683523 0.2975848779593821 0.09035021269031818 0.3123429274571886 0.5609959581919491 0.38826124958678954 0.2955284103329881 0.0789888609561778 0.06315586001260752 0.35882376401493743 0.2672277822787462 0.5669278155813714 0.2978720905965597 0.346066639547989 0.1546702240412644 0.3687667040529033 0.2399555534785138 0.3005909882317294 0.17613836848820508 0.3116995767941572 0.1987613132518685 0.004016410096917367
0.19882552469519296 0.16249658978573142 2.0931525789418433e-06 0.1999999999976126 0.008801966505902124 2.170959838738476 1.4622962999759215 3.1430811841861903 3.9999999979170626 2.142452652381875 1.1372127396584475 0.23603044005525192 0.13604471960259 0.6310816603829664 0.4053216747175953 0.769717559299905 0.3714019320147586 0.40283251717053853 0.17068617392320243 0.38740246049060717 0.24105295377776034 0.29510741441619454 0.1678148066403071 0.28837519444945536 0.17192865674903587 0.02133806602103434
0.19882544516677544 0.1624967158685338 1.3381504540877596e-06 0.19999999995954681 0.008801945520590828 2.1709652854861337 1.4622965212904864 3.1430816550015708 3.9999999611438883 2.1424523800898028 1.1372123893385206 0.2360303880355999 0.13604466699810247 0.6310809672221874 0.40532106330003204 0.7697160930781309 0.37140107990531834 0.40283144683187944 0.17068562865768558 0.38740129999138784 0.24105237213698383 0.29510642877870946 0.16781432182047892 0.2883746521842061 0.1719296668625867 0.021337955749726596
5.637619049827921 0.10464125921503382 5.917041675542596e-08 0.19999999999999699 0.06504883288168248 0.29375328963990915 0.09338687266784111 0.3160206872290116 0.5627451856788306 0.3883024885215092 0.29521453265622516 0.07889249069181509 0.06308230268850984 0.358443799703919 0.2669538200340489 0.5663620513179002 0.29758083964736953 0.3457387367575216 0.1545299063584131 0.3684316025711795 0.2397350611769469 0.3003367033735123 0.17599127825589686 0.31143890923764217 0.1986602758846713 0.00401376427855634
0.1988253649283669 0.16249492881684932 1.6329743424664417e-11 0.19999999999999998 0.00880203797239423 2.1709414091918844 1.462296581927338 3.1430816654089466 3.999999980744917 2.142449420756774 1.13721029185967 0.2360298022778205 0.1360442317633246 0.6310779825888093 0.40531868897142626 0.7697107644212101 0.3713982738053232 0.4028279075359959 0.17068385880668907 0.3873977132868044 0.2410506990637092 0.29510343566761316 0.1678128725364473 0.2883731328039474 0.17193228729451 0.021338305008395217
0.2542698133202987 0.15405343093551327 0.00017609106199810155 0.1999999993877086 0.01174788044250517 1.5815422145206475 1.1477206582416315 2.4828839520221746 3.185285730582813 1.7144057602250076 0.9207972235277486 0.19321047492987972 0.11384063550273356 0.5399897595032503 0.3540454362924996 0.6855920842955602 0.337020074269751 0.37183527971767305 0.16013452254022637 0.36889133312994843 0.23266587633521935 0.28884749046841784 0.16627002784500972 0.2888820742553347 0.18875969986905394 0.020806233602439956
6.017534816567364 0.10458711875391967 2.789667858318733e-09 0.19999999999999934 0.06433761682383773 0.2970068518324066 0.09077778752056735 0.3128455590415995 0.561220337490497 0.3882590064813548 0.2954821821493589 0.0789752506948241 0.06314544937206723 0.358768779709895 0.2671880270586364 0.5668455262023341 0.2978296799227623 0.34601867721779717 0.1546495201961913 0.3687176064719272 0.2399235999595888 0.3005533696088501 0.17611670611080615 0.3116615785686444 0.198746431918628 0.004015860193498209
5.4223277971495065 0.10467739903405147 4.1749540992878175e-10 0.19999999999999998 0.0654545744170757 0.29192413215636004 0.09501472665520112 0.31807244688403424 0.5637996594130964 0.3883680626424801 0.29505739049216845 0.07884151872167715 0.06304334258423694 0.35824940525437654 0.26681422476680144 0.5660743515307399 0.297435111017237 0.34557294945577166 0.15445859040522514 0.36826425154642567 0.23962647295120354 0.3002104791711644 0.17591899324915283 0.31131211632989886 0.1986179400283919 0.004013612435031207
0.19882534809625924 0.16249507190027254 1.6994580279909065e-09 0.19999999999999338 0.008802020677667497 2.170947004976762 1.462296674716106 3.1430820023030264 3.9999999999888187 2.142449790284678 1.137210486936483 0.23602988605052241 0.13604430039470125 0.6310782110376838 0.40531884588451206 0.7697110827801121 0.37139833799207267 0.4028280659676599 0.17068395909184197 0.38739777604579345 0.24105062360358248 0.29510347865378955 0.167812851985444 0.28837298244907816 0.17193166056361445 0.02133825401681539
0.21864212086014856 0.15927159836589824 5.716322965982085e-05 0.19999999997916523 0.00988258401762348 1.8778360379454346 1.3307622173232772 2.867064020849875 3.6615014614434696 1.964141028799117 1.0470158390820232 0.2181649821362426 0.12675208668181817 0.5928033431801778 0.3836518412752476 0.7338943256295607 0.3566147838341655 0.38931697594129056 0.16599617646847828 0.3789460656186343 0.23704760474258818 0.2918205571930798 0.16675382173093362 0.2878338958922311 0.17892140410454818 0.02120939654197368
6.084628067712 0.10457877487061346 2.7470968414901012e-21 0.19999999999999998 0.06421303559787764 0.2975831965606112 0.09035140760624258 0.31234432188564926 0.5609965720321513 0.3882612359331398 0.2955282788883356 0.07898882194580711 0.06315583088474909 0.3588236044294923 0.26722766625180655 0.5669275754928227 0.29787195889430385 0.3460664989714971 0.15467016653313415 0.3687665532997948 0.23995544669651847 0.3005908732422409 0.1761382991016733 0.3116994475742719 0.19876124673669612 0.004016408146451099
5.876022435377372 0.10460607508139186 9.423364459826708e-09 0.19999999999999998 0.06460168364238139 0.2957924815051514 0.09171501751827096 0.3139684235807689 0.5617424129612136 0.3882652835674253 0.29538322971207626 0.07894578751510577 0.06312294013604589 0.35865033976492394 0.2671025258913976 0.5666687781801325 0.29773870355632703 0.3459159201366371 0.1546052393340055 0.3686126667473194 0.23985533027944833 0.30047326742179875 0.17607064490471114 0.3115808299900531 0.19871630363279907 0.004014867613097098
5.4907795196799745 0.10466590890105949 3.1296324747074234e-09 0.19999999999983697 0.06532549780793923 0.29250520981937644 0.09449717991111863 0.3174192615044917 0.5634649599135533 0.38834836328698635 0.2951075424980709 0.07885797045662865 0.06305581289056426 0.35831129885505214 0.2668586320402014 0.5661656406288675 0.2974822247116779 0.3456252712783007 0.15448047289556088 0.36831774106646886 0.23966275991350566 0.30025023043218735 0.17594231230185906 0.3113546279058951 0.19863491000171027 0.004013608413878022
6.084581802144013 0.10457878268774627 2.116597068637077e-12 0.19999999999999998 0.06421310379867279 0.2975828776693264 0.09035168305086895 0.3123446274663638 0.5609967039605934 0.38826124285291186 0.29552821737051566 0.07898883758275986 0.063155842475796 0.35882357564597867 0.2672276447234356 0.5669275293591823 0.29787194123060723 0.3460664646329007 0.15467013846795316 0.3687665310995317 0.2399554722478843 0.30059084206269726 0.17613829605763973 0.31169948945628273 0.19876135652234983 0.004016407785618877
5.8987706098349175 0.10460290132675645 3.2531127350698935e-15 0.19999999999999996 0.0645591292347807 0.2959875623593537 0.09156077475101432 0.3137816868988672 0.5616536639730784 0.3882631893506533 0.2953992883707136 0.07895060205959578 0.06312661556079904 0.3586696336043543 0.2671164398488884 0.5666975162515602 0.2977534847711908 0.34593259957032574 0.1546124190685096 0.3686296782614419 0.23986639283871894 0.30048621686072285 0.17607807713382848 0.3115938719770934 0.19872100781435353 0.004015010517648793
0.19882546069468848 0.16249623252447554 2.224472067789939e-06 0.19999999999990797 0.008802000315999462 2.1709513903433337 1.462297032563594 3.143082624535358 3.9999999839770823 2.1424533649359425 1.1372131100912932 0.23603043109625294 0.13604469136976208 0.631081675691502 0.405321684601505 0.7697175872036357 0.3714019051610658 0.40283253525707496 0.17068622431844727 0.38740231126331964 0.24105262381582152 0.2951072105849554 0.16781455736385079 0.28837440467344744 0.17192643021579415 0.021338205677762845
0.19882534621560147 0.162495024932763 8.605286380506011e-10 0.19999999999999715 0.008802024900276043 2.17094569542228 1.4622969277011828 3.1430825138963643 3.9999999996739573 2.1424500184833377 1.1372105664928187 0.23602990695926981 0.13604430771815532 0.631078211763842 0.4053188452254704 0.7697110406317578 0.371398351605921 0.4028280516176143 0.17068394751049823 0.3873977948040371 0.24105071153490448 0.29510349735520436 0.16781288994415974 0.28837311882462496 0.1719317766529361 0.021338272787390526
6.085382200269296 0.10457868297432782 3.060602361797076e-18 0.19999999999999998 0.06421163983663015 0.29758966510129126 0.09034667885320768 0.3123387974715971 0.5609941387781657 0.3882612777057089 0.29552879521331377 0.07898897191162361 0.06315594564683177 0.3588242152884514 0.26722810812664805 0.5669284905078552 0.2978724303187942 0.346067032916009 0.1546703977116432 0.3687670996231748 0.23995580051486498 0.30059129283014546 0.17613854011668012 0.31169986834759167 0.1987614089265473 0.004016414572752135
0.2654437542542972 0.15256806354727884 0.00018303979009953722 0.1999999921334918 0.0123073219143348 1.529838288415442 1.1008047818193267 2.3840538720330273 3.0623854317476225 1.6500646532854983 0.8883123129468495 0.18679889307628597 0.11053921396853661 0.5265690428589088 0.3465878823630603 0.6735678191497465 0.33221668256635883 0.3676434318403553 0.15877334675764573 0.36666830902818187 0.23178285981912458 0.28839317877050397 0.16633758545942343 0.28948050819752175 0.19211114626566858 0.020617088857045197
5.729350732928497 0.10462786015160704 1.3553449108780257e-10 0.1999999999996561 0.06487661717846134 0.29453862608598363 0.0927442559005026 0.31523335451586815 0.562362680895956 0.3882899864174284 0.2952783632195575 0.0789139895462129 0.06309868694961239 0.35852341454669884 0.2670111060506864 0.5664801555850868 0.29764176630301403 0.345806663790623 0.154558294585025 0.36850148455080595 0.23978297795996617 0.3003888512674472 0.17602217934688896 0.3114959363199413 0.19868628302797128 0.004014120966458902
0.25644692433940547 0.15375062933434322 0.0001496253883770033 0.19999999933855192 0.011885330053982863 1.5450658897654779 1.1382074014043924 2.462867073614568 3.1604452945394472 1.70138385941749 0.9142087258755691 0.19190871506578042 0.1131668275952294 0.5372319734261336 0.35250011541489756 0.6830726295155597 0.3359992951183699 0.3709245154011587 0.1598285929100617 0.36836514675176035 0.2324306499812021 0.28867706432626905 0.1662250684420632 0.2889063731893407 0.1894410213076555 0.020828669589247402
6.059503288813015 0.10458143559301038 2.8259861935172855e-08 0.19999999999910129 0.064258947803477 0.2973684582131897 0.09049917360157904 0.31251143399803544 0.5610652542719496 0.38825755498484993 0.29551075705983465 0.07898461890718815 0.06315258367448193 0.35880404447529174 0.26721345862283163 0.5668980717831491 0.29785672015009546 0.3460490846109211 0.15466244484349886 0.3687487867614149 0.23994438626270928 0.30057697119918186 0.1761304519899429 0.3116862010060029 0.19875623780798826 0.004016156515885013
0.29069562168827545 0.14937561014643846 0.0002022598594427236 0.1999999937155057 0.013681326554756066 1.34677005686809 1.0080039176665057 2.1888277822050366 2.8196684805408747 1.5230535368516114 0.8242357582399034 0.17417545214501925 0.10406307230104894 0.5003681985999294 0.3321309847770632 0.6504775598401288 0.3231099719011358 0.3598347392750288 0.15630374913354975 0.3628199803358058 0.2303879504835333 0.28792856055068 0.1666968128604631 0.2910564170021527 0.1979596099933362 0.02036501524138952
6.065925541651509 0.10458071167231021 1.0746739261901201e-24 0.1999999999999997 0.06424691639943335 0.2974242021187732 0.09045905375977979 0.31246474997314494 0.5610448640501766 0.3882580160665173 0.29551516398020655 0.07898591910153477 0.06315358603021295 0.358809285804742 0.26721724760051574 0.5669058779135517 0.2978609301157272 0.34605355471956645 0.15466418376897667 0.3687535629892782 0.23994807145210065 0.30058042547881697 0.17613266308708272 0.31169081450739217 0.19875988622046198 0.004016219550521506
5.622105918318653 0.10464382098446953 3.820457949952296e-08 0.19999999999994264 0.06507793837228731 0.29362170609029753 0.09350208998191345 0.3161655778599186 0.5628194856031414 0.38830707227962197 0.2952032534868138 0.07888893604343981 0.0630795975069977 0.3584299147577416 0.2669438435509557 0.5663415023997077 0.2975702853888422 0.34572689139095714 0.15452485472742575 0.3684195617738755 0.2397271529307761 0.30032763430002635 0.175986051181049 0.3114296874306294 0.1986570829745911 0.004013725653701629
5.717884204739269 0.10462949661310415 2.680764226050919e-11 0.19999999999999998 0.06489884427184027 0.29442441874445896 0.0928271213440427 0.3153361478699728 0.56241416802657 0.3882925340053854 0.2952703334340314 0.07891133208369551 0.06309664835449234 0.3585131579152448 0.267003714588375 0.5664649025788075 0.29763380532153566 0.3457978890763263 0.15455469665620966 0.36849233598971143 0.2397766014620066 0.3003820490163281 0.17601808235276245 0.3114882316591909 0.19868254842043997 0.004014071451589154
0.21232905843408514 0.16027782598442558 5.066332020251264e-05 0.19999999999167514 0.009526554996880317 1.9778577312496342 1.3698835406858056 2.94911588484281 3.7625821024883233 2.017300080032324 1.0739100048735717 0.22348998894764532 0.12951983311141083 0.6041923548308614 0.3900885483700713 0.7445104241376136 0.36098284143455006 0.39329252334778064 0.16736757678082292 0.3813969627730992 0.2381926143761494 0.2927364773444318 0.1670337010355171 0.2879293322352968 0.17641420065885333 0.02121838635541149
6.077251134241948 0.10457722318049731 3.611223019813331e-11 0.19999999999999998 0.06422061946022428 0.2975315379606713 0.09032677192459229 0.3122836565087073 0.5609380391990013 0.3882455002048202 0.29552554480682147 0.07899075370899288 0.06315720503080297 0.3588241215144182 0.26722774978854325 0.5669270904470328 0.2978720876186677 0.3460652155833732 0.1546684965040853 0.3687656743795668 0.23995769713722828 0.3005886113564184 0.17613793064457556 0.31170199958832634 0.19876609495508904 0.004016210123942791
6.069534097451432 0.104580423935815 1.6231480070892436e-31 0.19999999999999998 0.06424055627460645 0.2974546073059237 0.09044092440530999 0.31244600181651444 0.5610388258271868 0.38825928299267504 0.2955176100436742 0.078986378027865 0.06315394461289561 0.3588118345901768 0.26721911306862794 0.5669097806252706 0.29786290758965095 0.3460559173774464 0.15466530856222657 0.36875592516980066 0.23994933156229298 0.30058237238815316 0.17613368784354155 0.31169229441701174 0.19875999318742307 0.004016261271254365
5.918031157895059 0.10459994793718645 6.512330152464375e-07 0.19999999999999998 0.0645230343336871 0.296152435216004 0.09142862004344456 0.31362178901955695 0.5615770940788963 0.38826109591854535 0.2954138720045978 0.07895452615584919 0.06312963888180385 0.3586868472104649 0.26712901716305026 0.5667238376522219 0.29776686740231556 0.3459484455945844 0.15461973946528307 0.3686458009928963 0.23987594776600982 0.30049924782108006 0.1760852356715325 0.3116053064764352 0.19872370738863956 0.0040151474112885815
