1.5362734153599478 0.04746849138000886 0.12382240002289352 0.13740398912963017 0.10231802046128308 2.374687823448395 3.326221615689215 1.9418246652809235 3.2399760019755717 3.851305595191628 1.7696588975362322 3.4424400349992146 2.8870573978333147 3.560291902733848 0.2326317504727916 3.6567396471273357 3.079012215402195 3.85139676307986 3.926211468324209 1.1776686366081375 19.037415718637707
4.1502581768458695 0.09497725857508625 0.10000885651100541 0.10729675982999302 0.008041698291247507 0.41633989279064465 0.479704908938217 1.842214780788055 3.965691528789706 1.9617091780585578 1.8571730945552818 1.7700036965785624 2.024595864143079 1.8117528621452352 2.913572665430939 3.5909353331330394 2.8026508947112054 1.719043182137999 2.611989570004619 3.6387639267956042 15.73968339238313
6.806227508015943 0.11479880157466407 0.053378035954693794 0.1344196204682298 0.00790364526545434 2.0337960481609865 2.646872803172892 1.3870964113341804 2.419669412089376 0.27082899642628444 1.3713477346248848 1.9891058136849138 3.3218246087766343 2.169730529009352 3.7228293527256957 1.5242843284804286 3.574115208910116 2.348458463385209 1.907646313234972 0.7710628344091901 15.632240918405003
1.321533757290754 0.019395085767864736 0.09004098144861593 0.19377889948956936 0.00866932709291943 3.294642006817291 1.152587251552147 3.0344685512841996 1.351381777112844 0.589403759115415 1.1894851619060087 0.795044444770677 1.1858078661114255 1.1913339768779856 0.9854292696704795 2.505487738213673 3.2403573867067643 2.45417168273096 2.03775148598423 1.8867841783908967 0.02206598838903611
2.2423194616767574 0.11488615401041885 0.11663496648696732 0.1735707485238961 0.13285456249616712 0.08198296920862633 0.6294662453359292 0.5705264974961017 1.1242980619066785 2.981845576300246 1.982666107872898 2.9346470444363293 3.3730212210794925 1.5102380015670145 0.06362418811065101 0.8921519063343166 2.486966734811897 2.313280889157741 0.8562372437222777 3.0297664700146973 21.117976828028095
1.338492104923453 0.019205594674799806 0.06465120993584596 0.16696553454084564 0.008736754536002927 3.2493149127852896 1.1364319679280834 2.9863392644329116 1.326734075924758 0.5769639849177279 1.156022133547683 0.7659263257897406 1.1187188928340295 1.0977389529399044 0.863666649919612 2.0866945681730837 1.792165686663668 1.323265463536441 1.0710612643596018 0.9667529507172993 0.020248972558144004
1.760014031026042 0.017783002604911016 0.07841664718363935 0.16921051259026493 0.010248605269023759 2.8085204314031835 0.9096346792118465 2.50031764614244 1.155121063680119 0.5195113608253239 1.0972267815230576 0.7544159127704826 1.151432736950718 1.1568748312225399 0.937562273614136 2.323062928509338 2.429706862945957 1.8158816682824397 1.4877837635505549 1.3593067066583393 0.02060720772142014
1.7558982105477394 0.01776301070673598 0.06432860331585753 0.15497089512790235 0.010181350836244713 2.8313665875653617 0.9096219816979372 2.4939480946655928 1.1490693031802983 0.5153208123028554 1.081790205383604 0.7390165089147364 1.1127214383307498 1.1024852525062234 0.8686675454621577 2.092484548442731 1.7463029270557655 1.286846517036352 1.0395681883837342 0.9364934974203035 0.019651504795331006
1.602652878579994 0.018233810074136266 0.08202061940588982 0.17620713750219114 0.009687164941120534 2.9879149878642024 0.9812839928732306 2.6565273013766717 1.2117729696608512 0.5393439498530445 1.1223328050091435 0.7650644411927691 1.160762113470241 1.1673612701197906 0.9526906011963565 2.37952796524815 2.655871018805391 1.9930272234605322 1.6396068602287344 1.5041551043936756 0.021029841272845896
0.9477719251643265 0.021469237915422896 0.06010910952676413 0.17913058192023026 0.006889871567222703 3.9976221314888347 1.5311500703882648 3.855307059580615 1.6480288181704985 0.6923632146353116 1.3092665267821162 0.8296630493522785 1.1432631002126863 1.0876232878290888 0.8347713904881483 1.9993258159216463 1.6552218744410763 1.219848875248114 0.9854126597048509 0.8877339101496402 0.02178554358554743
1.5253942584337092 0.01853731686590572 0.0974128295267742 0.19389043749952412 0.009409776172071182 3.0872431619706644 1.0237973674397958 2.7561398618079087 1.2518580928363099 0.5555062079130773 1.152820072333091 0.7865120312738936 1.2035923875738868 1.2265343353613525 1.0318315000121059 2.659105393485804 3.815350742697894 2.908622484455349 2.430775505822477 2.2653359984133914 0.022620271220861785
1.336533295415018 0.0191896129174292 0.09455891842304834 0.19574066586593286 0.008701522393007593 3.3211115345909015 1.1423416809845903 3.014144196664574 1.3451241785969807 0.5878229414092949 1.190541105345804 0.7982858935835782 1.1972276624398208 1.2086509729687624 1.0087099481395756 2.5869672707143687 3.5837061655590223 2.72594340830441 2.273129826866566 2.1137865947335226 0.02257362532733988
2.5558833705622175 0.016757482555778972 0.07606594303253031 0.16199308371810256 0.012635814039191324 2.1855191946384536 0.6856532956920555 2.029255131445001 0.99395468250049 0.46765029216999965 1.0470779876001535 0.7417846186095419 1.1546044326963258 1.1618252905605784 0.9364501371377975 2.305026144544355 2.28495721995663 1.7028357210515115 1.3916694903414697 1.2681854422209695 0.020523173935139416
1.220706932954824 0.01958458310431635 0.06907895320765123 0.17320787863510023 0.008181680950691337 3.50648370451493 1.229570290168737 3.1929625143004334 1.4038767175732296 0.605057621299229 1.1953488828108545 0.7843933813915882 1.1348896770937784 1.11186855587038 0.8800080257677366 2.1455198930772426 1.98963001381323 1.4759930755579909 1.2003693800501705 1.0886202401744647 0.02082820191824088
1.0813561912781442 0.020215283175427683 0.0923168704506977 0.19957558615624227 0.007516984444271831 3.8500750860932818 1.3693246964673038 3.5143813286117154 1.5297964003043762 0.6538652751728578 1.2763546383084092 0.8322391006642612 1.2044360468412845 1.19419181039858 0.9835055926047187 2.510839809524468 3.4019455541175625 2.5830786054263326 2.150161507824049 1.9959082162100545 0.02318942248102672
1.3864124586574649 0.018891870546826502 0.06471377510515772 0.16379220411746062 0.008835332808251477 3.2730448167016735 1.1033867857947337 2.913981358883255 1.3002798285379098 0.5676174723087503 1.1441526829375135 0.7612690265034524 1.1171089284496751 1.0981147325430984 0.8644302341980209 2.0877440073024873 1.785481353512603 1.3178143699952196 1.0662808541116429 0.9620956601522124 0.020161667985649227
1.6593144509634123 0.018128564442106844 0.09880889608326689 0.19220724122902186 0.009884710238411702 2.9386502610741125 0.956189178347831 2.609953303873692 1.1996684094385557 0.537742817166226 1.133299141752886 0.7812055163673255 1.2084977657634022 1.2369217305496665 1.0440692708333166 2.696333173725466 3.930044635718202 2.9988509661077196 2.508824026807355 2.3400916337412347 0.022692111977956824
1.369164580769134 0.018939593902551382 0.07247514071234079 0.17186493745443146 0.008919738953415449 3.1924029240599636 1.1161520362843793 2.9456969439992036 1.3139631632133901 0.573562913766063 1.1569844922324524 0.7710936240012429 1.1375448084817728 1.1258211399110423 0.8997277961534493 2.2070598679054156 2.138707085706441 1.5908909285645403 1.2973216860672265 1.1797481113395027 0.020680099363341323
1.3867130857687953 0.019048275549822254 0.09656390849598025 0.19752608078638603 0.009226518180409706 2.999800527394959 1.1078884164804215 2.939420499700517 1.3183159436943734 0.5786494044171671 1.1804409896354668 0.7958226400663229 1.2019550742987017 1.2183492286200592 1.021803483459564 2.630792258677246 3.755035269056895 2.8620878404945977 2.391322477821176 2.227779948148082 0.022805122391820486
1.1863337055129899 0.0197904052829187 0.07415036152913904 0.1797730330950654 0.007983027843723732 3.6127065800071168 1.260887668477835 3.264649927708407 1.4318029689575655 0.6158115750878269 1.21299190868287 0.794724311119739 1.1498948693192552 1.1296938428410142 0.9021716979682409 2.2222912448923116 2.2423893549572114 1.672302716405899 1.3672218566931935 1.2465043880814475 0.021244909481625662
1.5827581217326594 0.018285697205902337 0.09625087957515673 0.19079131807054747 0.009809652866105346 2.9047644248854794 0.9931790612653714 2.6889654274282724 1.2272812898949066 0.5468204361294049 1.1416842197057466 0.7818793993906753 1.2003484114204135 1.2235061096906275 1.0270987854310123 2.6396331564032898 3.702510201114397 2.8184632081487364 2.3520477221533453 2.1888196214815 0.022422847837544
1.5014765442670877 0.018546068942076593 0.08152047647273103 0.17798181633921026 0.009294602297276041 3.1233019652191496 1.0350069817365986 2.772962695038873 1.2536086512952542 0.5537392654330235 1.1389874386185057 0.7704366538387455 1.159640838305711 1.162840035228543 0.9475586499681817 2.365554734718219 2.632531507072127 1.975085724270567 1.6245226344533872 1.4900179395319486 0.021116609816334793
1.2566570934657384 0.01950911802073089 0.09438461785366459 0.1977795600176475 0.008384318661020214 3.4325166536172462 1.2034890570056882 3.1486294644389736 1.3945764644902483 0.6054029155944907 1.2130236646485872 0.8069923382192662 1.199050342531426 1.2055136106870878 1.0038984710487384 2.5744063791921064 3.5745089568399866 2.719454629122903 2.268106647744741 2.109487985641406 0.022742236373319145
1.4713429754908085 0.01866581886778281 0.08549301506662847 0.1828972125146143 0.009205629158903153 3.147051726758876 1.0530261192877037 2.8141457957552722 1.269618485271572 0.5599093313966096 1.1493398406385185 0.7768724251048247 1.1706738184940106 1.1774227484108597 0.9668453364225826 2.4334020340648737 2.8913049454637205 2.178279111221929 1.799089140748446 1.656977404047408 0.021482568430950113
1.3272721999723616 0.0191585019297893 0.07390685533497617 0.1748947453154305 0.0085764034233711 3.384631440649421 1.145957538122444 3.011660866632012 1.3385186407681264 0.5824632543566459 1.1693030627028884 0.7768195656755496 1.142621998929552 1.1305259467356903 0.9055443080054866 2.228361184695596 2.2171754410236164 1.6520125210216177 1.3494081777917424 1.229138711374427 0.020864228212667403
1.2400949084722837 0.019533878180688247 0.07821651272416111 0.18197789157198285 0.008300336601090436 3.452487122308536 1.2145900122195117 3.164729692276927 1.396005940298128 0.6035613113411131 1.1995413687142245 0.7915730250923054 1.1572434303889625 1.1448199018373837 0.9230523215889733 2.2918786201643924 2.45794802445237 1.8400509940260446 1.5100995279548501 1.3820137327897646 0.021373616064203304
1.4900042374154812 0.018630654360420815 0.09890667399261797 0.1960413074608679 0.009364375140368898 3.0764840903090604 1.0439702578920143 2.8008249042101214 1.2684464777570004 0.5614962896111154 1.1610708312851372 0.7904127455776246 1.2076812782731148 1.2312205730260917 1.0385245925283288 2.684715492147781 3.951293958492125 3.016915865254088 2.525267903147573 2.357112895080285 0.02281257299285353
1.2624673485038878 0.019396595937421667 0.09781659925049269 0.1999219706039302 0.008502268754895728 3.360923178936529 1.1992998838626368 3.1411195493985966 1.392733995441911 0.6052330764433974 1.215117568617508 0.809936346747755 1.2078066140678099 1.2185362026422115 1.0215965638330557 2.637284694314529 3.861431860665939 2.947040909735863 2.465797147121624 2.3007644809463335 0.02318331105731693
1.198892552884387 0.01980025244173708 0.093956002241308 0.19953635890197186 0.00810849986593991 3.547379541740844 1.2527991202193232 3.2572347871761913 1.4346344523584253 0.6197048332048825 1.231533295088682 0.8142654321847013 1.2005590949530116 1.2024911135736025 0.9988168516634456 2.559693825009395 3.546165560424471 2.6974995780485105 2.2494985459895838 2.091896534464433 0.0228349283372716
1.7978745694716014 0.017745510685056812 0.09960945393968275 0.1901202801421804 0.01041155995475134 2.767248405166466 0.8969408482974688 2.4826165176644714 1.154625520456401 0.5226367715665715 1.1173992773495705 0.7772312301033241 1.2126930498165507 1.244788343182461 1.0524954449421287 2.7205645797861355 3.99163140163701 3.0469710144746567 2.549800389540883 2.3794052559507213 0.022717559663030795
1.7607721513980197 0.01781794277645446 0.08719389078882278 0.1782579616800448 0.010226919741347285 2.827079272391076 0.9103944072057023 2.5059222058929405 1.159484926065982 0.5223355144894472 1.1071784655778318 0.7642469029751267 1.1762475392467364 1.1921177249118107 0.9832607866216476 2.4796007011075463 2.986157131551148 2.251507416527231 1.8610362306249397 1.7153863172956862 0.021379431437165655
1.1689394951877405 0.01987758611443711 0.08346762388972542 0.18967900302786972 0.008059828459720577 3.5133178772332667 1.2785621372862939 3.308593405982227 1.4507004960760874 0.6239557574412271 1.2300636106936889 0.8073365494217981 1.1748110230227298 1.1629434962795442 0.9452196171405228 2.372025344290293 2.7820010386616456 2.0943620918372727 1.7284804758708776 1.5907780542490473 0.022041567503637293
0.9903452562847365 0.020961252055015537 0.08617018390148085 0.19997085217965743 0.007104988425947331 3.9854467914928433 1.4778662963200546 3.7520698345823384 1.6169637075998187 0.6847503490226864 1.315145879107018 0.845996108572053 1.1997508374476304 1.1731414900070118 0.949141449587702 2.3934038104846014 2.9807690329010343 2.2526210956039674 1.8662393899495842 1.7241764113806812 0.022974721350808608
1.4159610927449229 0.01889766507482858 0.09921960541960884 0.1983360410630255 0.009077892864148758 3.1710486776445284 1.089071065443735 2.899627371329122 1.304487775759631 0.5741610965032685 1.1767540425487155 0.7962394493180026 1.2088636371635648 1.2297941075797796 1.0371666575377068 2.68390621584405 3.987081612643192 3.046078805294474 2.55121214984918 2.3827715163415313 0.02294312153580262
1.2408643518497162 0.019573810470257195 0.09484215862710378 0.19885747374162022 0.008436653804141209 3.3555237478692326 1.2165954506584278 3.177765879958918 1.4054624266993223 0.6093638018393401 1.2185028629682129 0.8094766084143603 1.2008707271434733 1.2067943879924599 1.0054138128171513 2.580743090671265 3.613448559178935 2.7505369218296023 2.295257553713291 2.135883162269232 0.022864917547469107
1.4406951361200866 0.01913135074665305 0.08005706967266009 0.1828348596579388 0.008910715465124832 3.261255270800993 1.0708662742074468 2.850552144044455 1.2814741963504641 0.5633081040073382 1.1498495813273548 0.7736232338298614 1.1573012333570123 1.1571499423727565 0.9403919532159092 2.3433310798023426 2.5728286444216764 1.9289976212299151 1.5854527349077132 1.4531521162287142 0.021048050724846532
1.1704032828424813 0.019750478799996054 0.050033385290024115 0.15537171781262427 0.00785963799466917 3.669835591494107 1.2716080660945712 3.2754745236982683 1.4290395332134551 0.6113559054742211 1.1911552231632294 0.7717310666908981 1.091185559045105 1.0469946953989655 0.7969689564510362 1.8706708645902563 1.2824697048185822 0.9336038034716764 0.7450757286500794 0.6630822353278094 0.0200432543488513
1.0744981647521734 0.020333239254094176 0.06388773707588563 0.17338036822659397 0.007413923971446474 3.882841015324219 1.3718896885217704 3.5042706338606897 1.5178579626907671 0.6454082924370381 1.2462149526350899 0.8031789946210524 1.133776996397379 1.0946671797070193 0.8528371900683294 2.058189426592504 1.7774426587641188 1.312791249878619 1.0629532538758673 0.9597666281526601 0.021049652722237834
1.5889962794084163 0.018207583432766256 0.07901556328941832 0.17292357917320167 0.009782954016707975 2.9152412953779714 0.9877413699538908 2.66908526889396 1.2154484918016915 0.5401490019736327 1.1209860482599385 0.7624046425784496 1.152352152935142 1.155103843900926 0.9368983633504152 2.325923676336646 2.4730512466142724 1.850220835471955 1.5175177565553213 1.3879418046318763 0.020794698973773656
1.8757528291929668 0.017514046141746727 0.08704707629448466 0.17580292761663724 0.010676851316739176 2.6794435604309084 0.8660230421983216 2.4108006665797044 1.125961775702555 0.5111107045043441 1.0951548984328605 0.7607784025381246 1.1770909220688186 1.1942955657640513 0.9846524975264654 2.480979579685923 2.966111435155953 2.235336408205017 1.8467881167288072 1.701436845107562 0.02130926659049473
1.5759260825523926 0.018372124484758844 0.09732051066025064 0.19254174351818024 0.009592759768988983 3.0289644428489786 0.9968407762106579 2.697438381665778 1.230645100583325 0.5481512360053158 1.144091267188777 0.7835136281496252 1.2035231518092764 1.2279035345263438 1.0330833691191406 2.6611267674757855 3.802491244082126 2.897917246309912 2.4211591960112395 2.255743704340724 0.02256799570455218
1.7249034633453706 0.018184634051947143 0.09793667738194659 0.19297452287429348 0.010042185642542134 2.8752997702973446 0.9267984159841073 2.5461423552806695 1.1768213539039354 0.5298926526079265 1.1240578503990037 0.7779288980846227 1.2074291732884235 1.2363999907093808 1.0424133630351684 2.687835591301528 3.868511885358331 2.9493734116453174 2.465122850122921 2.297489890494188 0.0224122491405172
0.9997112408142399 0.02090456651791928 0.08629874584599649 0.19968702545858324 0.007123733542078662 3.995641951902877 1.4656433669096929 3.724950066859267 1.6068368847265753 0.6810661100164843 1.3100849487073043 0.8437944582822295 1.198755809528819 1.1734145460839052 0.9502820686171045 2.3971287135565778 2.988684495635604 2.258682125949544 1.8713449374016735 1.7289674338820586 0.022901104513391057
1.8602168453975663 0.017552129118140504 0.09607558649354571 0.1851110300230076 0.010712510533844156 2.6571478377034277 0.872744328535264 2.4291622909649027 1.1348485349322635 0.515481194626614 1.1070140589015702 0.7714795396365475 1.2031663218999304 1.2315108819968494 1.0338258725791543 2.6525277113168477 3.6662998737049177 2.788188536139479 2.3245271785276547 2.1610879014523725 0.022273084419739946
1.0120415430469745 0.020639715813765346 0.05712264870142545 0.16876646873401496 0.00717156235300685 3.954823157424802 1.4444534600915857 3.6610673159459983 1.5743506785589658 0.6649629952564904 1.2688076527646603 0.8095591457031635 1.1250104022701588 1.073783002808521 0.8226660409343162 1.958201311348837 1.5248012099544848 1.1189558373124489 0.900175744199274 0.8075650120366782 0.021069229399020565
1.591208984039983 0.018197280048524517 0.061733773801388454 0.1556506933392759 0.009633741976055677 2.9931528206611313 0.9843945009011009 2.6537113630018183 1.2052911218465479 0.5340859870929402 1.1012258333139084 0.7435591202151355 1.106130462754563 1.0902674243563624 0.8544039180299501 2.049056018842449 1.652146433303174 1.2148478846466637 0.9793053410340689 0.8803211275655948 0.019658447405824744
1.3969760066309824 0.019032370518965953 0.0954732388643209 0.19584367094013166 0.00888801690825373 3.267881024375215 1.1008803837877306 2.9236567832492133 1.3122640095930627 0.5763544321515423 1.1768208792937467 0.7937582035917924 1.19890424007396 1.2144993123760979 1.016568791891083 2.611588631528037 3.6622316117590428 2.787701794246968 2.3263751197126417 2.1649254629212993 0.022535686839867532
1.9573969538229137 0.017305172447932282 0.08520914645942365 0.17236823484468566 0.010998262362427152 2.575640061746422 0.8375427701383678 2.3493410168793027 1.1040399994466537 0.50359647426849 1.086019349028892 0.7568917710920767 1.172760049058202 1.188491407555824 0.9761030262144077 2.4494463482769264 2.833894704803394 2.1312926332060456 1.7572010737916481 1.6155615886669192 0.02112734060790261
1.6339998463516014 0.018140867664166956 0.09424783500947105 0.18768528450193628 0.009925839914067258 2.8887782758035034 0.9675596534394924 2.6324579006899826 1.2064522321147906 0.5393630444221801 1.131582116551546 0.7771230947192127 1.195050039116552 1.2170558871937072 1.0178246207009045 2.6047089296009758 3.530018076926806 2.681331496665424 2.2327699533597456 2.0733131306175396 0.02215730846857004
1.05092595034017 0.020579220426373477 0.08904361364673281 0.1999295373750212 0.007306718886912298 3.9575197546292165 1.4033354891885275 3.5880289648934434 1.5563878053341782 0.663058361834869 1.2869058022056221 0.8350223883390563 1.1993976135795634 1.182635983444105 0.9661798781875991 2.4514073978440476 3.1778133608926513 2.4073953141698405 1.9993667027214566 1.8517068341213765 0.022890441606959563
1.2315798298154053 0.019537233746995227 0.06904472099528416 0.17283734205839682 0.008224090987704446 3.4919917299184484 1.220282419229993 3.1725049651233945 1.3963193255910284 0.6023478862979653 1.1917625594743848 0.7828955648752545 1.1342047078229278 1.1118306601330081 0.8801851766565479 2.1457407250246714 1.987243674416195 1.4741013905166263 1.1987313364578713 1.0870443519721213 0.020791930786400473
1.3161466185511022 0.01928284973792342 0.09750892843512725 0.1994315009589936 0.008671041744407476 3.311729619289333 1.15768689570404 3.0493858772947355 1.3588860867038446 0.5931419541722236 1.1993991395090395 0.8036320939894699 1.205715806571534 1.2195100123325342 1.0233213284098444 2.640213694711724 3.8399670269317845 2.929904213217253 2.4507208766754913 2.285944911259688 0.022923572780616464
1.1438005435212744 0.019840517606910968 0.09552617494599788 0.1999801496157365 0.007866370105066033 3.676121638076275 1.3048048046862382 3.37302649196669 1.478012558167564 0.63554877788911 1.2536161316212098 0.8242843517410418 1.2074815711224895 1.206475201627078 1.0026521191585875 2.5768554087812214 3.6562807343608053 2.784790358043263 2.325289240439185 2.165118170377573 0.02336100780457213
1.8135057529533753 0.017643885050565425 0.07395995831855183 0.1637048659557554 0.010399739315559861 2.766666251122522 0.8877652852246016 2.451450308871623 1.1366792975717022 0.5126370440590079 1.086321339703332 0.7477366002422128 1.1393923819684488 1.1404706827463273 0.9160529194794994 2.2490505074762415 2.185456009969166 1.6258292763005608 1.3259534439230936 1.2058850692235705 0.020243331109515025
1.278049334313545 0.019376560826504373 0.09076384332791025 0.19333814341796904 0.00861806213747132 3.2788955925643686 1.185774849195662 3.1077334445608478 1.3784744860355715 0.5991208983789991 1.202339871421916 0.8004309133302695 1.1885280110854934 1.1921637910987144 0.9862046868440104 2.5104691666736545 3.282624671226205 2.488029410620849 2.0673218812433163 1.9155434387314576 0.02237929664302204
1.3419938477269215 0.018988874872286166 0.060904675042872725 0.1606469441467811 0.008811714088884879 3.218322550723133 1.1333701261895341 2.977636538987691 1.3224698342936057 0.5748907247281698 1.1506903911548525 0.7614084507305795 1.1085974157170007 1.0838763821789916 0.8461802592256313 2.028333560679794 1.634627877240355 1.2020082264872802 0.9689786549382157 0.8710645736254281 0.0200828901616423
1.9275328014839057 0.017380917377818352 0.0866415549397278 0.17437934856234066 0.010886070232680968 2.611261629430666 0.847763241593063 2.371697802400461 1.1122015871855542 0.5065032314872349 1.0901162310730923 0.7591374138939948 1.1765478461852605 1.1937713788660265 0.9833197416419228 2.4749907116537337 2.933450386789849 2.2095080766351765 1.8244468651211214 1.679928793566424 0.021262623808537825
1.819775900031681 0.01765475510703256 0.09010234178102765 0.17989093658897976 0.010483608133603025 2.740372442296358 0.8872759045870279 2.4576077763316233 1.1432136890037459 0.5173283122910135 1.104111852429482 0.7657144755756912 1.1852119910632777 1.205494042849441 1.000033264007103 2.5358422211148643 3.1908481283418406 2.4124275886345368 1.9995044205972117 1.8480597140797201 0.02163391642528141
1.8292146189946112 0.01761312375446652 0.08607471306346494 0.17557632927904815 0.010551605911854453 2.7086488508440496 0.8831741514455768 2.447021851351559 1.1383977989809575 0.5150902049661085 1.09851198651387 0.7608658075202073 1.1737006968954544 1.189151358744268 0.9785361695111052 2.461231759972311 2.901741061637749 2.184932270056166 1.8035868255949346 1.6602033905295677 0.021227734918171693
1.0637451445460935 0.020340968677180635 0.05334156532997715 0.16293116399464272 0.007340988713929619 3.9199768065800056 1.3820805306676598 3.520906963544753 1.5210359778883826 0.6450402133313518 1.23891855831379 0.794259631623277 1.109395029423354 1.05987866571042 0.8085022664270753 1.9104924933644944 1.3938969185310186 1.0187150962476725 0.8161939605257422 0.7292325411547632 0.020594952650033558
1.4226203728095954 0.01881277650009705 0.09378210919596563 0.19223249092882821 0.009205938933653082 3.08846034338982 1.0840433118555184 2.8859062914262226 1.2979784039580775 0.5710622584192969 1.168958170906195 0.789629331601494 1.193647808880486 1.2082080560354709 1.0080153392408204 2.579898900624512 3.508397446953353 2.665561835226604 2.2202027412514664 2.0621605813094015 0.022356819913628822
1.70879473920485 0.018171449179231424 0.08005112569328982 0.17510609588615142 0.010016324402463367 2.86227122702048 0.931574345295343 2.548353399564799 1.172663911818619 0.5257277134952486 1.1055335887472506 0.758383155716789 1.1563447350735252 1.1631214527864664 0.9461513484921902 2.3537789633886956 2.5435380909283176 1.9054571659319082 1.5648249021700589 1.4331490350317895 0.020724661815892356
1.9855858836238978 0.017370713535399634 0.09978625549042319 0.18750887346191755 0.010830661813611977 2.6812623457493627 0.8299798081880198 2.3397270824640994 1.104728723414876 0.506190134439436 1.100911252695446 0.773415285439366 1.21666541784328 1.251320890666059 1.058274215925065 2.734563663877614 3.999143274430727 3.0520445003419003 2.5534851334308724 2.3823261727467666 0.0227824964040935
1.7081027788011207 0.017863987229412896 0.0558936378688962 0.14725611750424622 0.009971173834929742 2.9031527100947003 0.9288353442828948 2.5313785012012353 1.1600704690069679 0.5177675230046247 1.0781644919573437 0.7317154097114636 1.0902272033199867 1.0705672236597632 0.8294036884320879 1.9648456086610482 1.435080656047492 1.0487271026921152 0.8401713413947267 0.7505820514929712 0.0192461183270691
1.568372089442473 0.018360212787431062 0.09473310578662769 0.18985465993674092 0.009647515373924758 2.9857915492289897 1.0004081890071228 2.70395728637285 1.2322795323065807 0.5483204074290607 1.142314812608617 0.7809902289151067 1.1960817506443144 1.2169844996264843 1.0185338183281862 2.6100348866515386 3.5775344520105596 2.71939976507452 2.2661069427540204 2.105794157347143 0.022261252381764414
1.8449855617427713 0.01760827656636644 0.09967298945976406 0.189140424213719 0.010637623113946552 2.6863538363549737 0.8788252069130723 2.443783848720264 1.1409669752342753 0.518085351196126 1.1126641974909017 0.7760192014459377 1.213587524406825 1.2464268488733419 1.0539442157155092 2.723959271371456 3.9917520804147744 3.0468191946396046 2.5494598627284577 2.3788948419409643 0.022711234614567765
1.6202426420446587 0.018145194917149603 0.06375467741984615 0.15729638476460017 0.009660852663503342 3.007054101961497 0.9702970806224647 2.624217594272124 1.1952734295944076 0.5309496389092402 1.099066782092018 0.7442409015022019 1.111372235794426 1.0982517232411475 0.8642542598611843 2.080894363181944 1.7314831417807262 1.2757180293243606 1.0304101542726631 0.9280953486565587 0.019765577564353345
1.8946915890035767 0.01748264892551968 0.0915463901838896 0.1800649274819904 0.010742366241472638 2.663119087423659 0.8597646103379305 2.399441262109804 1.1232169084316155 0.5109152598208242 1.0986352184639576 0.7654912871369687 1.1904470600666166 1.2134536364007995 1.0094754011610299 2.5663650874754302 3.2955298341179993 2.494710106319769 2.070301035891745 1.9158956336364357 0.021762950970917093
1.2879513230266257 0.019278316938458995 0.06196367043000582 0.16386576099919153 0.00838552943456172 3.4576789449872725 1.1735957522137241 3.066312560591735 1.3552808608432847 0.5866905251317048 1.166599240490215 0.7684331544856874 1.113578264890282 1.0873854630528248 0.8500068168575672 2.0426024423118134 1.682111115442049 1.238613565549227 0.9998515974348735 0.9000465041441323 0.02024721972234469
1.5603747610032206 0.018418394012077705 0.09943838299746527 0.19500931686715714 0.009575839072281838 3.024315718520003 1.005224322033811 2.716677432731767 1.2381500028623842 0.5510614316814727 1.1490861603561167 0.7867309456788822 1.2094324692655047 1.2360153067841508 1.0442097342740808 2.7014036036382776 3.996054464831971 3.052065981970877 2.555495230158819 2.3860826420625894 0.022817311252261108
1.9454592403922446 0.01732718044383312 0.06538195739234953 0.15272320239156031 0.010785632782148518 2.656517482287126 0.8392930396889658 2.3443939235732087 1.0969463605319398 0.49813438931140736 1.0643769754460646 0.734778864425071 1.1165071786892617 1.1093721584823955 0.8757518107503756 2.112276828531213 1.7801285774023903 1.3125362101642655 1.0609388394317705 0.9562975584140015 0.01961381912086113
1.1742783553233256 0.01983858410078374 0.07645270848795681 0.1823294801591091 0.007956219891722276 3.6155460957634173 1.2723942772147083 3.291236275940938 1.4422911399151868 0.619913409780902 1.219979854042384 0.798989341332519 1.1564976853469462 1.1377502190842537 0.9123102682618475 2.2575990139857742 2.3652292886875412 1.7680374473609657 1.4488731418468548 1.3240271627273883 0.021445976098369925
1.7473536403742165 0.017791821146295104 0.06349327860005108 0.15434412277789486 0.01011369385764232 2.86107903510282 0.9130645341872646 2.5009591665795736 1.151326700145672 0.5159565718531953 1.0818637911154 0.738426446909598 1.110478586586217 1.0992471639940828 0.8646863812103656 2.0795291414640085 1.713250803233664 1.261473805943205 1.0182510067388744 0.91655167668449 0.019622212052109657
1.06752630269237 0.020497135441079367 0.08737943126722862 0.19798661862642078 0.007453269502377563 3.843417862461876 1.3839393572199363 3.5440922912647164 1.5394924752013426 0.6566716630559181 1.2770371297741825 0.8297687882969658 1.193430101866448 1.1766909115626774 0.9592296271943994 2.426036299013607 3.0587511206080453 2.313230927122999 1.9178429765918787 1.7731310183959152 0.022666813061879343
0.9659458817902933 0.021126187100146934 0.08488506165141277 0.19993294151947089 0.007016786126260388 3.998673185863517 1.5105244262412303 3.8239888604560086 1.64356734152615 0.6943038761724566 1.3277068797139453 0.850976483170825 1.2002209681175695 1.1692753818472201 0.9418309767384804 2.3682705807802757 2.896666938995347 2.1866315474535445 1.8095505419084956 1.6699403568042575 0.02307432730175403
1.8078946085568361 0.017691371575165597 0.0978630880084549 0.18795655030803687 0.010521586292836685 2.7165637479697478 0.8927940844446468 2.472913846893965 1.1507202395249978 0.5210519635089992 1.1142896817665113 0.7749096418811346 1.207635284581627 1.237579245339606 1.0426978968609812 2.6855679968645982 3.8283211284996526 2.9170528560382154 2.4366816071172512 2.2697555107046705 0.0224916613195566
1.9226782481751417 0.017471073040681465 0.09967159995195309 0.18811672522294495 0.010742463281053867 2.686879911542441 0.8509289996623574 2.3842134108106086 1.120136358935185 0.511203320994237 1.1057035475866526 0.774349362838837 1.2150670154337175 1.2489052086755252 1.0560268473195222 2.7286416731041574 3.989640068310409 3.0447531316753205 2.547351702701479 2.376569566897255 0.022731251001434236
1.9538292699698518 0.017339262194228496 0.09034664034889103 0.1777702347201047 0.010950782779426875 2.599816964180791 0.8393138745873558 2.355366423201193 1.107538213829536 0.5055667161343078 1.0922621346441592 0.762886640270544 1.1877729682771756 1.2098483873291872 1.0039511621026325 2.545514091784661 3.1991336470582694 2.418457155556745 2.0043019406598264 1.8523071507783493 0.021632968511624964
1.0996553461363938 0.020364933064507686 0.09013484346947315 0.19992650552101462 0.007543926492874526 3.8364097949880063 1.3491691786071052 3.4684899771214117 1.5120974760438646 0.6471312793783865 1.2658523967085593 0.8265151858679743 1.1975721563167465 1.18693890110721 0.9745564945610148 2.4788137368661443 3.259650165045235 2.471602445712191 2.054502397530308 1.9044423250356128 0.022759952148160487
1.6271519991254744 0.01822011713992427 0.09924808788449689 0.1933363950047475 0.009792794636232097 2.9622401275617767 0.9715060894878571 2.643358056818416 1.211733971662864 0.5419412043557488 1.1383976785313765 0.7831308757983896 1.2094220292839069 1.237626949291045 1.045483238796762 2.7027765316349917 3.9731731285474337 3.033343342466955 2.5387735595040746 2.3694857123328905 0.022753008562607625
2.168723932348808 0.01700762235981798 0.09990970050663046 0.18483694673870202 0.011344027021431237 2.5420139088652047 0.7760325771282579 2.225926320721136 1.065762864403599 0.49370376628932994 1.0895443839380001 0.7714352525813952 1.2204408825083581 1.2564966575903505 1.0624756753504938 2.7441918139901293 3.9974791608181435 3.0499228257088573 2.550984454425417 2.3792626877023797 0.022844636832240126
1.8333269548227196 0.01761302480182169 0.08300138427221929 0.17251680881403822 0.010506261576152467 2.7325358414628034 0.8812508695141146 2.441540174930984 1.1356433527326448 0.5136944832234267 1.0945964700066233 0.7572950281489417 1.1650102154899578 1.1768325774717956 0.9624909527437607 2.406043706384077 2.700572457688636 2.027221406012289 1.668267941195214 1.5309309555608255 0.020951576134843667
2.13222900234266 0.017068111213343742 0.09987867391842022 0.1852656171304529 0.011267481359305711 2.5586124566229724 0.7860248943984974 2.246890665329777 1.072874171086441 0.49595017059287483 1.0914840777155312 0.7717010419625789 1.2196451905736363 1.255458718948234 1.0616116080798494 2.7421067963604115 3.996394692078023 3.0491620222138556 2.550453712085003 2.37889281620337 0.022821031108477247
1.5661156814348436 0.018327450069352016 0.0776200843086346 0.1724729065042523 0.009536983937350973 3.038896217716632 0.9993180279810485 2.69356115291896 1.2238867356737146 0.5428573926406859 1.1231715571501517 0.762194990811027 1.1487447520342164 1.1493980427223436 0.9296882335043994 2.3020884100442163 2.398358517288523 1.7920692778398155 1.4679639105239606 1.3409259052247695 0.020727409318563605
1.840674081137819 0.01760596674529346 0.09935170408377147 0.18879377226800986 0.010659807120435 2.6717908467139426 0.880405158998168 2.4470191076783134 1.1420108308458778 0.5183798805740574 1.1126964866599232 0.7757419485274374 1.2125276697645821 1.244871304791492 1.0519316621023633 2.7169968671823983 3.960973128387963 3.0223450150665956 2.528158014431894 2.358251014148876 0.02267285749351461
0.9746050857861078 0.021033565228263586 0.08570787657891464 0.19998429209235988 0.007048895985145091 3.9992677995867814 1.4988039315599617 3.7984155478669845 1.6342133150871425 0.69099544419712 1.3235935902708864 0.8495508036508371 1.2009170974422165 1.171887367580821 0.9460927758390193 2.3831909680302434 2.9455336650172463 2.2245708083289375 1.8418416496952763 1.7005332473354926 0.02304583083658274
1.9863041431999526 0.01726698001418493 0.08582291059750666 0.17269968901507868 0.011016022307508762 2.585756422390484 0.8281843066891938 2.329764457947972 1.0974296868277962 0.5015395381414529 1.0845222004097745 0.7570937349441567 1.1750014115918743 1.1917442964014833 0.9799653344420176 2.4619834539731187 2.8747339175125175 2.1632429232181276 1.7845671575160154 1.6416645115560904 0.021180870928866415
0.9741016008415536 0.020995306317384298 0.07520324224100226 0.18931690445928717 0.007045581691439198 3.9865203365256203 1.4974457843542441 3.789174494601259 1.627610715930561 0.687037016202211 1.3112156794879966 0.8382859105271065 1.1747363004704818 1.1355382761592925 0.8984132604847551 2.2162074360945163 2.31709270818585 1.7320388266111812 1.4193520570641946 1.2970509572900688 0.02233385395220048
2.1069698092486813 0.017119582624724624 0.09986567009893708 0.18564879640507367 0.011186815037123408 2.582127681978802 0.7931542641284588 2.2618840386293106 1.0779821101888953 0.49757526451641326 1.092930324186471 0.7719348932735873 1.2191455725260982 1.2547990272482266 1.061095200483458 2.740974681281639 3.9972529393082676 3.049967067334172 2.5512504720940155 2.379759463865135 0.02281549155109843
1.893477813192265 0.017472897464817738 0.09119452184529216 0.17963432249022337 0.010775609343405105 2.645631916780642 0.8601533987087183 2.4001080567424733 1.123350374923009 0.5109016510986991 1.0983220727929548 0.7651003472650516 1.1893647768720264 1.2119009847776152 1.0074529707275148 2.559373053092437 3.267575421293234 2.472652221993376 2.0512533358529086 1.8975824124246936 0.021724623033744013
1.9109735798673244 0.01745134180033023 0.09219418192180402 0.18047484585452392 0.010780411401220758 2.655809285952526 0.8541193001217915 2.387694929337504 1.1192955428404519 0.5097254751612736 1.097966955302678 0.7658878146333741 1.1926013642417024 1.2166052926034985 1.0133952350213569 2.57951888114246 3.3452305940408933 2.53388721769848 2.1041010260052655 1.9483720862291964 0.02183262522480732
1.9289223103388022 0.017398345147042363 0.09361360877764005 0.1814846398824002 0.010891307088003156 2.614712431686356 0.8480849993907457 2.375459079363715 1.1154161915854754 0.5086735007299469 1.0980746740540488 0.767138805852601 1.1970128905149837 1.222985920273935 1.0215488901197602 2.607402705449828 3.4560769335068615 2.6214162922229662 2.1797474321664536 2.0211679089583834 0.02198701668423498
1.8699063490651977 0.017545915193939672 0.09948412724125141 0.18847318224762186 0.010722741330905443 2.661533541721591 0.8695938127033571 2.423949945168226 1.133956391783448 0.5157277043705354 1.1100789203195938 0.7751998454518383 1.213442623282838 1.2463577277696039 1.0534573171535602 2.721355219154341 3.971872189647256 3.030866092329043 2.5354392641893573 2.3651969889583184 0.02268708303028493
1.8975760219919755 0.01746645390671541 0.09001359581635429 0.1784063219777733 0.010767075308342302 2.651802272535199 0.8585659016992345 2.396203054915684 1.121666091336198 0.510158860241291 1.0966001584797773 0.7636597394599288 1.1859890728643823 1.2070973196298835 1.0010959839668203 2.537194020664478 3.1782991075973728 2.4022390570658416 1.990473528741767 1.8391677717530872 0.021600957566182216
1.8096607047050461 0.017695188843527807 0.0997298911552841 0.18985402801642787 0.010520816946665741 2.719680257469432 0.8923284161681154 2.4727543661687648 1.151175725496737 0.5214983345861923 1.116276260878879 0.7770127962614315 1.2131735277988136 1.245580639924905 1.0533724742182953 2.7232297760323214 3.9999620150759525 3.0535457457151187 2.555473611448309 2.3848666898917905 0.022722270931008898
1.8750573938751014 0.017507443677168333 0.09043398709560904 0.1791313420288622 0.010734137228250822 2.652843910994557 0.8666702234090532 2.413676033922893 1.127884672988102 0.5122799850016908 1.099104964904053 0.7646465327811891 1.186864586043221 1.2082330222975213 1.0028879425854667 2.54406723377449 3.210549583318141 2.427741792853729 2.0125390434933017 1.8604195134349188 0.02164791097495762
1.8144382978438751 0.017663244635106625 0.0997329583297608 0.1895357254190403 0.010559856039969822 2.70508735116625 0.8904811687325087 2.468781902936865 1.1497654817980336 0.5210241744237291 1.1157642023256313 0.7768626582925946 1.2132023832140293 1.2456594130810672 1.0534009408010725 2.7231517853588336 3.9978890744435787 3.0518607061902148 2.553978664445114 2.38339390992699 0.022735555237873004
1.9905516304686448 0.017255413926803954 0.0832449297161188 0.1700333219187468 0.011012456087569057 2.5882206392399563 0.8265342153736758 2.3251427951737313 1.0951278233503146 0.5003756633957916 1.0812303177360234 0.7540613913540783 1.1675601261609945 1.1812019802324454 0.9662932090472584 2.415097574098034 2.7055256798811174 2.030647325470001 1.6708509977898254 1.5330785053892761 0.02094201111914999
1.8445136694372064 0.0176018550408749 0.09901981290252153 0.1884361782175507 0.010653865379852226 2.6773203552581064 0.8789247055480283 2.443701623053672 1.140757586003227 0.5179113756506897 1.1119434836832383 0.7752689923977404 1.2116258829619457 1.24359474284883 1.0501643395584417 2.7106130781928246 3.9304833226782465 2.998074124957787 2.507017052824919 2.3377487831553045 0.022629437722744592
0.9698896837405044 0.021050014997490585 0.07859473884223887 0.19309015146273353 0.007024886400682599 3.998726029277343 1.5038566539070717 3.8054300642189363 1.6347189082306748 0.6901365718564211 1.31776144273867 0.8430720491347179 1.183829646365776 1.1473127758491084 0.9133540419608298 2.2682147698285187 2.505771845800586 1.8795487419248265 1.5455528733589712 1.4172573635921557 0.022580032845271197
