2.250762177491155 0.07571004019659894 1.7149470628867632e-06 0.12696574003496944 0.1375083997727995 0.9347945413830865 1.5251907273712075 1.6494647475483635 1.5129305040950785 1.00667300312084 1.5365641164825492 2.5794092589662054 0.9933515546447772 1.63127700046864 0.5053807538615708 0.3438605018733519 0.701360992318488 2.0293599235941158 2.640152653027487 0.4988977087808922 1.2370239196172432 0.8425168637579573 3.999999999993968 3.155114655266511
2.263361203769203 0.07565874008363188 3.16568376330581e-11 0.12696801291237725 0.13772545663782282 0.933092495451565 1.5146502074935588 1.646321586517729 1.5071565462946475 1.005788587890693 1.5365471455182558 2.579499467954909 0.9933800449384661 1.6314348681207695 0.5053939663100524 0.34387711149856776 0.7014120816762911 2.029230273274139 2.6397575479454516 0.49903309083887554 1.237230052992991 0.8427191238459062 3.9999588849733665 3.1521971576281675
2.2564527327249926 0.07569966613549255 4.074123482154801e-10 0.12696898111675015 0.1375521608994785 0.9344690206197382 1.5227777642516198 1.6488875182889933 1.5117304052111582 1.0065307932885328 1.5365865783768875 2.5794506067639555 0.9933666055552287 1.6312984156766739 0.5053929988771402 0.3438713968206335 0.7013887179025386 2.029328126140465 2.6400526142672462 0.4989461346360232 1.2371011863530852 0.8425857638525597 3.9999997724220453 3.1530198052984324
2.255764440270443 0.07570374455420234 3.2749788247109726e-07 0.12696648304238897 0.1375286746034564 0.9345949952656638 1.5234290570617732 1.6490779288218282 1.5120799837274022 1.0065940311229147 1.5365910442309527 2.5794739348691245 0.9933732035260091 1.6313124580799618 0.5053888720396437 0.34386638732889 0.7013696740947256 2.029373626351604 2.6401549690904837 0.4989066690328327 1.2370305055998876 0.8425235583370358 3.999997997125887 3.153642867648411
2.3157618692709767 0.07555760429314612 1.088292636255731e-05 0.12681084007504545 0.1378369461477712 0.9320125641303074 1.502476051936446 1.6444967257113778 1.5020368021160304 1.0056158673364821 1.5367743692781743 2.579876993228513 0.9934561599649112 1.6313981625612646 0.5053579049281572 0.34382914775031787 0.701242435253542 2.0287498549530083 2.6388588820109047 0.49874030196978886 1.2364193082874058 0.8420889152483403 3.99500595137274 3.135984884910983
2.260127502348139 0.075623605595716 1.9199008634258588e-05 0.12690290181121597 0.13780818766507769 0.9327382929914491 1.5126896600863438 1.6454527639555925 1.5057923038755923 1.0055176742257588 1.5364852014378885 2.5794220461035424 0.9933311868820525 1.631522927242449 0.5053346105631027 0.34383118107004534 0.701307891651293 2.0291520306696795 2.639608549945369 0.49892286371305694 1.2369976700477858 0.8425485781402237 3.9989422911580723 3.1583885147611395
2.331549283631959 0.07557245955877401 7.525783923797714e-13 0.12694767099015447 0.1378943357909192 0.9320940749740515 1.4926466616716745 1.6422427897571859 1.4972386949017737 1.0051283990415334 1.5370316929506904 2.580459399521512 0.9937005841804669 1.6319526299276628 0.5055071902787939 0.34394415974901194 0.7015334017753058 2.0295452602857464 2.6399812119070747 0.49911003954289723 1.237377913722212 0.8428330212967762 3.9999999966542874 3.1299256361505416
2.252625607099607 0.07570673699728267 2.747979524053007e-14 0.12696809027248082 0.13752693965028026 0.9346648228491239 1.5243673913602536 1.649251652375979 1.512502126069553 1.0066148983895788 1.5365697268597611 2.579402959447966 0.9933472612148613 1.6312910268979406 0.5053791660053191 0.3438609036254944 0.7013650628925168 2.0293363882264064 2.640093610863355 0.4989171480010825 1.2370550543521643 0.8425482019216483 3.9999998508472814 3.1543267610924346
2.251735894696851 0.07570810579110022 1.2001246454671405e-07 0.12696743187394746 0.13751998082616096 0.9347124118880502 1.5247252246854608 1.6493377161159162 1.5126817215402624 1.0066339534846338 1.5365667661307205 2.5793903154158837 0.9933423793247711 1.6312874395976555 0.5053767319451685 0.34385936507308645 0.701362191716673 2.0293330910294283 2.6400901118836795 0.4989165887742766 1.2370548205427638 0.8425494198132177 3.999999999692385 3.1546364734819
2.251868045904281 0.0757015050804009 8.994739989437851e-06 0.12695613606797854 0.1375294299750185 0.9346457975987638 1.524784741381822 1.6493735337811568 1.5127344937075848 1.006651100705927 1.5365714244608586 2.5794330810601456 0.9933655217486986 1.631269202247742 0.5053952458477969 0.3438714765727906 0.7013848247663784 2.029368310756853 2.6401571679773537 0.49891384463852034 1.2370471359087185 0.8425272689321851 3.9998917578992397 3.1548346670359715
2.2570005121801118 0.07565785164280739 9.708761680889133e-11 0.12697589299743686 0.13775559057452136 0.9328626467941318 1.5142048800453212 1.6458486979842488 1.5066112709588613 1.005606110218862 1.536486347803347 2.5794635465509606 0.9933766024737919 1.6314152417226553 0.5054030488246007 0.3438860806087426 0.7014352379657572 2.029227444336841 2.6397544752335538 0.499060053926721 1.2372764765200395 0.8427501537644174 3.999942146910349 3.1580919510073233
2.2508163640851486 0.07571148931797383 1.2392886760944655e-08 0.12696815027987435 0.13750801059925638 0.9347972967000283 1.5251743848396773 1.6494599896800808 1.512920608520688 1.0066716260047317 1.5365631986373012 2.5794063590992273 0.9933501460106461 1.6312734420669213 0.5053800091366044 0.34386000077355783 0.7013600094763984 2.0293536001216133 2.6401434217621107 0.4988975220181114 1.237022481741846 0.8425161912405398 3.999999996512421 3.155059473037129
2.711415278271437 0.07491685926176188 1.9260876437062236e-05 0.12673203498364088 0.13871961586261286 0.9263874066923207 1.329858528623014 1.6132055132686516 1.4233824150213963 1.0010524013390971 1.5411968124699964 2.5875845796701036 0.9960653226607622 1.6359285380269752 0.5063830608597212 0.34447731201642284 0.7025137756001317 2.031866617279665 2.6415637562579857 0.49964846946129504 1.2382983723469194 0.843441630021269 3.9999950101106845 3.306134836109742
2.322839132969895 0.07556705916755367 2.3885828705834822e-11 0.12693914321880737 0.13795037896713783 0.9317896930595887 1.492401270290519 1.6416486777352628 1.4966298062428813 1.0048803601281133 1.5369237732449892 2.5803151992995734 0.993640157859482 1.6319711659368503 0.505462005507432 0.34391255616282124 0.7014674235978258 2.029477648002573 2.6398924731866176 0.4990552199780865 1.2372669802037146 0.8427546480482414 3.9999999998839337 3.137052700958653
2.304512340407852 0.07561332770304803 1.2126328397255382e-07 0.12695015947090954 0.1377904418377259 0.9328723678609583 1.50246228127374 1.6442642401024075 1.5018477840273297 1.0055164613677618 1.5368553249473043 2.5800574293890675 0.9935570838891091 1.6317614658786865 0.5054420438848297 0.34390080745103985 0.7014452476634565 2.029434833352812 2.6399443707024566 0.49902489370049397 1.2372237231393153 0.8427099527007186 3.9999999999999996 3.137684492706041
2.299287065354354 0.07561484126199665 3.723186360323025e-07 0.1269482672926167 0.13779779711114756 0.9328092312394677 1.5036929097713534 1.6443728662628274 1.5023033552827327 1.0054898965245964 1.536799276091439 2.57996147602802 0.9935237460028934 1.6317414742472456 0.5054276864821268 0.3438929073416603 0.7014329366233428 2.0293991733261216 2.6398914549783217 0.49903172082609065 1.2372364213772347 0.8427282418588317 3.999999999981939 3.139295749144682
2.3080977608974864 0.07560061281893306 9.836252306852933e-07 0.12688780723152343 0.13777291698463093 0.9321900424715599 1.5050552652362919 1.6451128843773357 1.5033271103920822 1.005768900278482 1.5368074054083753 2.5799472482086947 0.993509519513408 1.6315106123180365 0.5054157912805028 0.34388266446221405 0.7013646186159794 2.0291046647598145 2.6394758640980074 0.49892946595557675 1.2368667948769674 0.8424594750566836 3.9974093316724635 3.1385060446165527
2.252040954347693 0.0757085025089301 5.760102930654071e-11 0.1269683497716175 0.1375195461631089 0.9347139600714929 1.5246663728118484 1.6493379957886856 1.5126673882067765 1.006639611827115 1.5365679294026182 2.5794079846964744 0.9933506215897161 1.6312764133170743 0.5053823124582467 0.34386270882090714 0.7013680034022782 2.02933873155713 2.640103148590717 0.49891595840223085 1.2370531356517995 0.8425448159478165 3.999999963027082 3.1545753621150503
2.344742127521177 0.07522767832695106 9.050482119512312e-06 0.12601142892570452 0.13827442424622358 0.9290720864849644 1.4922473428664549 1.641800304591975 1.496920721997735 1.0047228451720658 1.5358550227183345 2.5777852420811236 0.9923884199911618 1.6291867498015347 0.5045324993830124 0.34316494742668796 0.6996796421556442 2.0235142324837265 2.6302655311029057 0.49694951195365206 1.2315631319263776 0.8384513291849393 3.964026468292081 3.1252090135660486
2.5062308985178934 0.07501198247413711 6.112707605357079e-07 0.1267739173653119 0.13887065042960708 0.923580100680847 1.3644743259808725 1.615419032028386 1.4346991010818735 1.0004492501438669 1.539452454809266 2.5850565773103145 0.9952403912145046 1.6334851268210264 0.5061418234568575 0.3443215171551207 0.7021879855088138 2.0294044926096717 2.6383441372164786 0.49925732539334744 1.2370105621648333 0.8423714244552765 3.994346888901749 3.324030201274715
2.289288494396426 0.0756490733181654 3.82236087379804e-06 0.12695310752715636 0.137679166710554 0.9330238963067894 1.5116539432015716 1.6465430737443658 1.5064637745704272 1.0060811918375732 1.5367788797470199 2.5799059506617703 0.9935246567346948 1.631552004565615 0.5054602047787011 0.343920967515192 0.7014582599443627 2.029470413200195 2.6401501841430215 0.49899779152358587 1.2371329969391127 0.8426086179309175 3.999976749539805 3.1440989321423056
2.2740198377216707 0.07565224607241061 1.4423295457283158e-12 0.12695935034190664 0.13771673121970696 0.9333536147121047 1.512514811854711 1.6461308476257395 1.5063691216980875 1.0058188891010138 1.536638035002703 2.5796378494387917 0.9934196493747144 1.631551776222223 0.5053953562796629 0.34387423284434515 0.7013997097826378 2.0293346558431566 2.63990451257554 0.49900409210566876 1.2371960873356596 0.8426902984092306 3.9999460459443954 3.1467061561311938
2.3137191151268817 0.07561303640207424 2.937034649993573e-19 0.1269457615189346 0.13779003138209975 0.9322854396253967 1.5029539702050787 1.6446992823516369 1.5023775187388086 1.005712535809463 1.5368980080701016 2.580185696203662 0.9936103350444828 1.6317030515080808 0.5054684832479125 0.3439165872232195 0.7014623772387344 2.029472628847984 2.6400464903107235 0.4990281064129541 1.2371637426320456 0.8426769004914028 3.999664872870643 3.1366178330253245
2.260563034131655 0.0756775289162786 7.238726734996523e-12 0.12696835184174127 0.13764547886398698 0.9337405404858392 1.5185006192652957 1.647537729097433 1.5093239779945882 1.0061333195278246 1.536567312447691 2.5794556204828223 0.9933641526819196 1.6313916686999448 0.5053874495620875 0.34387135026161286 0.7013971903372545 2.029274539367835 2.639883453149275 0.49900063842836057 1.237188097859207 0.8426767806793414 3.9999271978546234 3.1504972113047645
2.2735545190032402 0.07565210644376814 1.833965535957401e-06 0.1269545479690662 0.13769307770282976 0.9334354490072558 1.513403457920255 1.6464356035437633 1.506900307610724 1.0059003914657687 1.536644936074397 2.5796009297647466 0.9934034960044321 1.6315361177295353 0.5053890007113454 0.34387144710060763 0.7013979393440068 2.029296585940341 2.639821566902446 0.499030489004677 1.2372454003486006 0.8427459403948939 3.9999080471771693 3.1465909169441053
2.251319841187749 0.07570709011724377 3.9684704603656415e-06 0.12696195394908902 0.13751330788006777 0.9347610421953101 1.5249837074064743 1.649418423245769 1.5128282703972245 1.0066620049598745 1.5365702595165793 2.579412458741538 0.993351816441892 1.6312950350185003 0.5053796468359435 0.343859934084774 0.7013601837108474 2.0293693266290935 2.6401625127191632 0.49889794534460197 1.2370258412080188 0.8425186352856932 3.9999999737596186 3.15500120749131
2.332821160536111 0.07557587126121426 1.780792898328754e-11 0.12694224686067732 0.1378753213101183 0.9322736487546255 1.4935580576054872 1.6426061842955249 1.497812385545295 1.0052394666959827 1.537027883759416 2.580431061555237 0.993685997697153 1.6319141618431139 0.5054945190720033 0.34393294011104736 0.7015047183838338 2.0295137226587596 2.6399602883710673 0.49906466871332195 1.2372846323867253 0.8427551018492219 3.999999993625604 3.1296974551402443
2.2505098452520476 0.0757123314686115 6.536876127571633e-10 0.12696826263100658 0.13750499918799222 0.9348177973650172 1.525278170496716 1.6494834071114244 1.5129723306726195 1.0066782869257238 1.536561112204681 2.579411129018471 0.9933527511074636 1.631268393540672 0.5053815532817868 0.3438606906478178 0.7013606166329597 2.02935814658389 2.6401552536371007 0.49889394570728857 1.237016297661326 0.8425093477482702 3.9999999995101136 3.1551820367978114
2.3226390774782946 0.0755826448876231 3.810025520008904e-07 0.12694909264497106 0.13787242294383484 0.9323127044965035 1.4948134836612768 1.642652917568274 1.4982023296814966 1.005204124973998 1.5369896074336886 2.5803496275994275 0.9936576669707572 1.6319315360192208 0.5054824123061649 0.34392740193811394 0.7014991183243154 2.0295298633545995 2.639992236793067 0.49908084410297543 1.2373306537376534 0.8427983994404905 3.9999999999999782 3.1332773998385464
2.2950534119411468 0.07564249265845759 1.3734438288555266e-06 0.12695442244910074 0.13769938510637406 0.9329583268167913 1.5096154290592814 1.6461111417991932 1.505502041256319 1.005995726390526 1.5368093818141353 2.5799746098966883 0.993543645595759 1.6315904629562934 0.5054571535570551 0.343914070407868 0.7014514473252639 2.0294729171174724 2.640122759038594 0.4989940542156965 1.2371289013272582 0.8426142845198273 3.9999920427097373 3.142271377985113
2.2533524459880985 0.07570591059484982 2.3042950003390272e-07 0.12696906905997601 0.1375300459718795 0.9346344438217438 1.5240792466398843 1.6491955219148802 1.5123748914249306 1.0066049283103395 1.5365722462957778 2.5794222635892154 0.9933565143495403 1.6312776249902976 0.5053869610701599 0.34386639157571586 0.7013766343123976 2.029332143165222 2.6400813191916197 0.4989282316065348 1.2370727141489664 0.8425615382662865 3.999999453695517 3.1541081193058065
2.3097187806515564 0.0756130527208615 6.014012653799637e-06 0.1269445830500886 0.1378196712619837 0.9326946862963773 1.5034295768630928 1.6448106813442527 1.5027120691935207 1.0057243688657436 1.5368631146384786 2.5801043007204436 0.9935750490418164 1.631708396484138 0.5054492241816019 0.34390216537099877 0.7014421091459431 2.0294498817817317 2.639986907973847 0.49900833341019296 1.2371694175585075 0.8426698727255681 3.9999999999318323 3.1370320090260195
2.2536472271308488 0.07570270231659958 5.96390178995293e-13 0.1269677593547647 0.13754270639889643 0.9345437503954398 1.5236724528053271 1.6490494008774887 1.5121266894421699 1.0065537308125072 1.5365699075677686 2.5793946564463655 0.9933433802056199 1.6313049230814813 0.5053783270493233 0.3438618451849102 0.7013702273905067 2.0293172229240364 2.6400416764231367 0.49893704112418175 1.23708777859671 0.8425804565241962 3.9999999743110353 3.1538214494230408
2.2516864574376365 0.075708237103998 1.21561762696103e-06 0.12696733915018865 0.13751968658430672 0.9347142902524276 1.5248074271422174 1.649368623500433 1.5127338495164853 1.0066455144826016 1.5365680665450023 2.5794050652589893 0.9933503490320338 1.6312780333374624 0.5053831546693466 0.34386350305005303 0.7013698458553621 2.0293457697899835 2.64011724844857 0.4989154907253264 1.2370530507628397 0.8425424533642402 3.999999993003926 3.154708169042349
2.273533445240674 0.07566492597835231 2.3257542490862485e-06 0.12695425461787838 0.13764881000526127 0.9338300244495544 1.515582996062105 1.6472023012382888 1.5081809887351898 1.0061449663021527 1.5366690673538856 2.5796293685345395 0.9934165829441325 1.631493725153268 0.5053952490217232 0.3438717308512438 0.7013891448003515 2.02935948038227 2.639994691032708 0.4989686364580631 1.2371384819645095 0.84263434216791 3.999999883452313 3.1475735695643436
2.2643811001766174 0.07568794808736191 2.4945402746762425e-06 0.12696101873630108 0.13757408009418393 0.9341849442196456 1.5203063775325338 1.6483985562348324 1.510591994714585 1.0064538145624107 1.536634878296517 2.5795795351936177 0.9934087384834643 1.631369802082881 0.5054004054227709 0.3438722514421691 0.7013907062775039 2.0293854140934706 2.6401166440047255 0.49894262097559994 1.2370677091455535 0.8425660118813221 3.999999815969698 3.151115362778437
2.263568068136561 0.07567801056012617 6.433445085256978e-13 0.1269626413850661 0.137629400160547 0.9339573029888292 1.5183617446663842 1.647637637826255 1.509355817081678 1.006195116681659 1.536597431508702 2.5794993347042263 0.993374708069939 1.6314255092818641 0.5053827960215947 0.3438653853167937 0.7013798464662822 2.0293172145468583 2.6399605811084075 0.49896890381851794 1.2371386043494792 0.8426349160819606 3.9999892384866644 3.1500828054734797
2.250660487388936 0.07571200241103794 1.9527692040108766e-09 0.12696816958439477 0.1375061787326051 0.9348097897622174 1.5252287185054267 1.6494726506698882 1.512947919593712 1.0066755268490784 1.536562281293145 2.579409690577207 0.9933517900635923 1.6312714034843927 0.5053807828383275 0.3438602669374096 0.70135997817079 2.029357187291857 2.640152212086227 0.4988945968805134 1.2370174551031914 0.8425108826425074 3.9999999990622843 3.155129904306078
2.2658004040846706 0.07566575373093211 3.945652268452782e-11 0.1269701030050373 0.13768966188560508 0.933409711964379 1.515634497423835 1.6467954042332604 1.5078542036327567 1.0059495937623415 1.5365826462534433 2.5795400412246416 0.9933989677855518 1.6314139027364396 0.5054091153308441 0.3438867098807558 0.7014294152527305 2.0292817379298147 2.6398653926330793 0.4990257055481114 1.237222799008235 0.8426974916524695 3.9999942640100357 3.148953509936519
2.251653633822044 0.07570846317748801 1.8209447320526582e-06 0.12696769293908264 0.13752012680882028 0.9347108975707125 1.5248544926731755 1.6493869681669935 1.5127652712314046 1.0066529124745527 1.5365681327527416 2.57941771552112 0.993357306658656 1.6312672397985426 0.5053889540763916 0.34386725476793084 0.7013768517838167 2.029353554312962 2.640135177331829 0.498915298460401 1.2370521874898452 0.8425372030335527 3.9999952262147827 3.154744714748761
2.250727485037342 0.07571181266688921 1.334537589926386e-08 0.12696816179557074 0.13750686915561544 0.9348050976544771 1.5252059467468808 1.6494675019120615 1.5129365853643784 1.0066740372455178 1.536562761555519 2.579408670071535 0.9933512470141285 1.6312725174344411 0.5053804826144392 0.34386014518255725 0.7013599071733212 2.029356315051193 2.6401498893602433 0.4988953702768979 1.2370187901683654 0.8425123021835381 3.9999999963455313 3.1551026173251873
2.2617618894136213 0.07568538940100064 2.662981969665916e-06 0.12694430323024258 0.13756799397981825 0.9341849286817571 1.5212676335361304 1.6485935755977508 1.5110373896158484 1.0064839979348672 1.5366012582384885 2.5794909100052728 0.9933725120184892 1.6313059513053016 0.5053836049739655 0.3438630796686779 0.7013542946714514 2.029271558733717 2.639955029663899 0.4988931599772231 1.2369589779004015 0.842474471961934 3.9993039463022915 3.1518985608939354
2.2553184607392303 0.07569470387595408 8.170672479512558e-06 0.1269609816682845 0.13756196297981055 0.9343979574149398 1.5231530066302497 1.6489556041346383 1.5118977184165703 1.0065400939582274 1.5365850279752051 2.5794527178732847 0.9933735171812218 1.6312962663678594 0.5054040190011906 0.3438802956637803 0.7014088147173083 2.029357877314734 2.6401028373681217 0.4989588539359878 1.2371268118452166 0.8425970837529912 3.999998752455638 3.153459814832159
2.286695322066022 0.07564835231008558 2.6793669317430577e-06 0.12693417854214917 0.13765797387664802 0.9335391960233839 1.5126996656581273 1.6467494033343097 1.5069327853148098 1.0061192176086713 1.5367450642659002 2.579829448674817 0.9934855448120129 1.6314932812122547 0.5054182096810369 0.34388102843488083 0.7013845210709583 2.0293588354085084 2.6399984086473047 0.4988985600881028 1.2369565729353094 0.8424706967485908 3.9991873650178658 3.1446464146293165
2.2964248541399135 0.07561519557393648 2.482770717220147e-05 0.12691565446040914 0.13772675906714282 0.9332384715734903 1.5085862622686683 1.6459526895228034 1.5050863871143911 1.0059526828847207 1.5368297150161168 2.5799785316107 0.993545521521649 1.63162847259601 0.5054596514250672 0.3439145500454347 0.7014755812660712 2.0294728699396067 2.6400487711416205 0.49904518729343733 1.2372776618544887 0.8427429432672983 3.9999993273328522 3.1417102773141057
2.2509181779684098 0.07571120737449388 1.861932264976901e-07 0.12696830822688523 0.13750970000519677 0.9347855815201546 1.5251367216964353 1.6494515746011567 1.5129025550895716 1.006669385888014 1.5365638739277316 2.5794079957437575 0.9933512983194414 1.6312718275210056 0.5053815496459879 0.34386124046574507 0.7013628624474314 2.02935362296581 2.640142592611631 0.49890031307645444 1.2370271203445207 0.8425192879977219 3.9999998114074855 3.1550178711649473
2.2519421883056316 0.07570740435552381 2.5382491573502507e-06 0.1269673449261701 0.1375236713313642 0.9346848250888866 1.5247442012111174 1.6493623897977852 1.5127123538736347 1.0066472016881882 1.536569923449812 2.579423208249529 0.9933602584748265 1.6312662745811002 0.5053918894362539 0.3438695342938564 0.701381993468658 2.029355454243479 2.6401357836793573 0.49892034444410704 1.2370609985960883 0.8425433581255988 3.999999343924202 3.154648415385023
2.2931931808552446 0.07563494286976213 6.151882558944022e-08 0.12696105321474413 0.13785537357786504 0.9319339824806028 1.507968250641657 1.6456796735694497 1.5049352716501598 1.0058530512163553 1.5366878185714297 2.5797642086875046 0.9934576146849167 1.6315417771465446 0.505401807111686 0.3438807445793534 0.7014111762734383 2.0292465586603297 2.639684996236082 0.49909457097368753 1.2372728596979223 0.8428259775091848 3.9998360272393336 3.141250607613619
2.270848087670601 0.07566636748477498 1.0429471088840847e-11 0.12696789346477494 0.13766957393357213 0.9335726196153294 1.5155115870628038 1.6470294358063942 1.5080204296052047 1.0060638295140654 1.536634877191495 2.579607037634464 0.9934208912180825 1.6314206139031378 0.5054171011402303 0.3438900804100664 0.7014321849847052 2.0293123984933565 2.639919256847679 0.49901173386987924 1.2372000962949874 0.8426736081676124 3.9999998795973952 3.147719138898144
2.251366176207153 0.07570966442979668 6.294356798952611e-07 0.1269680208978368 0.1375151428348768 0.9347469553528359 1.524958495135945 1.6494087254041387 1.5128132482515058 1.0066573168868087 1.5365662591327025 2.5794068117104625 0.9933510756563595 1.6312731614321812 0.5053829120116565 0.34386284850174587 0.7013675264040105 2.029347928832142 2.6401261431723175 0.4989097367141218 1.2370430516866684 0.8425334419931637 3.9999989733016212 3.1548354896429416
2.250618710838045 0.07571191826106387 2.4390726533381134e-07 0.12696821156036836 0.13750639249906224 0.9348083136536842 1.5252407302758373 1.6494755021168348 1.5129547417100624 1.0066762203413304 1.5365619708475289 2.579412098046637 0.9933534046060698 1.6312681409485916 0.5053824850398753 0.3438614774990561 0.701362485095674 2.0293582755340998 2.6401545269097406 0.4988959342161358 1.2370196170613428 0.8425116386833652 3.9999989087513104 3.155140412292846
2.2736118556111373 0.07565482835969294 1.7186803543184554e-13 0.12696174640589766 0.13770464073775465 0.9332566742243019 1.5134304404209875 1.6464416825790344 1.5069058747159032 1.0059067455916733 1.5366388610202557 2.579616198470867 0.9934143424617351 1.6314872934539117 0.5054006211107807 0.34387846235082403 0.7014091492864047 2.0292800591383444 2.639822775640655 0.4990154516597216 1.2372036349484419 0.8426968631877351 3.9999845867249944 3.146526722298674
2.332682190497487 0.07558765834927694 3.800579179231308e-07 0.12694521085456412 0.13785045554046 0.9314845342088723 1.4967510265490336 1.643429173867194 1.4994566466032435 1.0054747847782142 1.5370239087221431 2.5804516303124356 0.993708104433737 1.6318341274371289 0.5055271684353384 0.34396313735781486 0.7015345571713281 2.029559740610815 2.640115891618534 0.4990683703334635 1.237214000275993 0.8426824374777483 3.9999286448467406 3.1315383730746333
2.2912348055485685 0.07563409024593755 3.084600445506231e-08 0.1269582515077618 0.13774133816681347 0.9330867944335867 1.5078859602400476 1.6454437444995422 1.5044310145769337 1.005758150561918 1.536764258105212 2.579878856298493 0.9935062556323156 1.6315881285108997 0.50543935519703 0.3439018052254922 0.7014512155637536 2.0293607737711645 2.639894907768858 0.4990298723834827 1.2372257389640156 0.8427034321392174 3.999999999998632 3.141662524442472
2.250956566280494 0.07571107372962617 1.6813171945142928e-07 0.12696829043244245 0.1375100498249169 0.934783134330799 1.5251222003105873 1.6494480566025582 1.5128952015671673 1.0066683082109245 1.5365640105199878 2.5794070958269137 0.9933508398729402 1.6312722000043658 0.505381309685067 0.3438611396382193 0.7013628041846471 2.0293523503092024 2.640139615820043 0.4989011401330688 1.2370285135481967 0.8425208542700994 3.999999558622751 3.1549997055036827
2.271119851117143 0.07566432872349761 2.492769399982408e-12 0.1269578295965377 0.13766355021820978 0.9337184799755164 1.5153788506206065 1.6470009759701816 1.5079551013270707 1.0060594038958037 1.5366376037010365 2.5795803644388937 0.9933977403437314 1.6314898858911586 0.5053860804378235 0.3438670253724126 0.7013830663157185 2.0293160368938317 2.639911137913393 0.4989839260898655 1.2371619505377385 0.842663716811202 3.9999968990266517 3.1477338546762863
2.270023505569181 0.0756732416118858 1.323795946604105e-06 0.12696959894263152 0.1376423978059576 0.9337468559428637 1.5167010671198793 1.6474227065459865 1.5087031323355182 1.0061824394983558 1.5366441217190787 2.579607244283548 0.9934218775821484 1.6313896635801357 0.5054193940451905 0.34389072780992835 0.7014314317253888 2.0293201027433305 2.6399520826022402 0.4989999441535795 1.2371802713380498 0.8426527098988591 3.9999634164233155 3.1484709600203207
2.376135623836384 0.0755337629343834 6.038300603321941e-07 0.12693024843838516 0.13792179882139233 0.9316253758852826 1.4834549675097932 1.640754325243199 1.4931750067917908 1.0050055406808416 1.5373408073783823 2.5810889303734585 0.9939168085028444 1.6322316086415587 0.505580038350806 0.3439812242737151 0.7015722174135907 2.0298348200633365 2.6404017113613913 0.49902037837055907 1.2371926762922247 0.842637035319502 3.9999708592661096 3.1192874142576112
2.2570585799528047 0.07569572892135588 2.589534306625977e-06 0.1269604094098699 0.1375491331016212 0.9345094903989128 1.5226152624737366 1.6488624475441305 1.5116598475794727 1.0065272209573717 1.536594096139997 2.5794424044783355 0.9933574254908214 1.6313404161301728 0.5053795673771674 0.34386158467882083 0.7013680525145398 2.02933516679556 2.6400522767882655 0.4989351954640634 1.237086911209791 0.8425834238205947 3.999999540213751 3.1529890936428004
2.254155256631283 0.07569899312951874 4.395147566953097e-06 0.12696510197406155 0.13755348122575117 0.9344614509359529 1.5234929036991371 1.649012483033153 1.5120443935556525 1.0065466858701928 1.536575317371201 2.579422477573429 0.9933595487335175 1.6312951369554305 0.5053938295146535 0.3438731950747676 0.7013942731352799 2.0293398707713157 2.640078395213837 0.49895063249789695 1.2371117075445468 0.8425898556326216 3.9999969939362323 3.1537137357140663
2.2789427788034646 0.07564370039842204 1.0506659951080578e-08 0.1268977104387614 0.13766535073303526 0.9330107583312054 1.515106957403832 1.6472371517748339 1.5080932855192866 1.0061844744085324 1.5366294251442858 2.57955273634149 0.9933733002554612 1.6312748876139733 0.5053642633020295 0.34384780465539316 0.7013074091081335 2.028979034951037 2.6393848184674376 0.49887752148553527 1.2368042472972052 0.842398247025806 3.99752392348966 3.146923847794323
2.3386921224768713 0.07555188781986837 1.1578090850798642e-06 0.12693564284355663 0.13794476250748575 0.9318033543288134 1.4885161976968315 1.6411763844807272 1.4951489810659688 1.0048564496667298 1.5370589257389764 2.5805156941981466 0.9937079850436981 1.6320598282880259 0.5054931804477962 0.343933291646088 0.7015094899377851 2.0295243663221787 2.639891216899064 0.4990962120017664 1.237338321871141 0.8428128849980769 3.9999999999842415 3.1301959502969954
2.2555792072402205 0.07570274520371123 9.306508688180503e-07 0.12696473822438195 0.1375324259096029 0.9345194947835235 1.5234703627738522 1.6490863020561486 1.5121027983803317 1.0065941139977252 1.5365869369543492 2.579464752395004 0.9933700803698629 1.6313036740345548 0.5053894636710713 0.3438679891115541 0.701372248135485 2.0293601327064463 2.6401291620751226 0.4989161158159364 1.237037229586785 0.8425328413131844 3.999948616983724 3.153713099774757
2.365442753858138 0.07554429481339944 8.965197754250357e-07 0.1269357630772388 0.137933318161177 0.9314008243206212 1.4861582148733496 1.641308121418052 1.4945215015289357 1.0050914970419689 1.5372529253878653 2.580905606372742 0.9938558877061439 1.6321245631534247 0.5055588501862405 0.34397084376510234 0.7015614977599479 2.0297266416836446 2.6402434607087195 0.4990753008977449 1.2372571028631574 0.842729923483244 3.999999999794995 3.1219611378794045
2.2508850199520136 0.07571123887464132 2.316404432816646e-09 0.12696810214775833 0.1375088168728556 0.9347917453509524 1.5251485405921075 1.6494536557705761 1.5129073689942665 1.0066695987446266 1.5365635232206372 2.5794045256106686 0.9933492602587164 1.6312742199359778 0.5053796105176487 0.34385987023448883 0.7013600621191047 2.0293513016927403 2.6401379153734963 0.49889929428949287 1.2370255148510483 0.8425194342926791 3.999999995579182 3.15502694585196
2.2745359888098426 0.07566004238239228 3.6290538459555047e-06 0.1269507068625027 0.13764975590070644 0.9337817420147397 1.5151929338100565 1.6471296366619919 1.5080179229085278 1.0061243966352842 1.5366747885734942 2.5796268853224835 0.9934150804042721 1.631491791874232 0.5053971253195211 0.34387453653233835 0.7013984791830825 2.0293298893694405 2.6399166084830967 0.4989984512405006 1.2371892012909613 0.8426855944699297 3.99998541097668 3.1472319501415478
2.288184333162381 0.0756352102617911 3.606418701379309e-11 0.1269544780106964 0.1378960863693766 0.9302175014676334 1.510034599298155 1.646118205158645 1.5059177710701757 1.005929981781597 1.5366059213364052 2.579606590628765 0.9934154115157694 1.6313254818098393 0.5054139030091633 0.3438924538481673 0.7014169472836466 2.0290111587810697 2.639363378080679 0.49906852832310994 1.2371306110152698 0.8426892798919375 3.999632617519437 3.1436130444476347
2.256726512410597 0.0756954972447671 3.777624687137018e-06 0.12695888617752765 0.13755033277347184 0.9345052782827429 1.5227003829137546 1.6488736969799658 1.5116927531920465 1.006528603288032 1.5365933695004872 2.5794414703886908 0.9933570952289442 1.6313482715488064 0.5053784038497762 0.34386053570373193 0.7013652123547092 2.0293471852146165 2.6400773117317344 0.49892756217793194 1.2370747746616813 0.842570969006762 3.9999999388816625 3.1531294966100596
2.3293123442564614 0.0755707745621552 2.5311033259208885e-09 0.12693752237895617 0.1378897200447565 0.9321964775633802 1.4925175786519636 1.6421665196115027 1.4971510412375475 1.005103258059689 1.5370298216224627 2.5804242319716932 0.9936798983460432 1.6319831418774005 0.5054862764448708 0.34392842468518336 0.7014980438449028 2.0295283928886096 2.6399575758484826 0.4990693418563151 1.237294612779531 0.8427678388342462 3.9999999999999827 3.131521667491569
2.4225877359109473 0.07544851538728557 4.630765626750832e-06 0.12688768560352853 0.13820684454165022 0.9253885243808595 1.4674843625407457 1.6377582400959052 1.4861785917243764 1.004431736872645 1.5375572332346408 2.5814212184880003 0.9940249797908246 1.6324127236390322 0.5056276718877311 0.3440316222542612 0.7016060420343948 2.0296416382084055 2.6398834376386735 0.49910320515065276 1.2371354932044192 0.8426365257827241 3.9987576053387928 3.1093315619812216
2.252650081963458 0.07569230397465193 7.83182942326946e-12 0.1269673080561589 0.1375933230189186 0.9341519543105127 1.5219847702601217 1.648361262284124 1.5110449745070502 1.006320774581395 1.5365302805755348 2.5793427455481126 0.9933231155626915 1.6313405992041963 0.5053684729491906 0.3438586790841668 0.7013715847659613 2.0292619341356093 2.6399048891184944 0.49897847928656114 1.2371557184059119 0.8426528935479252 3.9999873466332607 3.153171891828083
2.289597877858442 0.07563617479406097 1.6918659675468416e-13 0.1269530146910898 0.1377302025515833 0.9332799667081686 1.5082685701906393 1.645529089445374 1.504615296385037 1.0057857528949046 1.5367689470162942 2.5798812585918203 0.9935025697099321 1.6316242113381263 0.5054288228348721 0.34389316705933964 0.7014313034919786 2.0294014229529 2.639966229511532 0.4990087683918622 1.2372011859751437 0.8426867960101404 3.999999999980533 3.1421882200984
2.27829116921301 0.07564750986736266 5.853875462711114e-13 0.12695567852206321 0.1377186058599016 0.9333312762153145 1.5116030222902814 1.6460405974193013 1.5060370677571584 1.0058214929139089 1.5366674646539629 2.5796736679391263 0.99342867622005 1.6315706643749925 0.5053960173230235 0.34387403814192413 0.7013985022782192 2.0293298169266833 2.6398791145754323 0.4990065471294407 1.2371980033976218 0.8426965640305313 3.9999932200973745 3.1452241406448302
2.285696850854625 0.07562974030748978 1.1537699100153467e-12 0.12695399015463105 0.1377792666261837 0.9329339969527891 1.5073109896573889 1.644921797026658 1.5038170809366127 1.0055497523390862 1.536702002871143 2.579798311234986 0.993471656379441 1.6316626624421229 0.5054106572304187 0.34388347220539045 0.7014172636740534 2.0293628643194057 2.6398807734304692 0.499024197436797 1.2372263354216788 0.8427194569498369 3.999954739230193 3.144808265231727
2.2683642787364717 0.07567412358257351 2.8397046000958704e-06 0.1269551368915049 0.13761154447228469 0.9340694961599093 1.5179737264633661 1.6477970973160696 1.5093971432912832 1.006284452629688 1.5366476482266862 2.579563229120547 0.9933954473235465 1.6314348743809899 0.5053913080014486 0.34386997992067225 0.7013872143826058 2.0293363439143146 2.639977777777874 0.4989724155414209 1.2371471870925768 0.8426432065155361 3.999999726503225 3.149319018529102
2.2507209547606695 0.07571170344748383 3.266007578180954e-13 0.12696849605073593 0.1375072700989087 0.9348023638838786 1.5252073277526987 1.6494675603463882 1.5129373996025408 1.0066740138180903 1.536562015290374 2.5794087202162967 0.9933514676659548 1.6312700078211284 0.5053809307632853 0.3438604782553003 0.7013606521435827 2.029354967224873 2.640147724284845 0.49889632100648795 1.2370202876690493 0.8425135563379438 3.9999999999999987 3.1550846553137255
2.2760406811640297 0.07564925723893519 9.187600631460277e-13 0.12695722357062666 0.13772160468404204 0.9333279958301379 1.5118824436168183 1.6460107739768126 1.5060780913965301 1.0057993119333055 1.5366502741759689 2.579659718700813 0.9934255278165723 1.6315670765279142 0.5053954462388495 0.3438737995156506 0.7013981025018138 2.02933546882242 2.6398972650669728 0.49900340051057923 1.2371937408021312 0.8426905606875913 3.9999649274218267 3.1460735356042373
2.2928884377424703 0.0756442581719987 1.4393263404223943e-06 0.12695144985979964 0.13769236772724358 0.932961924338398 1.5103669017699999 1.6462680843210418 1.5058557515778694 1.006024621625871 1.5367929253943051 2.579934573637516 0.9935299665450574 1.6315640264189453 0.5054541514349913 0.34391379883370965 0.7014457419191357 2.0294430048040364 2.6400863533214975 0.4989861749969436 1.2371065249097832 0.8425931638457392 3.9998535631789887 3.1429395388765164
2.253190097626936 0.07569909751310687 1.746266551788027e-06 0.12696644518954245 0.1375578135407683 0.9344289537223475 1.523338492846905 1.6488938331587917 1.511896122988668 1.0064966179922537 1.536559774444788 2.57938007921249 0.9933397049675956 1.631311692728911 0.5053795307668787 0.34386422705314096 0.7013781314348171 2.029309116251935 2.6400160225479423 0.49895431942481877 1.2371174718492892 0.8426062861112563 3.9999998356699913 3.153734625330122
2.2888676072375795 0.07565121350397117 1.9959031350811795e-06 0.12695501248424437 0.13767499358358493 0.9332732564377633 1.5117410312799542 1.646561211752961 1.506510828954481 1.006084853862357 1.536773431122575 2.579895328514384 0.9935148199477807 1.631549362011613 0.5054408868540907 0.3439006046416784 0.7014314999783928 2.0294562600640607 2.640121119556157 0.49897573600993717 1.2371088586835224 0.8426007251582194 3.9999999999313074 3.143988197119838
2.2506880570184067 0.07571190418417137 1.8460675868216905e-08 0.1269681958547764 0.13750650159451708 0.9348075972590966 1.5252192683644676 1.6494705544273052 1.5129433365990763 1.0066748807043044 1.5365624690035247 2.579409281604514 0.9933516054395661 1.6312716755926244 0.505380735192207 0.3438602763363205 0.7013600802540301 2.029356812559772 2.640151279448425 0.49889498852625913 1.2370180991318425 0.8425114769631231 3.999999654797815 3.1551168961893943
2.2504470378406447 0.07571210973345607 4.5633645429593264e-07 0.12696825257767064 0.13750559967130352 0.9348136971552653 1.5252938545724266 1.6494866447065937 1.5129809500018543 1.006678990759083 1.536560635513686 2.579414727184946 0.993355143680677 1.6312641378267643 0.5053840178416045 0.3438624422554704 0.7013642410154078 2.029360403418118 2.640159773860864 0.4988958069220549 1.237019455126108 0.8425104098781181 3.9999999431486524 3.1551969543447025
2.2508519174202486 0.07571121641082705 1.3861378443469564e-06 0.12696795278745016 0.13751109953023946 0.934776068784198 1.5251571548971197 1.649458078240153 1.5129155121943108 1.006673320987371 1.5365644272260524 2.5794245455355784 0.9933601900494059 1.6312651531446403 0.5053883666133299 0.34386561529886667 0.701370871276869 2.0293692069575915 2.6401748624665453 0.4988981355143804 1.237023376163761 0.842509784666111 3.999999999921058 3.1550910940773322
2.251843623316696 0.07570885886419641 7.887397108190123e-11 0.12696877096316544 0.13751912977418804 0.9347160695560606 1.5247202013653258 1.649348011321439 1.5126928519911678 1.0066419853708592 1.536565872691251 2.579410269802029 0.993352329545787 1.6312702701278339 0.505384045204087 0.3438638280300957 0.7013701252558308 2.0293391108093153 2.6401055680313865 0.4989165050269105 1.237053906504725 0.8425444970067035 3.9999999999961484 3.1546263938056716
2.3939287524968496 0.07543841015424078 1.8973036783045698e-06 0.12678470053988355 0.13812158631767116 0.9301812414746295 1.4727919329686412 1.638117902848364 1.48794021001144 1.004298280588614 1.537250389856496 2.580815366986848 0.9937509533009147 1.6320652785316176 0.5054374565583172 0.3438790163112303 0.7013193715462669 2.02888454161935 2.6386847563512403 0.4988224757366569 1.2365102343652503 0.84219299437911 3.994487192075558 3.113021349711728
2.2531968875322033 0.07567094934663131 2.6120511894926757e-11 0.12696997842636457 0.13770032823246198 0.9332324971868786 1.5179557668679038 1.6469493476953732 1.5086569495206261 1.0058941289136323 1.5364782890698623 2.5793511506972986 0.9933288196675285 1.6313592256138594 0.505374575551833 0.3438656306196822 0.701391695287641 2.0291730435655326 2.6396996875122145 0.4990267646946761 1.2372171251662087 0.8427142585852206 3.9999921372986487 3.1557237603284887
2.7204766526563624 0.07482509333648642 1.0909376469063578e-05 0.12670247496254003 0.13868664700900635 0.9262939713558119 1.3018573393583406 1.6099340311788506 1.411491152809481 1.0010723667324766 1.5421368650095943 2.5889565739423186 0.9965206695873763 1.6366587239437986 0.5065557858401374 0.34458101040873323 0.7026995426207369 2.03236206526311 2.642000374610598 0.4997121140633452 1.2384093786531425 0.8434860066934027 3.9998531272567095 3.3758959918895215
2.304234489345896 0.07560098396898589 1.408101295345358e-05 0.1269218048606706 0.13778061203930142 0.9327845736236627 1.5041571810271386 1.644791656159252 1.5028118151335954 1.0056432455088657 1.5368468457403548 2.5800062997786966 0.9935433458647747 1.6317078737522939 0.505446901006828 0.343907073334448 0.7014642052183983 2.0293847638040936 2.6398246209696645 0.49907178779626493 1.2373030545833172 0.8427867394559635 3.999835645081198 3.1384653358177395
2.250792292779982 0.07571158663998531 1.0296540273027811e-08 0.1269681656404741 0.13750775111353936 0.9347990777561304 1.5251830999307954 1.6494620978751664 1.5129250645084533 1.0066723109789057 1.5365630674975583 2.5794070514435368 0.9933504845124995 1.6312730935770294 0.5053801769237444 0.3438600666363647 0.701360035266942 2.0293543613136227 2.640145249926414 0.49889695987889243 1.2370215183953082 0.8425151442358666 3.999999999613299 3.1550711651769623
2.3023759024661743 0.07560887754082923 1.1972075918522188e-11 0.12694816417396093 0.1378263138800122 0.9326176004306662 1.5020501728417626 1.6439335181861403 1.5014144270052778 1.0053906320743757 1.5368095607984826 2.58001313418275 0.9935408859252072 1.631771600350313 0.5054314040128877 0.34389431598191994 0.7014331536204216 2.029413774241317 2.6399073868414398 0.49902446779840887 1.237220991877046 0.8427139480493923 3.999999999997942 3.1392631910346256
2.253715368697887 0.07570407810550024 5.02953628113992e-08 0.1269678090214761 0.13753531946276829 0.9346038293423843 1.523902252909721 1.6491341330323142 1.512264705762875 1.006586065473438 1.536572341533167 2.5794124229259623 0.9933505778699393 1.6312944679639096 0.505381183450847 0.34386259728297114 0.7013693638350016 2.0293292682491386 2.6400712841267153 0.4989263855712158 1.2370701020000128 0.8425628281460142 3.999999999820336 3.1539188100611883
2.355172067622532 0.0755565030714639 3.3744072904075423e-07 0.12694031729587582 0.13793579064491066 0.9311706882685693 1.4891281311515994 1.641876277942028 1.4959176984566105 1.0051833446595855 1.5371599367405215 2.580738919351271 0.9937957700287304 1.6320235173574527 0.5055299639355549 0.343950636857438 0.7015286775659465 2.0296426142701742 2.640151886827881 0.49905685983092773 1.2372256826356138 0.8427113294172961 3.999999905386477 3.124773110307486
2.2976007488899004 0.07562318805219576 5.7268100906678757e-08 0.12695068552182018 0.13776234931278084 0.933048765676627 1.505189667900808 1.6448403098322528 1.5030948139459537 1.0056376490042584 1.5368172578413593 2.5799663356523426 0.993527412019451 1.6317101498326636 0.5054328644945957 0.3438958556154005 0.7014359110773896 2.0294170472440007 2.6399471591968293 0.49901962961042584 1.2372164742853244 0.8427043821617465 3.9999999999999996 3.139752681096345
2.2505696144083327 0.07571220760752417 1.8850450733334634e-09 0.12696823017472494 0.1375054275768986 0.9348148898557982 1.5252586242550443 1.6494792169691879 1.512962763663638 1.0066772521746794 1.5365615747998564 2.579410736954385 0.9933524536353425 1.6312695107973563 0.5053812968368971 0.3438605490533072 0.7013604017497467 2.0293578775793577 2.6401542956123376 0.498894150034221 1.2370166607461277 0.8425098337289141 3.999999992276203 3.1551618624811955
2.828358003566076 0.07472665794559973 6.225052434214964e-05 0.1265952179509143 0.13852714769261082 0.927281561808743 1.286193073585125 1.6093572698718435 1.4068552411537396 1.0014245952636196 1.542902426014095 2.5901507118588416 0.9969510347539696 1.6373744091125575 0.5067477193452434 0.34470431301552534 0.702936085487781 2.0330716308799213 2.6428226293453174 0.4998232715747652 1.2386696032151896 0.8436307112393793 3.9999998006101682 3.369087557687235
2.256714248390832 0.07570167827327837 1.2559744005416672e-06 0.1269649428959386 0.13753298003764444 0.9345736163744308 1.5230956294450149 1.6490056123088386 1.5119197201602876 1.0065798813340368 1.5365976425482326 2.5794903852074906 0.9933795699600735 1.6313222066677018 0.5053912325052412 0.3438671303104676 0.7013723470475858 2.0293832232927382 2.6401663722456346 0.4989050677936463 1.2370325560574884 0.8425235429974071 3.9999999999954 3.153384680173529
2.260339487667242 0.07569630535733124 1.0123652649542877e-06 0.1269643021163397 0.13754729268901475 0.9344731409661999 1.5218228570409154 1.6487276831885156 1.5113070271629967 1.0065230735120803 1.536618065367597 2.5795370648428597 0.9933944728900777 1.631350007066662 0.5053962107465936 0.3438702501451857 0.7013778021780012 2.029393530100691 2.6401668811339247 0.49891110244387493 1.2370389855953392 0.8425302945195245 3.999999097397599 3.1522905635550464
2.3378661188465344 0.07554396134100293 3.475293573100454e-05 0.12688857762040123 0.13790526627076413 0.9320935220252217 1.4931376642338456 1.6426633347704693 1.4977675580568721 1.0052851234721476 1.5370825479449328 2.5805385636209346 0.993732016793544 1.632019672186012 0.5055177697663615 0.34394819618088146 0.7015338224857004 2.0296843196055083 2.6402184487543403 0.4990601176484026 1.2372999584231261 0.8427460330972161 3.999999999258276 3.1295586104573916
2.2961213336518753 0.07563746156268744 2.80088184524717e-06 0.12694989393009276 0.13772576440193432 0.9333369321404145 1.5085893388635518 1.6458933270115765 1.5050741648090802 1.0059377057475865 1.5367984517411817 2.5799359946092513 0.9935250105653738 1.6316024034187182 0.5054365456406211 0.34389673428664264 0.7014351378906846 2.0294099305185767 2.639975398293317 0.49900872244252775 1.2371871941626627 0.8426808417831503 3.999968996865768 3.14129269552398
2.403508952026455 0.07549650418317339 1.0162269756226213e-07 0.12692378122988646 0.13801588420641278 0.9298299474240572 1.474849844931562 1.6390613931856286 1.4892023917316075 1.0046976215535648 1.5375141485785566 2.581410029745813 0.9940203240055603 1.6324264591573125 0.5056159248141735 0.3440066643000186 0.7016123156473251 2.0299077781541532 2.6403997535868755 0.49905892246911404 1.2372418694680032 0.8426784980857499 3.9999994162478814 3.1126108267073955
