9.999999999818941 0.009062544328593335 8.732255958495268e-07 9.039353139308719e-09 0.05819611276054877 1.284767474872775 2.840167036987661 3.999999999990657 1.5113095673175538 2.602528248089805 2.9213496153736838 3.407823280978024 2.623634799866875 3.444245110670718 2.4093805886315143 2.803080494458653 2.3331694210135825 3.108824400530482 2.110285737538715 2.544785829525154 3.2963044415951153 3.207593102395938 1.7012906539927464 3.2404079373104726 1.4427993087167255 6.675854108450401
9.999999999999998 0.009062562013097004 3.8009718584869e-07 2.17037304768261e-09 0.0581969184695555 1.2847497503143686 2.8401661141204135 3.9999999999999996 1.5113090574285692 2.6025273059181595 2.921347897188352 3.4078200447844753 2.6236312180652077 3.444238142795085 2.4093752075911805 2.8030720249421823 2.3331609401552744 3.1088117426645114 2.1102760725217307 2.544772889687965 3.296285424896495 3.207573977360046 1.701279323554617 3.2403846104809606 1.4427767912535543 6.675849836778149
9.99999999999914 0.009080364160554574 5.214954585250455e-07 5.598231159892331e-09 0.05801488635082315 1.2881333939663897 2.84006245569877 3.9999999999968687 1.511350135303298 2.6026477555484893 2.921497372147255 3.407978557264121 2.6237975314548576 3.4445053694211074 2.4095717955071683 2.8033682711208487 2.3334526910119253 3.109214370480721 2.110567953547716 2.5451369694345916 3.2968295412417565 3.207946015930622 1.7015570970942693 3.240930547430665 1.4433270728270349 6.663269914970469
9.999999999937542 0.009091142835661096 1.3471049585542304e-06 9.511985850016447e-09 0.05789429518500508 1.2896631473118354 2.8399960411856906 3.9999999990976614 1.5113766407568645 2.602724137832144 2.9215908611534163 3.408078386553947 2.6238957704416617 3.4446619133515006 2.409669841466209 2.8035168969194246 2.333589432416519 3.1093904433856707 2.110671950076639 2.545251260821234 3.2970224152773318 3.2080251313125374 1.7015826333016153 3.2409864817634784 1.4434032598903521 6.65635374974165
9.999999999983205 0.009062618183400446 3.114352284230959e-08 3.7844863514814434e-08 0.05819572975200809 1.2847760672742568 2.8401648704455975 3.999999999999994 1.5113089467371237 2.6025272557738255 2.92134731353666 3.407818522040865 2.6236293172652725 3.444234754434844 2.409371906351112 2.803067869543853 2.333157108805969 3.1088056689249033 2.1102714606971067 2.5447666740923145 3.2962771607811527 3.2075636239520535 1.701274085637431 3.2403737680294036 1.4427745925851543 6.675845263676925
9.999999967233022 0.009096589338698268 4.631789307965481e-06 4.966407250728277e-10 0.05779833742724987 1.2900869542422777 2.839940071955293 3.999999993769225 1.5113882182509992 2.6027596157736705 2.9216189006335034 3.4080862568285872 2.623880059324232 3.444612137215237 2.409573605750516 2.8033861285834836 2.3334435445923245 3.1090929554578337 2.11041004209345 2.5448408510018834 3.296369395048541 3.207178163657794 1.7010958476490785 3.2398322260474988 1.4423174601465705 6.654073600137085
9.999999991962941 0.009078495644301932 2.8268851546115376e-07 3.421336695723365e-09 0.058043179412198796 1.2876980999190506 2.840079008873207 3.999999987973841 1.5113443979648482 2.6026309539310812 2.921477677991252 3.407958733728903 2.623778470233671 3.444475785449865 2.409554586502507 2.803340172866819 2.333425740441548 3.1091853121710744 2.1105489351923223 2.5451193903111355 3.296811822113299 3.2079424928637974 1.7015563336348705 3.2409299379197396 1.4433022249359748 6.664343182618338
9.997991238958473 0.009089704956632815 1.935950506236432e-06 5.690737039584781e-09 0.05796335345959316 1.2892050376522837 2.840134934920072 3.9999995819343943 1.5113655950111222 2.6026876357157707 2.9215575009992056 3.4080593460154747 2.62388950615039 3.444659923526582 2.409707274542656 2.8035530716597097 2.333630731830368 3.109488505168814 2.1107735686987494 2.545411656621029 3.2972315443182594 3.2083087933817267 1.7017993892931356 3.2414217328876065 1.443583320831705 6.655461959704281
9.999999942933428 0.009160933294636582 2.153645696760211e-05 2.2950298260587115e-05 0.057344504077835 1.2982466690434609 2.8399060504044455 3.9999999954516556 1.5115205646106271 2.6030863555627826 2.9221059043445687 3.4087661317858444 2.624622061189373 3.4459049359336085 2.410609605502977 2.804846956703533 2.3348281009995375 3.1112249301238033 2.1119153569593787 2.5468386853701963 3.299477255277026 3.2101222211403053 1.7026784250634495 3.2434212091581562 1.4443349723881438 6.604375683102751
9.99999997447488 0.00906262918417883 3.825885171349316e-09 1.532881207356269e-08 0.05819555008667551 1.2847800324204217 2.8401646041598005 3.9999999999999023 1.5113089631389165 2.602527360256952 2.9213473928369784 3.4078184794324544 2.6236292672953057 3.4442345828174328 2.4093717868607913 2.80306766645284 2.333156908665092 3.1088053663164295 2.110271230560624 2.5447663667864244 3.29627665949103 3.207563358582362 1.7012737751562685 3.2403728996177943 1.442775431893805 6.675837579240117
9.99999999999921 0.009062645611177792 1.7337483353457899e-09 6.334289915062423e-10 0.058195654395468845 1.2847777348897118 2.8401649077376274 3.9999999999999996 1.5113089496805485 2.6025272543649103 2.921347312403368 3.4078185202480595 2.6236293145989036 3.444234725430073 2.409371917227844 2.8030678307132484 2.3331570456504727 3.1088055972847912 2.1102714057270724 2.5447666074941555 3.29627691478292 3.2075638836740956 1.701273962882945 3.2403732646577335 1.4427750108819284 6.675819119581886
9.999999999947145 0.009219688520756723 9.018062881744478e-06 0.0010309524873270616 0.05784044598662312 1.2918839255698034 2.84014019742581 3.999999999999532 1.5115089778011157 2.603028695188318 2.9221382764291124 3.408948936358243 2.6249307894282223 3.4464525764784946 2.411314801075767 2.8057453546369207 2.335756172521132 3.1126436537183673 2.113251478449859 2.5486544556309396 3.3014206070940464 3.212407621467462 1.7046917183053496 3.2469609024689294 1.446810069539475 6.62995524111544
9.999999999999998 0.00906264399851891 2.3955566117958728e-08 1.1334472095014974e-09 0.058195627257979166 1.284778325753421 2.8401653739342776 3.9999999999999996 1.5113089475200272 2.6025271133345753 2.9213471918903005 3.4078186250262306 2.6236293855097483 3.4442350664846337 2.4093720413411233 2.8030682036656 2.333157433212344 3.1088061359190418 2.110271808814068 2.5447671406605124 3.2962776177016315 3.2075649162733306 1.7012743625969065 3.240373839594499 1.4427765850764793 6.675819988914662
9.999999999999998 0.009062618441650485 7.348069404951741e-08 1.5635084822987986e-18 0.05819594155011181 1.2847713691880491 2.840165671771676 3.9999999999999996 1.5113089244572182 2.6025269918770833 2.921347109380029 3.40781868901585 2.6236294747892632 3.444235314104993 2.4093722505720514 2.8030685199539978 2.3331577416890315 3.108806624478284 2.1102721877819723 2.5447676590956756 3.296278411277984 3.207565555521737 1.7012748771637412 3.2403751547084716 1.4427759492645853 6.675835129488458
9.999999999999998 0.009062629956635393 7.72080042209689e-06 5.03209246703601e-06 0.05819329299591474 1.284829724154234 2.8401696522378175 3.999999999999995 1.5113167038978932 2.602545368867928 2.9213788206993967 3.4078687401517818 2.623687866941814 3.4443385007096845 2.4094620895599856 2.8031947940753743 2.333280562142026 3.108993653376485 2.110414622762917 2.5449584947258477 3.2965536315652786 3.2078572043540334 1.7014397301354847 3.2407189411364064 1.4430395374360112 6.675864410803305
9.999999999999897 0.009062639703083627 1.546571918826255e-13 4.0992780177077715e-11 0.05819561569016492 1.2847785896523907 2.840164858220658 3.9999999999999996 1.511308948860202 2.6025272616492563 2.921347306782272 3.4078184866378844 2.62362927393099 3.444234643250349 2.4093718542071816 2.8030677301101403 2.3331569384775595 3.1088054438583295 2.110271287336652 2.5447664539817985 3.2962765870361515 3.207563992621448 1.701273763785492 3.2403725845100326 1.4427758219565363 6.675824952946712
9.99999955120486 0.009086934236612625 4.873790676211057e-07 6.703097106888767e-09 0.05795599191751079 1.2890612219284956 2.840038149636295 3.999999980413514 1.5113635419734814 2.6026847878606665 2.9215450218374452 3.408033345932314 2.623854392359401 3.4445987949735253 2.409639672017438 2.803468669781723 2.3335486106264316 3.109352407956591 2.110662020984545 2.5452567161905035 3.297021346056707 3.2080867024586697 1.7016403937391444 3.241092948986867 1.4434971221113195 6.658561463662339
9.999999999999998 0.009062637312234063 1.5082219479529923e-20 3.310448990770129e-11 0.05819562713717904 1.2847783369396255 2.8401648570281868 3.9999999999999996 1.5113089454693476 2.602527253996895 2.921347295185651 3.4078184694655302 2.6236292553527574 3.4442346099760464 2.4093718287633568 2.803067691087047 2.333156899497238 3.1088053873814916 2.110271244838559 2.5447663985137896 3.296276500564525 3.207563934984251 1.701273713924555 3.2403724708505335 1.4427757859075077 6.675826934585513
9.999999999999996 0.009073815043204815 5.744685149406215e-08 2.9943526682784755e-05 0.05813239674364043 1.2874970400995904 2.8401150882011317 3.9999999999910885 1.5113366770851533 2.60259564110033 2.9214377583430426 3.407926617773626 2.6237581261487106 3.4444610792153325 2.409537645335601 2.803314996061273 2.333393187522137 3.1091611172001663 2.110521804317439 2.545096887438127 3.296796359041213 3.2080089342058784 1.7015365900255384 3.2410133150414193 1.4433296491292047 6.670679843122838
9.999999999999405 0.00906229315915363 2.3524254581574816e-06 2.142925952877779e-07 0.0581982879644663 1.2847194142778364 2.8401675659485823 3.9999999999999996 1.5113105721901698 2.6025308874558224 2.921354536369752 3.407830723305923 2.6236439995856276 3.444260159098422 2.4093955375174545 2.8030990648687872 2.333186660144695 3.1088516030583992 2.1103063669289703 2.544813605459245 3.29634185115735 3.2076404119229087 1.7013136377549354 3.2404526218601815 1.4428281907451184 6.675966951324732
9.999999999999998 0.00906263602900218 2.3544482911163736e-19 9.367234269302064e-10 0.0581956217693249 1.2847784533997457 2.840164671726231 3.9999999999999996 1.511308955165639 2.602527332134708 2.9213473784946844 3.4078184783366234 2.623629287112408 3.444234572528861 2.4093718774995883 2.803067663332684 2.3331568539872416 3.1088053487048897 2.1102712176678375 2.5447663685248787 3.2962764202736388 3.207563980494835 1.701273679614238 3.240372373024778 1.4427757868220779 6.675828039019441
9.999999998588772 0.009069797184247733 4.90922868527346e-06 3.106226051134561e-09 0.058142842375274256 1.2875836038785236 2.840138516317104 3.999999999828133 1.5113366206181251 2.602585689033111 2.9214323268590525 3.4079318395211775 2.6237682148055406 3.444459301051792 2.4095759468796705 2.803344071832668 2.333433374738586 3.1092001031127525 2.110589934919189 2.545173677807933 3.29683796948263 3.2081223361275475 1.7016466236633574 3.24105439041341 1.443356436586616 6.671530650576945
9.99999999999999 0.009062637841831122 2.2349828594497263e-25 4.096334704181112e-12 0.058195625783477624 1.2847783667872041 2.8401648484143407 3.9999999999999996 1.5113089465546397 2.6025272588230965 2.9213473007518598 3.4078184734379393 2.623629260039606 3.444234616773192 2.409371833387561 2.803067699689853 2.333156909584604 3.108805400797381 2.110271255147315 2.544766411499923 3.2962765317217757 3.2075639179884745 1.7012737312604262 3.2403725289034626 1.4427757481122456 6.675826497806865
9.999999999999975 0.009146545880680857 6.079121946027292e-06 1.2225870004694411e-05 0.05753400910111707 1.2967008256920305 2.8399834089995384 3.9999999999961116 1.5114696738685927 2.6029514763709076 2.921925884745507 3.4085370842196006 2.6243997627915423 3.445525820690297 2.4103782121505954 2.8045136978382343 2.3345445359527046 3.110850872980983 2.11173137664111 2.5466612291550064 3.299198386149002 3.210057163597126 1.7027547898882034 3.2434323315380205 1.4450007580375512 6.612537602908114
9.999999996455777 0.009140308558699312 3.7570810515295912e-06 1.0346670383833134e-06 0.05750644208002735 1.2950076201666916 2.839904440853052 3.9999999827911226 1.5114679167248055 2.602959760345454 2.921911594582147 3.4084824136216696 2.6243153750625083 3.445359911806595 2.4101814376325876 2.8042415226879784 2.334260527876303 3.1103507106521464 2.1113111875109363 2.5460407290442078 3.298244491036271 3.2090324108200097 1.7020783696664359 3.241886576509138 1.4438386831731074 6.619817510162866
9.999999999999067 0.009062803461029681 1.0069777378264491e-07 1.1087792686175133e-06 0.058195143203323904 1.2847887943442173 2.8401624285593567 3.999999999999994 1.5113094090315866 2.602529243736489 2.921349993551004 3.4078205600576967 2.623632223738549 3.444237578757904 2.409376925113017 2.803071652207307 2.3331598115195487 3.108811066285146 2.110275591163781 2.5447725330841804 3.2962816019995973 3.207582832668885 1.7012775358872758 3.240375294084202 1.4427930508008242 6.6757623332271825
9.999999804418138 0.009066306276634439 7.84909866063768e-08 4.899906870010006e-10 0.05816609319869087 1.28588992194048 2.8401252922459355 3.99999999737417 1.5113210050913688 2.6025621770143736 2.9213900138467075 3.4078616759346407 2.623677134659294 3.444310934889434 2.409432075249516 2.803156112943553 2.3332441116111333 3.108932058234689 2.110364693048678 2.544887344704111 3.29645836850066 3.207701776015934 1.7013749984190545 3.2405815039779378 1.4429957814206456 6.6734225141962344
9.999997784378163 0.009127293965981782 3.884983987406006e-06 9.192004790138653e-08 0.057672270284523305 1.2942513880663835 2.839997358580835 3.99999978044754 1.5114353347229745 2.602866226761363 2.9218032126196203 3.408372498456295 2.6242223564218197 3.4452224047486752 2.4101389092973737 2.804174814962736 2.33422303609999 3.110367648594258 2.111389095315049 2.5462135611880403 3.298497778802048 3.2094346112053795 1.7024055093865127 3.2428251982669365 1.4445694935749636 6.626743143927905
9.999999999999998 0.00906264711028233 2.2416956657141164e-16 7.406604674053521e-09 0.05819543982947094 1.2847824402167713 2.840164035775309 3.9999999999999996 1.51130901882309 2.6025276560144572 2.921347731960848 3.407818636360663 2.6236295023523 3.444234721773651 2.4093721268340524 2.803067876680165 2.3331570593254 3.108805669927847 2.1102714638200673 2.5447666901109827 3.2962769813783486 3.207564156176709 1.7012739969731618 3.2403731661965445 1.4427763575276378 6.675821531264214
9.999999999998717 0.009062688678055307 2.524784432616745e-10 2.0026528982108328e-12 0.05819520858752345 1.2847982579866413 2.840163220768229 3.9999999999999987 1.511309166728056 2.602528054767601 2.921348196448138 3.4078190882168915 2.623630031602247 3.444235580205487 2.4093728116567124 2.803068882881588 2.333158010428911 3.108807010705821 2.110272515372403 2.544768034353155 3.296278999188851 3.2075655796626013 1.7012752383512841 3.240375653929518 1.4427787087872739 6.675796953770657
9.99999999995278 0.009066197213418677 1.959999669175224e-08 1.0298876690322208e-09 0.05816952726247927 1.2865471556606687 2.8401339577186557 3.9999999997931757 1.5113200293512332 2.602554144170999 2.9213814855243134 3.4078556591894245 2.623672409674831 3.444328007477042 2.4094335573994923 2.8031596151556295 2.3332352511358967 3.1089437812183847 2.1103595051671564 2.544886559215904 3.2964854213728363 3.207722860798633 1.7013648091498779 3.2406000197855462 1.4429740029124054 6.674216890516918
9.99999999964889 0.009064909512876793 1.4033158658597585e-08 7.045150133850459e-10 0.05817431846076815 1.285223153534305 2.8401460485572936 3.999999999819335 1.5113143051569278 2.602544561429718 2.921368441792154 3.407838805451595 2.623651520646693 3.4442689978655006 2.409398966019406 2.8031079273230013 2.3331976781933212 3.1088620245662866 2.110314263174475 2.544820602048678 3.296366888201741 3.2076016647551655 1.7013220732192533 3.2404571169383933 1.4428283655584875 6.6741551085039434
9.999999995791187 0.00907015563924234 4.627229687416173e-07 6.470858137513913e-10 0.058125658749200705 1.2861758843102544 2.8401113371505278 3.999999999904738 1.511326559134049 2.6025823662341683 2.9214162659174043 3.407888053037566 2.6237058573955787 3.444354075181029 2.4094692196828844 2.803207255574654 2.3332948735959187 3.1090076823026616 2.110420149234042 2.5449609534463207 3.2965833694004263 3.2077926864715316 1.7014391403718372 3.2407396937776993 1.4430720991630033 6.670285547958132
9.99999999999969 0.009085607612962432 2.986350083409339e-06 4.32034608522508e-09 0.058009867618493825 1.2884218923971398 2.840082491635538 3.999999999980678 1.5113570236827887 2.602661975164459 2.921526926279086 3.4080283143394956 2.623858666655405 3.4446100157252406 2.409674944790847 2.803500756200781 2.333580039729245 3.10941364815535 2.110726197368199 2.5453487077145263 3.2971186367998455 3.2081967680669394 1.7017600328020814 3.2413708080573276 1.4433677059407908 6.658246949449325
9.999999999999998 0.00906263722208924 1.5135603377701719e-18 3.554362276036546e-11 0.05819562747425128 1.284778329532854 2.8401648678709837 3.9999999999999996 1.5113089447477657 2.6025272490827507 2.9213472896779926 3.40781846796726 2.623629252401459 3.444234610082738 2.409371824584206 2.803067690172983 2.3331568993688285 3.1088053858423104 2.110271243526089 2.5447663965726015 3.2962764976313492 3.2075639339643724 1.7012737115481258 3.2403724621591588 1.442775795626073 6.675827020069454
9.999999999141066 0.009098551977151904 2.6409112910823307e-06 1.2944513362242449e-08 0.05783534227835753 1.290492958839604 2.839976677856781 3.999999999993271 1.5113917711403562 2.602764614878998 2.9216460642489674 3.4081467574856275 2.623968272277951 3.4447822387471447 2.4097624383365295 2.8036469474819317 2.3337113725023864 3.109566202206138 2.110795052226622 2.545407677840722 3.297256652393251 3.2082389495998105 1.7016939532180684 3.241221925721248 1.4435248348395575 6.650839029504668
9.999999999999769 0.009062349432589673 4.159497781533548e-06 7.454759169295435e-07 0.05819568580276257 1.2847770309871902 2.840167182020192 3.999999999999995 1.5113127263224324 2.60253615085706 2.921362947003143 3.4078434894977194 2.623658582497914 3.4442865765847834 2.4094172209085842 2.8031314687949407 2.3332189552753273 3.108900102399516 2.110343401140852 2.5448631654093097 3.2964155898468777 3.2077094605460728 1.7013578072201203 3.240547346335122 1.4429015079918903 6.675909448121386
9.999999999999998 0.009062519298381425 1.40347379058262e-06 2.5641544691546825e-07 0.05819604915065807 1.2847646164625017 2.8401538563157582 3.9999999999999942 1.5113108184927244 2.6025352338049954 2.9213579924719753 3.4078276458521906 2.6236414657499085 3.4442501937756242 2.4093907184277965 2.803088062658544 2.333175641479142 3.108835909331786 2.1102946849983386 2.5447982136552554 3.2963212629215133 3.2076134690313705 1.701301761518044 3.240433083775917 1.4428063016840873 6.675859041225561
9.999999999998767 0.009112551368982027 3.294508177154458e-06 4.724128936997585e-08 0.057797397287108226 1.2922578608126043 2.8400282113233413 3.9999999997440923 1.5114068342004432 2.6027926035177384 2.921704520484728 3.4082492516220193 2.62409486643755 3.445008850386555 2.409984242726552 2.8039490786184524 2.3340100710016416 3.1100675358333496 2.1111838322063288 2.5459586060012556 3.298118274720878 3.209130450678037 1.7022372444800347 3.242418568225354 1.4443328234717914 6.637686502570577
9.999999993382977 0.009088206382032522 1.0557178422948243e-06 5.8624444248742136e-09 0.057968990921251726 1.289056417065447 2.8400573195659935 3.999999999247866 1.511362995786166 2.602680580578696 2.9215455904179666 3.408042250065122 2.6238691059229446 3.4446257696958527 2.409674979108807 2.8035105156906406 2.3335896701587813 3.109424960122589 2.110723885890843 2.545344813208257 3.297130857075364 3.2082236190293263 1.7017377301981624 3.241295907069714 1.443522914431496 6.65687987364209
9.999999999959101 0.009103006392198612 3.270476670206618e-06 9.598601880336788e-09 0.05787255357059978 1.2909189709002327 2.840047719918593 3.999999998572239 1.511389379557973 2.602746696571533 2.9216419181978694 3.4081709953762664 2.624011098526015 3.4448647326487314 2.4098730862536626 2.8037859686514435 2.3338542738325017 3.1098103341505294 2.111013198309292 2.545716381281872 3.2976468562452745 3.208663898559116 1.7020464727278328 3.241961897058034 1.4437718725555957 6.644996111610058
9.999999997076493 0.009066284125689836 9.43500343031981e-07 2.8841876955308654e-10 0.05816084343505315 1.2854989906527612 2.8401274442697884 3.999999999998469 1.5113189186915732 2.602560800976087 2.9213891802706455 3.407858011064285 2.6236743639806357 3.4443015385025206 2.4094308015172365 2.8031476728638767 2.3332356372132357 3.108921191141395 2.110358226531437 2.544879743472748 3.296446845516257 3.2076856658670514 1.7013729486598785 3.240584132808014 1.4429237740311167 6.6730882742916515
9.999999999999837 0.00910319082800089 2.9179157327121874e-06 9.451143134601991e-09 0.05786780504440837 1.2909946356762256 2.8400451202182198 3.9999999999692504 1.511389820059792 2.602748028098959 2.921642728654335 3.4081709869627175 2.6240101323774545 3.444863687371416 2.4098695144929674 2.803783306363099 2.3338516096519486 3.109809710537836 2.1110087608824935 2.545712708788887 3.297654030175752 3.2086760495551023 1.7020403201591492 3.2419726547526566 1.443824840283618 6.6449516637427575
9.995608841313231 0.00911517349916439 6.510661748415651e-06 1.172681736643505e-06 0.05773616378319329 1.2927970083268037 2.840131784417866 3.9999996207789663 1.511422082905471 2.602835820781157 2.921755050991398 3.4083016954282193 2.6241424896758 3.4450793751090543 2.41002003828185 2.804003948179251 2.334056028255982 3.110103146871215 2.111193743617459 2.545945649911578 3.2980748791837606 3.2090289946657053 1.7021631753160256 3.2422843967782278 1.4441953873006388 6.6367403978189605
9.999999999999895 0.00907119241579909 7.932841379918621e-07 1.0462796570971655e-09 0.05812398703997325 1.2862156897489379 2.840117060564933 3.99999999999995 1.5113277497170214 2.602584013274332 2.9214203381538892 3.4078965069829037 2.623715469537011 3.444371222045692 2.409483949162528 2.803227267739126 2.333314450175289 3.1090310803169774 2.110441339295384 2.5449838999009273 3.296592461880744 3.2077768212979754 1.70146138358227 3.2407543775248793 1.4429909335114557 6.669347821525358
9.999999999999998 0.009062319000741293 2.349709221702458e-06 6.125546622476842e-09 0.05819718064620698 1.2847437952636065 2.840168059041444 3.9999999999999996 1.511310672512317 2.6025308197950587 2.921354382554948 3.4078311224774054 2.623644104024181 3.444261580895235 2.409395203240108 2.803100788360718 2.333189097436338 3.1088545817228614 2.1103087372573635 2.5448167161500908 3.2963488378144796 3.2076393659134017 1.7013175801616611 3.2404642566968893 1.4428356248060235 6.675954053524423
9.999999993549595 0.009067376318737138 2.5031034170838006e-06 8.652161386868796e-09 0.05816031704750425 1.288327045670329 2.8401102236749027 3.9999999954963474 1.5113346192943262 2.602574527238531 2.9214104542652506 3.4079018390579665 2.623729684523347 3.44438777614573 2.4095126745228774 2.803256351929727 2.333348763041622 3.109062305123166 2.110482078652202 2.5450249492146617 3.2966208819220832 3.2079051775605487 1.7014886782773413 3.2407526645475513 1.4430561361433756 6.674688238425735
9.999999999767558 0.009066878586885707 1.207033960933478e-07 6.058425588629755e-10 0.058159370774388985 1.2859588854410922 2.84011885153281 3.999999999987175 1.511322210333545 2.602567608898465 2.92139655165201 3.407866835015854 2.6236827744488638 3.4443184884703357 2.409438949473107 2.8031646527799787 2.333252129382744 3.1089441937092395 2.1103731654118474 2.5448983301904464 3.2964743853121505 3.207708631831238 1.7013835014575023 3.2406042654270464 1.443007039004692 6.6729352705809095
9.99999999999992 0.009124940012595591 4.612208191745454e-06 6.213114356161398e-08 0.05770865114124643 1.2938654492997699 2.8400180006500264 3.999999999999938 1.5114291740650903 2.602848130385463 2.921783619821515 3.4083544818594524 2.624208034605888 3.445200672550069 2.4101353142110584 2.804163560315512 2.3342148712302575 3.1103630509256273 2.111399252638552 2.5462323416573778 3.298495977581186 3.2094411981363287 1.7024510954023948 3.242886635701736 1.44453493804887 6.627934539782839
9.999999997680245 0.009090830279222096 3.7186246063729782e-06 7.46579876045872e-09 0.05791704105902616 1.2895975029276772 2.8400160882357364 3.999999997213034 1.5113753840166166 2.602718296681665 2.9215905158374547 3.4080883844348 2.6239132911227703 3.4446979651376273 2.4097150488575223 2.8035749350118273 2.3336479042390605 3.109499295178956 2.110761842558186 2.5453864898989296 3.2972295817645207 3.208287854096134 1.7017281846255474 3.2413382438173044 1.4436264643828332 6.655729035646466
9.999999999999972 0.009062714288503613 2.380831462167523e-07 8.62653144719156e-08 0.058193910896783545 1.2848160090234884 2.840162679266971 3.999999999999979 1.511309544064125 2.6025292269071385 2.9213497784580267 3.407820934397107 2.623631985042174 3.44423877252776 2.4093752096885086 2.803072456210902 2.333161550366229 3.1088119889416412 2.1102760442210307 2.5447724898138415 3.296285614377718 3.2075703382510166 1.7012784562059058 3.240381747703261 1.4427836984893208 6.675780413651594
9.999999999999998 0.00906333899115748 1.1758589975900143e-05 1.2891878996225588e-05 0.05819074804646865 1.2848849791362067 2.840175031176796 3.9999999999999996 1.5113214443968028 2.602555717796622 2.921397368038649 3.407899702472204 2.623723697802355 3.4444029808428365 2.409517470196218 2.8032736189648255 2.333357364220117 3.1091105933448397 2.1105037979512757 2.5450781571082164 3.2967236097126578 3.208044028195611 1.7015431716476568 3.2409314138938163 1.4432164561547471 6.675718111308699
9.999999999961704 0.009073547244898984 3.157202859916129e-07 6.692342219417243e-09 0.05810181978446882 1.288045509700892 2.8400817814918407 3.999999995384287 1.5113455913631493 2.6026259010528 2.9214708436323793 3.407954773431667 2.6237770880273037 3.4444736572755157 2.4095495003398546 2.8033334697913204 2.3334181651884167 3.1091676086074806 2.1105347732333133 2.545097533443415 3.2967878302204165 3.207939620288503 1.7015262260925386 3.240954318649215 1.4433111019723681 6.66862404617523
9.999999999999995 0.009062608323874807 5.882371936249319e-08 1.2668224420322137e-13 0.0581958434295086 1.2847735571573893 2.8401652236408816 3.9999999999999996 1.511308934437214 2.602527132955308 2.921347215953966 3.4078185897713027 2.62362938245055 3.4442349977228877 2.409372063080243 2.803068158664117 2.3331573862105643 3.108806100156169 2.1102717909637856 2.54476712939878 3.2962776915604888 3.2075647024945484 1.7012744301049247 3.240374263280942 1.442775733984912 6.675847010594582
9.999999999999844 0.00906471287411642 4.70492596762002e-10 1.06315024124903e-05 0.05818859477761676 1.2849296469325329 2.840174015462891 3.9999999999999836 1.511311192771319 2.6025300767299835 2.9213534530531007 3.407832438359514 2.6236441219362256 3.444264025001805 2.409394053914575 2.803102232442566 2.3331907915251704 3.1088555137123968 2.110309282058743 2.5448168998455043 3.296343163797548 3.207637935467678 1.7013160249204236 3.240449211064122 1.4428618285084676 6.674997825454984
9.999999999999964 0.009062635956975693 1.3493318420852266e-17 2.0101268482643577e-09 0.058195613827868836 1.2847786144277962 2.840164270068263 3.9999999999999996 1.5113089781946127 2.602527505334559 2.9213475655844072 3.407818511849931 2.6236293696934796 3.444234526762785 2.409371993964135 2.803067645211338 2.3331568079487095 3.1088053304087024 2.110271209070431 2.5447663659199464 3.2962764066001244 3.2075639687305246 1.7012736943395448 3.24037247612018 1.4427755219438596 6.675828004178976
9.999999999999998 0.009062659426917563 1.361266183664265e-13 4.6019484956589054e-09 0.058195296605310344 1.284785253774545 2.8401617514247333 3.9999999999999996 1.5113091716312774 2.6025286879047473 2.9213488601384903 3.407818926031183 2.6236300691325667 3.4442346593433477 2.409372900056049 2.803067999166946 2.3331570402772854 3.108805894139285 2.110271660927844 2.5447669893771594 3.2962774700388056 3.207564221845373 1.7012743901335778 3.2403745485930817 1.442774944569831 6.675811198696944
9.999999999995678 0.009120022435752025 4.407385345424363e-06 6.467111928094849e-08 0.057729426721445834 1.2932987201192045 2.8400036784397105 3.9999999999998628 1.5114228386572108 2.602835751764092 2.92176179475099 3.4083187285880245 2.624167118686867 3.4451305369187915 2.410072311298364 2.8040774284493253 2.334130430145287 3.1102467762893333 2.111301205140892 2.546110965849773 3.298396538586429 3.2093356602789336 1.7023368309605214 3.2426590942109725 1.444549909327788 6.632237871708608
9.999999999998872 0.009062575255696556 6.22798471050707e-08 2.64563732228205e-09 0.05819709996236221 1.2847457850840975 2.8401655069210947 3.999999999999755 1.5113087635411782 2.6025267385137907 2.9213468011803303 3.407818053098275 2.623628926815647 3.444233928874112 2.409371614839755 2.803066881391363 2.3331559495355227 3.108804111792871 2.1102702597432446 2.5447650721007222 3.296274614317708 3.207561108826547 1.7012727071911384 3.240371800369401 1.4427640711508485 6.675854126882682
9.999999999999998 0.009100782758290722 7.156922869489464e-09 0.0003029851288761142 0.058162996231830154 1.2844741955114332 2.8400237206354797 3.9999999999998814 1.511357270736365 2.602688516542622 2.921577817812818 3.4080742259502994 2.623940036355562 3.4446871405711272 2.4098287497709467 2.8036086771393127 2.333669031440624 3.109412476970106 2.110832308122892 2.5453593584841294 3.2962323127627187 3.207070896399416 1.7017901456759394 3.24098998230786 1.441339989435318 6.669547384297552
9.99999999999977 0.009062643598817697 6.783696052245653e-10 1.363527172905344e-08 0.05819558988362277 1.2847791192924134 2.840163855765975 3.999999999999998 1.511309013301517 2.6025277278555334 2.9213478344109336 3.4078186110997986 2.623629560689469 3.4442345491378985 2.4093723430573037 2.8030677228857446 2.333156772503917 3.1088054284745468 2.1102712873759804 2.544766505704835 3.296276226991385 3.20756513652044 1.701273670274695 3.2403719653630647 1.4427762744481916 6.675820863525574
9.999999999999998 0.009062630923888555 6.033745175324744e-10 5.2471516748828304e-14 0.05819559352780707 1.284779078551253 2.84016479203758 3.9999999999999996 1.5113089465168037 2.6025272674368023 2.9213472946825925 3.407818445282466 2.623629218519165 3.444234560859794 2.40937174242214 2.8030676296898047 2.3331568648237915 3.1088053055281604 2.110271183230335 2.544766308760799 3.2962764803939315 3.207563534007846 1.701273680587727 3.2403725327041317 1.4427756548820951 6.675833772439692
9.999999999999998 0.009062637694387022 3.5284373439552783e-15 2.976249850267293e-15 0.058195628523544596 1.2847783062409537 2.84016483606065 3.9999999999999996 1.5113089469301673 2.602527264547527 2.9213473079102554 3.4078184735119454 2.623629264010573 3.4442346096866667 2.409371844919863 2.8030676934866654 2.333156896627422 3.1088053903661677 2.1102712473874417 2.5447664035855992 3.2962764918671223 3.2075639817403645 1.7012737128287418 3.240372452020509 1.4427757974709077 6.675826482430967
9.999999999996406 0.00906973181154401 6.3248284279835055e-09 2.9167651131470934e-09 0.05813475643500645 1.2868697602135353 2.840106861909325 3.9999999999593534 1.5113314219771812 2.6025897047020257 2.9214245890295087 3.4079013076985722 2.623719651548127 3.444381575834082 2.4094803150914763 2.8032324165303146 2.333318530754588 3.1090341536097323 2.110438115538893 2.5449783648385957 3.296601668197091 3.207799685947918 1.7014419838261776 3.240736730086181 1.4431446749652157 6.671124705837076
9.999999999213747 0.009136846432341063 8.543401369898949e-06 7.80444173072159e-08 0.057452322036414025 1.29267131968286 2.839840763819233 3.999999999840328 1.5114790826130835 2.6029969607336962 2.921942446293474 3.4084889922756365 2.6242972456296565 3.4452694139825546 2.4100664699382084 2.804046283541285 2.3340371856591697 3.1098370001727873 2.110924016470385 2.545418595415517 3.297044529034653 3.2075006845497858 1.7013504464326492 3.2407357683866995 1.4416763579144756 6.627090724434183
9.999999999984562 0.009064096007519451 4.6381291985151964e-10 5.046535396105088e-10 0.058184847705935974 1.2856975097304801 2.8401486379649876 3.999999999999691 1.5113137320829497 2.6025390813956806 2.9213620297701204 3.407833784283024 2.6236471702459245 3.444273749126338 2.409397371778497 2.803105840981673 2.3331891924000447 3.10886350998815 2.11030794626148 2.544816675632269 3.2963396310425828 3.207630394730598 1.7013118274800998 3.2404686504763265 1.4428715306881295 6.675352004210103
9.999999999999998 0.009062434980394994 1.8956640449088443e-06 1.4524673672299516e-07 0.058196513009977205 1.28475643043832 2.840157291524729 3.9999999999999996 1.511310995359449 2.6025347253896687 2.9213580939203134 3.4078299298143597 2.6236438569605394 3.444255891436602 2.409394597685023 2.803094794020685 2.3331823730257084 3.1088458594598762 2.110302222394092 2.544808275008011 3.2963357850142936 3.207628822830047 1.7013103770353455 3.240450303910174 1.4428201395192215 6.67588932514218
9.999999999999996 0.009062671239889524 1.4700967775036688e-08 5.908646516577062e-08 0.05819545451539163 1.2847821405591506 2.8401653475797786 3.9999999999999996 1.51130898683877 2.6025272410428735 2.9213473840952373 3.4078187952317713 2.623629629138551 3.4442352625443413 2.409372525313255 2.8030684498649365 2.3331575064475816 3.1088064322984548 2.1102720252268816 2.5447674775458244 3.2962772764677872 3.207567599285529 1.701274260865576 3.240372298154615 1.4427797285492148 6.6758011101292745
9.999999999999952 0.009066346732355372 1.676840792320979e-08 2.1883743459570184e-09 0.05816840951001715 1.2867970175703252 2.840137647311639 3.9999999999999942 1.511320378462826 2.6025543274852083 2.921382026732332 3.4078570330666675 2.623679924508212 3.4443336124354085 2.4094352981201648 2.803163241969575 2.3332437500762917 3.1089478495515195 2.110362024480948 2.544889291591194 3.2964920954024817 3.2077281017450314 1.7013661386873846 3.240614562932224 1.442975360148268 6.674330822577604
9.999999999999998 0.009062520015152191 1.043835690722186e-06 2.7911147971875514e-08 0.05819609631716365 1.2847679787915867 2.840165183804825 3.9999999999999996 1.5113098182662486 2.6025293993582266 2.9213510714425577 3.407824370222661 2.6236362538983813 3.444246844529641 2.409382716841622 2.8030827665619396 2.333171535727967 3.1088277979283454 2.110288326137423 2.5447893124326755 3.296309561487642 3.2075976579855934 1.701293784950622 3.2404150529448326 1.4428019863296782 6.675867060259835
9.999999999999998 0.009062469359823678 8.510523414480525e-07 8.149275165600801e-08 0.05819785397654363 1.2847290646449088 2.840166358282684 3.9999999999999996 1.5113093375370588 2.6025280649304516 2.9213493810707782 3.407822253848916 2.623634013832808 3.444242506643023 2.4093798483698197 2.8030773678842094 2.3331657074258265 3.108819420663338 2.1102818505291694 2.5447806632245884 3.2962952731028623 3.2075883911422034 1.7012853820799145 3.2403956816624615 1.4427835022645317 6.6758926538917605
9.999999999999984 0.009062638375058898 5.159740614394962e-09 1.0379365388994525e-09 0.05819572577024799 1.2847761578713368 2.8401650513732295 3.9999999999999996 1.5113089309942878 2.6025271706569257 2.9213472186379716 3.4078184695511946 2.623629249437225 3.444234671038035 2.4093718358963203 2.803067759552912 2.333156982089878 3.108805495267832 2.1102713286402133 2.5447665059323015 3.2962767718720074 3.207563738672652 1.7012738802473049 3.24037310673545 1.4427747571216025 6.675824459596697
9.999999999999998 0.00906230518793634 2.858181051285162e-06 1.433039057422871e-09 0.058196771745093114 1.2847526607954614 2.8401691382424006 3.9999999999999996 1.51131115468351 2.602531704333694 2.9213561049314785 3.40783437237661 2.6236477913128393 3.444268533427335 2.4094009065143474 2.803109255563261 2.3331974237560384 3.1088671511210677 2.110318341185868 2.5448295849275455 3.2963671627001836 3.20765946750175 1.7013286939781744 3.2404870623538047 1.4428557155399178 6.675944073892738
9.999999999930502 0.009070402138351927 1.6720213561841994e-06 6.584009739317442e-10 0.05812914166340151 1.2861241289467786 2.8401086763178762 3.9999999999999476 1.511327784849373 2.6025870012998973 2.921424161013327 3.407897092647238 2.6237183313149126 3.444371401828285 2.409490780768383 2.8032302073122652 2.333315889152326 3.109041195303183 2.110447406438313 2.5449967003723315 3.2966219905596064 3.2078272564180734 1.7014736581886631 3.2408004857344257 1.4430510619133732 6.669895563026449
9.999999993259477 0.009062660945948648 4.165859860604351e-11 6.24257188892634e-10 0.058195488704976595 1.2847813930502274 2.840164770160574 3.9999999999999996 1.5113089879251547 2.6025273852670123 2.921347472886535 3.4078186567053974 2.623629475122497 3.4442349282947435 2.4093721435662974 2.8030680746526135 2.333157259683541 3.108805938843396 2.1102716608198078 2.5447669486891393 3.296277282101737 3.20756470428282 1.7012741798948412 3.2403734496826684 1.4427762795660253 6.67580757553642
9.999999999999726 0.009130324822167834 4.082118714777042e-06 7.533253424014952e-08 0.05766169269953221 1.2945789309411202 2.8400025803227917 3.999999999872279 1.511439050569975 2.602874609733074 2.9218180304568446 3.408395474182267 2.624249871102795 3.445271148061807 2.410184500787759 2.804237056079474 2.33428362250531 3.1104689723444814 2.1114654695774124 2.546321466147139 3.2986803094122985 3.209616553954425 1.7025075510721777 3.24298359957011 1.4447212548326414 6.62398977414929
9.999999999976696 0.009063170198955427 4.570700399161587e-08 9.793143066289276e-11 0.05819115556691954 1.2849810991765545 2.8401539077704583 3.999999999997826 1.5113110189047945 2.6025338868848165 2.9213550074437387 3.407824978260914 2.623636826404077 3.444246170794017 2.4093814762247168 2.803081071167016 2.3331696488433007 3.1088234241971056 2.1102851797964024 2.544784860938499 3.296303314263931 3.207583864091219 1.7012893944599066 3.2404037464863675 1.4428147709366324 6.675511516061826
9.999999999991573 0.009071650633695938 5.876830005628911e-07 2.267872091076678e-09 0.05810848836954814 1.286536250822248 2.840113114353022 3.999999997370519 1.5113297733364512 2.602588596918105 2.9214245167955966 3.407901370086067 2.623718066496484 3.444378039258443 2.4094817781954627 2.8032319706013675 2.333320312738956 3.1090345611054944 2.1104419671526866 2.5449828770426484 3.296596861635662 3.20778846196595 1.70145261933882 3.240733829461227 1.4430810500720084 6.66922623863284
9.999999999999995 0.009088535990386856 7.514536164092793e-07 5.98615307063205e-09 0.05795386183548376 1.2892062533507749 2.8400432890846568 3.9999999999642237 1.5113652273789442 2.60268832226893 2.9215525361531633 3.4080458790962824 2.6238703389100912 3.444626107089884 2.409668179455545 2.8035057838440904 2.333584605613981 3.10941503503789 2.110709666690263 2.545325486801342 3.2971318933898557 3.208208884378681 1.7017075644217008 3.241275694959425 1.443592073969254 6.657023718335147
9.999999999999998 0.009062638459336992 8.43406272042915e-12 1.7599000270414222e-15 0.0581956262340622 1.2847783569488869 2.8401648866009954 3.9999999999999996 1.5113089450498802 2.602527244727559 2.921347287101129 3.407818474455443 2.623629258338769 3.4442346270796107 2.4093718343712847 2.803067709167433 2.33315691827153 3.108805412907672 2.1102712637949512 2.5447664231260765 3.2962765360805553 3.2075639695536764 1.7012737341574427 3.2403725102432945 1.442775804595698 6.675825907388992
9.999999999999996 0.009062803403120113 2.052917787229992e-12 3.8064542898183596e-07 0.05819469195086667 1.2847987998912886 2.8401671671517104 3.9999999999999996 1.5113090813227563 2.6025269581463473 2.9213472784817847 3.4078195785262055 2.6236303374456003 3.4442370877106256 2.4093736684424725 2.803070450387089 2.3331594097634354 3.108809195099613 2.1102740929360233 2.5447702006576254 3.296280274855488 3.207573584639677 1.7012760984948954 3.2403740571423025 1.4427872576009235 6.675721973962345
9.999999999682121 0.009062619800051597 3.297751461903614e-07 5.8755109281411315e-09 0.05819667605836439 1.2847551547005138 2.840164988543359 3.9999999999998597 1.511309149359281 2.602527855367091 2.9213484976493636 3.407820215828901 2.6236315173197537 3.4442381063869982 2.409375585622357 2.8030720356926677 2.333160861350196 3.108811722396481 2.110276057737945 2.5447728610488367 3.2962854010845466 3.2075738042750377 1.701279308524354 3.2403849695959246 1.4427753557093292 6.675803070412452
9.999999999999838 0.009062655386549915 3.1971260198292324e-09 2.1887942362954473e-13 0.05819563728735099 1.284778110772642 2.840165089097308 3.9999999999999996 1.511308952547319 2.602527212725108 2.9213472875479436 3.4078185806897108 2.623629371156792 3.444234880882464 2.4093720181536353 2.8030680033899986 2.33315720850533 3.1088058393906457 2.110271586104397 2.544766847350424 3.2962771961876176 3.207564400938452 1.7012741318314133 3.240373498591181 1.442775455753852 6.675810152634176
9.999999999960226 0.009066517333590643 2.1661662955050915e-07 1.4389919030848286e-09 0.058165493568654976 1.2866251595847378 2.84011671077211 3.999999999993898 1.5113241066527305 2.602565478511115 2.9213939924290946 3.4078669203485017 2.6236906539685174 3.444342521072503 2.409444068413769 2.803177916755647 2.333260330269119 3.108962098435671 2.11037520094362 2.5449018157845047 3.2964986546699278 3.2077127972244033 1.7013736072917949 3.2405867426204917 1.4430177344532065 6.673950070088147
9.999999999999998 0.00906268726587635 1.2565404492764355e-13 1.6142081109680406e-08 0.058195313857664445 1.2847851915512238 2.8401661899083175 3.9999999999999996 1.511308952792622 2.60252688507435 2.921346975384373 3.407818751169831 2.6236294236753177 3.4442354626382676 2.4093720942169763 2.8030685756416513 2.3331578147816368 3.1088066148937132 2.1102721504223325 2.5447675697099434 3.2962780231531434 3.207566058200092 1.7012745554455169 3.2403736218286903 1.4427786972207053 6.675788661494791
9.999999995608349 0.009129340659616392 6.626847185925579e-06 1.9856358763475912e-07 0.057624256160653774 1.2939748343163544 2.8399449353029365 3.9999999999957083 1.5114470165435203 2.602904727809104 2.9218471268846553 3.4084117471538287 2.624256274586921 3.4452676187409708 2.410152398703955 2.804191015418268 2.334224166569665 3.1103429688363415 2.1113440795041485 2.546134507067824 3.2984149216260716 3.209277020459221 1.7022568390019985 3.2424371731952446 1.4441712292715738 6.626622368967291
9.999999999999998 0.009062978264280938 3.853470823847061e-07 1.915699327176874e-06 0.05819416672441493 1.2848103310634214 2.8401677790395943 3.9999999999999996 1.5113096739964833 2.6025283667505876 2.92134977348278 3.4078233337737713 2.6236348793879256 3.444244444525362 2.4093811452209475 2.803079509861895 2.333167654482988 3.108822424773583 2.1102841853212024 2.544783922118837 3.2962969325627975 3.207602127564007 1.701286719404953 3.2403911257970317 1.4428157688743275 6.67567589561308
9.999999999928466 0.009067388894017717 1.5465189749492174e-08 9.579634203858336e-10 0.058154719471420695 1.2861126246617747 2.840121373901168 3.999999999559487 1.5113235684082145 2.602569646470169 2.9213994804076755 3.407872341679655 2.623687954064913 3.444330597814673 2.4094448092986087 2.803177070135695 2.3332643781295626 3.1089603412909614 2.1103848794137763 2.544912326724144 3.296492969363158 3.20771747880101 1.70139431446324 3.240615622485756 1.4430184721493977 6.67261323575644
9.999999999999998 0.00906261603281231 5.5602724438076205e-08 1.5735613292521163e-13 0.05819581904911183 1.2847740848929061 2.840164971235237 3.9999999999999996 1.5113089552268646 2.6025272590893214 2.921347359861755 3.4078186421240115 2.623629471512663 3.4442350219142557 2.4093721905195027 2.803068208401644 2.3331574134354596 3.108806173680584 2.110271848925466 2.5447672095677234 3.2962778105870445 3.2075647574027526 1.701274516574139 3.240374529468925 1.4427753726474537 6.675840336587758
9.99999999996212 0.009165815725036355 1.007571149365262e-05 3.2151678761228875e-05 0.05739566013657361 1.2992696011327334 2.839975196879202 3.9999999996813944 1.5115053668194294 2.6030391805186937 2.922054949148062 3.408714704101391 2.6245930292353514 3.44586255913374 2.4106463693035627 2.804894728565133 2.334906719882229 3.1114172743318567 2.1121278318657795 2.5471956275258054 3.300098563596358 3.2109114379595627 1.7031835851071517 3.244032721252766 1.4456657429524373 6.598610254202104
9.999999999060073 0.0090851768010281 1.6436617956466725e-05 1.5000825026016717e-05 0.05803951228662291 1.2931326930663558 2.8401138230236405 3.9999999996934874 1.5114004687346851 2.6027104450467244 2.9216176267558107 3.4082141451044623 2.624089591914918 3.444987595182558 2.4100436847814852 2.803980279331001 2.3340610090887255 3.110098911551259 2.1112948317563696 2.5460734356242924 3.298056464949892 3.209369397384265 1.7024138333169485 3.242552600384642 1.4443218276071963 6.663131986609189
9.99999999999447 0.009065158545475259 5.82802899737287e-09 1.395201361984138e-05 0.05818729155557205 1.285158567012432 2.8401602876923775 3.9999999999998885 1.5113133483421437 2.602537756644356 2.921362429385211 3.4078386890247123 2.623653284749986 3.4442733319923793 2.4094056138880346 2.8031148625491493 2.3332038104724315 3.108874126615728 2.110324755565466 2.5448367010080224 3.296377682840275 3.207668566200033 1.7013363065214913 3.240498441854104 1.4429011812218981 6.675095271612036
9.999999999999526 0.009062652441329287 7.801990117105133e-10 2.5815873831362957e-09 0.05819554085266343 1.2847802370112107 2.840165266233782 3.9999999999999996 1.5113089474091592 2.602527141906892 2.921347200781602 3.4078185580391676 2.6236293137700604 3.444234871935547 2.409371930320981 2.8030679650315404 2.3331571730313225 3.108805766056566 2.1102715236338563 2.5447667632264395 3.296276930350885 3.2075647307045516 1.7012739545121165 3.2403727197180068 1.4427768350815147 6.6758147447499026
9.999999999999998 0.00906263562367079 2.7196422465756177e-15 7.186709521646802e-10 0.05819563171954043 1.284778232738843 2.840164621321755 3.9999999999999996 1.5113089566662445 2.6025273521743113 2.9213474009902947 3.4078184780710727 2.62362929596991 3.444234554794767 2.409371896968723 2.8030676486822856 2.3331568297368173 3.108805327285601 2.1102712023215373 2.5447663516410315 3.2962763683876055 3.207564023310428 1.7012736574659768 3.2403723048862805 1.4427757554844463 6.675828080007376
9.999999999999996 0.009062473091498083 9.155929356868781e-07 1.707973950999144e-08 0.05819672773324552 1.2847539345937646 2.840166722636471 3.9999999999999996 1.5113094952497585 2.602528190940316 2.921349522156348 3.4078229772195656 2.6236345439591986 3.444244465094251 2.4093802664174166 2.8030797694324003 2.333168664455922 3.1088233441656024 2.110284932311243 2.5447847635456418 3.2963031051581058 3.2075909541438237 1.701289830498414 3.2404067916276973 1.4427948192499824 6.675906964300153
9.999999999006738 0.009062658451208795 5.91167141331979e-13 6.065514799769738e-08 0.05819532501166056 1.284784955579762 2.84016381075988 3.9999999999999587 1.5113090544959669 2.6025278071424287 2.921347913014563 3.4078187550094334 2.623629658929892 3.444234871284001 2.4093723612643148 2.8030680702045787 2.3331572109049437 3.108805942956335 2.1102716699856403 2.5447669744792543 3.29627722831969 3.207565009564184 1.70127416028088 3.240373212579739 1.4427776234858694 6.675817271566553
9.999999999999998 0.009062638062872077 7.989257689176352e-17 1.4954314535933944e-16 0.05819562563319635 1.2847783702051188 2.840164880999893 3.9999999999999996 1.511308944974698 2.6025272455070243 2.9213472866270136 3.4078184722447062 2.623629255039767 3.44423462329811 2.4093718266088473 2.8030677044933694 2.333156916309259 3.1088054069766113 2.110271259341132 2.544766416402214 3.2962765380672217 3.2075639296680936 1.701273733288763 3.2403725246068724 1.4427757825314642 6.675826318623045
9.999999999999995 0.009062620344358058 7.66943432923051e-09 5.167924597754194e-09 0.058195739503008895 1.2847758553993711 2.8401650345492895 3.9999999999999996 1.51130891533228 2.602527130339339 2.9213471472756725 3.407818372067197 2.62362912880011 3.444234492050316 2.409371642906255 2.8030675418476405 2.3331567852169446 3.1088051825452747 2.110271091572443 2.544766189824425 3.2962763314027543 3.207563314475 1.7012736020307107 3.2403724694488396 1.442774948425803 6.675841177100294
9.999999719794921 0.009068377550681978 1.0480972600154707e-08 4.538323572449857e-09 0.05815202376445073 1.288366051828887 2.8401067505095736 3.999999998253644 1.511329845056241 2.602577083021757 2.921409739092657 3.4078840690631056 2.623719726820141 3.4444167243848582 2.4094802644189564 2.8032307198313897 2.3333006297037233 3.109043962068076 2.1104154040391685 2.5449587674718988 3.296614870635611 3.207792172643512 1.701408990043462 3.2406863388531115 1.4430435384771176 6.673951876214474
9.999999999476126 0.009062889890357525 5.18055207486288e-12 8.434712025890072e-07 0.058194387413147225 1.2848054990100912 2.8401673675805355 3.9999999999999996 1.5113091903262612 2.602527203270854 2.9213477113928703 3.407820201531034 2.623631100147896 3.444238203702784 2.4093749887684197 2.8030718052095946 2.3331605179902386 3.108811103899449 2.1102755383862135 2.5447721972836663 3.296282029223182 3.207579482988601 1.7012773119905782 3.2403747528002156 1.442793856222725 6.675685893381029
