7.62885483833071 0.15794952749235266 0.07075739556832071 0.19619531461442533 0.21442214757158298 0.6866793805508746 3.0283160830248947 2.8748460480379414 1.8725564560808117 2.1449050786876076 1.985554991308256 3.703086684773553 2.0283221973910868 3.3345217346776583 1.448000609231428 3.53726112839595 3.6038173255886714 1.8709980512824689 2.292435028159965 3.685305234808119 45.73978892069044
2.324738406678101 0.08893949102393935 0.050156152368231434 0.1182474691095996 0.1391355293740023 3.2108194497558653 2.852518300125931 1.0636066895277383 1.7209168449119603 2.128450277933309 0.0690578851618321 0.19022267624567019 1.6644693500021936 0.4891411205584052 2.9088902078337546 1.00141878204457 0.44410369268221433 0.76795230928668 0.9645254460397064 0.908546857137519 24.087550012556456
7.237729538720183 0.09732171097231701 0.04436220219820217 0.0649334487537796 0.15594501170042835 0.7059752577017984 3.6363649616730735 1.1091431759542747 3.649942451678785 1.2727743435503698 3.831578760646824 2.8395129351520385 2.0417828270841043 2.0951036367867806 2.6230868759188235 2.372381611588214 1.281785081976451 0.8708829744248127 2.0719720505033656 3.7399097185784256 29.490931411432552
0.7654822036002029 0.15099682284957974 0.038471825593364775 0.11431054826586617 0.08733385500874628 1.8797363098835793 3.0266429976560874 1.6104181126235584 0.5308314465279949 0.5309918939000828 0.3680173351268379 3.4077799519241494 2.581916795632707 3.840690825413458 2.785977559285866 0.14744165198369918 2.653680672183478 3.1199871418667047 2.907897205933362 2.016900605696989 36.04371505820281
3.5758461773097183 0.091407142790357 0.15974441673593598 0.05378849876553052 0.1173209992734964 1.9363601911232615 3.8210525454972566 3.227182408831384 3.731612747862042 3.3522220156109563 1.2222164922129637 0.9649280765487113 1.9807184201210357 1.0746510983766342 1.7392326362259178 2.732603850676538 3.678391897551924 2.3643072923631476 3.2805203529016422 0.42899187789173 39.66450852324938
3.560572279701708 0.19954960427472615 0.029300209591246285 0.08335360869497775 0.01489950383736451 0.39028995856565235 3.587226390774185 3.9551162633951877 2.6099242072433877 0.5576342694235064 1.2207109521541484 0.9652135912194287 2.69939268750227 2.740341079616456 1.7834410558007332 2.119779334840207 0.4926775411983702 2.1865283340022774 3.80225795080507 3.035320345116064 40.84685159185115
6.152394833248575 0.14849192462515592 0.022622980603615384 0.06744275463932906 0.0068682023278532804 1.8221803868445614 3.0755812495229087 2.972789321696767 3.6129796254826454 3.034865507016504 3.45666081648544 2.836113303200524 1.9174790727883353 0.9408339028741561 2.6602725696952048 1.299408410576624 0.453093964946308 1.8188963526056472 3.505314013324471 0.5537690352442122 36.396296961871975
7.1046007969414795 0.18733398379705177 0.1410785073756106 0.09449983590857201 0.21443919466579953 1.3563736272407716 2.9951703813096566 2.6510158518074687 3.058355056030572 3.415689249834921 0.9387455776689595 2.5039336643525134 1.640759344580372 2.684538926266839 3.9100745553500977 2.5575818446586354 0.09584288661248319 1.8849677906789963 2.8607271096223386 3.5387227005654203 51.48985624074578
6.105370100295311 0.06172891790652145 0.19676813537123564 0.07417713148776714 0.005710592053396282 2.756983369290807 0.45516151149918427 1.257914230861619 3.357252076367887 2.69871682417873 0.11472585713118398 1.8305415056270478 1.6713201924748526 1.968937784732657 0.8728166666467012 2.3758151594255836 0.34162332794031636 1.1733369507300238 1.5229910638933226 3.744321224387467 51.5859103631272
6.500850333077372 0.163213980338618 0.003427479271473999 0.18864591302950262 0.16260838589864424 2.4454536100764073 3.626025969171687 3.5444849218556724 0.44680665351776316 3.271703804306739 3.0796529260746244 0.8381752843701731 2.989770485382373 2.365598402484354 0.8064029740894164 3.2265481141739127 0.5945988560729694 2.4686786404315293 1.7658720374414478 1.0520798878974673 35.46687725284609
8.693101533093158 0.18711417858622106 0.1507068633579083 0.1958138372247886 0.06500334441607651 2.508820494757024 2.6990988365340445 1.5013653782674163 1.6109522514924368 0.7403581847905499 3.8329635825773316 1.4483139123089774 1.9327043447375674 3.579582009076218 0.7864778510762229 3.844644517057431 0.5518701499220748 0.1607166220386621 1.4355810158698867 1.4687404442898642 58.809008915058826
4.090951243732693 0.11500091618420893 0.07841484025032673 0.12772047529254857 0.04386751524224318 2.915836154036519 2.0348862063564828 2.3541778732722305 1.8410197937575226 1.9983269893738567 1.393380382915364 1.7658014537238755 1.0540227504360138 1.215083280894022 1.6572546712498908 1.225934036790066 2.378244341347432 3.9708199394687584 2.420372950597643 3.99821255422586 32.78672761527433
9.17644321012524 0.1766388501708673 0.15231218733155125 0.08728557975349721 0.12097294001177161 0.9852405101733639 3.3424422867510306 1.5901488914156967 1.174380631388315 2.5693337493223356 0.6447854341663046 1.2995845585943075 3.7084012640184385 0.4254293690199293 0.6116898193681581 0.8571651839372479 1.0413711108893262 1.7105703325839894 1.0381961055257083 1.4036251168004117 48.120761866620086
4.737933761614642 0.12389714102651331 0.06336775950287461 0.1675277957641044 0.1331997503486603 2.372602338091946 2.1774162719061705 3.9404877339158566 3.9562739017241872 3.3711258611203605 1.8455760018463554 1.6765696221939053 2.122828825473428 0.23232156873839194 0.47760461034445945 3.981267718492376 0.5564315368822794 3.7526684827295274 2.734930122830108 3.6646066024275274 38.526908235326694
1.5226095116826128 0.10851039231977 0.00023596903097906213 0.15459393478631303 0.13057315409420459 3.9187019236189 3.978150281082516 1.596829350187821 1.1621520794179545 0.7030366137073996 0.6724821416880027 0.14349064222417296 0.4391563224857559 0.8411218923306318 0.5510210034284735 1.51624244249211 3.141227871004091 3.766693925193459 1.9432305612196303 3.4266873288597965 7.630954267744429
0.9549964567509039 0.10227608418413377 0.14432433671876788 0.05522424398261994 0.19586131932134787 1.870866239508876 2.828101974021659 1.6468288385098613 3.9748371070280615 3.136573069834021 2.3118846134123507 0.6215493209390975 1.7905786606900576 0.16917990368201735 2.3986095504068703 3.530424146424391 0.7630141706167103 2.065194997020249 1.955547540014664 1.6494110086086364 36.12176929772001
6.990559663402486 0.13164591357705355 0.006123019161754107 0.11034495048487956 0.0450318330695391 0.8176579247885858 2.3401424687687955 2.5981115325949213 2.520458194187873 2.981684924564641 2.825442312294128 1.926844444734862 0.23877660713525706 3.1002793576714014 3.301173170930889 3.3501291000890974 2.4124860885330612 0.2007688516503845 0.8237445241861995 0.47795761156567107 31.542208554589866
2.464813940773698 0.04801768620019638 0.1221209511859005 0.0672916173042299 0.08310026665242909 3.0828754239919216 0.2936689436888158 0.6189674362616174 3.4107532359592088 1.7476206496523878 3.1262738233361573 0.57453410303491 2.115810853453915 3.389227256624688 1.385264853465431 3.0843055382880227 2.460985465211222 1.6085657231482382 3.989537356897117 1.5995960088668124 30.530419237700524
0.7733650053007779 0.06116206863178746 0.15958554850120876 0.0017690900757111327 0.023620068765931205 1.435032769824033 0.7338960133382192 0.6300978503216377 2.695569230498445 0.41309555938276876 3.887442159562646 2.6149777568015407 0.24657818406807497 3.599945323360299 1.0040297922138333 1.951782857261712 2.2571279963103943 0.5976025104390262 2.033527681168246 0.28821984634518083 43.72123025442683
5.207363640478975 0.09288062222876806 0.0619452141754826 0.12835175153613496 0.04735823423670168 3.6309225730901455 3.854310786575489 2.929277630031221 1.7632487817191769 2.070430301757338 2.34525140885863 0.25237723724302863 1.7011647345057028 2.124004902663059 0.7658389902594276 0.42045781441035746 3.220488074386275 1.4964266678464218 2.100878275890993 3.6897288729878834 29.19490773324262
1.5127132508836305 0.05986296214015574 0.19295767375267214 0.18519245568981535 0.045232424101246435 2.829387234859812 3.5035098312264568 2.3857252626291707 2.823796765118934 2.1197349876664893 0.9769893325430394 0.8915821274116356 0.2944839841338217 2.6792872051536896 0.5965066993662125 2.5047333467161823 1.5953914937133067 1.7726587431254242 3.8832589685943213 1.5976471275858741 52.085990116596385
1.9213033285216286 0.09386970974509803 0.11466161062979117 0.06189232628161665 0.03799025080021493 2.4400396535085416 3.4477023535356546 0.9278954966793327 2.4819704292969513 2.651804319983244 3.545135030567246 2.7445027350609776 1.2658919381586355 0.8688592654795134 3.3556078881166282 1.2317302233541398 0.09987116244711176 3.4882844363506194 0.8317307987474365 1.2866777947643988 36.92537087780911
3.1893603901088374 0.0511802029496294 0.14482867220721696 0.0685679447988267 0.09820962276431974 1.706440158628127 3.34229146250453 0.12211147782484227 2.3401966353373185 0.5708244155223491 0.6445999029352943 2.4471393599822098 1.5340212482833653 0.30616520979252404 2.3733558566605057 3.6617639523205097 2.5981777185569164 2.007333338568104 3.213109739977371 3.667718039739274 31.6881640847863
7.023150975575136 0.05444816342634145 0.1820967659588876 0.04287881615547395 0.07427983916835443 2.175146883541174 1.5999890386645128 2.1255538858731224 3.6990362739015628 0.8445705301865296 3.100116501067367 2.788527917673495 3.155634945289428 1.818297959061015 1.8453330236184726 1.4161068865082758 1.9193080359705532 1.0555866862078898 0.8038460280315822 1.9306170471572817 38.95204301246504
6.358384765227896 0.10885628747488792 0.037295302395343004 0.19116461588782357 0.21800556808534818 3.60213214516094 1.8823318554970148 1.2025897797454665 0.8750202638829465 3.3052615607610405 2.818695005320124 1.1455006860696435 3.6147091630670127 2.29728465614274 1.6801126017963852 1.6910532384193055 2.895818522074199 1.8486704600960016 2.6540571790579066 0.5320346360206276 29.589545719433207
6.231559179213864 0.01997466921433245 0.16510428056994803 0.14519704278781934 0.2018319449938916 0.8063586838551926 2.988575970396516 0.28510674517797185 2.623749055067323 1.1281265737737747 0.9449418011448327 3.4995002773831416 0.46997187276900076 2.1126530177543374 3.4214999065962335 1.0176707519532298 0.8814293039033444 3.5283028003479253 1.720534487281678 2.8820029703739727 41.65190316850866
2.978744494652202 0.09283589062682669 0.07022627009084352 0.06695099052185119 0.10566544680666468 3.8543476210306604 1.5311007187019021 2.413506584851449 1.7047553163356326 0.5524413331827331 1.6884791790138542 0.9233244397208957 1.304921973222913 0.928427213289745 1.4207720249280884 1.9897969792584955 2.9515723895651655 2.588059107743667 2.508835167995031 2.861458400712599 23.858782864727978
3.5517722192229186 0.06801350666035957 0.18451618268686965 0.12119470739298804 0.023861612169354774 3.1476123681294133 1.4854798375838132 3.79255762521241 2.5616853690772166 3.2293646591810665 3.589007646723908 2.0618685444506633 3.8706549148390663 0.15103180501634356 1.3945496526697754 3.3592458169999757 0.08246174924272182 2.706229407721139 3.9967781596727625 2.8755767107028465 51.231319729453645
5.560949433415722 0.10693829083371952 0.09217438442721658 0.1904409035085138 0.16825673903685687 1.7082908405621315 2.046238030522789 3.5964925838297064 3.000724049897895 2.6296258241493566 3.8374167660475043 0.512815385751317 2.412097354775463 2.5156952322205712 1.8457504004695118 3.8546295268872792 3.8715149029378297 1.5927219945010447 2.484354663035791 3.0746069793392645 41.79058614566304
9.736923870306326 0.11437130001590046 0.10328109982319143 0.08799688957038675 0.09751816521331959 3.8064399495291585 3.2066782435816314 2.607877965729137 0.6914512903066037 2.3983536862849846 0.5549531528219669 1.436271026173574 0.14097953545068032 2.8354503392375814 3.910954043241087 2.5694591647248273 2.3006106513687334 1.0391209924546798 1.797405324925735 1.884484720178808 35.74260136641414
0.921589689030347 0.06433777887210583 0.05742444888315861 0.15107734892968114 0.08746499591479939 1.8541867825420701 3.3859696117896942 1.241528964304477 3.0599384787749786 2.36110347638301 1.527785701267602 2.9514969619950504 1.28987599769392 3.2174717644683835 3.402478440053232 2.0508173263032536 3.582763756035626 3.295501900905231 3.475280871597998 3.9977261503628285 25.076791748436072
7.8437598047948836 0.08089818992509377 0.13499863687922364 0.15748445813869993 0.19260393238489712 0.5827375029296712 0.6921520726602989 1.557570506033064 1.8853939385632141 1.2145345439434052 0.09108093914752116 2.2518156077429525 3.8693093509017573 1.4975157472071654 2.1750977099510567 1.5602001631931197 1.7990618907469493 3.488450145139169 1.2683002555236056 2.6138077067350447 41.868741408692934
9.748618674097633 0.19044814961791678 0.12282560785960986 0.07026926149614128 0.21335975240212035 2.943704907486689 0.824213379438487 2.2348916605547147 0.13034700730161983 0.11900057379030582 2.5732827051802216 2.8915586489497738 3.4513346984961175 3.0252418364510176 0.5907210971330136 2.965049917238268 3.925748790784963 2.723455353932325 1.9484816150186242 1.214959602604818 46.663273770261405
9.583266262915973 0.0351696940405589 0.16098789554806206 0.17579129751075076 0.10118614616565832 3.842727968327433 0.29837895858556834 0.6337531025466329 1.9608239369400544 0.34511128218302545 3.2408156569431035 2.129982038546332 3.2055771109074644 1.1816071597287132 0.15751014136142666 3.566779273101304 0.8731726885385507 1.6971488326745992 0.5463457132579917 2.368063963705563 45.19381273868118
6.96113308810599 0.07254882143925682 0.15964311146291987 0.06975972826118944 0.032747457457551664 2.675050246272461 2.614507430694215 1.6635819914344447 2.0204438768162163 3.952314161897171 3.241864248603042 1.6576485275678228 3.6512546623851634 2.3028520034252606 1.6494417069986729 2.6050321714715716 3.1451333383488826 3.590319479218968 2.6977037536985184 2.6862731836401155 40.465275599276495
9.249531565770434 0.1687911294169532 0.12304046453033889 0.1582000758264351 0.029780918270558083 0.8794131854432109 2.8297461398570456 0.05572558457860366 0.38148775885312985 3.126318626272226 0.8278755178867884 0.780299035297842 1.6120129345843826 3.355449385091153 0.09108467899525158 3.5160427377189025 1.2541633463719126 2.3055627948934916 1.9167694445903862 0.5307215210102983 53.73335768520316
9.463688053508868 0.05862125043021643 0.04907126709351147 0.14416522352733827 0.13911570669128348 2.2892369914618134 1.4787830522358514 1.004498516044952 1.1932995572075837 1.1033510946894927 1.0746031668029563 1.8297007065411766 2.000892936865611 1.6087268634393774 1.3672988917854034 1.4387355385896288 3.8223119172088733 3.1790301671760646 1.6251140094051177 3.820596350078174 15.920879348250082
9.406200749329484 0.03926170110779957 0.1401110133306589 0.024935792519473383 0.08737686411417678 3.0270760878033673 1.1122492568062223 1.1759694461363528 1.305168250788419 0.797200673219262 1.563171705289912 0.19746686287998613 1.3093554113758041 1.5858080413952274 1.2228822661053385 3.0494955312086756 1.7119697012101769 2.1892419050019565 1.0261288270421145 1.6201681876354053 23.224030573282203
2.7788347347670475 0.048458557832371754 0.11959518564394922 0.12708643116463386 0.16691582100513724 2.3845762673282733 2.5153817621430203 2.038490767003519 0.902296970571678 2.006671066064786 0.9667854547395855 0.2640502367168348 1.6026177986992993 1.3998424427269516 2.7241835129803533 2.3287169086007244 1.9447720660014007 1.6967345722899414 1.1573076551287362 3.2137105965134607 29.00181395626256
1.867523392089958 0.0874112579375751 0.08220991440039194 0.1313555494508901 0.18581785152560507 1.3699595592567937 3.7057392214601244 2.6299386893435455 1.4121157810161344 0.7798606271427857 3.826212776932632 2.644263355866974 0.21970776054824603 2.7541762497947557 1.5429453452847395 1.7131909793284834 3.073937923186699 0.9314117055553912 1.1098063422795563 2.18408897831781 30.250748704315725
5.842897427392904 0.11311613227883574 2.515538351637171e-12 0.1633107958356477 0.22291499999999997 2.312975688588134 1.7131730373685516 0.9474577871520691 0.8168856323970305 0.5546828626373047 0.6676227430723229 0.1485389090908701 0.47732145310964047 0.8952406505693427 0.571724344953381 1.5579463835137135 3.4935156733669444 3.999999999819123 2.189478697676966 3.868591246630073 5.969593600048713
2.160225348095576 0.133607767874645 0.13597753468795745 0.035190598106930926 0.20103012598702938 0.052197615980735884 3.824763536358051 2.3528997003310352 2.5988789763681983 1.1619633440238049 2.7810074551384085 3.511784703707943 0.8609829433620066 0.5705368381119974 3.162076423217867 1.034623531672366 0.46685717084414896 1.9929469435157972 0.787958725763242 0.8933160374189039 39.606482709928656
7.437619494398856 0.03458559382572331 0.1820924801747535 0.18378819107996144 0.18463814793051347 0.3689878791364609 2.8702911853971225 2.101729649139716 2.171534970341673 1.1079156398617822 3.103290264497861 3.236461409697601 3.0901747774732997 1.2427540971214792 2.958176209794972 0.39133955052016783 2.738497233579043 0.17038592216882928 0.07425973407115706 0.46188678910678094 49.03234097833088
6.9863408111302405 0.12823568289558415 0.04049369919681136 0.0908561266967117 0.17184530501849687 2.8949369297622667 2.169525329700954 1.3155710025809761 2.199648032332031 2.071496329973897 1.543627986647384 1.3509826061580603 0.5328394415716224 0.7371188269318758 0.7413997145460086 2.3187709428132237 3.368946716491101 3.3495291510908682 3.2994742399399257 1.035756171066744 22.95196679493332
6.43818734222135 0.1727477891557641 0.011141042085879717 0.13184379907127072 0.11757804196074663 1.6424031884337604 0.5202298989907396 1.1882079206224323 3.012444405633335 3.5430250701247528 3.947218732133704 3.030231058398351 3.5266649713554536 3.3132092365847843 0.701131054974411 2.777036085804605 3.483119686823697 3.020524534316505 1.1420999464791057 2.8151632037422245 35.35907742053442
6.527913346982618 0.19675246396678975 0.09351504149676518 0.12888426615824483 0.1306881355764044 3.373329275777417 3.8800632688925165 3.2805015803729844 1.3599206224478548 0.3339134614865156 3.5781254335639168 1.152036746901389 3.046694476181759 3.4668040741888873 0.7138234797419036 0.8161702985562705 1.7192895748933563 3.3844231713098734 3.415140995447583 3.9720776629544554 46.03721942343493
5.8424573936093855 0.11311478328662167 4.240177033180025e-09 0.16331036532384702 0.22291499999999997 2.3129756884588613 1.713229550621882 0.9474668328068706 0.8168872170060222 0.5546817944162586 0.6676127080774332 0.14853751955636904 0.4773168762460398 0.895235322212706 0.5717199424724401 1.5579360969689005 3.4934661537759326 3.9999999999999996 2.18944800896022 3.8685241995551793 5.969302395113742
2.2560632920585593 0.0907002288745612 0.09020971980185565 0.10158138796520029 0.09220841747329861 3.4525859044745077 2.499916785685182 1.4912722346902851 1.5993664469821542 0.7551224514478209 0.8996793429599358 0.7797339168672414 1.507657192267441 1.722080044554919 2.0392968128973488 1.9669362581753875 3.6699129170158837 3.4844891386908756 2.8637689456053876 3.9996803329282917 24.174820338205635
9.349706411400163 0.1148093774665701 0.16488141749633928 0.10037883504626446 0.05685756328693132 1.1488605900994187 1.0840530229742489 0.15089859404899109 2.4987732022111304 1.631086527724596 3.6457575126274713 0.25183276177040065 3.142971323340349 0.8200803547311958 1.3293261822906743 1.2056593592726412 3.831371931183409 2.601342774057149 1.896462826988126 0.7778083381444681 44.4849042404951
2.7307806608051957 0.12457310132134343 0.17459964204406506 0.07531993719789912 0.13084761997799715 0.9370962633211801 3.4339090808297303 1.798728213057192 1.970728735637887 2.640999444884996 1.310538225050377 3.2607539347311603 1.8639998139113048 1.7467010573551771 2.916478087428324 2.6837576407854713 2.8532055250012522 3.5060187477183713 3.245950498307994 1.6599104217106875 43.14459457391531
3.8985688150006217 0.08652479735348916 0.14616068904395735 0.13522055996338772 0.030317548944538045 2.581175949224138 0.2858008020030669 0.8675647225090702 3.3079600250903183 3.6560290989730047 1.0539249895281853 3.0694118298626307 0.7705199235695492 2.0170822083431195 1.4263914600963568 0.3818904540401406 1.7610424173891317 2.2303485789049855 3.412414874479293 0.45608666278657745 47.362337863904834
9.042020727587447 0.03323956383320134 0.16877475580945075 0.14347867565050293 0.04411020814177024 2.664020984834676 2.489688153939439 2.8207495657622106 2.155476332368208 1.2844839507382215 2.0232349858410994 0.9863319253104519 1.8428900387967049 1.653035092277048 0.4728814030773502 0.9695402854109919 1.4104195044187076 1.605101767566687 2.2749608419192495 2.9997221050127956 48.07346920513706
7.210102447295482 0.13590237688605103 0.09308098663153126 0.15709843816136454 0.07365021950726819 0.06431449298651563 3.401452477686995 3.010174328272892 2.9663423294326194 3.6842542245778196 1.662303104991358 1.7336010900342087 2.469939524020037 3.495130381178545 1.1603590991272743 3.0457505133898395 3.8306313627959767 1.0544142448212532 0.11867495232581876 0.690614634047337 45.94563950387215
2.91275640117009 0.08881617166066083 0.08759898032743191 0.12530010703503686 0.1623312286457807 3.2279471211007715 2.519248198828475 0.9985764731341117 0.9888940389495762 1.656745506685847 1.9198999446355471 1.0362497485631965 1.253265157209781 1.7428655740243788 0.8793380236504373 2.6073352528818656 3.720808330079711 3.999832502887566 3.981929536219642 3.999525831246784 22.195269834464128
5.393706173367713 0.11305031403359084 7.290694414998615e-12 0.1633685445512463 0.22291142505175923 2.3128669575903107 1.766170478533402 0.9569858812170564 0.8189424482836309 0.5544930857629166 0.6654214140525996 0.14823051410753446 0.47647274324637845 0.8941928354125166 0.5710476006204235 1.5563703786524474 3.4893898644515544 3.999999999999927 2.187038154531312 3.8640499459700526 5.9191616460413625
5.327140864740825 0.12619909557853345 0.1775081943693336 0.04034404993975112 0.18467402695208424 0.08528824024933315 3.3409286560243228 1.0840937701527047 0.15354176165954253 3.2609408111482345 3.8852190981161776 2.647820639795796 3.1236147249708752 1.6183567939476482 1.0288064927532572 2.6749274220457813 3.243888675046659 1.1105875558597111 1.533233108748132 1.1187738176579507 45.881398303773956
5.880013697727003 0.11109714577398927 0.08645994337210197 0.07742684346995661 0.08807214824136926 3.977797984576393 2.113050826576807 0.4706277148214897 1.6049210273515377 3.075767577412521 2.744587041005653 0.36899128848099205 1.6823114930590664 1.8349398522900982 3.3891456730250624 1.1061800414963618 3.6689500224215412 3.264403447568297 0.12792737194749995 2.0149139045434987 30.89101561984555
2.4174122036759806 0.16908545698489935 0.19623015791374426 0.03624134495068099 0.053981932680293686 3.254898776954926 2.901268172019272 0.938599655237786 2.364571652563747 0.99067238399266 3.458174586295022 2.3703937996473234 2.0677378535976865 0.6884376354974177 1.6526714934418445 1.9181474169489698 1.4790463038911057 0.7605328207740699 0.8327587736412352 2.815873535337193 49.187875960907206
6.453159701018504 0.043229136192639045 0.18964865479025944 0.01843964589750611 0.19946482287556447 1.4482478381189736 3.6846615566930994 1.388960953024378 0.4886540525102391 2.717863909969028 1.231839292596978 3.7625826954903014 3.29968434477024 1.0623971714700757 1.9862395645988182 2.2239974308546433 3.1030050472947557 1.0925073825669394 2.2863224482987077 2.0989935567248965 37.45144207435093
0.3332459646687114 0.10127039791662935 0.19620265477721704 0.07388625559086658 0.10280941056569545 3.483443467118189 2.488551209327258 2.617653022397345 2.619996461631774 1.5726638575820566 1.7403430283438774 1.765185321452953 0.8110124611246915 2.0668797846555744 1.012258782427764 2.6050784230418085 2.3727516764284955 3.501554530366461 1.9303441836115391 3.3513231603863045 32.18959653463985
7.067430604488415 0.043980947262355095 0.12659140365718674 0.14281942872176243 0.09708308824769545 2.6434025669026693 2.5654456926024514 0.8661119632446135 0.5758489358993164 1.7545619816106055 2.810237710274387 2.3723852101806586 2.075993542751038 1.2399636910560121 3.0096917904064395 1.035266720580399 2.622557535666336 3.998648588489438 3.45025470118147 3.1734213389808446 36.64716190779489
1.5092787768087892 0.07490510319240888 0.09422806809427406 0.07366010716799794 0.14872637146740497 3.2061818679677656 1.7382314006619526 1.1378575055473803 1.0426992265285195 2.367438979636099 1.005200046838119 1.8232675972528047 0.7131561338677679 1.034506619018124 2.5541769437381587 1.3134905139389954 2.5665448754809725 2.931147597251566 1.6214607701998291 3.3194666819134317 24.289186626773656
7.60883639943349 0.028795425591219434 0.16993342418823393 0.035709796594483235 0.09847459026298724 3.40876807571671 1.6122506651740145 1.08560310990187 0.7828026591307324 0.5554532056617205 0.8018763826264375 0.2849762660224672 1.6958934394109195 1.1682608078511498 1.2208127241407372 2.562272367832109 3.22660514474958 3.5005223469041566 2.0924818481179486 2.770586319805279 24.679345915196908
2.967781196871676 0.0420889472269497 0.09057003181212314 0.03250835116279278 0.10281152538752797 3.475412576946275 3.1484029855890663 2.4435017226522864 1.042894536546728 2.1772256784539934 0.6141473650523895 0.3908371108341715 1.3288949283637415 1.8623823114411353 1.6328353825008408 1.1825950886366674 1.8646380725902816 2.2107674824041412 1.4910604824352593 2.8352385910962976 20.515154953672734
3.5061128227765557 0.09328998138720057 0.03820694256823175 0.1050597352172163 0.06171862432883178 2.8711510005040344 2.977059349369012 1.4502872329356011 2.195164070327663 2.4269871854009075 2.7223501008900364 1.2786071483889583 0.8286334916055587 2.8301569612395436 1.6691699733199408 1.5151704952858884 3.4356411684287913 3.7001474087048063 3.9999099667563778 2.5414029322771294 22.486155742905165
3.158505977277172 0.08750482719775805 0.08956366444798347 0.061846997041227585 0.13737760477916044 1.2203186586446624 3.690574414912859 3.3618137388685727 1.2651772065616094 0.31303710954253866 0.14160155175913997 3.263417884837062 1.722032630448932 0.5242331122077055 0.23782854311953316 3.133562516327831 0.8641106812503426 3.6867275353192377 1.4609565454709599 2.5300370863045623 29.7031637908546
5.297784851406458 0.029616926894884512 0.18118830582577328 0.04254357462676202 0.047032232420265205 0.23007204862352298 1.7066887992877404 1.634231102116854 3.282335461467932 0.7297519243369446 1.5401547529607633 3.0902620782460697 0.14394167807533317 1.681096931373638 0.63709939708085 3.093318143232234 1.2317087300263911 0.6073773928429755 0.49277283579235404 0.8755015603870173 40.559766584405196
1.3743685069580613 0.11188439738924055 0.07323879881224271 0.14497308014916152 0.04815157008391122 2.7779058902030513 1.4650658913237968 1.1566622902185821 0.7637309790764704 3.0297966146089492 2.0410074613398903 2.1983724309251502 3.337838981333245 0.1563816258713781 2.203537876394083 1.3481290131581136 1.0129113851408578 3.3224039709160644 1.009261341196376 1.6672359727110615 40.98151320528985
7.593734922456545 0.04807812035143366 0.14433753528106388 0.13902155274298475 0.17258684565640958 0.7829980796952964 3.800185934459773 1.851989229820717 0.3674151329548694 3.691619203659769 1.2578819739272122 3.588259264428924 0.8706120315358552 0.33646361497530536 2.0777700173309026 2.217274552191256 2.7119006805968144 2.5818827151075383 1.4790787249208437 3.0514766557280697 40.61046229412441
5.842643329908122 0.11311524666419187 2.5283783588736487e-14 0.16330489042759105 0.22291499999999997 2.312975688574842 1.713204163917318 0.9474632836695911 0.8168864082024947 0.5546821656914901 0.6676180541318864 0.14853812288255994 0.4773185161145116 0.8952350837269493 0.571718972915441 1.5579250402110216 3.4932850696293847 3.9999999999999813 2.1893071038355245 3.868156594244304 5.969320150069383
5.834785036884848 0.11305847755495586 9.314741020742902e-18 0.16318063308888697 0.22291499999999909 2.3129756879291796 1.714142502979439 0.9476338736329741 0.8169075524563345 0.5546601693911559 0.6675326361044034 0.1485192094109463 0.4772377075296854 0.895056804069593 0.5715459134153005 1.5572848062727098 3.4870602524651124 3.999999901430686 2.1853024326461017 3.8542653050827362 5.955226602080901
5.231569032114576 0.0547135670541201 0.11856258500096958 0.12742778732215793 0.1466372779228639 3.290384436671154 2.84252914425832 1.937879149413508 1.1636644034313506 1.997746408358783 1.5739194958709586 1.4170472107047258 1.56587237156681 2.1811828895618337 2.0707760943100957 2.5435580701547416 3.999897494192768 3.5771851627717464 3.9449659209278725 3.9999987398457266 28.945690341041157
5.09176703084071 0.08962607252590532 0.15395718610756215 0.09064614179289271 0.15404489579886999 2.245571851950022 3.8015902913037656 1.3649348260769738 1.7958895683333582 3.08275855834124 1.2190213672375172 3.1886798568140726 1.3310591654128727 0.6574327218194526 2.2063691900487767 2.265121286295551 1.2565325629098816 1.12878720616453 3.9905535754185717 2.040643256631568 39.372024991797076
6.4134861347643985 0.13494877788034912 0.13873023190402223 0.018726731902071206 0.16994276597892907 2.7949851398037344 2.7419102935996436 2.1134908942131965 3.415898863330929 3.8435412837715663 2.352380478368409 1.7562470377705104 2.187298014799029 3.2121572678802592 2.7220432208439673 3.113907782565693 1.2708710712533973 2.427094821551752 0.9819468589466988 2.328987354530938 44.680394243725644
5.1500333107189755 0.028940021502527703 0.11682132033001143 0.07043088332487404 0.12156920748873493 0.6751529758334589 1.0476541002070596 1.0956835298393508 2.671394267809812 0.1431282803785905 1.6943438559647335 1.636982606523202 3.5010893311931603 0.5351010246088356 2.0826226415655706 3.250657670081003 1.662266328565684 3.8264116001777095 1.0538336329246123 2.005391047470106 28.761887135717608
6.07948536875422 0.07620307621703597 0.09472812605958648 0.16387317732223317 0.10860505058864288 3.4127091287011346 2.2511113091950494 1.0941648296463198 2.207619756487838 1.1578928871562288 0.5796419932916557 1.0077782379170088 1.4138702802740455 1.0769658355442253 2.551556031333556 2.625118445569729 3.6672257531140855 3.3067696745029345 2.119284505940331 3.2652892656246024 29.725564476545284
5.738993128529874 0.11306402194447024 2.9673772842021e-09 0.16323440115338567 0.2229149999998241 2.312938068662333 1.7243717838013253 0.9492587278082887 0.8172254094510203 0.5545877390944448 0.6668825796589329 0.14843996839136803 0.47703904369953937 0.8948765506857311 0.5714545772592091 1.5571788945440799 3.488428776103132 3.9999394971147915 2.186005766994677 3.858190375575066 5.9498691494402625
4.840357970498324 0.14592674535199882 0.030277498796920366 0.01023747958233483 0.05595947520271707 2.402412438164485 3.5750173635262597 2.2800361860946365 2.1128130077021257 1.5501957367167074 2.0285665602955136 2.8694123926999766 3.474763976814423 1.4181162419319278 2.711842846051625 1.4196651497553199 1.0502349488941618 0.2670297858249065 1.6483834033175166 2.4559442308351507 32.98747446703587
7.101421993764992 0.08397741153582679 0.11002919495170052 0.0571786368773503 0.03767084966764829 3.3401159594156447 2.742596102439176 1.2517384352540526 1.654298331171629 2.2614258781275027 0.30662740831776075 2.478746199261289 3.9801762754773873 2.755899332473936 1.890752680484266 0.5263568354089101 2.1787600990316935 2.347120147310119 2.805390182642972 3.535987947920421 37.013633897488404
5.560542968442634 0.11306294405928005 7.440514449566668e-21 0.16334550117679553 0.22291490203596526 2.3129682918538172 1.745941348617057 0.9532914716447789 0.8181486580559144 0.5545673072563596 0.6661871924507552 0.14833854580751152 0.4767639607902798 0.8945565145095077 0.571274998189652 1.556901020559709 3.4906362835398883 3.9999999999999707 2.1877816298453734 3.865407487426872 5.93670048091636
9.558553944543021 0.14071094441659437 0.010866156059102483 0.1615535733855663 0.04732377033281555 2.401930791096641 0.8048135554610764 0.2926333725671077 3.1020838107982684 1.9691259598227837 2.439275936347257 2.833905064983647 2.3957786870253983 1.6952072066792991 1.3213288485813395 2.1437590609279575 1.0217310194973075 1.0863505682235042 3.252763692628397 1.4016809643494244 31.827718655044748
2.835740628993561 0.01785237152207329 0.16394012250385148 0.1130225946366885 0.14556880742325676 1.2035009773136813 3.1119851385738335 3.8443888423344794 3.9960368354610343 0.21810977865197398 1.2762765993763105 0.40363998645192395 1.9251718628746284 2.6468513562783182 2.4524231590397654 1.4503408269206235 3.8561829478201815 2.513864789280307 3.9867755753657077 1.730961269119428 37.91689836535005
8.925046587787913 0.07094931603806745 0.08408386129050412 0.12291535454945139 0.11056100002263569 3.370831695085821 1.3694278949693237 0.9393908835350879 0.9347221798594046 1.4250496375995692 1.2250773574571194 1.055556478518688 1.2770344912639966 1.24590026788216 2.157894314951572 2.424325295494435 3.9999649780871986 3.165048189670257 3.418680030087514 3.9999999936676875 22.353734292016448
5.824318443720081 0.11308811449158074 1.7025993068618785e-09 0.16325330975883176 0.22291499999999997 2.3129756763278024 1.7154173597680529 0.9478937565691649 0.816982088603636 0.5546749004271981 0.6675305546434647 0.14852185202215462 0.4772600473213107 0.8951246028163031 0.5716220220864122 1.5575925868611127 3.490370440000534 3.9999999999812728 2.18745936133563 3.8619570093897235 5.961609097872371
2.270692295882955 0.05844819943676959 0.12831385059465375 0.08258779339875436 0.10147682649548974 3.3517366930828785 1.5106926963509069 1.3904745553851892 1.5435396043850824 1.1883929205872494 0.6309240738096495 0.48740895091187825 1.0379868496867695 1.9161706076372114 1.3858782321404624 1.8826881670386377 3.535536163172469 3.5439463056386273 2.747425169783961 3.9606912619274275 24.481805059651602
5.204478093148352 0.010917879843722795 0.16462579292462282 0.04768859847454114 0.07850802191538246 1.9435028395696679 2.3959631753741726 3.037980116490689 0.5193697353012766 1.5620180435610516 2.5008667358219725 1.9079850910146767 1.010711667742675 3.19250301769773 3.8543781520059803 2.5986330283422694 2.1624624080234915 0.6610082656539168 1.9412771544146172 3.150204907870647 38.11594544278883
4.500768670973431 0.10140331731814466 0.012194077316958362 0.16404302161967085 0.12146026286202616 2.939315656892328 3.862680913773716 3.065016062635748 2.9951858482127602 2.567065990849462 2.121465892556263 3.0770326590096775 3.1367889800426614 1.229056736909827 3.2260276001430315 0.6401138171364428 2.1525857269902775 3.6852815189356107 0.9124288220595896 3.569455690659443 26.049817635379405
5.800392585511837 0.11302095285743964 5.6249075962107775e-06 0.16312980266564348 0.22291499999991926 2.312975683078046 1.7179103851012296 0.9482164969208183 0.8170078717606447 0.5546081635276506 0.6670636790147688 0.1484581968051591 0.4770561101507414 0.8948524132838601 0.5713987303756106 1.5568609569046907 3.482897581814652 3.9998057280945565 2.181639238958923 3.851032964320928 5.945797182111672
5.443918072441356 0.11305220426199888 4.6772664622290324e-18 0.16336024802016308 0.2229149477483347 2.3129401899046726 1.7594561169478051 0.955658428866418 0.8186273863972794 0.5544946843616547 0.6656505955280567 0.14836244890607655 0.4765626725257376 0.8943072466212153 0.5711177093912658 1.556534059953193 3.4897385279931084 3.9999999999999996 2.1872498335456827 3.8644324775285424 5.924123636386255
5.8255623105738605 0.11309003023585244 8.538637130100159e-10 0.16332327912068642 0.22291499974037593 2.3129721777725534 1.7151380480206568 0.9477737457500514 0.8169278219816922 0.5546465972317317 0.6673163480177434 0.14850198977867263 0.47721074496582433 0.8951270706102763 0.5716398470564009 1.5577806268772627 3.4932231410957875 3.999999751314215 2.1894085835669426 3.8683838162104767 5.96347487892066
5.842838195705906 0.11311603839241244 1.8896092444022023e-13 0.16331011101996581 0.22291499999999997 2.3129756885951207 1.7131803417751363 0.9474591073519553 0.8168858870950856 0.5546827724696571 0.6676219144680018 0.1485387821356559 0.4773210195324549 0.8952399294100855 0.571723691786888 1.5579438709408855 3.4934875500213596 3.9999999993610307 2.189457306449188 3.868546487426618 5.96956215290774
5.7061154991124035 0.11307911526456234 5.252814178876089e-07 0.16332032854114306 0.22291490599053515 2.312974696336717 1.7272283430091249 0.9496304671451062 0.8172644917299171 0.5545511789166498 0.6667057494139154 0.14886705786032706 0.4770026360135036 0.89488350278253 0.5714885330688666 1.5574100507828628 3.491568793662228 3.9999999999999205 2.1882153200460035 3.8662232129227996 5.951740166977661
5.839558530628463 0.11310139714294053 7.709306555992775e-10 0.16328058149847652 0.22291499999999997 2.3129756828675943 1.713574291887829 0.9475329143016346 0.8168985701006986 0.5546772567459783 0.6675939920263081 0.14853307211125158 0.47729786661605467 0.8951920470844696 0.5716783459036724 1.5577810943215193 3.4920152752143427 3.9999999999934897 2.188504216505733 3.8650637412936732 5.965879809450603
1.879576404060122 0.08254373062726932 0.05440979645232589 0.17742272501221162 0.12216500109669753 3.9129347977100752 2.729108482600685 1.2149149543608888 1.857270925795889 2.3173568309521784 1.4650491271545873 0.6752388737834891 1.4115807565406002 2.424900296571348 2.4252412691408045 2.4591094604905885 2.770915311206497 1.597122849221341 1.8127285352076656 1.4090729290509973 25.861956010990976
5.566114055957748 0.1130558334004064 8.828639418655398e-13 0.1633388454408553 0.22291497717241054 2.312970253389612 1.7427810977727762 0.9523198603029074 0.817785388285809 0.5544614430224754 0.6660788630252216 0.14847743270751157 0.47675726857601175 0.8945713093883663 0.57128426319738 1.5569253144348745 3.490361898353929 3.9999999998642664 2.187552950547077 3.8649873727509405 5.935534196193892
5.333561438695159 0.11304539914358164 1.8068469791044798e-11 0.1633834000338448 0.22291024197412482 2.3127564647245173 1.7744545929193083 0.95864648116861 0.8193425180530616 0.5544920723127956 0.6651211850373415 0.1481870513514826 0.47635350504740814 0.8940448642582383 0.5709549555872814 1.5561654511906915 3.4891169806804987 3.9999999999999987 2.1869214686599663 3.8638285257500207 5.912566887976825
5.266501736105332 0.11300802805662295 5.952119734129855e-19 0.16337302272890863 0.22291222709620745 2.3129185471473908 1.7751925472527876 0.9575808548456557 0.8185604989648299 0.5540703486399345 0.6645559944649029 0.14812690237066395 0.47620265643986825 0.8938945410381144 0.5708433154891753 1.5559036224043987 3.4876606225027786 3.9999999986700807 2.1859770920147494 3.8620325280111287 5.898293327838105
5.842584858523369 0.11311495044984624 1.3094298916875364e-12 0.16330354421656954 0.22291499999999997 2.3129756886203157 1.7132113732236396 0.9474645274188809 0.8168865253464515 0.5546819414999884 0.6676164983643887 0.14853786957515988 0.4773175569234765 0.8952334790201899 0.571717426332201 1.5579195271508544 3.493232659107772 3.9999999999999996 2.1892692130435574 3.868054874158269 5.9692409852441
5.717546180142016 0.11306612778242668 5.994105220497026e-07 0.16327171639531465 0.22291499999912465 2.312963119532437 1.727247551721814 0.9498554058730035 0.81737772739172 0.554600470539348 0.6668213541807397 0.1484293930563222 0.47700820158325646 0.8948480669379356 0.5714432745876548 1.5572134155735404 3.4897460784584613 3.9999999999561906 2.1869727020217593 3.861756578504211 5.94949619387556
2.6445991030696963 0.1734898043855306 0.015015625054488328 0.04123095776226847 0.040598703001967426 3.1497902115162666 2.3019512639689337 3.0388265900684224 2.7950495743912507 3.551149657149567 2.364739600695064 0.13628508623758318 0.45428430373695367 1.6759174232964067 0.5177651104435056 1.2746675022033718 1.1346684255482817 3.9301013987242674 3.8558528257934683 2.706282308219461 31.52836027421761
