4.016254037486127 0.04588133048050128 0.05005108296017326 0.1476551048209468 0.0026184081489923497 2.5187543968000266 0.38943996579242984 3.9899256419616727 1.6535585616926882 1.2333149442757363 2.37997617700418 3.05876405095503 3.234994228093554 2.591374604318515 3.951646756428662 3.286418996348867 1.1811364912548077 0.7275523851785382 1.0937723141624203 0.6484907770579411 0.9276482670874129 2.0649039629535317 0.9333215372843301 1.1674875119157606 2.267489590648262 2.4130288949137184
5.259677867853775 0.04407976477533747 0.037848343169881275 0.12585954471853997 0.0033377308604152734 1.189281626913996 0.33325447340333203 3.690952342120569 1.591757119863536 1.2078802471490173 2.3449756265617623 2.999246984634809 3.1293334458222444 2.4721985731364104 3.717564079325788 3.0489353251465414 1.0805882479990478 0.6562811409774562 0.9726763420750189 0.5685883883471242 0.8021324261859818 1.7584951261963608 0.7842801454707252 0.9662121972037938 1.6153609987308044 2.949424985791552
8.252087049005926 0.041997892741083696 0.015686587016667808 0.09186942724987572 0.0042318017531445895 0.8094394910276848 0.2846886156397971 3.4656152930039315 1.5513735969823543 1.1837959387346875 2.279523114629673 2.881218756965873 2.934660433633377 2.2633512424117748 3.3215416419662427 2.6601047047079285 0.9205884406842831 0.5459505410854968 0.7889161264631026 0.4504655789026855 0.6190601170196353 1.3241963759810722 0.5757089467061344 0.6916836269048032 0.8910482697371456 3.0460388763712842
4.550360042225673 0.04540593890390837 0.04312675883295487 0.1385480635569509 0.0023980499096629684 2.467462582819508 0.36224740113535114 3.8400598315835017 1.6207938432342466 1.2191238454819777 2.360592953825233 3.0267306768416526 3.178415609863334 2.5273783274680235 3.8257703488385286 3.1583579599479443 1.1267738822035223 0.6889549791140318 1.0280854507306072 0.6050365429958792 0.8590977368220813 1.8979732604561952 0.8515595708006218 1.0571923403898171 1.9036569256925078 2.62991490482616
3.9700898032495773 0.04593902771476342 0.0460043195742999 0.14385115653677139 0.0025761298782770153 2.488807749663015 0.39176594336026493 3.998935543083281 1.6528148843915837 1.2303973263730914 2.3679851440842135 3.036839223498351 3.1989051113360074 2.5522519386411675 3.8764557177880374 3.2110513142344024 1.1494461506788198 0.7052043156824823 1.055964702091243 0.6235913408001837 0.8885054623408482 1.9698099356277412 0.8868466200497259 1.1049117682053646 2.0622013234219754 2.4383170034336414
4.032086536088383 0.04609880083333695 0.044760077376025255 0.14341953586775072 0.0020322143177273645 3.8371798040518144 0.3881839504199972 3.9786269801590217 1.6481564415146337 1.2282831630559767 2.3650359971487425 3.0320646228859394 3.190543688819784 2.542795848740766 3.857888514894611 3.1921810259593753 1.141438424865428 0.699529256625463 1.046360404213067 0.6172642396819781 0.8785517260210546 1.945729964650307 0.875053167367893 1.089114168273876 2.012303848983357 2.168447880290937
4.161946218919171 0.045796039981141005 0.013815318650636049 0.11104435503719724 0.0023126184642400334 2.7208120150946487 0.37948699926980306 3.900891851551721 1.613403031517843 1.1969444454315643 2.2743251109161657 2.871946789321892 2.929418079125545 2.2629121023431056 3.3276931415200455 2.6688058777950876 0.9249551757952711 0.5494247753575165 0.7965240472077758 0.4554118338536151 0.6282281486739673 1.3484515285882648 0.5877720015539992 0.7089820913958196 0.957300802996837 2.3296331976033966
3.930795873813218 0.04604419266025535 0.026970113342752768 0.12552057378296178 0.00250938232355761 2.935491117612141 0.39295138677985725 3.986510662531307 1.6385861766972631 1.2135033008995577 2.3127008755291834 2.937786791983155 3.036481950284366 2.377182785745875 3.5428995154854754 2.8797080494499445 1.0115089084511042 0.6089778924265072 0.8947899465476505 0.5184713072450902 0.724722439397279 1.5773645245897747 0.6966140705187934 0.8518417748881472 1.3174988827314524 2.0406385708451844
9.023740901797767 0.04284045930933869 0.030037173893647354 0.1111642220912542 0.0020270633565188084 1.070997285939188 0.2751719452095211 3.4827674456434936 1.5660315801203428 1.200458401513899 2.329619624186037 2.967006806161854 3.068128633005008 2.4022722498929694 3.5751055630268627 2.9095384245148357 1.021955662620316 0.6151376109901577 0.9030362272268248 0.5235350967199144 0.7309416541670921 1.5871217795119232 0.701462093774687 0.8557256516040098 1.2967798475163053 3.5884908963016238
6.958428674338911 0.043578284951026273 0.03454284238281614 0.12071495415191306 0.002974496594029878 2.079687726330659 0.2987983344890079 3.549134652049995 1.5743604589154288 1.2040547817167013 2.34054915064033 2.9885542865069907 3.106546767702491 2.4451815716455165 3.655899967787819 2.9935685721230656 1.058095005290499 0.6420735686848537 0.945615338486776 0.5647355339729244 0.7745902898551512 1.6905362542476137 0.7520266748867839 0.9230265851035274 1.4827650266355679 2.756072556536238
8.701219910295329 0.043375276405607635 0.03180566419359947 0.11782524956208307 0.0027465697734243523 2.2151193979200285 0.2779227779171426 3.490474365627867 1.5683319061901984 1.2025435726309837 2.3360447144894425 2.9784297102489163 3.0867823486934203 2.4223039174243755 3.617964039814767 2.9477984791816025 1.0379092394539333 0.6264780135221277 0.9219993308904223 0.5353015680126789 0.7496964661841738 1.6345851252695447 0.7230504449148816 0.886367471498468 1.3964934987535602 2.8953834905617146
3.8787095750624117 0.046200767279781806 0.02367045434433648 0.12277224251580791 0.002142453719952899 3.649429744649019 0.39587503055632883 3.9996361801095035 1.6393116847297498 1.211736343846067 2.3037289963983736 2.9212315474465615 3.0097330738887322 2.348851463640061 3.4895938407028075 2.8274511823485926 0.9900168826554354 0.5941267349191592 0.8702441100054862 0.5027113363093925 0.7006532513040615 1.519516740247511 0.6691898847085029 0.8156071243019267 1.2219248622040662 1.968755153020508
3.99536033380452 0.04600456129848181 0.052018558347575815 0.15020848555237745 0.002386590546145431 2.672298200466053 0.3906629141122727 3.999064728173373 1.6566729442995363 1.2356681817764703 2.3861212714878226 3.069620630047864 3.2531935644654344 2.6113841043326538 3.990459763832749 3.3256248205648884 1.1977148661989292 0.7392987439098132 1.1137803835955629 0.66175246450265 0.9486401516200769 2.1159889232011873 0.9584793027132519 1.2014705656327473 2.3838396018852617 2.5745016556304265
6.243389012577989 0.0441165703771373 0.04433428488308227 0.13296843745062625 0.002406080949692595 1.415348845058047 0.31225191168630806 3.6140831699500247 1.588284659295113 1.2142132447250564 2.370246771883838 3.041962126636486 3.1946971563420967 2.5403501784401676 3.8452537725775744 3.174288121884673 1.132402113088186 0.6922875075799565 1.032826089250465 0.6077249900391962 0.8629311814176314 1.9046778088519911 0.8548845761226539 1.0603508384954232 1.89589694511279 3.2690264151087445
3.9202282247876137 0.04616777846130799 0.02802387566304003 0.12699163978284628 0.0021279035936922737 3.6057686443671177 0.3936455273228529 3.991689630223119 1.6403534225652274 1.2148456317546183 2.3161323346637244 2.9437346847278314 3.0461564618169144 2.38757804547548 3.562501271962327 2.899028996258715 1.0194765781498851 0.6144564109398629 0.9039184269114631 0.5244239682562908 0.7340795464578594 1.5989064951160994 0.707197476655027 0.8656594807432682 1.3541855229717215 2.063915676972016
5.653668316853284 0.044272248389996244 0.04174864463773828 0.13140555270638934 0.0027643970833403546 2.5321936226637605 0.3256620560434946 3.666928359381722 1.592633325350903 1.21206789714712 2.3594454551537933 3.0240598640074627 3.168197834863943 2.51312435491111 3.791116085714696 3.125134536396113 1.1121445385186781 0.6784123303758842 1.0095252656572737 0.5992819421496985 0.8394988719778176 1.848713783119891 0.8269710665642704 1.0237647037708353 1.7877052805965377 2.468804414161175
9.178518371406042 0.04294400974091887 0.02499147755021923 0.10655889771134448 0.0016359716378765267 1.291583913563709 0.2737478711490246 3.47146650112722 1.5611234891765666 1.1953688745744486 2.314080029362473 2.9399854746932754 3.0252224102610215 2.35700459783777 3.4906112548794934 2.8266149203737068 0.9879155848977915 0.5916634189773025 0.8643313625705864 0.4980576445890712 0.6926642427685535 1.4965087666922388 0.6581006060820482 0.7987919143826888 1.1500862003537222 3.668502795934965
5.232610614139357 0.04479459020942986 0.018639758744941174 0.11121248820526035 0.0024390995985340332 2.1677266053491224 0.3339445629311166 3.6757027453849194 1.5763720859083232 1.1901223062896913 2.2885899373472682 2.900050050431333 2.9702865439924255 2.303437053154441 3.400492831245383 2.737788824388968 0.9525586015731569 0.568008254886376 0.8265567734992453 0.47435156522755445 0.6567974689421905 1.4149437354680108 0.619053536623127 0.7493714745961676 1.0473685426436683 2.621119926777147
7.1653005056782515 0.04340820322790442 0.042774250053841736 0.12850946123205945 0.003545232026749688 1.4421713228169062 0.2961142856768477 3.555519673257968 1.5813103865362612 1.2125146647034712 2.3669183786645056 3.0344434940762546 3.1797070508530485 2.522811394204027 3.810390975515978 3.1386146792757246 1.1172106295572883 0.6815473830872316 1.0144753072338102 0.5954949842244031 0.8433836217253468 1.8582444669051563 0.83147226949471 1.0292397817284007 1.795092065309813 3.042734719618908
8.168371466477826 0.04449632312123854 0.01630125988401972 0.11025119218997428 0.0018175810635678393 3.3887822165915464 0.28236743450555607 3.484537540250819 1.5545294692754699 1.1869344475794599 2.288917861452544 2.897406638054528 2.959815618142499 2.2892279775589297 3.370914063222827 2.707185117525293 0.939621097940719 0.5594318031398013 0.8115069423148694 0.4644395198107632 0.6409238016127372 1.3804987012117471 0.6013313296152748 0.7273908256685211 0.9996557438207032 2.84279927562764
6.5240004553202695 0.04418485553475832 0.04440834244479161 0.13405588804533916 0.0023597950568642776 1.6919637216836916 0.30606233426623025 3.5918014978916255 1.586072683095287 1.2144156343808041 2.3720853874452166 3.0446241809279933 3.1979412885260956 2.5432652043615134 3.850328246516215 3.1790288167367255 1.1342810197862814 0.6935905705267872 1.034982233836236 0.6090850061086035 0.8648320191323808 1.910129809051092 0.8570447675495151 1.0636289399258831 1.907321305229458 3.2327873226341666
9.276160818591666 0.04288755439848681 0.031159345394734566 0.1132943850664053 0.002481015688868791 1.2579852049243228 0.273277993756529 3.4802478639852277 1.5671815273072405 1.2018946711510377 2.3337857633738177 2.9740270463117464 3.0789082223279087 2.4134885343491783 3.5985291214177773 2.930200426075393 1.030436177404261 0.6209244115257151 0.9128482446204698 0.529314675619164 0.7407225054140952 1.610681540161551 0.7126141816248558 0.8706091031595655 1.337515144623058 3.4233612263410826
5.535102881125305 0.044742345010339364 0.050155306998322116 0.14166390800131193 0.0017574834301460711 3.4531618513805644 0.3294572948926924 3.6868069249334785 1.602848392913147 1.2212066077013428 2.3865742329416983 3.0722325220016353 3.247249838584587 2.5987472380542225 3.9589642281587847 3.2892955274203652 1.1810852650908978 0.7283632729587719 1.0912699297501456 0.6463627220971851 0.9239565866939087 2.0522127936019583 0.9272501953691201 1.1589449080181413 2.2100398119636133 2.966607224385417
6.326469506046659 0.04423503013372534 0.04488543908262515 0.13485581027629379 0.0025007957982416023 1.4756605196808446 0.3098163940273218 3.606067346661 1.5878408104952688 1.2148370553018855 2.3728205100665556 3.0463188399804504 3.2014094123131485 2.5473636657572367 3.858587311693154 3.1875398308157523 1.1379326398466578 0.6962131347063903 1.0394444916821683 0.6120180471913792 0.8694112011140741 1.9215634896309484 0.8625070913641744 1.071097273841805 1.9315304486741058 3.2462320446234054
7.782547254557335 0.04255868491933181 0.04183983733211285 0.12143408886339876 0.0037968796472815586 0.7001581362629895 0.2877744409984812 3.5166280001177204 1.578168509423612 1.2113531475165777 2.3634931745299483 3.0274743845739307 3.1670159975869026 2.5085040987935043 3.781883189360887 3.1100051421418633 1.1053925698906844 0.673342081866367 0.9997006770570682 0.5904859507633774 0.8278266552669405 1.8190406977282527 0.812552013444905 1.0029759392573818 1.6943860994412177 3.372199339964162
7.356084377898293 0.04306673574754083 0.04577760193786937 0.128504680418718 0.0033168399320510334 1.119649092933621 0.3079039337536423 3.54433270699901 1.5833781768169237 1.2155400305039163 2.3763654830695695 3.0506757964363076 3.204832992316885 2.550082386697977 3.8617504058302043 3.1851608476839015 1.1386609386129751 0.7051946056761558 1.0394436231073276 0.6115641974756035 0.8794481061805683 1.9176081445496784 0.8598942363189902 1.0670428517793569 1.8992502351057008 3.2855636461141833
4.0694308329028726 0.045972111306546125 0.04449330506745066 0.14253094635508315 0.002217379166792225 3.0168077090002416 0.3861142883804733 3.967042491641326 1.6456500684741133 1.2272697958089993 2.364002258744276 3.0305165848205644 3.1877635119551497 2.539605079612283 3.851549942300996 3.1857060156782513 1.1386860408714816 0.6975707720869285 1.0430023427568054 0.6150316641937195 0.8750186306089034 1.9370778415128609 0.8708175449287353 1.0833639016066803 1.992703785696246 2.4940959826519564
5.550798475124659 0.04429555824100021 0.03761860536722557 0.12711796698451067 0.0029105198693359217 1.1358084901647705 0.33242905958433966 3.67382191507986 1.5905213733711732 1.2081801509320695 2.346113222553132 3.00065047652846 3.1307225600792377 2.4732368610377717 3.7192998250277944 3.05030299441773 1.081136903431147 0.6567313167732627 0.9733627635577758 0.5690478262194667 0.8026388113423091 1.7602940983595277 0.7849228421181957 0.9673217313577931 1.6190443491376927 3.0933201327709066
3.9277796322789826 0.04617372344627726 0.0328705418075302 0.13186766367926706 0.002108285053988479 3.6933044671126165 0.3934764719908382 3.9955722504774607 1.6441252785819254 1.2191916439798185 2.3301725900376637 2.9688040547685284 3.0870485133783094 2.431398419781876 3.645531851675742 2.981026093599326 1.0534108701302909 0.6379976182770297 0.943115706420303 0.5498269692938734 0.7733825520532134 1.6927093529345512 0.7523288565350134 0.925385027810857 1.519631038075253 2.057670640334182
3.9731486204437916 0.046144667476218475 0.04649448106200571 0.14535943218989078 0.0020936176028051746 3.7051693768818597 0.39161474274217967 3.9989483825935803 1.6532655064548205 1.231014963855994 2.370082798540658 3.040603539505816 3.2050740160929054 2.558916453304016 3.889251674168624 3.223857101856459 1.1548156633345978 0.7089872994052439 1.0623998081844352 0.6278448652683335 0.8952073636658484 1.9861596797358712 0.8948329490312726 1.1157274836702278 2.0988071968951223 2.1842402855707577
4.788182403793994 0.045110760482342686 0.04389388993067031 0.13792925367522468 0.002632481294537032 2.0545831100083287 0.3527658886248285 3.793682805876906 1.6133232099911807 1.2178180027396655 2.3634490622122075 3.0320411517711894 3.1856801789261713 2.5344014119643936 3.838288002029472 3.1702332233359924 1.1315627851224177 0.6922146386425408 1.0334134132959747 0.6084425257545156 0.8643151168953401 1.9103038390182194 0.85746696818413 1.0649417286331078 1.9245557427426596 2.72107166811897
6.808671548083598 0.043970970025361315 0.046159169433426246 0.1344399679092485 0.002332221120154038 1.188823436759699 0.31787672866757183 3.5599555412396833 1.5864304758704044 1.2163097421274736 2.37831535799059 3.0550322375094905 3.213920509464254 2.5600758861095567 3.881763426999767 3.210129744593581 1.1475214254719068 0.7030796129241657 1.0504568088831974 0.6188336264476765 0.8798500983719032 1.9474168002848966 0.8744656117096691 1.087177627383526 1.9769788085818332 3.4617481663102936
7.910319713385364 0.0433092425358633 0.03400141837927602 0.11749302492485589 0.0017127180922403256 0.8785576272137877 0.2859912907872086 3.5052559756527626 1.571107109100325 1.2040884484007415 2.341198150756791 2.988340230489034 3.103875919063676 2.441033811097116 3.6503184417055756 2.983213938794667 1.0525083312418957 0.636369549389353 0.9385664148249596 0.5459327781419744 0.766161225161093 1.6727655426493027 0.7418070243109646 0.9097532043148507 1.4452112086449462 3.706406001505987
4.335697073915032 0.04581874070225897 0.02151125100200575 0.11888867613408917 0.0018566949516745739 3.8992500861676382 0.3712966671337119 3.8657551838625905 1.6116725933376894 1.2016606831432117 2.296919300593515 2.9128283540608644 2.9943587669860863 2.3309988842474376 3.454380907182124 2.791880507346264 0.9751024812025315 0.5836986783703757 0.8527840965609983 0.4913617028944072 0.6830732327725252 1.4775665714547361 0.649029877137451 0.7889635424343028 1.1510208673032467 2.2719776470790447
4.2615123275102444 0.04551074667025111 0.024466496897256766 0.1204068082293077 0.00268261652776416 2.368780028937735 0.37376450274796713 3.8776091197574614 1.61555185693638 1.2043891173563432 2.3041833668115212 2.9258834166381953 3.015868786970939 2.3540347623451376 3.497800506871042 2.8344357926720707 0.9925776669224868 0.5957129395889669 0.8725444968036861 0.5040210299317628 0.7024414989644543 1.5231766289625257 0.6707647442662287 0.8173274770465847 1.2201167381457574 2.2836145285816523
6.1514159727511535 0.044315498073504905 0.016518148997875973 0.10683939899537193 0.002482161907256086 2.2193266273291457 0.31281518786857404 3.587007412715494 1.5634890822496093 1.1864723704714655 2.28387317430848 2.890848628798501 2.9532724609534413 2.284367073701518 3.3636823973652303 2.701183572046763 0.937405050601028 0.5575261462251092 0.8091666849508643 0.4631435288228407 0.6395734125342398 1.3741569430162308 0.5995965337517953 0.7238407930204547 0.9837390429232414 2.6801305519837793
8.974503477117322 0.043473780624885904 0.036189687282996784 0.12186891830110902 0.001745303319725884 3.5258459813008396 0.27631869841311946 3.478560903828784 1.572894678054589 1.207949056534984 2.3515072952332625 3.0049699875980975 3.1285301604750804 2.4663712179000297 3.693529463497625 3.028938321772324 1.0721285951693782 0.6522290461948457 0.9614913676822432 0.5615472802787854 0.7897368675317535 1.7278783214434992 0.768168523702631 0.9454545653185621 1.5535438666213277 3.0161665426160527
3.943119704219679 0.046156345591952586 0.03852879511351919 0.13743767597709744 0.0021192472794630142 3.6432096586115676 0.3929003416945571 3.9980235154017527 1.6481119364775303 1.2241387286429977 2.3466219301537548 2.998314878326188 3.135400007173474 2.4834535255606096 3.744647443191303 3.0793988903991782 1.0943294008227942 0.6665290175615706 0.9908640831329405 0.5809304365869778 0.8217526286153268 1.8087416268168128 0.8084459218186016 1.0000298740680642 1.7373057724092502 2.1265490805567686
7.448387391021652 0.04372963206409346 0.033293520958736986 0.12089506397725412 0.00272818737925818 2.0064810853024477 0.29162116513477476 3.5308489326407915 1.5716198224710576 1.2032564821637952 2.338625032245581 2.9844930743033586 3.09880563980986 2.4361623512713657 3.6458953670173067 2.9757038169645518 1.0495709640907513 0.6344401783261013 0.9357903252796625 0.5443394393661923 0.7639408059994076 1.6679745036235496 0.7396588240758284 0.9073478297456642 1.4467234083303075 2.939213314167885
6.830620220974888 0.04386196427303377 0.048556009454257636 0.13558369412295782 0.002012945689101554 1.36786652310445 0.3128071294814202 3.5656574631739564 1.588228368320334 1.2186697192401634 2.3859295988812548 3.068369410797988 3.2353569786058087 2.582823539110754 3.9249110892333503 3.252711483097386 1.1649684418373378 0.7149924616908789 1.0707554122275385 0.6324932166094245 0.901693682658182 1.9976627266547584 0.9003884035935309 1.1209832758545986 2.08846062406481 3.528045706263786
5.556228215013191 0.044394254338203216 0.051585009036636986 0.1422270337305764 0.0030405850836979537 1.936414133109012 0.328091573240795 3.686474449319497 1.6024429305141938 1.2219366687046007 2.390100738601345 3.078569672312036 3.2575174274688274 2.6098222453661526 3.980244246724219 3.310704230184245 1.1900559391290144 0.7331469529034481 1.1020599554940445 0.6533088319875715 0.9343194510256885 2.0798215489041896 0.9397176893127883 1.1752398329515055 2.2713114122331057 2.8229227154569987
3.9709383111418357 0.04613863493914571 0.03314612572006315 0.1319861641261198 0.0020703292631631055 3.770696918800872 0.3909836147435082 3.982246301561789 1.6416167110502518 1.2185665351920754 2.330930990430001 2.9705925237615025 3.089766069697934 2.434132421392546 3.6505179677575765 2.9858277453250266 1.055363400733094 0.6393345613554242 0.9453180208271088 0.5512420862743955 0.7755565510880527 1.6978704115077392 0.7547993501969497 0.9286411054736597 1.5284814605923294 2.061168749157289
6.030031053689034 0.04430647713385288 0.04461258028508463 0.13494458117028216 0.0026985719353872094 1.9847243680697797 0.3166984237320468 3.6332957723938994 1.5907779703486986 1.2146917680074094 2.3705396122211133 3.042921991626615 3.1971684572025296 2.5434431951299596 3.851792145544467 3.1812011148243107 1.1354060154354004 0.6945024739394173 1.0366421805428583 0.6102214894924382 0.8666451008565291 1.9149793889825328 0.8593383445468019 1.066898205203764 1.919032994844177 2.9179872783541345
5.8494717477415925 0.04461095812112123 0.027854790602965297 0.11931316736073015 0.0018798756407595514 2.5172785413498167 0.319894557863853 3.6231773086294297 1.5771189501514093 1.1982234952651596 2.318485045673294 2.951656078626391 3.050632430154663 2.3872310091595494 3.5549728570329684 2.8891030670336195 1.014338270994761 0.6103565510038622 0.8961769611272821 0.5188995989296757 0.7264811955166376 1.576103665970468 0.6962740083202954 0.8496948853888547 1.2987350261532309 2.998878615939013
3.8735656047052016 0.04622001214866524 0.014938804884417836 0.114146089858801 0.002090930808181804 3.824152989355674 0.39568588742351507 3.990032003651857 1.6320605305863076 1.2038509666904669 2.278932365727588 2.8772670771428475 2.938728356797571 2.273540801051046 3.348407794106868 2.689518381122241 0.9335504951840228 0.5553807223542504 0.8064367991552616 0.46181217184914986 0.6380690917352039 1.3717991505430371 0.5988949517280893 0.7236066343271936 0.9938007758449768 1.8434091707402018
4.236357165075294 0.045527126063062834 0.042948704476584616 0.13901961810486949 0.0027313499299096754 2.2918913187337195 0.37731237166074433 3.918050035315092 1.6350840491143008 1.2228867357464421 2.3588769366207627 3.022440759120888 3.173451112333192 2.523355092994 3.814544597416166 3.153409826020665 1.1249389674149577 0.6879471388772742 1.0264089041073605 0.6039201590924821 0.8570803463031921 1.895670046048117 0.8496040308442228 1.0553369318935284 1.900594699257427 2.4458549383223853
3.9681420506271685 0.0461376471704519 0.0403283553819544 0.1391604346179196 0.0021045258309403433 3.642828403266181 0.3915524153098688 3.99246164990944 1.6481167934187926 1.2253203077186043 2.351893987111638 3.0079830300548314 3.1511801164854143 2.5004060704882636 3.776936315795531 3.111491713668642 1.1077066903761992 0.6758801844042844 1.006556086901578 0.591181816984639 0.8377435814416241 1.8472266974957727 0.8271165375965458 1.0249461494456111 1.812580495769463 2.1674777368057976
7.345630780098061 0.04382920201522371 0.024863161226088032 0.11302348779037771 0.0024436736232759052 2.0426958431301565 0.29172363810227325 3.5197713031924964 1.5633473220892766 1.1945029345338039 2.3120568171177327 2.938347556826798 3.0255667292961568 2.358781891044884 3.500636009306702 2.8332539658678697 0.9909527638004764 0.5939779980524605 0.8687476087352394 0.501086764484167 0.6972944609453078 1.5096228819400452 0.6637463454456187 0.8073503433314883 1.1815935044608916 2.967307486943033
6.519659143422108 0.04371866951867034 0.047794285435402865 0.1352908737682174 0.0034833744806040965 1.5444268298984496 0.30482467425831516 3.5883498611321345 1.5878244815894729 1.2172712971064934 2.381649046251309 3.061437510045534 3.225096819658224 2.5724526788199045 3.9060577973066537 3.2345649086040806 1.1575334748387942 0.7099270149071981 1.062384684775676 0.626973493295069 0.8926834686655564 1.9777404567813723 0.889694596123877 1.1074025728570773 2.040802222348438 2.998396500144445
6.645843614956964 0.04421927335471382 0.0375367356767857 0.12744390952031284 0.002229604336495095 2.1560148480842374 0.30417715564376707 3.5781452065810218 1.5793652413515085 1.2075551602561818 2.350782658773834 3.0069830517626284 3.136867875051099 2.477674882435741 3.725447492922697 3.0549308566980713 1.0825734652269619 0.6574710754731652 0.9743771269169467 0.5694835637990289 0.8030316173078256 1.7617788082018548 0.7849619496342387 0.9676140378155285 1.6203900312010984 3.0600670422178937
4.033591063579135 0.04610258189425859 0.038639134882336515 0.13732026633626987 0.0020000291226951543 3.9513683634507997 0.3877551332823339 3.9702226912167062 1.6426588193226126 1.2225137481057495 2.347017719160292 2.9998493694316446 3.137407974257315 2.485195782080552 3.747497555897945 3.081923339604698 1.0952902008431014 0.6671522187583239 0.9918428073404025 0.5815338371861222 0.8226466424298792 1.8108023755791822 0.809402400717666 1.0012575502286611 1.7401381370213405 2.0778518204013023
3.9043209384587816 0.04619996457631965 0.024987932692045994 0.12410045806264129 0.0020804787836972535 3.843315527258575 0.39441469292409487 3.9929413348745006 1.638761852310554 1.2124025770907587 2.307493802838797 2.9282099028337694 3.0209649928748608 2.360725013016627 3.5118589548036065 2.8492417616252914 0.9989612927812135 0.600284867432849 0.8804241688037995 0.5092627094849858 0.7107203329847853 1.5433884097058328 0.6805971836044038 0.8306064928727691 1.2609695692857985 1.912893917607303
5.04046758117198 0.04465566348756941 0.03516761055238732 0.12706700780856953 0.003208321483757347 1.7893137504181116 0.342241584410034 3.7324429747234245 1.5968551322320976 1.207143050038814 2.3370116425338052 2.9852834688725234 3.108074228865191 2.45014697789127 3.6768471298198646 3.0092337544218015 1.0643185243482707 0.645141410621439 0.954289906816473 0.5566975761060236 0.7835521904176057 1.715812012191009 0.763115042423923 0.938959047160993 1.545177605960091 2.6357621366965294
5.366211092979883 0.043685560819833574 0.04834172931109962 0.13393345726555284 0.004025495800966925 0.6749509494070127 0.3340209102577296 3.705283816734497 1.6028671588764365 1.2185609159857684 2.3764100713009593 3.054381891247462 3.2192654374872904 2.569430643029981 3.9035221959551825 3.234501292187995 1.157779065692463 0.7103195915703959 1.0633760985670986 0.6277908139400616 0.8942951286873256 1.9810301478095964 0.891844623907535 1.109839621109546 2.0419633709690594 3.206334090589035
7.436072834505749 0.044073895165621255 0.027219757860880836 0.11644410327648301 0.0018555494327774633 2.289311588039051 0.2915133543267905 3.5238919749786892 1.5661479926178035 1.197336291936994 2.3204418776194276 2.95280008222588 3.048328774872891 2.382729129891963 3.5454755927381814 2.87715795192819 1.0089885033815522 0.6064142766730414 0.8893722925036716 0.5144010767684724 0.7178280379187844 1.5584144637707125 0.6871538040424299 0.8382032408255022 1.2637998874934624 3.2165098021914322
6.771563827140218 0.04266372386557576 0.03472763932404193 0.11426522164790592 0.003970802604260088 0.7820871233333407 0.3099268281095874 3.561519631006009 1.5745024097763065 1.203150727688171 2.337592433777065 2.9837564577236524 3.0994676009801236 2.4378934355230517 3.6484311814216657 2.9803969541086315 1.0513387489670276 0.6355608111639128 0.9375084037735875 0.5453670662317446 0.7659128786345533 1.6699265883529992 0.7414597970179797 0.9081205718539799 1.4334920243478728 3.153555059387692
5.370085168943347 0.04464054780528321 0.043852016881480924 0.13569340275071143 0.0027537683744876143 1.9955787625550645 0.33305222767301934 3.700893798119303 1.5987999115204465 1.214851913521218 2.365509562596156 3.035261035950805 3.187671100425731 2.5347710040448375 3.8370000970339895 3.1676426585402235 1.130093002360004 0.6909741849364874 1.0309990195418577 0.6066838137004387 0.8613256934749811 1.9026156987265408 0.8535115211048008 1.0593682376626883 1.9012703057031464 2.795076104386375
6.271885460659314 0.044089185585648366 0.046468425066834206 0.1357982328747098 0.002914144733106324 1.8353749070483856 0.31128869778766216 3.6132442311959774 1.5898471420131952 1.2163151653557045 2.3770684979991197 3.0539715582356823 3.214110811495132 2.5611514050669615 3.884982205328421 3.2138429695252744 1.1489203051810704 0.703896081254695 1.052324595220612 0.6204337025287233 0.8825545314859842 1.9529905433870949 0.8778238076890097 1.0914260997070815 1.9917488121953073 2.961612315859466
7.19021842129071 0.04378807710670004 0.03738835644468711 0.12344818529124571 0.0015719028926897227 1.379331454129441 0.2952895181921778 3.5333053438776716 1.576344700288857 1.207429120007773 2.3513598888899194 3.007034162922624 3.1353774756856723 2.4753886169717116 3.7174211655367544 3.048752613192078 1.079963476272204 0.6555528790450917 0.9706825029365916 0.5669071313038186 0.7988593073763156 1.7508472268718955 0.7798077551339386 0.9601645403839852 1.5932574459684612 3.670917541600737
3.980542483875147 0.04613777579125251 0.020749801907629317 0.11959208526081076 0.002004453949537863 3.9813807123238596 0.38973184956704676 3.963181315682198 1.6301502359707039 1.206890164935246 2.295151423730135 2.9071420596756847 2.986565762808392 2.32384266897874 3.4421735937292524 2.780729978886763 0.9707602040887509 0.5808366151642773 0.8482411199633493 0.48853908711519073 0.6788687697944713 1.467887932281286 0.6445180430372112 0.7831901247190602 1.1387572443786156 1.9080468431432176
4.932055787308878 0.045178322031678146 0.02686295598737544 0.12117450954711571 0.002091996078543655 2.2995246214967966 0.3475573183646305 3.736539504951603 1.5947737744407868 1.2008576480613786 2.3130085895837986 2.94261351711096 3.0397757103850305 2.3776640610661213 3.5403211055327253 2.874990510336218 1.0091373904293885 0.6071510399304672 0.8910784124874815 0.5160594914278462 0.7206658414243725 1.5654332462834992 0.6913055801664652 0.8441283660803284 1.2885815230703288 2.885689932649254
8.127211295188157 0.043507916681435395 0.027185862159294128 0.11322655603591014 0.0022208576968034332 1.6616468821391748 0.2832714271294477 3.495094799854339 1.564273272998573 1.1972909850997906 2.3204361159557227 2.9520025997718204 3.0457809720077362 2.379440506330707 3.5367146310251334 2.869544449461531 1.0057545081291657 0.6040702335049802 0.8851959317491328 0.5116216491589272 0.7135825137856127 1.5470512804251733 0.6821323968386784 0.8309119185429051 1.2378500706485782 3.2841123812467687
8.847466986358135 0.041930393615669165 0.036068027046011704 0.11177230521185555 0.004142280712003972 0.6190636471448427 0.2789680080291485 3.489751986345653 1.5711203950866344 1.2057513090177439 2.3456971637752613 2.9948517296806183 3.1130864544904155 2.450459588855063 3.6714701492577064 2.999200769990522 1.0590330328621982 0.6406844862652276 0.9455119146103576 0.5580330369931187 0.7726630010221652 1.6861717777204175 0.7481325983972761 0.9171954517417592 1.4323160021492036 3.374251664390513
3.9636468795474453 0.04616407396752316 0.03453096546535593 0.13349213103579427 0.0020349962914759366 3.9293346716023443 0.3914816853153015 3.9863589722159976 1.6433102574172154 1.2200205281898047 2.33502370980044 2.9778142127731737 3.1016214000754494 2.4469133089090627 3.6748542745697006 3.0099663031743313 1.0653935558353287 0.6463200465607197 0.9569950247157112 0.558838761656856 0.7873542533126578 1.7261325120032325 0.7684468772637766 0.9467688060959959 1.5805142627390762 1.9927256619412168
3.8879881874994378 0.046219324641514986 0.025814073229354077 0.12502274439152977 0.002091141445461117 3.823768918819417 0.3954394908183283 3.99938777095461 1.6405833348281798 1.213530700830089 2.3099250879466453 2.9323381730219342 3.0277326017427204 2.3680107613825587 3.5256750489027344 2.86286777176485 1.004586513264858 0.6041756784050476 0.8868818577277212 0.5134329255695554 0.7171485393446335 1.5586749953287462 0.6879203790289763 0.8402592656063871 1.2866159646854078 1.9159693827315665
3.939029371264246 0.04615103901081636 0.03532051732375323 0.1341927705826905 0.0021236398325308976 3.6418572126682616 0.3929562898253941 3.9951403793578066 1.6455412149287052 1.2212238246942562 2.337241160116725 2.98152514270076 3.107838122965147 2.4537254064386436 3.687948885977106 3.023043031777014 1.070855560324621 0.6501386371529664 0.9633958548799005 0.5630133202848685 0.7938510456736884 1.741711859960756 0.775988877539055 0.9567977987409526 1.6094485965919176 2.0950666227299934
5.1494606389216635 0.044789903655433436 0.020325855113141278 0.11294787163273362 0.0027215390249463118 2.0398969691383835 0.33935950242372886 3.7054457970646 1.5828857961556706 1.1929983307866505 2.293214172304192 2.9078908649052044 2.9832593845434405 2.3173567798479064 3.4266948469935463 2.763416120215078 0.9630492835001723 0.5751967242446204 0.8383620884355149 0.48189613628903466 0.6683019035053916 1.4420110719450032 0.6318845439270181 0.7661051844760731 1.0871836306268021 2.563477277560384
4.316183329267904 0.045841840878259425 0.02233780745444653 0.11982386578782708 0.0018509044919263684 3.9992496295319486 0.3722750125651364 3.871692495358548 1.6133235202181198 1.2027112496394268 2.2993474713110946 2.9170187451756986 3.0011881961720586 2.3382971513947317 3.468137101959531 2.8053775858992362 0.9806478723338952 0.5875168898056772 0.8590937394888002 0.495418769058823 0.6892989791764523 1.4923120389386073 0.6560629125348884 0.7981980761448358 1.1745333705504655 2.2161568762161385
3.9108071424781174 0.04619933659320874 0.029362555392311772 0.12847440919341543 0.002079702107889915 3.844738126460384 0.39427936614402026 3.9965219503254397 1.642169330161435 1.2163109209108416 2.320084941222283 2.9506577281081414 3.0574737927608044 2.399728459969928 3.585531301812967 2.921765698865359 1.0288790697137724 0.6209730257056829 0.9147596724292173 0.5314428734682312 0.7449260966582734 1.6247619064190426 0.7196213584890245 0.8820821843115332 1.399005037261715 1.9442288888001844
6.754892259353333 0.04344283708999321 0.04008844224092663 0.1248124212281508 0.002669116221749589 1.283426322094358 0.30296281327182734 3.5720819452053862 1.5804446828092449 1.2094669074055502 2.3570686306505015 3.017870305175598 3.1540772212926926 2.495974603472022 3.7539347113523482 3.0883527442732674 1.0964384754559142 0.6670506790193619 0.9900051548421815 0.5795417064633982 0.8187375351507209 1.797967708718035 0.8030267434014754 0.9908019663427134 1.6815403068279715 3.2396669948239776
3.968183399500704 0.046149482538058714 0.04039972878266846 0.13928956262859554 0.0020765950705607084 3.7661830893248345 0.39155440415725473 3.992560865663461 1.6481888476534583 1.2253983697529307 2.3521397245220985 3.0084212462535236 3.15189850080396 2.501180943156797 3.7784154495824125 3.1129654070397055 1.1083219257446988 0.6763110540671138 1.0072813927429818 0.5916569433322315 0.8384864084971708 1.8490204004064437 0.827988048976419 1.026113361019107 1.816190479694045 2.11014972306717
7.605600724330067 0.04222287268966997 0.037699110090352504 0.11440351138882802 0.0037307617716294656 0.9217340763605415 0.2935134500159394 3.521819852349146 1.5741029375700588 1.2065127195591494 2.348806489001656 3.0020834627052673 3.1267012183470144 2.4658475863569405 3.6932568409674644 3.0301948961316465 1.0719965076585083 0.6498657074918617 0.9605787245705785 0.561136607166311 0.7881493867894439 1.7238736260612968 0.7669391716766465 0.9418549541806646 1.5206867126986119 3.2212754533578174
5.767052878899401 0.04362241192569848 0.03453335734362829 0.11917363394808328 0.0031369809302714937 0.6279638851006613 0.32273248938074317 3.6251579416428865 1.5839367155889261 1.204127659990558 2.3356628515809814 2.9819872627253243 3.0998236663531986 2.4399078449880496 3.6553513573381453 2.9868459341872238 1.0553376144419668 0.6393005696578788 0.9438425818402966 0.5500823843417447 0.771034124798607 1.6844447279965618 0.7477536793278929 0.9185709139043162 1.4606523970538403 3.2085820620316996
3.8865701986159404 0.046220052003927134 0.025563651422212168 0.12477507263687074 0.0020923577604857664 3.821538873279373 0.39551044246099915 3.9995307001502454 1.6404595740846153 1.2133308487295928 2.3092088069468195 2.9310493997602602 3.0256429421924653 2.365785420384295 3.521482034606941 2.858748980371183 1.0028906822326953 0.6030051280309482 0.8849426460040637 0.5121823953287462 0.715223182147849 1.5541021535389805 0.6857308948620777 0.8373759412688544 1.279001878565279 1.9139515369434985
3.9483670080686464 0.04616420265637238 0.019493271196891253 0.11845502214725459 0.002027644538049745 3.943597856774387 0.3915124792636329 3.9716392550860022 1.6310845828859444 1.206393923413367 2.2916393684079206 2.900593679057714 2.976099527072293 2.3128467470604592 3.4216685804565747 2.760763309978882 0.9626036148908228 0.5752478541425624 0.8390481859927728 0.4826515008261211 0.6698647563406914 1.446644343254126 0.6344116598288388 0.7699667533517741 1.1059472432815787 1.887030877114562
6.941638640018117 0.044135471727362166 0.049983576214597494 0.1394918181595619 0.00201248496543901 2.062513247316992 0.2970784413946394 3.5646129559540225 1.5882757744622633 1.2205278497112295 2.39231812138303 3.0792027497518264 3.2522076890690386 2.6007705922757025 3.9592700432014563 3.2871132709343813 1.1793662818666877 0.7251797555007744 1.0881139086305391 0.6438819465663951 0.9192531069522438 2.0418608444956057 0.921089203747038 1.1495444950758542 2.1782897806733375 3.3619240263345214
3.8756058241118794 0.04622766388926132 0.022878478849014443 0.12212510894506894 0.0020977429468628877 3.8117386298539957 0.3960177680399333 3.9996739358367144 1.6388536053653961 1.211101063068783 2.30154482217422 2.9173173829125405 3.003390824854494 2.3421049558820135 3.4769097772969335 2.8150163500314878 0.9849075631188161 0.590608870952755 0.8644331030955903 0.4989744421097377 0.6949167349768823 1.5059426786515104 0.6627049342642696 0.8070953743323181 1.200218248468975 1.894085540010803
3.9353305725784495 0.04618453868939206 0.03335860257327156 0.13240819578306193 0.0020605499786838398 3.880478082912862 0.39305827446302893 3.993793514924196 1.6440772606201943 1.2195029966692523 2.331631582075195 2.971483297132108 3.091394076401052 2.4360344925089485 3.6543029983450808 2.989687945702823 1.056998256399496 0.6404896482165569 0.947273090345064 0.5525269018486629 0.7775686222101328 1.7027245982844739 0.7571583296471563 0.9317936885501132 1.5378492782576363 1.9781635505636845
6.96441392734141 0.0436244895636165 0.03998150274198723 0.12704144669726494 0.003286904105075819 1.4458712777755778 0.2973583424763051 3.554502352847654 1.5785415094412785 1.2095527415279754 2.3581945588856636 3.0193832324629013 3.1557621453986533 2.497339045022227 3.7621761916287655 3.090892463565692 1.0974180771748179 0.6677709258220076 0.991408645006143 0.5804609227897888 0.81989730120502 1.8023333184558543 0.8043009237355524 0.9932728570811088 1.690967235423589 3.062406432701067
3.8481940103762295 0.04623965919401264 0.009244266335967997 0.10854496501382531 0.0021025077235557062 3.8031078071155706 0.39690507270480396 3.9911677637765774 1.6288665149451989 1.199245394785912 2.262988309223335 2.848815739585804 2.8931461415464947 2.2256050796837985 3.2592559113121875 2.603090527438907 0.8984359207054234 0.5314653441334941 0.7673438546520254 0.4369388332201535 0.6002869342592165 1.2832713280220425 0.5570755521760693 0.6692725311166376 0.8685261831705133 1.8054595829762023
3.863910654288298 0.04622137748973149 0.019492662282265073 0.11868601517387732 0.002117955057208879 3.7751947384050433 0.396532357885334 3.999162110620728 1.6366851698943856 1.208241468459545 2.291881503257225 2.900050047641568 2.9754816510846496 2.312483423750011 3.421302949304555 2.760614688946246 0.9626035075365528 0.5752784471155094 0.8391414532971515 0.48273425671077574 0.6700195600760488 1.447052223215494 0.6346355817776467 0.770286764783896 1.1070485532440806 1.8674218400991838
7.131630671814928 0.0436829499864799 0.050929547311038395 0.13824826313690358 0.003076734475021758 1.422660662944337 0.2967312305414453 3.5666581607408854 1.5893770437270018 1.2212731000823864 2.3941467416693767 3.0823208396501798 3.2571798199185524 2.60611830323564 3.9694577704411187 3.2972764214637054 1.183629774301759 0.7281636160246776 1.0930845608654869 0.6471208687867342 0.9243285055505994 2.0537960845659566 0.9269799834855249 1.1572310253364024 2.198755690342901 3.2518553100565546
6.194308982050566 0.04447557996087275 0.035307097778215814 0.12554376955242091 0.001487425123810964 1.6663241140303813 0.3127929771102209 3.597766319333418 1.5807860513300718 1.2055014557369526 2.3427580192791067 2.993635364014507 3.1168166449375247 2.457050523010514 3.686905691743223 3.017471071446385 1.0673646128178478 0.6470953713041298 0.9568664842434924 0.5581329053307544 0.7855827984602728 1.7195106881526068 0.7649806619323998 0.9408786610152197 1.5450572043610253 3.6783568522621692
4.063333146161 0.046060253476880544 0.026537816417102306 0.12501190767990258 0.001970886396149772 3.9999779341272195 0.3854356450575865 3.9456690006629485 1.6302395573852082 1.2106569560194942 2.311667742385308 2.9371734378426324 3.0348754461297323 2.3749723809079506 3.538072132346974 2.8745840895822146 1.0092770627438155 0.6073420843783954 0.8920252092941018 0.5166958915000018 0.7221014713081744 1.5702849501241243 0.693422903195256 0.8474263370907711 1.3041360319057262 2.0028800909682283
3.870725692724673 0.046222673926558676 0.016110418222207934 0.1153282265367579 0.00209599440150258 3.8148839086313435 0.3959249442944916 3.992499089941743 1.6332752954247756 1.2049894182940097 2.2822654343984485 2.883121686859967 2.9481565540275096 2.283514113366156 3.3670465676003123 2.7076666235825124 0.9409540185912666 0.5604427851250985 0.8147432994948931 0.4671172021390642 0.6461571941772483 1.3908196501694883 0.6079126368042651 0.7353652837829022 1.0218776988927867 1.849807010776506
7.171596881080984 0.04441257202203175 0.03455571239753761 0.12585060519356545 0.0014703275179862364 3.6747399633967675 0.29605114848514824 3.545072633496716 1.5743861817025975 1.2050790817628627 2.3439578176083526 2.9941398132038537 3.1147714330781704 2.453308525484095 3.678559603766262 3.0081804711845024 1.0630929720620745 0.643962602858223 0.9517050577122566 0.554627991540105 0.7795694510336372 1.7075788897912418 0.7579480391529151 0.9326037604986833 1.5254823746957888 3.1082313335067453
4.871350963955539 0.04465075301153795 0.03441971462949898 0.12487063953872621 0.002598490607209367 1.7674439555852641 0.3636602480700599 3.7662497720378196 1.6025878356776315 1.2079479362328849 2.333977509317265 2.9796738662155997 3.0999262754346666 2.4420047228472037 3.6589146603719955 2.9945730278919904 1.0583518622620194 0.6410103477652016 0.947309223681986 0.5521550995211545 0.776572056611848 1.6985084513061974 0.7550376059287105 0.9279371840596122 1.5121753053051596 2.775414415291503
5.205682786536188 0.04487019919821167 0.03694909569864164 0.12917517973652992 0.0020006225569581797 1.611856288454143 0.33847331483941157 3.710352224633721 1.5968287723344825 1.2090451916425295 2.3440306086005016 2.9973377166435755 3.126876454170564 2.4699225667105478 3.7134715734268746 3.0455308267990544 1.0794588228551 0.655703814955898 0.9716993794088836 0.5698766072402359 0.8009763403114774 1.7572466064708583 0.7834299687964662 0.9655518069772061 1.620841007329288 3.2795790776880307
5.720923660035022 0.04423283111347879 0.038306288862289296 0.12822643726224914 0.0032155059953400634 1.2881851331577123 0.3227499820446087 3.6494906030701038 1.5873691003274282 1.2082208246701125 2.3490214392353224 3.0055771696749294 3.1378609642689823 2.4804215077596803 3.732543679248107 3.063185465768981 1.0863661107326539 0.6603032650620733 0.979356847192665 0.5728525071071591 0.8084288625287516 1.775055569397839 0.7915155021326611 0.9764796069169172 1.6484432489552132 3.006698652583225
3.8721657994576 0.04622858679718156 0.020663382000129602 0.11991383163164673 0.0020976619643668084 3.811839912303278 0.39609791875274875 3.997932614290181 1.6371506816653172 1.20913943523128 2.295225814094216 2.906074975889492 2.985196257088473 2.322767523293965 3.4405761081777237 2.7794382771679027 0.9703088424870946 0.5805677334627514 0.8478571022416829 0.48832387320503967 0.6785796581692075 1.4672864861888983 0.6442659756872687 0.7829035464914452 1.1387493255731176 1.879171524921428
3.9065608364805238 0.046177470345938935 0.02191281868587351 0.1209135515957839 0.002113249562659723 3.7010084505642813 0.3941054694733577 3.9881850744689142 1.6359043006183847 1.2094977754306853 2.2986149806572054 2.912488676207797 2.995470080123851 2.3335663307037087 3.460723781058417 2.799073849753872 0.9783382068178499 0.5860741203286022 0.856920846020541 0.4941333919259451 0.6874712032025826 1.4882743372761646 0.6542622021862808 0.7959911240877005 1.1714360944639521 1.9632959119955706
4.7122002131584955 0.04511324992084953 0.029317125231511185 0.12336794709013561 0.002766725435564738 2.30571619819089 0.35603313485393345 3.7920539778450286 1.6032491207017523 1.2045251917553055 2.3191186232542518 2.953249605088808 3.0579511933442545 2.397579345334981 3.5785324064076702 2.912928683842008 1.024680357372037 0.6177727419665022 0.908919143365931 0.5273830709886681 0.7382652742010621 1.6083259602552769 0.7113487942666163 0.8707669951984894 1.3602180577270735 2.3920198862229833
7.397727609658944 0.042590404031530076 0.04132322884124486 0.12112870374176433 0.00409626999394911 0.6947029424295268 0.2926683506629836 3.5426063368467724 1.5784564939136632 1.2104111600876433 2.3605800089928572 3.0229831837993233 3.1607249752165205 2.5022929420457682 3.770717399578939 3.099087567266135 1.1008092038033641 0.6699931148317438 0.9947512330372222 0.5825639666107454 0.8233565853278809 1.807075049958433 0.8074877144417608 0.9956286863490115 1.6714735320328902 3.3074675959979554
3.9190124870690695 0.04618698844322067 0.023922310591930236 0.12298455651265743 0.002071991899961759 3.83369222654982 0.39348396453030277 3.9867853865550282 1.6368595147086018 1.2110999156350697 2.3043949449017775 2.922874945237236 3.0122520569051536 2.351380461393753 3.4941896475504133 2.831849789251579 0.9917929120493876 0.5953346389443248 0.8722207776462488 0.5039724700936542 0.7025776542137669 1.5240610946962252 0.6713462081572877 0.8184302018244891 1.229133820064691 1.9320215400629226
3.903743468099864 0.046193715835834426 0.030279643653436005 0.1293678997629333 0.002121897731590213 3.677749138434523 0.3947522342715859 3.9999998065357865 1.6434300897386374 1.2173010081866393 2.3227107874202386 2.955253033016944 3.0650063524257223 2.407834750132543 3.6009267403560625 2.9369875216457477 1.0351827357721572 0.6253474944080137 0.922043230825889 0.5361625060728716 0.7522272044398158 1.6421834191634412 0.7280000900652511 0.8931648233487904 1.4295866998351197 2.0272474679274812
3.9630142482068313 0.046146198762799046 0.03962458411585753 0.13849618869376717 0.0020957757541875803 3.705038194214729 0.39180769591797004 3.9931621511666395 1.6478219976225141 1.2247683219486851 2.3498442583980816 3.004268780715728 3.145089185905319 2.4938368560432997 3.7643932008851415 3.099001959707437 1.1024926637677002 0.6722309414103772 1.0004267489201302 0.5871740115661811 0.8314863542503655 1.832158592665849 0.8197992734030837 1.015175775558128 1.782910093381864 2.123013753909627
3.9498745470736925 0.04615810396199631 0.041580559535401566 0.1405065669148165 0.0021123679947756715 3.656524964518465 0.3926806792152018 3.9998613828472402 1.6503795140116384 1.2268605849219452 2.3555798412211635 3.014399763160812 3.1618685816668015 2.5120761401335305 3.7993888781385343 3.1339679946350714 1.1171266421955748 0.6824946655417219 1.0177011220088859 0.5984889566448256 0.8491786629793002 1.874827743863754 0.8405447212569176 1.0429154830906224 1.8680571270001458 2.151598301852797
3.9598963854739684 0.046144897304995894 0.036254182802583704 0.1351119600893853 0.002089931310981493 3.7279380697298024 0.39179651095837853 3.9897518866461708 1.6450440153700219 1.221680229982476 2.3399816239593343 2.986623324976226 3.116093527662513 2.4625285361007907 3.704619649581754 3.039528125305326 1.0776948241683155 0.6548987389205128 0.971350929037662 0.568189330185026 0.8018934702825593 1.7609971501832924 0.7853072704968903 0.9691875838189419 1.6456004701073996 2.086930664329172
4.024629660970209 0.04608139222416942 0.00666856543409465 0.1052510842433702 0.0019705892876816043 3.9999999983589447 0.38645332019978434 3.9314990008365682 1.6151496381670771 1.1930449024484464 2.2548986230694785 2.8365833358938426 2.8732999034147477 2.2043371037169943 3.2193343851167535 2.5642125000986584 0.8826102405462005 0.5206814473418907 0.7497160567372912 0.42573140106668605 0.583284623364117 1.2434965610373596 0.5383249966398572 0.6449585145207065 0.8139983315721304 1.8740468119847196
6.52596723212884 0.04394771658720195 0.037064482931684385 0.12578056306493324 0.0030093290351073405 2.095032600790577 0.30633711344848563 3.5781372559553417 1.5794100072008568 1.206777082117357 2.3479968570237255 3.002289053904563 3.1298198355830182 2.4706726189419155 3.7046461850657533 3.0426439679108195 1.0778920603893503 0.6543847205443684 0.96916820047183 0.5823075330891889 0.8026294249081716 1.749848619570721 0.7784696186333165 0.9593134783090089 1.5864175125398754 2.7253797303975373
