0.43524152372434116 0.005131599070855097 0.0552979866037378 0.19978560057754532 0.004610508722760757 2.272490974624199 3.399071194074175 0.6135451096055682 0.4163768544391738 0.45521159399691596 0.1292646485969152 0.14620032515889772 0.4286660670589088 1.0208853357310514 2.084840962526913 1.1923590508133022 0.8815475299042137 1.2075980540866857 0.9452429635031633 3.5270501243661676 2.0694001444795886 2.767601933912254 0.3458631967541019 1.2756541730356525 1.694795497749411 10.381068918446477
0.512093207240575 0.00434522270850379 0.06234615139750315 0.18782466922972557 0.005577168152109284 2.360604114213313 2.854480782004268 0.5382430738013756 0.36588187849655174 0.3996341508038898 0.11954950730477665 0.13515472621022231 0.4021542262798231 0.9880945531022356 2.050567709636984 1.198966176413285 0.901756741945057 1.2546092717750588 0.9952644632080119 3.6920579917455307 2.235560456432702 3.0167272972417174 0.41571910934938466 1.420737094802615 2.074552512277675 10.280433982004311
0.44890006043200853 0.0046080672691123795 0.06752302538302725 0.1990911371140816 0.003427902461436464 3.7390458689317843 3.295339472982543 0.5980327427069877 0.40701824299384093 0.4465244442156024 0.13053654353048771 0.14522123571858336 0.43117845174618924 1.0398413461086307 2.1509171148699315 1.2443556170200365 0.9309895837062179 1.2905969501264596 1.0222349131343966 3.863394921472192 2.291268186211978 3.1005047776171795 0.39207077433156545 1.462969619864313 2.1792268911667123 11.531257939088142
0.42687355225571044 0.005088219838435409 0.03706085115321687 0.19850610365282964 0.0033860747380981726 3.771443401938491 3.4455467582879598 0.6207219596661833 0.4196778889759012 0.4573711487320132 0.12894995036396273 0.1448245196865272 0.41845788420635144 0.9816228540662018 1.9743362342181596 1.1102482384622925 0.8071788765354948 1.0870673777892716 0.8363104328532133 3.069576076970685 1.7676611764203334 2.3223462665376022 0.2851050434434647 1.0327378486866932 1.14250174728081 10.352848913038564
0.8131921227976316 0.00414056654073569 0.058265753074032915 0.19991132926149224 0.0047859889622789455 2.990049104914976 1.9014754275692787 0.3593624853793776 0.2548615349444378 0.2893753696393703 0.08888946067653578 0.11222021958967836 0.34872680467321493 0.9015743033424483 1.9578377243965637 1.1700029582817963 0.8933291415037452 1.2526757250219829 0.9972913012827451 3.771674132504423 2.2312308898807736 3.0051075971723775 0.37764932355434844 1.3989534443113603 1.9045819978881153 10.032599089250542
0.5463949690630326 0.005315734006639251 0.013670001711471333 0.1894654237475316 0.0051740223498899385 2.1988519699301246 2.717282171011001 0.496674718141459 0.3393800836878043 0.37333506794832494 0.11234147380249963 0.12834713850436802 0.3605941300127053 0.8569642103904558 1.7328743508614364 0.973372632521665 0.7031079323347244 0.9368300029138478 0.7107266509188197 2.5658469166915676 1.450753033398372 1.868748712309312 0.2247269147820669 0.7967772603440729 0.7020243480566782 8.350710803256671
0.9178299470227781 0.004764824167535301 0.029414386820412027 0.1995692827079401 0.005437591543859561 2.4579058446610316 1.6963824148217712 0.32299465600839106 0.23011716296608098 0.2633633124338259 0.0811980597723965 0.09845558604318128 0.32134908435116105 0.8213703517516868 1.7512364496442463 1.0230702685528628 0.7616550907013779 1.0398644370332417 0.8053977267845077 2.9618050708692083 1.7034965193460638 2.230288898457422 0.27244421415323267 0.9809628734724264 1.0038002589040387 8.275923705465228
0.8139019207798012 0.004927911733043808 0.03157015519607814 0.19538641113890348 0.004691134280495048 2.6022472503013443 1.894428150585165 0.3565541412102585 0.2513870276648912 0.2851244604895445 0.08636164837370268 0.10341558075311078 0.3308095866711718 0.836416144299962 1.7738704992710286 1.0343646589718134 0.770170937208913 1.052819451828193 0.8169838469456909 3.0110840594215813 1.7358487283582216 2.278236530087981 0.2790047396872459 1.0071990325185445 1.0589810436838 8.524239683125964
0.4406241479136091 0.005177338936481098 0.03394950614381612 0.1978881217163141 0.003327964091811548 3.9999995894932674 3.34008443495824 0.6030373152249104 0.40819097240887203 0.4453487439110203 0.12581332225966252 0.14402256510525221 0.41006570374596996 0.9634833344090237 1.9391482317142474 1.090259414028004 0.7919273478204744 1.0648922917751962 0.8175704823550763 2.993131116141664 1.718755119282428 2.250875740402824 0.2754028081630979 0.9939591999411567 1.05111761133132 10.058832489788623
0.370467307229444 0.005221482154567274 0.06452105691357224 0.1984020371690719 0.003551135428148094 2.9669504374739377 3.953185249218078 0.711921165006693 0.47987499057628086 0.5214532384072217 0.14630738642924052 0.1638227967553502 0.47202097081389854 1.1087370546853001 2.2421426463233076 1.2722066632185154 0.9363605475136317 1.2802475421743555 1.002360712452586 3.7515415689047993 2.206841630319392 2.9656505834021893 0.37287877718862444 1.3844207210862431 2.0031983931254795 11.418739376456578
0.7209904992217923 0.004589044420310816 0.040011197759666946 0.19873135353454743 0.0048346461233000305 2.795048122912152 2.103703950181196 0.3922166713233033 0.2742297587374314 0.30856025336488274 0.0925573884266188 0.10945873899165574 0.3450735188374254 0.867040774143466 1.8372284154289154 1.074216907464199 0.8038351445278714 1.1058137313432892 0.8641899985857808 3.209283849353777 1.8645739026315424 2.4666361490517548 0.3044774428821951 1.107920435531356 1.2616470153672414 9.261928125562372
1.6354684933185244 0.00016526694174434008 0.0641918343273177 2.044339477847874e-06 0.009735644082260441 1.4631149562672852 1.0454474333159691 0.2153762142695107 0.16486294916335037 0.2011323276699442 0.06888728183045899 0.0905932193227815 0.32956769983715073 0.9001891170118816 2.009735298513187 1.2182160761665946 0.9373824334705254 1.3206331071619846 1.0547626451198762 3.9999948861899397 2.371432975242894 3.200777012584981 0.4029661622018522 1.4956245342156873 2.0755206947675577 8.683878502799418
0.38412777734489273 0.00534028557201213 0.03750129923890565 0.19994520226621354 0.003676519747218828 2.866045510533077 3.809511075009474 0.6845862266642098 0.4605187653888505 0.4993430742163781 0.13949708861571228 0.15531131318469985 0.44207143487437733 1.024065040666699 2.0385592856307517 1.1368397471036298 0.8210397339834797 1.100011782366654 0.8429165527916117 3.0848766354047434 1.7726338755783515 2.325527323653475 0.2852884704019983 1.0327708708348395 1.1477237928045014 10.525398560866995
0.3664891160730889 0.004864803537290738 0.0549554721505522 0.19446627284617865 0.0052237738286313945 2.115785106722848 3.99935186275103 0.7217541659026666 0.4855480259394464 0.5262653938273384 0.1461928410558998 0.16450070291593843 0.4660490490747745 1.0863354362042013 2.1776983344336553 1.224519172315709 0.8934710477564084 1.2110105204729629 0.9400357355279659 3.4828883229521246 2.033820921095027 2.708868006613009 0.33778072772928575 1.2432111543783113 1.6426975319898198 10.394749898002342
1.2288372884906207 0.00024630271196909544 0.06549953048378716 5.602991252134126e-05 0.009114441526896 1.5675517643178087 1.3263547918605572 0.26207161752069214 0.19341579049692323 0.22868309787006744 0.074605335348735 0.09491103807722943 0.33330964533089363 0.8987784117614223 1.9991265013733552 1.211349075891269 0.9328534536253794 1.3158321039965253 1.0523237657658893 3.996258611078544 2.372474923303781 3.206620624238863 0.4042626804245792 1.50252299775829 2.114055934326843 9.045508700762696
1.1803379950834996 0.00416444380054339 0.05227548885517023 0.1998305032760125 0.005608197780717677 2.482873388599215 1.3711846909775016 0.2692094101412426 0.19733383738198365 0.23204607200451813 0.0768345728244518 0.09551828866172933 0.3273674413874571 0.8725596135833539 1.9208863059994774 1.1527638101433824 0.8794194423236666 1.2289200389138548 0.9737562101383662 3.6626961601203463 2.154518603079856 2.88485458885577 0.36041665998151245 1.3272119234893291 1.7020154217554653 9.390568672837569
0.5865106755492357 0.004050928613380784 0.059730391159199626 0.19804843016894214 0.005511297309579341 2.4021974097018832 2.531697683841912 0.47565390720528555 0.32620623018081735 0.36360038716335447 0.1077689781459791 0.15565937593021 0.38214423030359934 0.9488474699175153 2.0049909639671477 1.1773579312403293 0.8890888608939486 1.238583817457485 0.9825352578828778 3.7094694976551112 2.193332073484435 2.9547092119507874 0.37158370926378614 1.377815191774983 1.9007925653737108 10.700108296690793
9.47710355200124 0.003898040900034449 0.05437434773084137 0.19609042835669935 0.01136761512263887 1.0380438198191275 0.38770751770709455 0.12288828812493717 0.13217128997837602 0.17243027435315722 0.12233774980238418 0.12209819965098123 0.3319640341887684 0.9072680651560533 2.015920790548006 1.2150033509531288 0.9293821992757694 1.301490311904649 1.0332840201225328 3.892496147994537 2.2948590931738555 3.0784425743565844 0.38536661998471533 1.4217037464186884 1.8573183333917023 8.269533324146526
0.36487366822893536 0.00562391026496752 0.025440281798392736 0.19672124855172646 0.002954565381071972 3.914266982490384 3.9958975525272757 0.7140220834083976 0.4785689977242481 0.5171236791139673 0.14341990227508247 0.15855851709906899 0.4449429347980298 1.016404359564881 1.9957822893234831 1.0981309658684681 0.7827088290397342 1.035169862608014 0.7831875990804601 2.8300268373541315 1.6061430970209019 2.0810921560864024 0.2521569806123666 0.9018552320293214 0.8880355247042615 10.358555447702248
0.36660322303471016 0.004950197407363664 0.07223374634659076 0.19943255703973845 0.0029617527321992923 3.998485420041761 3.998105265794008 0.7190984777209208 0.4850398240695985 0.5275459122363906 0.14828127084776194 0.16691664601743683 0.48053186440797396 1.1331544407704113 2.3013482587371032 1.3120341033616199 0.9705783915084739 1.3341986760274565 1.05053509580172 3.9555969696286204 2.3409510064839516 3.1658012255454864 0.40062477004487823 1.4973561745246262 2.3250531074424394 12.07188224712277
1.0007679366657694 0.0038634593532077036 0.060731237891311324 0.19976412588233136 0.006543766457854393 2.1260691529653593 1.5611447687473312 0.3023837190495407 0.22109802227620803 0.25350509176335373 0.09620603309442087 0.09941314112318644 0.3380022028739156 0.8961205707412453 1.9763148033315174 1.192370669906619 0.9159872948433051 1.289874464400986 1.0302222789153368 3.9066884536228694 2.316780941992355 3.127559221374516 0.3939308512221675 1.4625171096150886 2.0353955591348964 9.924657069787767
0.3918438454118037 0.005034612673287104 0.04297557211396532 0.19595005680433372 0.0035581841540315417 3.2605394648728376 3.7433475887969707 0.6722057871003023 0.45301698519091993 0.49210326566687534 0.13794136980776178 0.15410652206752132 0.44143025759755883 1.0288136540480017 2.060146177490641 1.1555065032637697 0.8392361819231193 1.130630820064215 0.871114501930492 3.205134347510149 1.8515919681986595 2.441900932860541 0.3010659619634165 1.0956753370699763 1.2816316169035993 10.790903049447135
0.43821969085861895 0.005308347855096679 0.029882837251468154 0.19800808243454138 0.00331696104173388 3.839255549065928 3.35543666824459 0.6050652301099431 0.4092765130537117 0.4461775783456792 0.12585133119970138 0.14136526177879682 0.40820995352959477 0.9558704504312174 1.9171301244579295 1.0740822565131685 0.7773746465079228 1.0415137284159575 0.7966813744027851 2.9056505369763563 1.662308876327453 2.168745174000896 0.2643603959774334 0.9504778152039268 0.9672433786073297 9.95449192555045
0.4653657087384574 0.005388614554781885 0.028308587896768562 0.1998265920014295 0.003439385919818416 3.583176491880138 3.1690181300092837 0.5736276233803094 0.38909597805055207 0.4253691329730409 0.12163207221327092 0.13702634210183395 0.3961703740068802 0.933548905611916 1.8814496989765122 1.0578670892412214 0.7675555386614769 1.0300207876529226 0.78861126704474 2.877149054897855 1.6459340238283682 2.1465606971233293 0.2614996841093903 0.9394550425312299 0.9459752728174535 9.706624892266976
0.5029669171133097 0.005271155160764229 0.02762502315523384 0.19565626420741028 0.006057103841297641 1.7878838454478818 2.9471877591548896 0.5362463271997774 0.36517006125650686 0.4006633724512549 0.11458355650274547 0.1299872178606915 0.38270622840706586 0.9097001807308186 1.8461056010521932 1.0434763753866982 0.7600645017893063 1.0228376987352537 0.7846674329446798 2.86690610455184 1.6415405313300622 2.142251479900456 0.26111695632238896 0.9382992665825307 0.949675535226535 8.632872927852338
0.8610330487579003 0.004363512876468988 0.06034888014816349 0.19554631895008867 0.006880628674553019 1.8581181597872494 1.7105085419476642 0.34638520638151843 0.23917937715696488 0.2707765001038219 0.10235959528144331 0.12002146434502224 0.3425422282085486 0.8979096059179099 1.9691641645801823 1.185038482314498 0.9093667215525707 1.2799944276897752 1.0222278670712446 3.875478156651651 2.298545664496906 3.102890127304794 0.3909371967308062 1.4515860159468903 2.0217791285150923 9.32062254818034
1.3917523707444879 0.00030345386585933553 0.06028980596839599 0.0006676770730969683 0.009267017705385457 1.5368421195918847 1.1932003474349224 0.23962735253676476 0.17941473861848986 0.21478515008493235 0.071440041829085 0.09208175970907256 0.32757026076243595 0.8855389067555782 1.9654433029929321 1.1861306217035248 0.9090939980232368 1.2758984471895018 1.0151894583736853 3.8355592379834706 2.265320656331909 3.0460343808144867 0.3820488615075835 1.4126569158512026 1.8878636219638065 8.71201294687226
1.725274315047653 0.004117718312246761 0.057690082884856414 0.19898741492926098 0.005794222295693291 2.3272236856097366 0.9946048609344448 0.20946849945557458 0.16034317097006187 0.20331288682097104 0.07781357836592662 0.09023262334302383 0.32780670705040643 0.893880975090066 1.9911910952198146 1.2040787110015163 0.9242136543228076 1.2987969506112365 1.0347904097861496 3.9127528325941863 2.314184965249147 3.115200247450351 0.3913615106542485 1.4490027851594438 1.9610431645195192 9.691783269490978
0.3890390903086463 0.004817442450336327 0.05507158962828228 0.19998945027898724 0.0032272788859723706 3.9990515947593455 3.7738878259906405 0.6785772475751907 0.45793118139742756 0.49806170705204306 0.1409843970568063 0.15837244587898935 0.45228992726740125 1.0619359876662575 2.1435875101148136 1.212698201593269 0.8888855386610788 1.2091417036010577 0.9410315274375426 3.498732210635921 2.0429801925858846 2.723982549354672 0.3396147095885172 1.250016444649077 1.6434685038702237 11.487993961810009
1.3476025839612134 0.003908719319160555 0.059029698588165785 0.19851869489376953 0.00416681299129241 3.576110183051577 1.221236686190662 0.2450075236141489 0.1828365183943499 0.21820817147566784 0.08860908025046754 0.09287873655430286 0.32973841562835576 0.8918527741946018 1.9826872599873573 1.1991082805148594 0.9211632248737754 1.295866288639811 1.033568415006349 3.913091786297056 2.3168724243472325 3.12249632338125 0.39266677443472087 1.455436498072606 1.9923073205822988 11.121477536397506
0.6765527233766714 0.004103070745141675 0.042799885498060825 0.18901007420155813 0.006991546843930556 1.7634276584068707 2.2465276754782164 0.41667725263332933 0.29079786349650305 0.32464982463147046 0.09631113462626434 0.11340988033709655 0.3538076403523198 0.8828921643712739 1.8635177284910989 1.0876238686614923 0.8135961328984894 1.1199836154737706 0.8763978603307786 3.2604545030708674 1.8979868563674476 2.5162366302888115 0.31126514326745836 1.1351695057079345 1.3233689249041107 9.34908062187131
0.44075536278594224 0.004877878879180919 0.038220784374079816 0.19675353229329107 0.0036309338655095965 3.4778594749055216 3.343570178104477 0.6034381975073579 0.4087014480410104 0.44614828012740926 0.12790806087968448 0.14214154015394617 0.4128946246110349 0.9729909158510698 1.964515332143375 1.108271546862334 0.8078889604634919 1.0904233924581392 0.840414619767234 3.089302544315917 1.781222745039453 2.342562382908435 0.2878272972249785 1.043324235615514 1.1566720613866608 10.469420594641978
0.44321706088171514 0.004595057310891464 0.06995692255048017 0.1969663413140921 0.003326239742896572 3.9936710439695373 3.3322211294081137 0.6057754832895387 0.4147683308991162 0.4523232597341905 0.12964939029275432 0.15335851132808617 0.4357388277386135 1.050839378114369 2.1745935565589347 1.2590751096267965 0.9430888054365457 1.309254071073444 1.0387563443351486 3.9334629279086055 2.3374258988592014 3.169722051146008 0.4017565357279555 1.5026649733370527 2.297383632421645 11.502529230037009
0.7173662879062117 0.0036511853946363843 0.063854347944811 0.18602126133417468 0.00776261310243072 1.6135111251643905 2.0124022990734662 0.3814222456968713 0.2672021053597598 0.32042871817652907 0.18235722568501012 0.1210696351509055 0.364341767903648 0.9163003926942067 1.9876696511465786 1.1905725492614807 0.9123842531491455 1.2845834602893134 1.027393097201403 3.9004645414044714 2.3202624032724684 3.1399663289194484 0.41655367228812595 1.4755377534628105 2.105748622611266 10.271990486342197
0.8443452989243094 0.004153598783149754 0.052451773437458084 0.1973455773030048 0.005988237572483215 2.226362010050801 1.8369371526777356 0.34787130801024485 0.24675163355289015 0.28143154770472945 0.08928403275578854 0.10470422513225473 0.3420251102708168 0.8836546720706698 1.9138730287505952 1.1392392697345335 0.8657226785189064 1.2076376943448093 0.9561673874517961 3.5959391881595586 2.1150769289199998 2.8323532233135347 0.35387187512134 1.303286191594366 1.674230320970252 9.60025290662509
0.7277890548188448 0.0051237110853409535 0.006176035647964757 0.19784600981477998 0.0046856086782720375 3.0169386350231684 2.0933715945268876 0.38848932564330857 0.2703441927642145 0.30269042570143223 0.08959182910084408 0.10489215912282221 0.32302094288508143 0.7894608368838991 1.6238265566192323 0.9203412926377447 0.6669779777015342 0.8881398283193883 0.6716162412758666 2.4132025841207154 1.356299499739681 1.7356883519255257 0.20723077806869974 0.7293920815819638 0.5957112303780682 7.760738035970073
0.36487335399104365 0.005272193719875439 0.03922249286177978 0.19999447216525945 0.0031490803485256904 3.7365966179071424 3.994582041845004 0.7146897753233831 0.48000311311459326 0.519651906083976 0.1446882236262295 0.1606251066354424 0.4546362694617742 1.0481668240267774 2.078130979550848 1.1558277931158427 0.8330090913080066 1.1144607045427954 0.8533134591167488 3.121666745634432 1.7942176882157543 2.3549739084567185 0.28905010253042895 1.0475284003040677 1.1816488242969385 10.963244487226145
0.44994097185618737 0.005328005082535801 0.02642182998282864 0.19516999215706923 0.0049155968369562165 2.3063466667534605 3.2636881231158137 0.5911395842704243 0.40028785018086577 0.4366538699152494 0.13077617401383868 0.1414792847972767 0.4012978070960396 0.9403381793487295 1.8862006555173125 1.0562302308598477 0.7636277714159844 1.0214649097461734 0.7797446021113699 2.8371445963590833 1.6189030538646052 2.105956599516783 0.2559842199630828 0.9173541916180978 0.8984506761595513 9.157366562411386
0.710047733645241 0.004346602005850429 0.03127996571535183 0.1966167008066932 0.007592842851740569 1.5389627914505692 2.1452252785459307 0.3988628057852487 0.2785146527831501 0.3119041191344687 0.09344884511424102 0.10950422542874247 0.34135771551341454 0.8489761511639313 1.7813674365223793 1.0316284453195566 0.7647521637863276 1.0423721207025118 0.8071899385407383 2.970820305718132 1.7104893044146001 2.242639389481131 0.2743294984080588 0.9892949244786955 1.030385384702502 8.793888581703937
0.7462426170385097 0.004269652275146723 0.0654630972330269 0.19869867222122803 0.0037199864333078794 3.9999999307292513 2.045200669658453 0.3911083764746544 0.271350351357527 0.30906539440231295 0.10366197076079017 0.11134876602089205 0.3602918129301901 0.9278201706087851 2.015219426410517 1.2078718294778155 0.9266231150635444 1.3069643293120272 1.047278326242521 3.988570619761765 2.375970216470583 3.223073599829654 0.4079926309757648 1.5224401337403357 2.2302235494916767 10.831253091631577
0.36582824552983934 0.00497531734619836 0.04426618034937915 0.19953124257042565 0.0031504834059765787 3.983548704334211 3.999792463685512 0.7156659759969347 0.4808894140692559 0.5209828907661942 0.1452607738854463 0.16149697397832366 0.458564999546349 1.0609764230561292 2.1116425730501205 1.178507136448807 0.8525638242697652 1.1450855260815302 0.8802365482469332 3.2335297220919643 1.8659795792777614 2.459345996833961 0.3031372381973334 1.1032447383509492 1.3003411975377868 11.311874080542713
0.5055906205181433 0.004641233066794171 0.06380449918904721 0.19987675059838306 0.005746604314248227 1.9979115468952942 2.8211711692231933 0.5386317447967488 0.4103480142036095 0.4406733454853767 0.11714852831148254 0.17115203849504168 0.4071212020608182 0.993589841218026 2.0750577700212207 1.2097887649902124 0.909820757149722 1.265335854918079 1.0041035237959761 3.796829972301106 2.251160247473474 3.042733782742079 0.3843476251571183 1.4311529125643632 2.0710626380280597 10.308312971778847
0.6924055491210762 0.004781003803237037 0.038641168092806134 0.19756185026209863 0.004743740876372039 2.6904900602699855 2.187347457550649 0.4074658267833618 0.2838475720770549 0.31822364317210666 0.098292147409072 0.11563858736752626 0.348809324993997 0.870650771124917 1.8358657152542166 1.0695022546657302 0.7980830274885806 1.0954875660210686 0.854579625073724 3.1682843019695657 1.8381939106674565 2.4283472319666743 0.2993919676935383 1.0880406761028836 1.2232533552671563 9.15425470513782
0.8579170860344226 0.00484814350378986 0.0444122099052825 0.19930752252453054 0.004021480001373813 3.2299375060117166 1.8058256199546519 0.3434066383831359 0.243688265005594 0.2778576267956964 0.09826271176352319 0.10653452726517204 0.33591925284911633 0.8637957847055593 1.8602071961488433 1.1002588953609873 0.8304443214066779 1.1503088875367327 0.9042908279020279 3.375480129376719 1.9711397599307139 2.6200830934021293 0.325027711006794 1.1883330714353522 1.4181493315079694 9.418003525260893
0.7962956641938559 0.005141743777314175 0.021032268482349323 0.1984276922447396 0.005666880904636427 2.0956034021917254 1.9283483414014169 0.3622370424179382 0.255255547859831 0.28755229557195255 0.09051749012231995 0.10307431784614213 0.3256874300858296 0.8140474006856864 1.707510401272909 0.98506358968322 0.7257781573295242 0.9818431378615199 0.7540071380510965 2.7504493074447214 1.5693001058383502 2.0385063330376734 0.24706024443667604 0.8827192293806102 0.8366485242653733 7.995388582905138
1.4357974247897793 0.00019597501893044332 0.06476496421523874 1.1623154659526654e-10 0.009539273761997409 1.4914901375644076 1.1591667673889179 0.23413735826331547 0.17620513483384476 0.21190382257816706 0.07101911568521706 0.09208724217421567 0.3304264021464459 0.8987581492947351 2.0048606781445444 1.2154989742222957 0.9357496915948389 1.3190814230849714 1.054141068770041 3.9999810715130293 2.3728432383948537 3.2045725637621327 0.40368368157966683 1.4991760445073319 2.0927036229294878 8.784398302968064
1.399206575384038 0.0035541531751861824 0.056848322657220424 0.19439418964289454 0.022923491036179983 0.6414840820723935 1.1290296380020428 0.2517595560375482 0.17975032225969872 0.20792130030921915 0.18363323229661846 0.16670178821931447 0.3265930298753018 0.8849377781220809 1.9665827969281877 1.1873831725204202 0.9101344949055225 1.2772258868680901 1.0161963163171952 3.8341645033867993 2.2662397913365315 3.047480200341903 0.3821495091381426 1.4129650156990698 1.8853421040832345 7.602609984055745
0.9550386634458603 0.0036134654151226153 0.06216202834476911 0.19999798578249411 0.011878420082637718 0.9639243117853684 1.6200101397227356 0.3188249999344205 0.22593495864810026 0.26506215653181164 0.10373280995832179 0.10112822475298111 0.3411091370351719 0.9007577673403498 1.9836143354993059 1.1966182996483576 0.9197517315245438 1.2963191318316944 1.036441827031883 3.935119403534194 2.336156120244716 3.1575098231153644 0.39812987510397685 1.4798013837098343 2.083450087759297 9.422866319220383
0.37227302231697335 0.00573976245044607 0.016597266148274073 0.19909632884928913 0.003015782215549944 3.985186056856086 3.9137964921403148 0.6993037151419779 0.468573545207292 0.5061585556085044 0.14027604618799253 0.15489696661448574 0.43343154175124293 0.986497638526855 1.9285464096084826 1.055664888766778 0.7481268656928854 0.9832653613127299 0.7389309221136836 2.6518075921231077 1.4937614593973751 1.9208780639650178 0.23098955865171766 0.819476786498544 0.7419949146468131 9.953069032386667
0.5822536536934871 0.005242084287963437 0.008170404077827634 0.19665903303950555 0.004356736153698625 2.9750261701011045 2.568498668019004 0.46916057545829953 0.3215361958232646 0.35485688280392014 0.10283688589068922 0.11715319693204422 0.3482736700138939 0.8305983397846007 1.6812807505207918 0.9435400835882407 0.679979792403921 0.9029839470737264 0.6822500775986662 2.4519692699320443 1.3795164764713175 1.7679214480314094 0.2114575371885952 0.7456786393324214 0.6216596437696006 8.419591699429416
0.7637414136388914 0.00462274540327055 0.020845454294475683 0.1927016208490001 0.005711986923926203 2.302564079877196 1.9976494153894684 0.3732458330519176 0.26139221387523326 0.2944426797516424 0.08933644032244893 0.10472383230044137 0.32779466376516464 0.8155778345125171 1.7055454070731588 0.9818859474675952 0.7223674244086281 0.9761141313142788 0.7488922140137516 2.729607848079918 1.55615894132229 2.019932164019196 0.24461958693340183 0.8732850304473903 0.8216916921305177 8.392380134165077
1.0963009281995149 0.004362024134391327 0.05607056168480813 0.19983306554152153 0.009713850421958754 1.3005192499227543 1.3363378168945848 0.26707175261688615 0.21118817332989884 0.2305018630757197 0.09347757023593657 0.10208073504102361 0.32813622955572097 0.880117714718859 1.9481429399598478 1.174603087952889 0.8998256383712837 1.262380250148335 1.0041467767734797 3.790708516165289 2.238449512276913 3.008451945547843 0.37733990085267616 1.3948273941583713 1.8577077701998117 8.485786114854672
0.43027433900651385 0.004830669129812802 0.0429074808360254 0.1944744239148268 0.005039962689301627 2.163441854839212 3.42525740809391 0.6178656125361255 0.41831419776667356 0.45629716049912195 0.12895443541408685 0.14514414366425793 0.42136489183596026 0.9931177275220444 2.0074166457776355 1.1346317169086282 0.8292088353929051 1.1226471370558098 0.8683091148800464 3.2042249347371423 1.8552574765357994 2.450779761829843 0.30253796327429666 1.1019515598538996 1.2887422190192155 10.069217960988984
0.5943097268338363 0.004979391807005541 0.022655610189886127 0.1989522187252421 0.0038102541091174203 3.857014626224107 2.5128963373875783 0.460715281227468 0.3168693521367262 0.3509969323630896 0.10339126945466479 0.11754750550513735 0.35445775300069 0.8575414450826363 1.7608278703275413 1.0024230870897015 0.732830161534441 0.9871875270147831 0.7566024648194205 2.758241507583371 1.574108048344807 2.0462106940952354 0.24825061040004648 0.8879511770821186 0.8530638248760085 9.00252913222163
0.6155284181863979 0.005108936000506647 0.04033999509915703 0.19920686709709823 0.0036496029634668905 3.5630082236865595 2.4436299501472156 0.45150903895225786 0.3118671939947244 0.34699818252346526 0.11221579303571284 0.11824786706482152 0.36303313536658116 0.8941845523497108 1.8693844263956712 1.0835735847172376 0.8064989653471153 1.1060549516176104 0.8630058473327784 3.2026076766057052 1.8606466685618601 2.4621265135312718 0.30412629239707833 1.1074228403689192 1.271911026581849 9.342780876891279
0.6527671481378737 0.004459921260464672 0.05690779563933545 0.1999821987671045 0.0047104543452253286 2.708063506735438 2.3241050770247296 0.43103179308353357 0.2997137701494884 0.33554880032561096 0.09953903108594009 0.11999184860968315 0.3676454496903167 0.9240814916056453 1.9687960607667996 1.1617930499347082 0.8797366025428114 1.2268768508856536 0.9731415835904357 3.6709100031359463 2.1672442456794445 2.9143593068283886 0.3657511337290976 1.3532492029695802 1.8230911718400387 10.177226758228521
0.4329028771416565 0.004966632358147972 0.04360188795933691 0.19875120030628116 0.003350847028746067 3.9796502956454614 3.4043486941578562 0.6143858644759127 0.41600980054737957 0.45408661476638734 0.12841599379565102 0.14566633662101208 0.4206088646024257 0.9928501165013758 2.009449932217169 1.1370829835018528 0.8318838610727047 1.1273876873000428 0.8727871172324209 3.2235801397761255 1.8680533988631352 2.4696626974786406 0.30510767194230387 1.1121472066080245 1.309263747052607 10.505934564671445
0.701702910205531 0.004211494768744146 0.053476198332172424 0.1993955150297516 0.006540416845910448 1.9017838929822661 2.1728050391895746 0.4055982772418233 0.28324682570662796 0.3184948001207457 0.10199441257551713 0.11285234001777891 0.35773143306184363 0.9046940981655431 1.9336151455390442 1.1420859207214882 0.864230779568196 1.2031260834200677 0.9519400280952571 3.580199995857333 2.10698437663876 2.823652152386277 0.3531175563927274 1.3017942114638887 1.6901129346390933 9.799283433083456
1.795611442847827 0.0034689263457479713 0.0587237688745303 0.19185439872847887 0.014866790217705499 0.961200073966472 0.9641558649755159 0.20342131395756013 0.16059642125871373 0.21065273141711943 0.08458234744041988 0.15062388925166503 0.3279467497622671 0.8962128532458548 1.9979185743209058 1.2087537087593712 0.9281866158573309 1.3048995025015775 1.0400284827315183 3.933646624675552 2.327962143919151 3.135209363768217 0.39394032866389894 1.4590315746898614 1.9821557249586057 8.164903951302307
3.820023935095124 0.004461057094219459 0.04498119627301025 0.19940832916023443 0.006159297512725656 2.1258799004438886 0.5694530595128189 0.14090978455717243 0.12323469680217883 0.16521330990763913 0.07359070657453833 0.0942998897473739 0.32100382872359684 0.8697612520996093 1.9156067756860913 1.1443489423995965 0.8675906061839205 1.2042312942499516 0.9476283152479434 3.5395408385617504 2.0675217889323907 2.7490001898817558 0.34106843427067796 1.247220181152069 1.4913496005647333 8.741991618860599
0.46200111666651816 0.0047593613855629446 0.06912434465173128 0.19531841134183786 0.005275239019590235 2.0928117823379937 3.1518538288118947 0.5891885913114469 0.39800997851212006 0.43807442885400927 0.16829288185834437 0.15049971980811064 0.42715805621889774 1.0351515909082807 2.1506103288347314 1.2494349078961458 0.938186687038822 1.304794134466652 1.0365407945240723 3.9285238716655746 2.3354210628003957 3.1675191825983244 0.40150260237969165 1.5014663867337443 2.283526849134134 10.565116424416484
0.3652652108084488 0.005718180435637614 0.03763822055208439 0.1987587393364525 0.003087021353742514 3.4664264786659325 3.9908997835746916 0.7158437095475646 0.48058455560657887 0.5201447448052194 0.14476942020896677 0.161732352251716 0.45435817082064905 1.046728202724831 2.0740812119342196 1.1521809500464921 0.8295355139479724 1.1086604752344644 0.8479281391048948 3.09851109342691 1.7785748492953637 2.331442560344642 0.28585520076198917 1.0346596451433179 1.1525289142125832 10.68300152900458
0.8772344524349243 0.00478405778657017 0.024194315421819997 0.19524351795928763 0.004553279956803963 3.1103461228980662 1.7535512156949873 0.33198731573648316 0.23552279669989376 0.2685456826423061 0.08213939106520761 0.09947574430836136 0.31971053749211586 0.8106098698685019 1.716847060981001 0.9971172239658412 0.7382976787587724 1.0026987301382577 0.7726205936145646 2.82696458453022 1.6176869647615155 2.1073424309685636 0.2561273505959201 0.9176131806584095 0.8941832537798412 8.292804550149272
0.6840840631491728 0.004268874277764718 0.05348395180423988 0.19998985174405617 0.006535389410809623 1.9310793234385248 2.2225709560973663 0.4142617911785124 0.2886408314308632 0.32411312672051196 0.10662441089223446 0.113925321340352 0.35991449177397516 0.9074009458583472 1.9356431986301792 1.142053886176631 0.8636767503880962 1.2019807783241523 0.9509202817588116 3.5761037097361807 2.1046763401914546 2.8206679367208105 0.35279000391241044 1.3007054500630606 1.690146989560837 9.74513818594884
0.6205898721085066 0.004927420237770868 0.0222028656181811 0.1969092579638412 0.004580497062180231 2.899390131636595 2.3961137794053466 0.4408951513949974 0.3042661851455749 0.3380807323496622 0.09992246520137131 0.11442496888550921 0.34776593241741216 0.846040927471796 1.743870259149473 0.9952211813894553 0.7286144485021445 0.9821851613331317 0.7528888989011219 2.743997444214591 1.5652483474166896 2.0333239943104546 0.24649797794981335 0.8808961550065191 0.8361328301777389 8.880624786511712
0.3816720758242275 0.0048516815042075135 0.07125207772875303 0.1981611973774473 0.00417315040819115 2.613024857279171 3.840996887478613 0.6927822907974012 0.46816026957258683 0.509843112255783 0.14632531593443635 0.16266217185855328 0.4694880724279249 1.1117871908296637 2.266214543669891 1.2958728326752027 0.960956981298103 1.323497002857693 1.043611961685858 3.933568886439245 2.3295513104129117 3.151617521189666 0.39886059387487127 1.4905932839118963 2.29787970570142 11.38208873839131
0.38142563755735887 0.005518757071432442 0.016856428290932115 0.1976687628682638 0.003507484628871383 3.2560854414911153 3.828720312545523 0.6843383645256207 0.4590568871866163 0.49632161007679293 0.13779997505001226 0.15244850819436162 0.42795412831425805 0.9766404657419533 1.9135855155741004 1.049526273153772 0.7449418663850607 0.9802902402792111 0.7374281573910975 2.647994050597753 1.4926303947750532 1.920183492173703 0.23089894113895287 0.8194054406185803 0.741958213368818 9.90483119591269
0.3728293493474511 0.004809029814103958 0.06633320238059441 0.19998467493618638 0.003118281781976367 3.9563619363155578 3.936070739318969 0.7073438941257667 0.47706950522442865 0.5188156295858574 0.14616793777580683 0.1633540831500709 0.4714826552697474 1.1096238695155072 2.2479234978270086 1.2777600710898782 0.9419804334490582 1.2899271308767795 1.0114161506729675 3.7910551753425583 2.233032402866923 3.0048453075210038 0.37826234602453834 1.406188228516962 2.0599601659806033 12.002481362807368
3.329251149737987 0.0041539103845481115 0.045002422745548554 0.19995718039019422 0.0037169239387017344 3.942055431863237 0.6174609597321303 0.1477429833896448 0.1263878979456174 0.16717125981065303 0.0705594862645969 0.09023431035205001 0.32013445234960036 0.8672371262492092 1.9095815124101416 1.140419201962226 0.8643575874300344 1.1993906423037153 0.9435336314321725 3.523687741989361 2.057581782330851 2.7351905319297067 0.33921869759291584 1.240078571521511 1.4789352243551248 10.503126710604203
1.4633958979788526 0.00019604524616440347 0.06459937596950617 1.38904611091327e-05 0.00950214605469613 1.5082853563615224 1.1450462645215813 0.231814478617991 0.1748094161657483 0.2105906530122001 0.07076629593395127 0.09191688735036345 0.3303342324223082 0.8988130401841711 2.004884731923276 1.2153397629909661 0.9354784061423318 1.3184900196429725 1.0535039215602453 3.9969866987138167 2.370675676138394 3.201154569326359 0.403190482971699 1.4971140483763665 2.0866500737447664 8.82467323973241
1.5726566038953402 0.0001839736240807391 0.06392565784806122 0.0002538688166961548 0.009669776868280086 1.465942051782569 1.079194426487884 0.22091557106873458 0.16818401186201182 0.2042470923620451 0.0694760090127612 0.09096254086111467 0.32945379765150506 0.898451684429315 2.0045803002515714 1.2146617892892384 0.9343902699698199 1.316082448953501 1.0508659846073194 3.9842666331784096 2.3614995423502267 3.1865738772209116 0.4010795034781907 1.4882534868566046 2.0601418626194636 8.713380173378066
0.5990073644093334 0.005209035080886684 0.026220703068215608 0.19790682268730808 0.006194858825448122 1.8921902832076278 2.5046360095269335 0.4601956334205867 0.31696777478991517 0.35122488369086 0.10217380315179463 0.11804125477576809 0.35701819926168915 0.8664854970399587 1.7853617463381704 1.0200270274838805 0.7484048131473643 1.0118660165117275 0.7784088507641853 2.848061598371867 1.631555452998061 2.128855232943727 0.25928119041263076 0.9309967970656389 0.9290804532535898 8.322561115042621
0.4029681310416115 0.005249692930519067 0.05259762222490697 0.19999150854873143 0.0030486785557750223 3.8411475853733226 3.6190156883121594 0.6569571562743456 0.44398012701028355 0.4834877509785155 0.15870826444539216 0.15300943617830054 0.44289919873754324 1.0429892470794047 2.11011284755932 1.1956870581518513 0.8772888022700818 1.1938784577713166 0.9291246472460629 3.452133653280097 2.0142896323649526 2.6822130863239773 0.33398750228436913 1.2272304966185401 1.5726435593358483 11.096289456555395
0.6907444567284484 0.004693878650172591 0.048847528163040686 0.19997635639376077 0.00708192894207233 1.7010113088989827 2.199594788935102 0.40974607313723377 0.28623670414136804 0.3210837776904188 0.10500235160569524 0.1128987530230949 0.3557042196358244 0.8948322175699676 1.9038358199460617 1.1198652316369353 0.8440234585533113 1.1703311026913188 0.9223485954525152 3.4545832088592756 2.0249855376053425 2.702592371269882 0.33664765789534284 1.2360094516945912 1.5395664565223257 8.914331810207557
1.5264755353525938 0.004124814922809757 0.04281653862162108 0.19655621334714923 0.008523880265823743 1.557882109727831 1.0983150087164664 0.22352299823721394 0.16916204387885894 0.20429888760141776 0.07101601215784999 0.09273343215461988 0.3164642371911503 0.8477545342449351 1.8588346803169886 1.1071652536731058 0.8372132637853532 1.159133223461287 0.9098368957229839 3.3899411808612734 1.9752192326885076 2.6197570379814143 0.32419220305232455 1.1825022270244876 1.3785961919951575 8.182820640431128
0.6339569329908143 0.0045690027220383666 0.05284301759835417 0.19961487877397252 0.0040519728713430455 3.4376662066639567 2.3889859812314063 0.4414498830919235 0.3061221215603027 0.34186730320411873 0.1009231055171213 0.11828994003158605 0.3681144167615209 0.9188937674266079 1.9458740254203482 1.1420417488491763 0.860508670994397 1.1945418143233186 0.9433513889876357 3.54355394946403 2.0834440390466846 2.7903101440938105 0.348776239384222 1.2852972462697825 1.6642820429760596 9.9447772506837
0.4546873231922723 0.005186807698408015 0.05221330616212146 0.19950450626633112 0.003135802168168817 3.947342930255078 3.2487094725935344 0.5897713923454103 0.4007809713963753 0.43905027996054535 0.12848797432597722 0.14371949552141164 0.417882155279994 0.9987719059612464 2.0454880740398766 1.1706434307549494 0.8657626509161636 1.1856005309117383 0.9271909363871751 3.4585985025420074 2.0235216909002647 2.700767659439714 0.3368018793529327 1.2391809336188633 1.5993997514248073 10.637364621237584
3.939671737749872 0.004384694889295875 0.04403996411056381 0.19812579690779802 0.0034235631149926353 3.811570971383908 0.5323953085592151 0.13668664125187863 0.12301326750448366 0.16388901562601213 0.07340977038249989 0.08990692370431069 0.3204844052010216 0.867433661168231 1.9082474537139542 1.1387656088212752 0.8624078355728844 1.1956829197128145 0.9398496734374405 3.507018396522644 2.0461135893063735 2.7177045825770305 0.3367700617036438 1.2301453845562014 1.4549047912467419 10.38584287530513
0.36376106332354075 0.005699155194964473 0.0021088585043097796 0.1999999418733215 0.003098798666468626 3.999163324530194 3.999876036559584 0.7116666017001669 0.47545227643098004 0.5120472872391851 0.14103418351376187 0.15480675255772788 0.42780833375676364 0.9614043955837777 1.8551492000425445 1.0021282357527646 0.7006592992213736 0.9083326189327723 0.6732033073466043 2.3822195199215743 1.3231156385882819 1.6774055153393468 0.19875087435756894 0.695081967751032 0.5444969339378748 9.706146208495735
0.39656256461227674 0.004812047527923236 0.06102843934635284 0.19968719733109344 0.004335416373680845 2.607972846176749 3.707774865686183 0.6680591938615126 0.4516003865298259 0.49198935878267464 0.1390502751244564 0.15598991077073762 0.45270573161826233 1.0696104298170932 2.1727700424516434 1.236961328248252 0.9123275283445257 1.2486934465061936 0.9777711183643101 3.6571644239385734 2.148444164174684 2.88173755126153 0.3614537054816497 1.3383357583343696 1.865557321205885 11.05815175199513
1.309673495222494 0.00022395238736021798 0.06518045120848054 5.670705295335177e-10 0.009282745738064604 1.5344025229868878 1.25609618553418 0.2502835252271962 0.18612666443406725 0.22154520148042145 0.07305953802777568 0.09366860426071791 0.3319354869809854 0.8985041149580826 2.001232087408124 1.2130015685934412 0.9340302700483502 1.317153030500056 1.0530504344250764 3.9976678431102446 2.3725166848268313 3.2055821082756313 0.4039931866906141 1.5010054554245391 2.1047282794203617 8.94627992775014
0.6978169921977143 0.0052232791899781035 0.0057900440064947 0.19735545325450807 0.00525678781519969 2.4104304162388535 2.1412458292448178 0.39665611131600215 0.27549713829804573 0.3078530123787103 0.09079226399591205 0.10605765538070965 0.3247595632771131 0.7910628843293702 1.62379574266025 0.919198426166954 0.6656452932395027 0.8858994468712578 0.6696645176316833 2.4050626136637185 1.3513461758386476 1.7287305410891054 0.2063576576180612 0.726100180389383 0.5910175277276696 7.890543945523096
0.4015178714929858 0.005156075209718026 0.02546264681924009 0.19765696662094118 0.0034376420078401173 3.4928514781446913 3.651014413575936 0.6544713417019417 0.4405122173623587 0.47792054328012973 0.13357154388427156 0.14873580959999405 0.4227477322096761 0.9762937007373974 1.9345434006214024 1.0724284729596367 0.7690326731638712 1.0220204738725216 0.7761772663173632 2.813372820314401 1.6002178708406622 2.07704366765963 0.2519353852982073 0.9018173482890921 0.8885986281656191 10.294713579340282
0.742850796546423 0.004320947776846211 0.05087254824832916 0.19447832838807946 0.011426267111611219 1.0570320441630814 1.9992702906991453 0.39698020337972434 0.2721508205802978 0.304687198946554 0.10042719201603058 0.14620517836256222 0.35030018392094764 0.8904027415696891 1.9080398193547758 1.128379299919904 0.8537369210353694 1.1872994257340221 0.938050662801856 3.5202556514374956 2.0675368220868124 2.7642608319783792 0.34516644189696083 1.2689195150508195 1.6079987351500948 8.21545450311344
0.4221963239090356 0.004115594641083886 0.07060227064415019 0.18607932903555854 0.005104058027478604 2.1880629408217507 3.407449508801455 0.6322498204826038 0.43732879181990736 0.472007070772102 0.14059847914414125 0.18553797563915636 0.44531377912549824 1.0666839747429668 2.196434219595791 1.266443158242991 0.9455557390794862 1.309407575789521 1.036894432686093 3.9204904681131607 2.3276572648351825 3.1542834407589697 0.40037189605571377 1.4939918332061586 2.285657682275475 11.491547982452868
0.5933455752284851 0.005289642142947578 0.033439707784256395 0.19964642547971287 0.004348293289445465 2.690631447738097 2.5278934224889267 0.46472132064037264 0.3207131793831892 0.35500038059412886 0.10398466890166069 0.11956907345417746 0.36312105486464114 0.8854915694079915 1.834320802206933 1.0542132573882075 0.7784094429497885 1.0594619997273003 0.8206458922528139 3.023728351933941 1.7445798074972734 2.2927430054868383 0.28127696892336856 1.0173313356510842 1.0923826521307125 9.132043825938613
0.36656407772139754 0.005554974145713682 0.04507806008683347 0.19799794909592236 0.003061681695829886 3.567599143019782 3.981148262868303 0.7149408556856248 0.4805332295548253 0.5206530728463086 0.1472460762905691 0.1622599934778249 0.45928789405926856 1.0637770438005 2.1197203367806163 1.1844677296527462 0.8579778693999827 1.1538830934424533 0.8882255938385749 3.2673300291276024 1.8880490924902378 2.491926800227694 0.30762014465903764 1.1212616400580961 1.3425077028564136 10.95296065476144
0.9926769678808877 0.004175844478084839 0.06243265566886237 0.18909566535104516 0.007610707298144201 1.7414891256540614 1.5078462574062435 0.33180077772580757 0.2263470352816611 0.29391450464449975 0.079637497703274 0.1626452065595926 0.3375068787212996 0.8987622154018597 1.9893349134611247 1.2039317189892824 0.927140344385186 1.3081754438992947 1.0468256721864868 3.974868365784379 2.3616493613938894 3.193134640521743 0.40314495029423864 1.4987900044659563 2.12065339533366 9.026407335999245
0.5617296549910171 0.005042820857648205 0.034043638170145836 0.19831938867527615 0.0033725954163128027 3.99999998932465 2.6558865966826755 0.4876734980392119 0.33474908523357466 0.36989499919133045 0.10707496589290273 0.1304417843889011 0.37059960951863535 0.8977464326022392 1.8507256285323042 1.0599819192720454 0.7808671870553603 1.0612562104698013 0.8213024618624023 3.0251040560366818 1.7449728921443959 2.293298448493745 0.2813634532434855 1.0178589233260829 1.0963815219776731 9.42417899969767
2.4855423907255036 0.0007137925580573666 0.029806878982523023 0.0028875364106114246 0.00960983697498894 1.4763113141589677 0.7549066226993889 0.16757630291384362 0.13595493849578127 0.17324808729713895 0.062517471505313 0.08391041384161761 0.3035952258491726 0.8069302593549433 1.7440670479340636 1.0223169799323877 0.7605210265486906 1.0358273209765794 0.7997735304257142 2.932131683561502 1.6804688067107019 2.1927078960137183 0.2668665396603107 0.9575340993992058 0.9475461640416859 7.353811884642262
1.1546531058067881 0.00026700492990271044 0.06587228750265767 9.509475957716333e-12 0.008947197092926611 1.5969783199112313 1.3991737699516176 0.27429749091318256 0.20101147854554371 0.23617629429139247 0.07626232014055269 0.09628281643852317 0.33501434322672474 0.8996118467471172 1.9977704050272056 1.210003537482135 0.9318790218443699 1.3148099028923528 1.0518700672367531 3.996046300590025 2.3732642680758915 3.2089413881206044 0.40471403896736396 1.5047923928262736 2.1255392643181827 9.137698510579241
0.5665960742422286 0.0047230046655786 0.030395820405769096 0.19260732323629776 0.004444269581603465 2.9393543296961835 2.6289384486016214 0.48086731470926514 0.33008465824882444 0.3649421347445313 0.10567298153245426 0.1215610941564072 0.3656410754196956 0.884522527906453 1.8198340874543415 1.0397332722532284 0.7637502139204426 1.0346751066677058 0.7979855226776769 2.928661619421679 1.6830596266290614 2.2035662817972685 0.26929411270970843 0.9703356457579679 1.0045368980548353 9.40877635332437
0.6500507352607882 0.004154964499143146 0.04541027788821981 0.18980672472653207 0.006836396418103684 1.7597829601020691 2.3310404138012206 0.4312059147744627 0.2992896337028045 0.33434728726057905 0.09925876404654885 0.11610895659656069 0.35982802028907074 0.8953336411355184 1.8874986403368508 1.101652587459207 0.8248256978027996 1.1371069212301583 0.8914361905918317 3.323053470266685 1.938711859676995 2.5759859898578754 0.3194060872431634 1.1675202906465398 1.3907245960058123 9.498471104659927
0.753950625951714 0.0041151573978440315 0.05855446810289107 0.1838034021248685 0.006332335106477954 2.0082426474059965 1.9261356138912482 0.3732769279971619 0.27694167486181126 0.30371996268625717 0.13438689645667343 0.10869128049975632 0.3518273956353464 0.903617539663167 1.9548188461329694 1.1668702641458426 0.890469803841499 1.2485376653635853 0.9942001954058778 3.7592416036441643 2.224572184589198 2.996269472473935 0.3767428867973314 1.3957950757112503 1.902846077809763 9.58057383563414
1.284115833925117 0.0010314414532581171 0.02304870136977023 0.0057444929403897005 0.008415316836518761 1.6794731645494676 1.2707392317858623 0.25099942593559094 0.18500212350133396 0.21822165772517255 0.07063266486552917 0.08883229950872032 0.3025381976194686 0.7862960773633448 1.6808143585809894 0.9776314528463962 0.7223390706872952 0.9774030561115857 0.7497954880005431 2.7312273234561446 1.5552740970576504 2.016316207343722 0.24382727637418689 0.8692451359344697 0.8065598606667255 7.433920788133743
1.1642546248882926 0.0003341206193446236 0.06236966752710742 1.0846870929465892e-11 0.008817990070865303 1.636092052693227 1.3886882829570608 0.2723248775716999 0.19965407089898185 0.23466117979490533 0.0757892561051141 0.09565585621572104 0.3322765558368587 0.8899669326437576 1.9703348912504908 1.1894887212464684 0.9129985513152482 1.2837859703336474 1.0235382083408164 3.8751795765264188 2.2935275462142632 3.0904642287831963 0.3884397204635476 1.4393230328317326 1.964360646966291 9.037847736482004
1.1422220822573816 0.00026999912987164446 0.06595826032285419 4.919423657657066e-13 0.008922093105021973 1.5996308063851221 1.4123138319547717 0.27650718085887904 0.2023889231365906 0.23754166120092796 0.07658582183208654 0.09654144819843279 0.3353639832505752 0.8998645628147669 1.997734058338906 1.2098868747568094 0.9318077537553323 1.3147900197287583 1.0519363123278307 3.996639045840993 2.3738226814802483 3.2099797422567273 0.40488091534294346 1.5055467107029576 2.128485798909748 9.151357620095819
1.9399073914543887 0.004437676016858412 0.05499672110090219 0.19640320455633975 0.0048066294678418345 2.6371984932306027 0.9078288276111729 0.1933821515603243 0.15237183820408506 0.1888658767955303 0.08192308187721851 0.08866305675108818 0.32598372418910443 0.8895598485871038 1.978035541396648 1.1934502535218392 0.9139144996642842 1.2812895991639992 1.0184303579149017 3.8416358498708396 2.2667651095494885 3.044084445355465 0.3815323337356026 1.4092633557080139 1.862293599854215 9.790582958072905
1.1370860642863074 0.0002714421598033946 0.06599537496565556 5.096051548407412e-12 0.008909988784822897 1.6016726446926326 1.41782887421224 0.2774349165002309 0.2029675857963283 0.2381157444533827 0.07671473861732746 0.0966508749698272 0.3355140816238805 0.8999786829199518 1.9977344595757385 1.2098468902106079 0.9317850147023021 1.3147927601052163 1.0519740208459694 3.996930157591619 2.3740848761551225 3.210457033381172 0.4049566881918197 1.505886496148316 2.1297816669095937 9.158341812407581
1.2029904097156205 0.00025174111534986707 0.06565398571881308 2.4421249342873936e-18 0.009064303123624688 1.5712692431960482 1.3500208018197422 0.26599488487221523 0.19584666148958507 0.23107893271550076 0.07513170646974551 0.0953397789001875 0.33382011141215423 0.8990220168211129 1.99880948951205 1.2110702204090058 0.9327055024867803 1.3157886137473038 1.0524413013639773 3.9973047685307845 2.373467945114998 3.2084592634286726 0.4045572376004388 1.5038505568047218 2.1191739762505866 9.069397219754853
