1.5362734153599478 0.04746849138000886 0.12382240002289352 0.13740398912963017 0.10231802046128308 2.374687823448395 3.326221615689215 1.9418246652809235 3.2399760019755717 3.851305595191628 1.7696588975362322 3.4424400349992146 2.8870573978333147 3.560291902733848 0.2326317504727916 3.6567396471273357 3.079012215402195 3.85139676307986 3.926211468324209 1.1776686366081375 33.97191600360748
2.832902597737313 0.07003180114145183 0.15345971207253942 0.1400017842541383 0.037723851655339855 0.8334149791881877 0.740059747912699 0.787701602411548 2.8127899262919427 3.2160755428254415 1.0161248576172655 2.6100029523397414 3.390807619341581 1.061455658341592 2.215311452635693 2.2295337173622767 3.277390892220508 3.9989318479276856 0.5298059972923065 1.2724157984850617 33.00995232070072
4.741744770742172 0.07068066808416719 0.06339146024646261 0.19790829259557824 0.07492957260807395 2.578329273346716 0.32931484910170045 2.5838381880348096 0.7838357086316424 1.5904028622924429 1.4491997785165618 1.3743079675931846 2.710655203081536 1.0471224610461927 3.2595279997548645 3.404071832795211 2.778180207972349 3.9998860391469147 2.7514591870797154 3.957722547415952 21.340392094679483
2.2423194616767574 0.11488615401041885 0.11663496648696732 0.1735707485238961 0.13285456249616712 0.08198296920862633 0.6294662453359292 0.5705264974961017 1.1242980619066785 2.981845576300246 1.982666107872898 2.9346470444363293 3.3730212210794925 1.5102380015670145 0.06362418811065101 0.8921519063343166 2.486966734811897 2.313280889157741 0.8562372437222777 3.0297664700146973 34.30401941590109
9.061996065157018 0.03994616125774076 0.05448042977727134 0.1991758082822742 0.015284608238351764 1.707372900329276 0.3757650315933755 1.5058013049120864 0.876164515401102 0.4504717271446612 1.0732406208833183 0.7716168319494315 1.2005155677472157 1.218888182398542 0.9940403413281932 2.435872743581266 2.4921243377315205 1.8432526663920008 1.522331157512953 1.3727357380373992 3.068511592449824
3.153337849705515 0.03960275655909119 0.05664876935757027 0.1999495123640127 0.018143717256114758 1.43522698805487 0.6163646737619933 1.864813688899812 0.9558385771539775 0.46456095106861295 1.067742508995297 0.7627890616778144 1.1880135001810248 1.2095857355899386 0.9912868905349138 2.4376355765049404 2.4537392164154928 1.8158759644267186 1.4916652805227522 1.3392930677723365 2.732474590646555
2.0391781317207647 0.04520432138993207 0.02763260571075008 0.19917368439974042 0.014633572720970956 1.8139938331530505 0.8382972067152141 2.29310920535163 1.0881005807601398 0.49951951685752105 1.0687794655177045 0.734792214054331 1.099881295478745 1.090204180433544 0.8511716518851409 2.0003332353412016 1.4374890401313678 1.0436066787815514 0.8400870042409275 0.7391222046770292 1.7641472114019467
3.161785098077602 0.0416164737946038 0.04917591827685229 0.19992824440534296 0.017344403416756977 1.481949199933627 0.6145753480161127 1.8588474492141087 0.9516251973023058 0.46187327839851333 1.0581619107168234 0.7533295297239855 1.165265271090035 1.1784856056487671 0.9538718923577367 2.3223176565472587 2.243192583539764 1.6603195891444555 1.3644900099977686 1.22781199619632 2.5167002443872346
1.8964982440501552 0.0477346077839697 0.01427918245314721 0.19997279423620673 0.013118555302505615 2.011888378498049 0.8842355725527157 2.3827115329266486 1.116518144486196 0.5070887155559106 1.0672015530777834 0.7252402041213617 1.068529491257311 1.0461226149640552 0.7982537779726102 1.8335288764296034 1.128128499549884 0.8136538334771938 0.6511281560651779 0.570162266672056 1.4498278475940063
4.473622351736523 0.04067816074685446 0.048389436411569564 0.1999660997643623 0.01673118385032903 1.5454032059790503 0.49916406021132764 1.655332799322979 0.8973715118933514 0.44977560571455416 1.0575074437873275 0.7576471497095723 1.1732171848743007 1.1854691252036862 0.9571213977580745 2.3201354959763454 2.1227066662528697 1.5674438430819577 1.2849426230490488 1.14980952222454 2.615355779418342
3.496372561192716 0.08911854586331153 0.07926105942966456 0.18278115970484451 0.04338845751104331 3.096644478129562 0.43281105131016817 2.353453150612324 0.8715628664313733 2.938339931018018 0.5703696456561232 2.7291354193046136 2.6600164066645604 1.622157704794938 0.6544630460239431 3.2805976203950857 3.8402364916395793 3.794932409950152 3.6132743953403286 3.9996257575444094 27.312633949282233
8.643372856204989 0.09176927941942042 0.1228241051235117 0.1788617275853483 0.05305774725742083 3.1183953437830927 3.0289493372983056 2.1603691672686987 1.3029807944718241 3.966682314539915 1.8291236667706263 1.7311799882368675 2.484481873353887 0.977747802016853 1.872990281454776 1.1495584963140995 2.2407688312388188 0.6047324204905458 0.17234903106467284 2.7999526865369493 36.566396287600924
1.5210082711545054 0.047146409177028226 0.020722955288557943 0.1996830263507099 0.012959017006296704 1.9712668749881703 1.0572105786186665 2.746402587538332 1.2477585705589977 0.552725908811024 1.122872548032963 0.7474835599983273 1.0842586994239163 1.0611303849280576 0.8175434350489074 1.900018913200957 1.2691117664606875 0.9184483722811757 0.7371788033361497 0.6468378989062474 1.752094015056119
2.715713353858391 0.1687347300324228 0.06184082055705986 0.16549790541833248 0.008822854309669295 1.3209970250079865 1.2684430169730092 3.383614317976353 1.8001416965274164 3.9789136650080033 3.066635628940833 2.79130785801002 1.4137161230595978 2.1767780103880896 2.2667193578298623 1.847665422772683 0.48168911923690516 1.3106760295339182 2.0559482425293254 1.1997118450569917 36.71371164467932
1.8448610438579698 0.047692267854680837 0.01532089698467825 0.19984646817977397 0.013084904875104504 2.0154807942232402 0.9039114189232553 2.423621784948213 1.1311139807363266 0.5121049625884182 1.073246140427677 0.7277638630538732 1.07101895849638 1.0495156093172633 0.8020118211147828 1.8458501278384163 1.1527163009358568 0.8320435076659465 0.6663953761073679 0.5839921929150175 1.4760826884761036
1.4795521842677937 0.04783773800272122 0.01714791247733928 0.19988243181714319 0.01235317935882651 2.1163601207447527 1.0810167532088781 2.7954474903055306 1.2650347832788242 0.5585067664370715 1.1280504717334225 0.747984370889069 1.0788260784025945 1.0521527086780564 0.8065802816696788 1.8607102060516345 1.177234000897661 0.8488013912719459 0.6789347671215892 0.5940660719489435 1.6259098003231678
2.644859203783497 0.04457347089737484 0.029173106285751673 0.19980245790352982 0.015474072603080504 1.6905039513032882 0.6922452575535719 2.000479906320532 0.9903333205947226 0.46924366935017814 1.044009699584104 0.7313059318624022 1.1080447157507551 1.1009966766632955 0.8608860093133555 2.0248497909016034 1.499668729494163 1.0942631224444817 0.8851332982928584 0.7828903218260103 1.820802148385337
2.8925037611740345 0.005269029280843763 0.19652262263960335 0.11892704285131461 0.08301460706453302 1.5322013576140456 3.038327869030931 1.5647579922330699 3.9073946311216736 1.476551600765462 3.7688205595941002 0.18810974912700917 1.561951092577967 1.8323183322222794 2.023938884972606 0.6842903348716796 2.8984913569236714 0.6461311147651208 0.6120901178142871 3.6091134353866856 36.25015618690633
1.8901450595203604 0.047567662099634686 0.016090010812567803 0.1999999999999492 0.013145727928061393 2.0036143223275134 0.8873039159820649 2.3897171393832273 1.1192515231916524 0.5082495974208069 1.0697611583696962 0.7272641040312459 1.072881043510463 1.051994257765947 0.8052893964473088 1.8553062915824303 1.1727301158472043 0.8474184011212288 0.679514646482175 0.5962631048195544 1.478798716739591
1.7414546969142293 0.049050174397728616 0.00828253407268298 0.19924467285488548 0.012414996493101951 2.1075758581350374 0.9446726216828076 2.5057275387763522 1.1594075934793884 0.5208365137104247 1.078249194557211 0.7252127640450874 1.0563579727005137 1.027954347717344 0.7774646163592813 1.7677156379355108 1.0084256416717126 0.7236479041028798 0.5760299976113585 0.5016732248262311 1.3781767502131146
2.5327359691659086 0.04480203147291769 0.028111083406064604 0.19969532872724896 0.015303079927230144 1.7105648067839985 0.7137826425097141 2.042456634943741 1.0036643762434851 0.4730326320124901 1.045871154861296 0.7305138037251924 1.1045074458117128 1.096397275513397 0.8558332691104449 2.0096984845158277 1.4678897924018666 1.069987465077651 0.8646140348510788 0.7639864010465942 1.77389849025756
3.4977151933287525 0.04097146796611527 0.04862523949588285 0.19999228341995107 0.017234557222379113 1.5144039718227376 0.5760907141150411 1.788071326768893 0.931227668720535 0.45680006743010126 1.0566893756124096 0.7543757691267945 1.1674656686039901 1.180037948814336 0.9534591950211928 2.313583825338277 2.147052824544116 1.594829108381179 1.3062579030608779 1.1713299236097814 2.479031115028669
3.9134011018456083 0.044349319165974316 0.19644687308870679 0.09232176023843974 0.12259176156963311 0.4124450374207486 1.0780568758238267 0.1954129039553668 2.8242668666029696 3.14257049459665 1.4942449908263755 3.561054059721447 1.9727371865528438 2.4651737368697964 0.8201240876552062 0.3578273050333688 3.51199509016565 3.7807153978861163 0.6290609887488179 0.6578989364675059 37.5058998295709
1.1088986100041325 0.024492782267453887 0.15229952224127907 0.09204438400570934 0.07574989524718295 1.0013752155602138 1.4418584549756532 2.461338497716507 2.2742689768908555 2.46968373635147 2.404853763311902 0.7842772986890909 1.1766493930732307 1.7952279812316876 2.321855801471022 3.8734900733953754 3.778248426300701 3.8047173112521926 2.775456031457899 2.3901884972283796 26.219531601257636
2.2807490449263375 0.046470708174747924 0.019931578899925213 0.19999625266211588 0.013980897611815493 1.8751315057391464 0.7688668157556069 2.149448355455603 1.0373826656542666 0.48223088715756235 1.0472288917327686 0.7242469769055319 1.0837062408550997 1.0681034345052565 0.8227477464858769 1.9061748096733013 1.2586589956331045 0.911827459010273 0.7330029211221415 0.6448102767227235 1.630215138513308
3.573672671424998 0.04470171482163236 0.025276314663982495 0.1999957827409045 0.014461802481233209 1.8038324794657123 0.5666726753314194 1.7626443292382217 0.9175971000747807 0.4490533879482529 1.0306375137357964 0.7287529877522596 1.10534258694308 1.094843077961181 0.8499926348554772 1.983796061098477 1.3788150953114033 1.0019303452789703 0.8079046638488623 0.7128586132609969 1.9697952168808737
1.5373196017385025 0.04986497235513842 0.004166032700845843 0.19998880881836362 0.011599008925457819 2.2744962050713 1.0453482495554711 2.714353717523025 1.2324950901093052 0.5453642025801375 1.1040744354164964 0.7315768723923859 1.048999495083597 1.0131826216622535 0.7592613343400301 1.7151933256795753 0.9262580854101125 0.6626312531867771 0.5260021111233207 0.45690123511122355 1.3221315755128282
2.7223237934303786 0.03980011646734804 0.05775327877243938 0.19997761942198095 0.01797219090540356 1.4527770685321548 0.6808112155596623 1.9879409221077733 0.9940010149086539 0.47516356100219725 1.0738179984438998 0.7627845094510979 1.186140531475231 1.2088640378485298 0.9930548083858248 2.4479848531688244 2.52639956545551 1.8734061757010172 1.5422027723897136 1.3876441533001413 2.805066196281768
3.0212983614565583 0.0432198998572998 0.03797017346623705 0.19999968457725104 0.01598979351986042 1.6442862296303442 0.6320403755378046 1.8877220894260747 0.9574037535046498 0.46144850654990266 1.0474046592799766 0.7410204024340604 1.1346275084459854 1.1364345805940788 0.9022210110230655 2.1532398243961017 1.7850119801194846 1.3108510640849609 1.068309198783376 0.9526147324080164 2.1295412055593306
2.1284493586980298 0.045999820510063294 0.0234348773414499 0.19992913927836875 0.014181011905268206 1.8606078437550762 0.8109246115921195 2.2359330240027155 1.067485799463728 0.4922858085923984 1.0589997162071059 0.7294886971520076 1.0909754003386638 1.0779894409757402 0.8354874361259813 1.9482049801737056 1.3390592453959282 0.971922727939866 0.7827001172142897 0.6896024159402051 1.615957390476154
1.6302110739054367 0.049781658346873245 0.003239253859569062 0.19999927885276256 0.011856868080145798 2.210230563518659 0.996216502976135 2.611025293255739 1.1951158106733255 0.5323053338820872 1.088001974939614 0.7252198581351529 1.0452442735910144 1.010479119681003 0.7563092525302624 1.7056104689981921 0.9105557274244915 0.6511894633079087 0.5167240755618845 0.44871986983919576 1.2860278720999718
1.5283072695766904 0.050750914783623 7.55294991236342e-07 0.19999999999999998 0.011281197344664328 2.332381710701154 1.0508149169682814 2.7243253501911653 1.235127849838935 0.5457659442320361 1.102180082867131 0.728668985907923 1.0405756229702037 1.0012791651093023 0.7451921469473938 1.672703977073375 0.8668499117088948 0.6190853732299418 0.4905847408751214 0.42550019419001206 1.2532262775889076
2.9385936699479513 0.039453780915389834 0.05745399029618589 0.19847051403854524 0.01811346301142988 1.4586698219259593 0.6455611459764181 1.920715218528498 0.9727187236328336 0.46910391915062066 1.0699948169806393 0.7626292488917102 1.1871485881095052 1.2093021029941293 0.9921074287893931 2.442451884430538 2.486166802314115 1.854320555882779 1.5248419614549378 1.3746762716558756 2.7727886415053966
2.317811532799764 0.04487965398207621 0.026583678073396923 0.19790572259262226 0.014895944957100062 1.7684922898011348 0.7612119525025324 2.136469973822081 1.034591877277423 0.4824040863791159 1.052528423218425 0.7307695670895218 1.10009534665741 1.0905585785234948 0.8495948275783098 1.9874200719652215 1.3944065736074411 1.0136336291647856 0.8161207312797875 0.7198340421649518 1.6980542512537573
2.4923854862801593 0.041228283705709017 0.05235848641111799 0.19957575626076318 0.017925099885704836 1.3856477345929352 0.722900241705882 2.0695910430858033 1.0187990491580414 0.48139946658250604 1.0729139469107412 0.7570561471803379 1.1691732103521129 1.186512476668 0.9677884193056683 2.3648226778997468 2.3007088935401065 1.715310030714766 1.4057746462828984 1.2614663933759152 2.762100415932368
3.5817474642163014 0.040092561084785566 0.05517568588254058 0.1985164694989683 0.02130470414236669 1.0567461287688205 0.5680266912728079 1.7754160345438064 0.9291331815876382 0.45731614846735213 1.0624244816252888 0.7606684012424597 1.1833737258772754 1.2024269751100498 0.9825142835133788 2.4161470663737044 2.4955134913172423 1.8530198583137396 1.5354292895756998 1.3843231787538606 3.064662192228088
1.9649037644504006 0.0468362792227719 0.01650958446612391 0.19894868216592518 0.013669252585943106 1.9505913976577773 0.8598325180752391 2.333377455448303 1.0999222973267841 0.5018451334392031 1.0629923087390123 0.7252414683707323 1.0729134917705645 1.052691754297319 0.8059202102364048 1.857272990153596 1.1561389908114068 0.8332354342149483 0.6660155393596343 0.5822299584895345 1.4928306212976652
2.970826468583663 0.04179327826604402 0.046958102976123885 0.19954262927364805 0.0173500280014943 1.5152064200080306 0.6317747321148522 1.8915192088541617 0.9624982343125831 0.4644227131209132 1.0566946595943194 0.7503483413436346 1.1589828939857891 1.169179324748479 0.9432974777475268 2.2893348748807414 2.105100259201525 1.5581069328863562 1.27712932340372 1.143398263800557 2.399351346231396
1.7398586370230578 0.047239376230050804 0.018148598925850565 0.1999625027809164 0.013162676488427387 2.0039861990244465 0.9479121093077273 2.516316563625469 1.164575714004286 0.5238867119945397 1.0881905670605083 0.73461708052964 1.078287594681729 1.057789521658893 0.8131383341567989 1.8783457664714953 1.2017579370086648 0.8678082505946895 0.695048009258573 0.608978722372798 1.5669024178435493
4.190209087145062 0.03893201929846931 0.06366127817109644 0.19868610667170075 0.01925832009936615 1.3224274514958763 0.5184378619231672 1.6928852176055234 0.9104196631452512 0.4552285472441846 1.0731798617169335 0.7731708997782326 1.2124797742870312 1.2411328960055057 1.0289129961653867 2.5654786469095057 2.9847981655239666 2.218818234897118 1.8480459436472831 1.6845006315958884 3.2497827775017614
1.5399220660034665 0.05064307273797998 0.00013539142094806534 0.1999999999999992 0.01134432288497093 2.321264431666482 1.043924937445293 2.709824585921586 1.2299771863464322 0.543989819508147 1.100044260165365 0.727906534270955 1.0404404225456696 1.001507627307984 0.7455316812542332 1.6735987749783214 0.8668197459515199 0.6189833838653926 0.49043734226250923 0.4253031588038522 1.2527518707252283
1.7973532000618373 0.047920638790469226 0.011680389566525288 0.1998187124081069 0.012839497058581693 2.053327708195671 0.9231683196781444 2.4622232506108808 1.143805913603599 0.5159412284295222 1.0751413177668572 0.7262295895307943 1.0631650223439835 1.0376183712869858 0.7881968254203195 1.8006743610331726 1.053176215341426 0.7565804197378767 0.6030201248909896 0.5258210580765998 1.3905997940739154
1.5323678131021967 0.048137042852359556 0.016565261663293817 0.19999983502703544 0.012265508933573676 2.1523976747988107 1.0496062995911173 2.7286744183351885 1.240559219347178 0.5497560324421293 1.1169679246347552 0.7432428112175511 1.0759674797160683 1.0500885485108729 0.8038827988941294 1.8553238153513987 1.1846522718168218 0.8560466190372206 0.6865316234432963 0.6024007164966235 1.586663357405934
3.4034166242116113 0.03981109774278798 0.054582735933085755 0.1999381633690542 0.018131648939671122 1.3904274988075866 0.586596635922807 1.8093965459943921 0.9390013842431246 0.459888457389741 1.0640031247666772 0.761136351264608 1.184042305098938 1.203178232454536 0.9822140079422077 2.406682756603123 2.360333047732013 1.7543835592433967 1.4387367462209837 1.2920999307279233 2.6940514289633852
1.6986160387643978 0.049499545327530856 0.002542594516124241 0.19960746815272057 0.01217769651423338 2.17023347371518 0.9637733186766486 2.542825823948756 1.1712482509745878 0.5245997324181477 1.0778201331708892 0.7212275177874222 1.0423268541039314 1.0078435181075134 0.7533125589958283 1.6955097182571632 0.891736043801665 0.6371485468569618 0.5049942686417869 0.4380028583691805 1.2626735458013254
2.7931288518522606 0.0430274022006575 0.040582688934102454 0.1999840837191018 0.01624021820206983 1.6119326350084133 0.6671986617308321 1.9560109969994925 0.9791721271184338 0.46791727475079786 1.0532570258410379 0.7434525634756853 1.1393775332829634 1.1438174395068745 0.9125143048423277 2.1894548320678786 1.8840365139245077 1.385683134130327 1.1313655346683689 1.0103440872948322 2.1587869073046155
1.8984027673718022 0.04854745813748476 0.00821977004234236 0.199848557445357 0.012747408711781818 2.0758615383968753 0.883740225704057 2.3793497213760326 1.1137351238673798 0.5053297931379368 1.061303289468476 0.7195234653612529 1.0547231052704735 1.0271651620708993 0.7755688514907444 1.762895071592775 0.99897249639089 0.7169193956585836 0.5707938123413986 0.49728429284310444 1.3768199607427998
3.7600235171383787 0.040840997725117595 0.04799068384638002 0.1999659532391394 0.01712282648939976 1.5220420751203032 0.5504637582282833 1.7421124202040321 0.9184374485942844 0.45372749978182186 1.0556597901477633 0.7546135619065079 1.1676672472612533 1.179532316779234 0.951818445333842 2.306406198911687 2.103303904238611 1.5574218760581306 1.2750313651627565 1.1417645238570682 2.4879862664152186
2.6561658968290915 0.043869919151440985 0.03417175698996135 0.19859687162545145 0.01570434619772779 1.6670198523256716 0.6906020909533719 1.9991354070181828 0.9911770695983323 0.4703018000225672 1.0490565130977447 0.7365703371705263 1.1210933967489014 1.1189446254906306 0.8826419062266161 2.0945204671629094 1.6530685119306463 1.2110968833107463 0.9837419483820194 0.8742446515097031 1.9657451373941754
1.724120229539193 0.049964176292420795 0.002473060134203702 0.19999999998318935 0.011906287570820536 2.2098125419843293 0.9531441600349065 2.5208811974733063 1.1625154875109722 0.521039338302524 1.074841190969097 0.7204161436438152 1.0431768423974572 1.0093223367289748 0.7548551831275933 1.700525084672547 0.9057480038426193 0.6479883618963763 0.5143647455156902 0.44689565303538026 1.304232768987223
2.0100654884729154 0.044429745169225474 0.03467908293945411 0.1991972190234781 0.014995645884334923 1.7609944845935137 0.8428027035076892 2.304912922306485 1.0951483378952995 0.5028961663884981 1.0765309039128224 0.7416732186528028 1.1167742454639997 1.1151160358936913 0.8820564170775905 2.0944355711205547 1.6633227115691216 1.2177665772080617 0.988913698126661 0.8786533231714716 2.009778240962592
2.7999817518006456 0.04274133939842827 0.0410851546060252 0.19940603169335647 0.016771429103954884 1.5366969070246788 0.6663670816169268 1.9541546168572446 0.9786339199813289 0.4680158005540373 1.0536839259224238 0.7437198391026495 1.1400959368418704 1.144856429184618 0.9139670901887041 2.1964443451272397 1.8864573461977392 1.38469299780595 1.130411332968343 1.0056881255799834 2.1900913338821244
2.1857352931045124 0.046793283183586026 0.018650487269012327 0.19999328126422258 0.013837154396893401 1.9024240534734913 0.7943495746236884 2.2005039591454114 1.054274854700232 0.4873812652560286 1.0509415206993211 0.7240679209616128 1.0799957775208495 1.0629651703082426 0.8171211681351751 1.890121069766481 1.2303320865143685 0.890441255922272 0.7150139451854196 0.6281992423051614 1.5729783694819572
1.5283953489661324 0.050751079795485314 1.7656848740845798e-24 0.19999999999999998 0.011281280168459433 2.3323732033450875 1.0507729121083094 2.7242370622811243 1.2350959867081033 0.5457549388823394 1.1021671138042566 0.7286644490750086 1.040573703089605 1.0012787351520853 0.7451911969405588 1.6727011888235404 0.866844509241661 0.6190817723104379 0.49058200106299416 0.4254980465790013 1.2531829849591183
1.7800191801539205 0.049051051289439374 0.007070250244615688 0.19999993182908335 0.012353571619432973 2.134103057890789 0.9296855819785258 2.47395799767853 1.1468750738297355 0.5163209983453461 1.0724879566053906 0.7223688818589606 1.0527301440864558 1.0231727171252538 0.7711482313667598 1.750105180272168 0.9833527115618503 0.7055300682394596 0.5616683579760939 0.4893414785769164 1.3506527073745467
1.71218150382348 0.049482788181968315 0.005095902316623207 0.19999999833676507 0.012068723351254985 2.181734206664975 0.9585641431249774 2.533225509478657 1.1675287716646774 0.5230820767976518 1.0787548783220366 0.723234599103488 1.04878928372697 1.0167889423375187 0.7636857592406116 1.7276065257112467 0.9471415382800582 0.6785462334991522 0.5393939474900444 0.46925790838363457 1.31958220683895
2.2390213139417794 0.04518359544214879 0.028865474696915694 0.1998116009197222 0.01467815275705606 1.7854473448457882 0.7811684944558192 2.1775586510194676 1.0489186539487247 0.48716741553328957 1.058416553407815 0.7335887847174084 1.104980681673182 1.0973369540518627 0.8582776829643194 2.0186882195858282 1.4985060007095319 1.092915415124453 0.8849832329747401 0.7840159625550929 1.7553410598959625
3.0600434325148527 0.04628719214638105 0.01670553277286577 0.19979521754606172 0.013949816347557115 1.8982264016282995 0.6244307144391341 1.8659788125840628 0.9454296339498877 0.454572855631901 1.0244415279628796 0.7187903088114044 1.0808194387713919 1.0628992018115084 0.8139258182892548 1.8727423840940511 1.1706738068115774 0.845064442627492 0.6766795155987373 0.5928827243153613 1.7710980159777598
1.528440112828514 0.050750983266566324 4.0292388348056864e-16 0.19999999999999998 0.011281356424823636 2.332357651874697 1.050747974935329 2.7241847166332382 1.2350770654002121 0.5457483551971885 1.102159237263893 0.7286615246081666 1.040572876826566 1.0012788145683447 0.7451914734361944 1.6727015750499123 0.8668441329873087 0.6190818046914571 0.4905821075240798 0.42549831094088164 1.2531649179715763
3.1149905541836254 0.04032297468620167 0.05496550081758848 0.1984799111467001 0.01823837474867716 1.4427611291957172 0.6177490937700847 1.8667623065138155 0.9557889214976909 0.46388476232993603 1.0639414488147734 0.7591214312355901 1.1813916195255694 1.2012017332931875 0.9803439975072129 2.4118058013042414 2.4372444664442736 1.816728022752832 1.4977922402825283 1.348480685837583 2.747847596619131
1.530250863544338 0.050746398336942444 4.822015548279401e-22 0.19999999999999998 0.011286649682921446 2.33126376337655 1.0497275786992593 2.7220382550034996 1.2342991536109142 0.5454771852654078 1.1018327614148071 0.7285409051090507 1.0405342565259696 1.001282421826217 0.7452019565594055 1.672715003931941 0.8667974889957862 0.6190466243437474 0.490552360328276 0.42547112297098505 1.2526289014241256
2.8657469703029954 0.04152818048916775 0.04761275498246273 0.19924132856290044 0.017826226104918318 1.4078371056609922 0.6549927392902753 1.9348354732528183 0.9744022650333694 0.4676589664132022 1.058858903495201 0.7504413191504348 1.1584386135714448 1.1702663428192461 0.9433099208442828 2.292911126520848 2.114109897554953 1.5674047571053236 1.27978576782912 1.143507958105671 2.48802346555338
2.391063885242616 0.045844456188665623 0.022532112803617818 0.19993935666063678 0.014360277495051067 1.8371053697171646 0.7435320935589349 2.0996918042483435 1.0212969019214924 0.47761294678547833 1.045374644401874 0.726009709667391 1.090717922776374 1.0776287958592154 0.833652323963003 1.9395565244654323 1.313576549676382 0.952687911885823 0.7666964308403386 0.6751023758909827 1.6771770838165847
2.0999567237545187 0.047036486405800465 0.015069260756552034 0.1984613120084195 0.013578742413161022 1.9425610478999245 0.8183891114734351 2.247884631651995 1.0695898973348308 0.49176068012074464 1.0522999606639059 0.7216109158798903 1.070577219693103 1.0498660060548537 0.8016900512839426 1.8416488100561759 1.1308801825074553 0.8155037083077133 0.6524583174517798 0.571210446406396 1.488523388804353
2.018525140403328 0.046310762449199606 0.019462394732120407 0.19945650997388592 0.01404926237350659 1.9027153517483417 0.8412943285257954 2.297324923896312 1.090405595483733 0.49949084883459405 1.0627063080778718 0.7273769065272725 1.0804492166944553 1.0635047145770598 0.8188665350866505 1.8968497465464913 1.2314867107659604 0.8899687343750187 0.7134639603070987 0.6256532908916002 1.557803313413055
1.8755055765198092 0.04771776795796114 0.014969413574806058 0.19999999999016246 0.013098367316781542 2.01355586202786 0.8926953439636017 2.400462837821765 1.1227804928767529 0.509267959614816 1.0700511511157873 0.7265861836497386 1.070218091650349 1.0482190128870301 0.8008501044696095 1.8419180850277248 1.1463136671916032 0.8273737567075785 0.6625972167943778 0.5806261794096935 1.4574758289358611
1.529392381410989 0.05074856319758811 4.74796673806362e-24 0.19999999999999998 0.011284144642647336 2.3317813356945147 1.0502110629037253 2.7230552384548043 1.2346677044183956 0.5456056485438927 1.101987392955224 0.7285980240402367 1.0405525025459388 1.0012806972044497 0.7451970054415008 1.6727085161243056 0.8668195009404424 0.6190632565723276 0.49056643278291395 0.425484000539301 1.2528826616358053
2.4602320781434988 0.04520292857796005 0.027490422200986447 0.19999999999999957 0.01477415027853087 1.7818121738000383 0.728745434321093 2.0720391466610892 1.0133419171216607 0.47592305302601123 1.0479216886907632 0.7305885366042847 1.103379440220756 1.0949403110871812 0.8542929852049286 2.004734332031806 1.457944014721713 1.062338485073178 0.8590096931481634 0.7600150870077997 1.7867070743318023
1.5591644649107492 0.05067484487467145 2.4527178331140845e-13 0.19999999999999887 0.011369321316244416 2.3143089813168918 1.033759986960639 2.6884670057801356 1.2221478257142548 0.5412483717587111 1.096765090264115 0.7266812001014613 1.0399561657673566 1.00135004595803 0.745365679376282 1.6729291769811079 0.8660663364351415 0.6184925256870253 0.49008316292612303 0.4250409102381467 1.2483593535182267
1.8126797606351288 0.04888171047875844 0.007527381387535899 0.19999999999999765 0.012458592772831836 2.1167227722041515 0.9164255339186236 2.446630927033002 1.13729457598986 0.5131452311341207 1.0692985618127568 0.7216222983163837 1.0535767206332607 1.0247274034119924 0.7728877273445038 1.7550838165829175 0.988893153078376 0.7095342851520123 0.5648726235033898 0.4921334395309564 1.3598019547867084
1.528455205031733 0.05075091860615589 4.0988967431988084e-08 0.19999999999999998 0.01128144037822979 2.3323402991292794 1.0507394699635515 2.7241668186242167 1.2350705734271963 0.5457460943654349 1.1021565250171637 0.7286605375492043 1.0405725846808962 1.0012789126250745 0.7451916326964648 1.6727019393245053 0.866843669298477 0.6190812044212162 0.49058152484293877 0.4254976383625899 1.2531637540357692
2.102197375219618 0.04590418242384669 0.025179205080934887 0.1999931296412089 0.01418506596520858 1.8564866689970705 0.8186571317904954 2.252287937422718 1.073542636575754 0.49449812635248286 1.0624091778950937 0.7316539423879439 1.0951310486663044 1.0836443027782023 0.8424381552084783 1.9700590740266526 1.394545831102833 1.0142229496169946 0.8186665785886716 0.7230630055537943 1.6605420589731146
1.9518372267175583 0.04853080539629674 0.009458143339143845 0.1991219959349735 0.012956389697939923 1.9866613495328855 0.8642117371542251 2.340096404156406 1.1008697786514112 0.5013032478354634 1.0580789086647227 0.7195897211944816 1.0585199863572847 1.0329524761754152 0.7827432228044087 1.7820562509144238 1.029953192223242 0.7397836995722122 0.5894131613468555 0.5138100123358602 1.4517862787123805
1.8370162960747418 0.048209309702788396 0.012177440859914299 0.1999997080996393 0.012909555938676535 1.9944339770011124 0.9068308604759984 2.428602949755807 1.1320387041603066 0.51200198569196 1.0711044340925089 0.7251202075880144 1.0639722411895758 1.039274053938571 0.7902057263219642 1.8085991665981989 1.086200335459741 0.7824006325577662 0.6257918205926143 0.5476018231104733 1.4510774600266798
1.5397875909737937 0.05058506707065275 0.0006340115250205288 0.19999999999999998 0.011365056398025087 2.3162700241543566 1.0439287896197498 2.7100214962800186 1.2301939283320245 0.5441359520994687 1.1005103758253962 0.7283530922138648 1.041507091912642 1.0029755963770917 0.7472891561567938 1.6790007277115828 0.8759488168208829 0.6258006471697944 0.49607853498446225 0.4304060469194841 1.261074447609868
3.1998636582307856 0.042053796346492 0.04445042410215159 0.19934839757963202 0.017116178749056677 1.5310791959283634 0.6080162720423304 1.8449954898946561 0.9464662905210957 0.4596614429908331 1.0525055396581668 0.7481306526795608 1.152646576716242 1.1609358615793146 0.9320682703630527 2.2529161069862096 2.0099613687761493 1.4828845538359103 1.2122684433917992 1.0810675710871034 2.330943690885122
1.5453056328667896 0.05052900785319774 0.00022318333275016448 0.19999999999999998 0.011394975644564825 2.3142857400297054 1.0404599783221622 2.7024912902291294 1.2274422309073771 0.543120728927569 1.0989479722140045 0.7274875010677331 1.0402811982321745 1.0015186698808192 0.7455978261012114 1.673696089338793 0.8650855877663984 0.6175818294095733 0.48918780698083786 0.42408414497061214 1.2547988922386502
1.5284371044946916 0.050750968082956024 8.829465235465115e-08 0.19999999999999998 0.01128137138472493 2.3323545620697286 1.0507496880379066 2.7241883454729536 1.2350783951032056 0.5457488288829307 1.1021598553381753 0.728661795852016 1.0405731033004277 1.0012790366346285 0.745191729263526 1.672702378178261 0.8668453338565242 0.6190825702515226 0.49058269740895566 0.4254987679547815 1.2531686438936016
1.5778745979440376 0.050630004598557855 1.0929757026854487e-12 0.19999999999999998 0.011420618102637775 2.3039133822298687 1.0237417726075826 2.6674403558783304 1.2145516848079043 0.5386123841449011 1.0936320088453233 0.7255443889398814 1.0396203011865681 1.0014028557688655 0.7454678575057372 1.6730634064171366 0.8656072493904173 0.618144604337161 0.4897885985091901 0.42477083958584644 1.2523787196453395
1.6533283385971955 0.04971279620813521 0.0021164182853845802 0.19989840978153323 0.01188980425188831 2.225988276663403 0.9841081866155622 2.5851731652518977 1.1861936943699523 0.529186414256979 1.0835332462739617 0.7229781321396116 1.0425684285446593 1.0074944068127394 0.7528923032755181 1.6937143038710665 0.8824569400780351 0.6297448276231169 0.4985552638423827 0.4318864802079506 1.2750859879378285
1.528104071650382 0.05075180801937118 4.31718056005738e-09 0.19999999999999998 0.011280416122851933 2.332551968625609 1.0509374750095475 2.7245830860152336 1.2352214071066459 0.5457986606173962 1.10221975406861 0.7286839102985595 1.0405799202151713 1.0012781797278913 0.7451895980902641 1.6726988090923285 0.8668521625713808 0.619087701800765 0.49058705545271136 0.4255027484590142 1.2532673576469566
1.5459221727248362 0.05070714481907824 6.265020212575181e-07 0.19999999999999998 0.011332059865089382 2.321920757177826 1.0409980208958105 2.703672672975517 1.2276482785168632 0.5431607154248348 1.099050363344246 0.7275169098047278 1.0402124082171427 1.0013186563783483 0.7452940231222839 1.672838374904107 0.8664079275868364 0.6187511233079827 0.49030191664058353 0.4252413090327206 1.2480577211644694
1.540192022137942 0.05057266924814576 0.0005791570258889246 0.19999999999999998 0.011373500943341372 2.3157021239700106 1.0436272167191059 2.7093501108002473 1.2299301675838603 0.5440273133728701 1.100331866827156 0.7282429363967144 1.0413314638121354 1.0027556156424606 0.7470245621329636 1.6781922127721407 0.8742250094923736 0.6244902930090296 0.49497363578498343 0.4293850076980963 1.2612188052295685
1.5644161860651176 0.05037038498386607 0.0005459831418556399 0.19999166055270498 0.011490973601626979 2.2980289870497197 1.0298984659006991 2.680399332724733 1.2196253284955012 0.5404518860413753 1.095894119453453 0.7265132913216821 1.0404610476034621 1.002334915895904 0.7466348498368243 1.6766611019022077 0.8680192225070408 0.6196787466440239 0.49084176900764204 0.42550214189616625 1.2564484105849663
1.5283937633699167 0.05075109324683281 4.510223330237713e-16 0.19999999999999998 0.011281242496744946 2.332381155726745 1.0507740824969285 2.7242395947434797 1.2350969390176538 0.5457552799483917 1.1021675606548584 0.7286646084970229 1.0405738239106397 1.0012787250978648 0.7451911915086727 1.6727011989427425 0.866844999168298 0.6190823307429572 0.4905825207489879 0.4254986213971613 1.253180480838051
1.5298768830200302 0.05074058829189227 4.736010502020315e-05 0.19999999999999998 0.011288090167052409 2.3309647039167416 1.0499436717832724 2.722512762263805 1.2344818657729943 0.5455468648084393 1.1019453602092246 0.7286085247864642 1.0406425516213105 1.0014185027466966 0.7453620793877704 1.6732095237271263 0.8676145491856798 0.6196533584238738 0.49105246312146317 0.4259210059697659 1.2535473289021841
1.5284253461309119 0.05075102947897461 4.016791471136834e-16 0.19999999999999998 0.011281320680615643 2.3323650256719484 1.0507562855397674 2.7242021656684368 1.23508338316518 0.5457505581251871 1.1021618911206315 0.7286625179851945 1.0405731958168116 1.0012788277223024 0.7451914282926752 1.6727015815827806 0.8668445564947191 0.6190820464055342 0.49058228975095225 0.4254984358690067 1.2531706859892442
2.4732729856526925 0.045718559927242594 0.023985913408433136 0.19999999999999798 0.014495441506449538 1.8080213089923514 0.7238820839891097 2.0610816032632147 1.0090749085639092 0.47409144791893554 1.0435257840689234 0.7268566762726877 1.094805990733137 1.0831772657121954 0.840021209906151 1.9594060113763816 1.3634280016129285 0.991052470923514 0.7993924248093465 0.7055887925206252 1.7468870879687644
1.5341982313330487 0.05073649620997954 2.9610706323916497e-16 0.19999999999999998 0.011298086848288513 2.328903261984912 1.0475106822854168 2.717376527646018 1.2326100847743122 0.5448886130757934 1.1011249209078937 0.7282796834682198 1.0404513406447737 1.0012904923439083 0.7452244857330157 1.6727451216121012 0.8666970660077549 0.6189708246392546 0.49048824618889053 0.4254124964219317 1.2514621216393242
1.539268403453076 0.05072380759971116 5.0183647244886394e-14 0.19999999999999998 0.011312800314730618 2.3258740208549438 1.0446821189750746 2.711427659722324 1.2304554582026022 0.5441381405955391 1.100223419118748 0.7279477506368499 1.040346541747271 1.0013015490570807 0.7452535379989697 1.6727829032854884 0.8665671948067493 0.6188722829450819 0.49040477049951836 0.42533589166057706 1.249978656814994
1.5288599322050955 0.05074985218383501 4.1002918714899097e-07 0.1999999999999955 0.01128260720824739 2.332099067277106 1.0505112009504751 2.7236868477788247 1.2348967105576445 0.5456855329158071 1.1020838342897283 0.728633876184224 1.0405647508478284 1.0012808050252384 0.7451953107029617 1.6727088517021798 0.8668402137781351 0.619078804664852 0.4905794686331596 0.4254958551473552 1.2530469875385453
1.5338466431207454 0.050737346025502984 9.383131834161337e-25 0.19999999999999998 0.011297140587018483 2.3290986744212514 1.0477086331161343 2.7177913594730914 1.232760371400114 0.5449409338370804 1.1011876379787435 0.7283028413897524 1.040458440595197 1.0012898446628922 0.7452226680007605 1.6727419984548475 0.8667051213679613 0.6189766807989294 0.49049314479264894 0.4254168557699158 1.2515708318644687
1.5368161519065924 0.05068687243311013 0.0003036878992978142 0.19999999999999998 0.011321325923302863 2.3241152496904847 1.0460833558092282 2.714502320806936 1.2316381425807175 0.5445885044164963 1.1009489129887895 0.7283821632362081 1.0410420816241093 1.0021748516073925 0.7462810476969395 1.6759620711112535 0.871836558070897 0.6227911853041315 0.493637167621823 0.4282472917187619 1.255830088617599
2.1422325889810803 0.04631813122786724 0.021882234317189574 0.19999995459801626 0.013988906122236053 1.8822214384844143 0.806812424259758 2.2269683198427326 1.0640819337280396 0.4909859104830889 1.0566933348335312 0.7278438384084508 1.087485386163645 1.0731688292286512 0.8295283025562032 1.9287857947924676 1.3058228650087607 0.94738466627791 0.7627358932911062 0.6719458737812126 1.604437129922947
1.5284449142068801 0.05075097109957252 1.393878622381283e-26 0.19999999999999998 0.011281390957545922 2.3323504600058955 1.0507452043330803 2.724178858756787 1.2350749273803687 0.545747607842812 1.1021583283550047 0.7286611985480071 1.0405727484447105 1.0012788415684866 0.7451914935242654 1.6727016859959447 0.8668437740373891 0.619081378891987 0.4905817073357354 0.4254978631932997 1.253165714178329
1.5285929940921261 0.050750569184924106 2.7101576391821935e-14 0.19999999999999998 0.011281833958032478 2.3322589258031665 1.0506617597339185 2.724002991423254 1.2350111681803306 0.545725365718276 1.1021314800181525 0.7286512764568612 1.0405694532840644 1.0012791301930335 0.7451924473404832 1.672702317749528 0.8668396591031718 0.6190783890479072 0.49057921213918904 0.42549564221288294 1.253120915468928
2.1971503175849003 0.04697231714761005 0.016783445456281482 0.1999999999996081 0.013683196672881336 1.9270971711728553 0.7909603066495765 2.192923219706822 1.0512845223804745 0.4861656726893437 1.048460068177722 0.7221114398292094 1.0756637134900433 1.0570215852742464 0.8098594028907329 1.8666935518075383 1.1797648959561329 0.8523386687222015 0.6832772915087315 0.599384628879562 1.5538179521709796
1.5462763939225226 0.050706473192700836 8.497395282976665e-14 0.19999999999999998 0.011332747864756817 2.321778506539826 1.0407989258909276 2.7032678441399027 1.2275013584409027 0.5431100005042184 1.098991205616251 0.7274951722204624 1.0402058710899365 1.0013174644015768 0.7452928284413627 1.672835817001549 0.8663910048894857 0.6187391314302189 0.49029211307398257 0.4252327951873742 1.2479229864432393
1.5284015038973848 0.05075109439618678 1.0950165528825478e-10 0.19999999999999998 0.011281228510814369 2.332384101782942 1.0507697474653577 2.7242305266324696 1.2350936798383676 0.5457541498992826 1.1021662280800009 0.7286641048097612 1.0405737482757018 1.001278755625773 0.7451912668069907 1.672701435650217 0.866845436516271 0.6190828301701155 0.4905829830405366 0.42549913302221126 1.2531756996099923
4.0164798558196 0.04481705381263951 0.024794497790645527 0.19996938803067335 0.014170205857955191 1.8647687024677233 0.5272018847183226 1.6935072787808116 0.89905549358651 0.44475302140587075 1.0293671376989082 0.7292409664952334 1.1060990794993026 1.0951425733639286 0.8496771233822823 1.981539935687986 1.3751104928679065 0.9992353969127019 0.8056348489263598 0.710784460654631 2.0445847100860153
