3.099928033438187 0.047958569709364234 0.06494709611366029 0.18142672015233116 0.03513576381150352 0.4551877823167223 1.017760141815067 0.820470349265735 0.885962644429526 0.5104650145519439 1.4820189919732611 1.1526773400593877 1.442550781053877 1.0259681832210825 0.7057404674320151 1.215032454932478 1.6031829079202211 1.7344230326061232 1.1680865497540143 1.7610423002773028 2.45533743957947 3.42122348093016 2.832613174061242 2.3643913927435998 3.6190212301563607 3.8107102478695545
5.258871636699176 0.0427946112153961 0.06835567531528476 0.1623916488610586 0.03945933841727092 0.4040953788944921 0.7516070908588653 0.6990698863932725 0.8203394293334563 0.49432197707576697 1.4847762918691194 1.1634898166081187 1.457496493444293 1.0355487097452278 0.7114180147522228 1.2228458430156723 1.61068441956949 1.7398676273476268 1.1691640136605168 1.759191475859002 2.4472940186703904 3.403705688906153 2.8115287536078992 2.3396082935790683 3.465677641875174 3.618794670363119
2.57071790207461 0.052402595139246284 0.056543265861815566 0.19345977792534677 0.032141373813393215 0.6488774500173465 1.1592573677541116 0.8911397064049967 0.9314031945744038 0.5245758404026126 1.4846273717363365 1.1419558728203767 1.4170534086150415 1.0030182201470006 0.6881803218071749 1.1778379235624796 1.5478902459031736 1.667977025322635 1.1192449206090416 1.6813652092435423 2.3361354894465416 3.2462676775714185 2.674960033054424 2.2273884029441016 3.3002144288074335 3.9030333565782724
6.110855170172932 0.04231273064977002 0.07457254053864686 0.1665610862077261 0.039414601416944875 0.40582034590587196 0.7034027972616743 0.6831514403904553 0.8173365195245127 0.49651126343868013 1.5000935059759173 1.1792243194492942 1.485777630300118 1.0617421119494919 0.7336301718649466 1.2683267147390038 1.680249317784631 1.825463550980249 1.2337548039876338 1.8670264766219515 2.6121708773067676 3.6537453930469233 3.03528033463835 2.5401122224249844 3.9807248822096986 3.769166187975064
1.0476868851488903 0.06105187952245184 0.03551777045250243 0.199837974219106 0.02146348875725618 0.742000606898893 2.3663750394063436 1.5702663604727367 1.4447116614068574 0.73222834351093 1.7735285706045587 1.2338303142899474 1.3758678647671998 0.928269416006201 0.6191005178837867 1.0418882601182478 1.348346446377838 1.4329392955636988 0.9485699703844087 1.406416594954239 1.9289523384289153 2.646169158702439 2.1560603196876267 1.7709482133468166 2.3357608898621307 3.8416267049853667
4.462687134516936 0.043267421242994715 0.07392005906071003 0.16975133821973143 0.039474105220769384 0.40518495035352975 0.8179357982970068 0.7270885911413711 0.8345519193963495 0.49830032979659916 1.492044362094462 1.171746905317578 1.4765232415980982 1.0553846518819818 0.7293943546705447 1.261286897046583 1.6713356721482056 1.8162481644508437 1.2278931741218708 1.8587302844363043 2.601437677393269 3.6400540589126034 3.025009631158275 2.532568562620844 3.9898951632718918 3.8375961292245346
6.079268452882435 0.042450582611190134 0.07022138286071643 0.16290074495663376 0.039253780789389445 0.4031876816186514 0.7042855069298684 0.6825366965092989 0.8154045670514909 0.4947888345033631 1.4915713420875691 1.170048117276056 1.4680167323312068 1.044658311053573 0.7187909626537013 1.2374082660425247 1.6323579395696408 1.7660175494173926 1.1885146287856185 1.7910327746982273 2.495347421806148 3.475684537638936 2.8755577847519502 2.396298714016238 3.6016276940048297 3.641050332332256
6.010339242609342 0.04235224500482371 0.07472129004646814 0.16687744617552203 0.03942832776888263 0.4056611420461458 0.7073586096603306 0.684343635377563 0.8176572079345078 0.49652656669802764 1.5000861173019528 1.1793164432728096 1.4861690203086009 1.062218087078157 0.7340958192768455 1.2693684783153127 1.6819428638079104 1.8276458650072638 1.2354617585709506 1.8699640738527146 2.6167803404552155 3.6608985431185963 3.0417957523741257 2.546069430143504 3.997860825936357 3.77888040803587
6.134153435631289 0.04233683575885644 0.07459189063198729 0.16670785675836836 0.039341397390037364 0.4102591170267309 0.7008545569966216 0.6821309813454641 0.8169581314864568 0.4964998913815198 1.5003903779181893 1.1794909160199563 1.4861799866385499 1.062083030516791 0.7339006535003699 1.2688387684354652 1.6809880903413215 1.8263599812359248 1.2343975021530775 1.8680902793084446 2.613788070198234 3.656230216753304 3.0374659090623446 2.542091348617223 3.9843207859340386 3.7754522207702554
4.193099027818849 0.04459263052664727 0.06544122407351541 0.1680006459432774 0.039824844092181975 0.391015712947141 0.8458620698649104 0.7378018094742801 0.837597136429574 0.4967601710147097 1.4773036273915883 1.1557234611098568 1.444762231817955 1.025066808463731 0.7124464456291586 1.2076975826719156 1.5890847907046337 1.7140847654599576 1.1516942805133088 1.7321238809185946 2.407626154439835 3.3390012420178894 2.7496804974843325 2.2985990689577234 3.365131652246959 3.6364136157271183
2.117595902172556 0.050641033606905916 0.06647041627339237 0.19279984716495682 0.03285171335988314 0.4898380538548192 1.3319941881398503 0.9876260477139002 1.0014468554214488 0.5516270750024572 1.5211445802090338 1.1582757245416815 1.4365196284421584 1.0239313676228183 0.7069223084228444 1.221781962665747 1.618455310935358 1.7579322794438044 1.1888034747406195 1.7996883142926143 2.519661741138589 3.5278290710201046 2.930508732258204 2.4573464359684283 3.933003826224287 3.977311799350847
6.00272693373253 0.042354684346664354 0.07471944854452378 0.16688477935417037 0.03943100902829725 0.40563362642828454 0.707794956813754 0.6844962187438383 0.817705109793604 0.4965263175783163 1.5000487595603833 1.1792853192287243 1.4861303465248668 1.06219087525332 0.7340772450316628 1.2693368787757695 1.6819017855720932 1.8276019460797126 1.23543286799249 1.8699213367125087 2.616722064343018 3.660819309714575 3.041732145467136 2.546017919202776 3.9978308228590587 3.7790504560774885
8.508816460801814 0.04409499560856134 0.06343344333496348 0.16388184229633476 0.03474491483434827 0.5322337096529308 0.6251664321237385 0.6602297388020497 0.8094479009803913 0.4940752425931013 1.488880278605308 1.1650292555399515 1.4539576358365938 1.0290727626167124 0.7048130206795199 1.2062456930138925 1.5831281045992909 1.7038139384866826 1.1410580211391725 1.710882120684459 2.3719364963342997 3.2875475512857935 2.7061974692864226 2.244839357919882 3.2299511095796403 3.634766140427215
3.8472109634223104 0.04657674898524947 0.04926744040431825 0.16153195264774212 0.038579928454863 0.35038538627197935 0.8867381005790599 0.7539112283311604 0.8413457260633039 0.493927032614713 1.4501663327999974 1.1244712466160003 1.385922242484215 0.9691312945760935 0.6572998079529407 1.109638543395913 1.4395206484549878 1.5311907327957486 1.013658486751154 1.5026401130878932 2.0597964994759117 2.8231895606185518 2.296638241667248 1.8846591853460501 2.432458238580788 3.3356508876990665
5.994647301196745 0.05762492784344347 0.09006772689712121 0.18362743353675998 0.16317226671285215 2.062581579088118 3.4584902616060185 0.9103713480742006 3.181741697997293 3.30338968070154 3.3567358836629517 0.6758515578962588 1.0405406388431164 3.0624337068664103 2.740117150548721 2.9564810103398447 1.0601695248284284 3.7973971594148446 1.1441518443988556 1.3579160987520005 1.3657683337257167 3.9999201688729955 1.721832684799587 3.810681392516361 3.9298160974218317 32.52351715950951
4.471428055947141 0.04325741473196441 0.0737927780565333 0.16958222447691051 0.03947749179498051 0.4051517221146469 0.817038528436691 0.7266765503138521 0.8343083613764539 0.49821369491989786 1.491831808353228 1.1715198058405527 1.4760393309472346 1.0548940585786024 0.7289556948844056 1.260356893436756 1.6698756223671924 1.814412324986456 1.2264846312683686 1.8563426620217414 2.5977380910293117 3.63437590182731 3.019870846482092 2.527916502661697 3.977030862643786 3.8327965014972163
4.498712078263332 0.04325309649892703 0.07383017090856092 0.16961170968684053 0.03945808535345811 0.40533742163698205 0.8143452629567797 0.7255373530747826 0.8337835046618641 0.49813277715621707 1.4920530422352192 1.1717663552749469 1.4764123864837644 1.0552002375970884 0.7291932867627848 1.2608050123472418 1.6705192251636964 1.8151782449233407 1.2270351827480823 1.8572401155291 2.59908269064663 3.636385525487074 3.0216296326450696 2.529493839487137 3.9802985079031954 3.833228589214841
5.7491833640996655 0.04244249962816945 0.06146298017784583 0.1539722229955728 0.03940716850218261 0.4058807589888714 0.7207090391008223 0.6863229763148097 0.8130343068441136 0.49115332141110857 1.4729023905857843 1.1502746614946182 1.4305956613135953 1.0091155766148292 0.6882665650189934 1.1745449620401776 1.5359334504398872 1.6471441866779095 1.0988819721528973 1.6414810770716974 2.267002502789524 3.130081639902502 2.566727915371447 2.1203393835121718 2.9193193113679183 3.3861712610728625
0.878216955479428 0.0644028509131092 0.024243328192229477 0.19999654915411205 0.01845020104455524 0.866614129979228 2.7624265409232183 1.7972626462912356 1.623202917344851 0.8087172620758106 1.9003504555959285 1.289056925935383 1.3836417728803052 0.9097704771639309 0.595924483916289 0.9894053476380463 1.2664478276750903 1.3330630296263122 0.8745902548836317 1.285683497409054 1.748716614297453 2.3793361005068023 1.922500350747026 1.566569805620621 1.9045483124782319 3.8346216421427135
0.98113659339043 0.06288886365427042 0.028404180000383198 0.1999920944650895 0.02014615165867012 0.7629991231695713 2.5043406114968714 1.648809915478172 1.5056316193368682 0.7578123524170904 1.8129805047651515 1.2482399825509496 1.3698558690451446 0.9137714216573879 0.6042468378413275 1.0098300796980793 1.2988849806316862 1.3725483447496254 0.9036635171269372 1.3327188040749767 1.818333253065243 2.4815283392154903 2.0115569828662605 1.6437592446840326 2.059981864199949 3.8203429479275153
5.212031027578958 0.04270205455730406 0.07447284852297004 0.1680411445759096 0.039601479844832 0.4010331521203254 0.7554155932459704 0.7017091792943392 0.8236069302326344 0.4967760685828674 1.4962595292864778 1.1760226551374797 1.4821369501907675 1.0594777127086912 0.7322639926488576 1.2662297347017417 1.6778516984985372 1.82340375558203 1.232630942397048 1.865884936497704 2.611384903708657 3.654043173345849 3.036308269514202 2.5419247065586963 3.9913507625758684 3.8125527258938856
4.987768938834614 0.04285663274459312 0.07266278933167042 0.1668430998605711 0.03954749027858281 0.4044376026860825 0.7718738823497598 0.7077766559655762 0.8254107134481942 0.49637689955300374 1.491782582499782 1.1713489902279721 1.4737364764976117 1.0516637620706055 0.7256383154557803 1.2527434852454484 1.6572888411679594 1.7980147853098656 1.2135443321398378 1.8339428494074743 2.5624318057730484 3.5794100298073745 2.9695599452702925 2.4818914917914774 3.8417084030749993 3.7635525884147727
5.931629481989642 0.04238375840755865 0.07454545842824142 0.16682654066828487 0.03944939477770532 0.40544602316533634 0.7121560532669363 0.6860357313737735 0.8181573943439623 0.496475861130585 1.499382497029783 1.1786522697873463 1.4851132780828484 1.0613079625883353 0.7333582429152754 1.2679070731505175 1.679761821748482 1.825008407396759 1.2335024628739086 1.866728913306362 2.611878602759096 3.653520049280522 3.035230112694101 2.540215176193679 3.983296468623241 3.776260725916914
4.895899832295515 0.042920151439591304 0.0722029394244323 0.1666398588488357 0.039537371404992465 0.4045401443195992 0.779069985590063 0.7105674366774528 0.8264272635515614 0.49636945657433235 1.4905135462416788 1.1700230651869037 1.4714649660633672 1.0496228365621543 0.7239390432745033 1.2493078944498501 1.6520825043315395 1.791651408418703 1.2087694827194408 1.8260041692113258 2.5503346015626764 3.561114352265866 2.9532262093360453 2.4672796594015516 3.804545127342005 3.754494773750431
4.584706139320583 0.043159677940915644 0.07297329136406062 0.16837243596340365 0.03949819387821555 0.4049390903225668 0.8061079113913515 0.7218734253433478 0.8317614831283832 0.4974920880468592 1.4907194047207784 1.170328720330655 1.4732385644772732 1.0519341298944493 0.7262504841429474 1.2545381703762237 1.6606516113914247 1.8027445010466738 1.2174804949807998 1.8410244161168334 2.5739320229632083 3.597747903113994 2.9866754540800344 2.497810975876274 3.892892008984737 3.798905482843046
4.638961569996933 0.04311413895018192 0.0729185828770426 0.16813455048852022 0.03950974761079812 0.40482141517023845 0.8011075932185404 0.7197610792657557 0.8307656224835472 0.49729835627093605 1.4908308588082044 1.1704508692049247 1.473265955509974 1.051851128416895 0.726123340238909 1.2541976666630648 1.6600390920829766 1.8019024488152446 1.2167904380653691 1.839795873478802 2.57195251625231 3.594610730334824 2.9837608157246143 2.4951111085989126 3.8843817038739012 3.7935435561470734
5.748047188728797 0.04244285824998276 0.062287955837145255 0.15479829999222813 0.03941368781889022 0.4058136225613481 0.7208601615859116 0.6865443498125051 0.8134326037211337 0.4914884447379711 1.4745070337428041 1.15200269621317 1.4339277529230945 1.0123010887724069 0.6910092650733154 1.1801990579254913 1.544601476734892 1.6578073997761145 1.1069090963840638 1.6548369523069977 2.287334897629892 3.160762413897203 2.5940266455059584 2.1446597914121113 2.977279177833053 3.409530205377142
5.0415183151336596 0.04282258013221718 0.07201883780787934 0.16606309469932362 0.039542259347969524 0.40449102439859796 0.7677142631975321 0.7060057642586716 0.824442011077205 0.49603179529442554 1.4907636528469126 1.1702033392023556 1.4713073896694342 1.049221121080466 0.72346455477136 1.2481474911963433 1.6500926449604367 1.7889973371046395 1.2066396821666105 1.8222722263311655 2.544396856298122 3.551801254485152 2.944651577017654 2.4593965192950624 3.7808541449790374 3.7399452381708356
5.754049296073231 0.042443456456455815 0.06807757515379684 0.16059083207084654 0.039452507039806975 0.4054143140140305 0.7211679996359225 0.6878387564887595 0.8161497962989215 0.49384517401907213 1.4858736131279282 1.1642488693635964 1.4575861894195272 1.0349785280720099 0.7105917522094999 1.2206922412100873 1.606874663873637 1.7346597918082798 1.1649487844369486 1.751720352755734 2.4353086946454603 3.384782973111114 2.7940108614532977 2.3234152617733836 3.4177072600000518 3.579529341079546
6.011216705701728 0.04235756297882295 0.0744292994740923 0.1666130430334676 0.039419794540340086 0.40574912037247846 0.7072835639383374 0.6842588424050089 0.8175151940932783 0.4964084698477683 1.4995187140519375 1.1787014695398788 1.4849677354750526 1.0610548255734993 0.7330815192794637 1.267251220991123 1.6786563712937717 1.8235522924739174 1.2323419571454866 1.8647086961521406 2.608680548536388 3.6485246459766687 3.030650269346337 2.5360166022105135 3.9707704477560166 3.7695074740279635
5.731585443921273 0.042448631861907796 0.058937810736965426 0.15147159385486106 0.03939252863431258 0.4060315718861667 0.7214031507678077 0.6860503254244814 0.8119505664059234 0.4901353651465894 1.4679296226526644 1.1449438972046933 1.420382536895792 0.9993904440542063 0.6799182176712923 1.1573784527959259 1.5096767813186394 1.6149127240065686 1.0746684203370702 1.6012728134068261 2.2059087402909645 3.038067329283558 2.4850067687210085 2.047667964633937 2.7491725376941347 3.317041177869811
5.7335920291360525 0.04244237827137862 0.04605098517235675 0.13855959650984492 0.03930178131797408 0.4069691241609841 0.7198760412769326 0.6828880294540745 0.8058516105109338 0.4849416224830589 1.4431100763831306 1.1183567247469743 1.369627009578034 0.9513337911420674 0.6389329501304751 1.0736800029701374 1.3825607509383289 1.4599905300247804 0.9591269155463215 1.410806675902057 1.9186255303165916 2.6085579113166335 2.106353298189354 1.7134181475470724 2.0221136340065122 2.991086869629017
4.875728564682733 0.04293344229997473 0.07416466937258147 0.16865327524846083 0.039554158608034524 0.4043691610919315 0.7809202166030933 0.7116964531359204 0.8276184329060874 0.49718856900728164 1.4942081910289746 1.1740571288814512 1.4794522964547037 1.0574054933053414 0.7307476715691498 1.263549592236557 1.6742180199262098 1.8192447347802507 1.2298126136204217 1.8614650902698677 2.6050024461808685 3.6446417989917306 3.028473764968423 2.5351493130384704 3.9873148787308184 3.818635787953708
4.995215956298599 0.04285115741080336 0.07261191818088372 0.16676979866794925 0.03954791870053568 0.40443341354381723 0.771289837229148 0.7075340629907145 0.8252902028952893 0.4963430889700692 1.4917144300264593 1.1712701314623033 1.4735557880671422 1.0514758517166398 0.7254681062846804 1.2523796975138095 1.6567148335516875 1.7972910483601805 1.2129876674524864 1.8329981502841337 2.5609669594180366 3.577160883489334 2.967525096783877 2.480049452428417 3.836648073811857 3.7614619965940763
4.412938772810351 0.043312939789239085 0.07324313329053925 0.16925695308071848 0.0394523291987819 0.4054080613444336 0.8228365244753244 0.7290698200674333 0.8352764108877212 0.4982374853416075 1.4905728122314783 1.1701137407839355 1.473508076334537 1.0525615960334247 0.7269811309773255 1.256315598826217 1.6636928203236097 1.8067977463840428 1.2207326162501388 1.84672505459064 2.58300789740348 3.6119946233836417 2.999807415757543 2.509895691745659 3.929698771608607 3.819287314012172
5.928520612226816 0.042384933466443335 0.07463935855319614 0.16692512604248713 0.03945082480996966 0.40543133451192687 0.7123300826778494 0.6861146335528482 0.8182197945472126 0.4965146116674917 1.4995572272841693 1.1788448461211878 1.4854969994186529 1.061683030233532 0.7336870816180695 1.2685960960938072 1.6808343506056282 1.8263471908709665 1.2345247108626132 1.868453575457618 2.614540351842565 3.657591314442095 3.0389015063680764 2.543529934894801 3.992299879263313 3.7794787849684863
4.493951826117061 0.04323839162256613 0.07228261910618056 0.1679980037608923 0.039468618244544694 0.40524134651446353 0.8146744389916399 0.7253787231240856 0.8331736158182652 0.49754178459638 1.4890548163945303 1.1684930013342407 1.4699875889761385 1.0489656165187176 0.7237528732279536 1.2494505756423504 1.652897340147411 1.7932228404040045 1.2103082143671997 1.8290601278339265 2.5556471849066047 3.5700215490960585 2.9618641708032976 2.4755661283794925 3.835377874274451 3.7830863286661316
5.757389653767328 0.042443426901398865 0.07121962935381111 0.16373280664462617 0.03947394482990621 0.40519413851790737 0.721329904995204 0.6885404399122029 0.8176276733246746 0.4951289240207598 1.492079308926464 1.170949499869821 1.4705884532204703 1.0474970624061497 0.7214499417797753 1.2432451909115922 1.6417127486481122 1.777845624059515 1.1977084960685211 1.8066483957320498 2.5195759186144717 3.5129245427686224 2.9089124533724107 2.4265763724802767 3.683388837751151 3.676734832356141
5.721102039419547 0.04244626165775259 0.045334760359772436 0.13785823175297238 0.03929989589042416 0.4069886485105702 0.7204882402686483 0.6829581850095027 0.8055984061896146 0.48466102228052743 1.4417081846363284 1.1168693040688071 1.3668308959537805 0.9487153326622783 0.6367203292239874 1.0691995932681435 1.3758107107377713 1.4518274487027363 0.9530851649154491 1.4009213112865795 1.9038253758102932 2.5865928720716824 2.087129795737956 1.696572352903764 1.9880411542594771 2.9750114251001416
1.1547928627319655 0.059000206139730435 0.04331973474570856 0.19995729580095786 0.023312048957425672 0.6868674563226923 2.1762748077078022 1.4623043115770176 1.3609198523345463 0.6970381303283777 1.719235165122693 1.2138737938165403 1.3830680428109643 0.9465000372831831 0.6376371671124459 1.081415860217134 1.4088861432593125 1.5066320457243545 1.0032709998562976 1.4961017548315152 2.0636312165170376 2.846895383590883 2.3321493253954446 1.9264026607597995 2.6765017405748646 3.8908772668016525
5.75351430143294 0.04244422431949372 0.07150302845711648 0.1640187196009951 0.039477816475015255 0.40515440977795075 0.721573081827315 0.688683202320768 0.8177864492735195 0.4952451784642045 1.4926223649045718 1.1715410286238235 1.4717494031518064 1.0486218681764337 0.7224298175771753 1.2452875808293626 1.64487710437142 1.781778413494728 1.2006992260592657 1.8116743209723047 2.527303135484526 3.5246995737026783 2.9194925454764795 2.436094012578678 3.708371169054907 3.68583133109731
4.868640089622551 0.04293919607801155 0.07154578452100396 0.16605954407989476 0.03952958313064751 0.40461957569208634 0.7812025419245915 0.7113003016746967 0.8265065310432014 0.49616625984169843 1.4891363677176757 1.1685382899283516 1.4686537755353668 1.0469480975860481 0.721632385971544 1.2445308765882315 1.6447136524388875 1.7825207760693027 1.2018419690167472 1.8143814091971446 2.532486596187462 3.533941044477493 2.928826424500879 2.445339122230061 3.746894035598147 3.7353892375881057
0.9259992748435556 0.0634422732036431 0.02719165900568305 0.1998063590570239 0.019308594733926713 0.8222892116625002 2.6359189356810697 1.7245079517531343 1.5657012150014804 0.783882983751525 1.85811991068069 1.2696940436775352 1.378287873242223 0.9132585281304905 0.601462883054586 1.0026459712844595 1.287500912427309 1.3588709196192232 0.8937911466418847 1.316993742331414 1.7954051662370507 2.448337317361919 1.9829802971623474 1.6193434270747809 2.016290394617657 3.82958642539118
5.745175277974314 0.0424453689175778 0.06653696663929036 0.1590570682583871 0.039444660460473964 0.40549497065443085 0.7214858535846458 0.6876335444116763 0.8154712602800009 0.4932182901654648 1.4828121497028555 1.160954561359157 1.451226848967437 1.0288784652175225 0.7053172998084092 1.2097684442302132 1.5900463615225073 1.713853720537846 1.149206468723678 1.7253917478109715 2.3950175291641127 3.3236650826072975 2.7393421536426317 2.2744519741062477 3.2946163947223632 3.533454936988627
5.7523710476639 0.04244199442749809 0.06233555028958202 0.15484309990525988 0.03941214529713034 0.4058294993289355 0.7206285467181129 0.6864733331005534 0.8134282503999117 0.4915069011344784 1.4746164494787966 1.1521162038640498 1.4341362066363164 1.0124956639232707 0.6911744869665306 1.1805364724698577 1.5451153194483334 1.6584366439326135 1.1073809131772514 1.6556198220928893 2.28852405593437 3.1625536066973354 2.5956179502324113 2.1460759705294556 2.9806284733271537 3.4107156111671566
5.758083313936742 0.04244315902897723 0.07237007923013368 0.16488183987701652 0.039482504023976586 0.40510630700710487 0.7214182673705057 0.6888075971576603 0.8181725702473944 0.495599716491298 1.4943550690535974 1.1734099766542736 1.4753745256484816 1.0521155749281843 0.7254648188096533 1.251602672187298 1.6546509638622104 1.7939187653029127 1.2099276129574055 1.8271802610450867 2.5511423790842316 3.5610293269808944 2.95213973842374 2.465469620278184 3.7857194481178453 3.713228687733953
4.862222923256272 0.042944466724258404 0.0720345038731216 0.16656974449851075 0.03953256335307652 0.4045888620889155 0.7817861244206242 0.7116325324685302 0.8268264219790288 0.49637430559013745 1.4900510868004346 1.1695365545352838 1.4706329762935357 1.0488767407100525 0.7233186531769928 1.248054778266198 1.6501850535992926 1.7893340241767826 1.2070316630450162 1.823116633073805 2.5459369739254583 3.5544669413924233 2.9472949253568363 2.461976176689974 3.79111169675614 3.751248696867931
4.74248262922044 0.043032802094989886 0.07209511131774007 0.16698531702730016 0.039519396694598495 0.40472283166034584 0.7918530273824036 0.7157583267433262 0.8286636738232209 0.4966835113981181 1.4896764044992177 1.1691740786892828 1.470363007318836 1.048834663253458 0.7233915792691018 1.2483574195891427 1.6508224348184206 1.790284586131627 1.207852075926692 1.8246285844598984 2.5484356157979966 3.5585045102403385 2.951102035794722 2.4655473281111044 3.8030559384238325 3.760680323297706
0.688857368835901 0.06960390681912407 0.006195267867275681 0.19872285097003342 0.014524198801424464 1.0929885346291743 3.4362211664131865 2.1841977454614434 1.9297251396395823 0.9416939190569603 2.1302221153963505 1.3975431142145045 1.4203916682061877 0.8964014601881655 0.5692110674855844 0.9224056268631166 1.1575220649982474 1.1978114425092432 0.7738988609802767 1.1214179844800696 1.504393329280997 2.0195336661093637 1.6103189650402445 1.2950752384252469 1.37949036247227 3.921857287883421
5.755812149344021 0.0424447641762328 0.07414514054895238 0.16666329376573893 0.039495510470768394 0.40497289270621556 0.7217379607287059 0.6892840445261776 0.81903493799391 0.4963277392019965 1.4978612058010319 1.1772072326659266 1.4827808307345145 1.059277368782608 0.7317017994729297 1.2646075704538302 1.6748165549149676 1.8190103933907922 1.229032577108111 1.859332240278744 2.600650088723006 3.6365906750085952 3.020142117628166 2.5267473970925023 3.9493735994299457 3.770685075011916
5.7270920009746344 0.04244814725212708 0.052984266188780604 0.14551619335107627 0.03935124031971284 0.40645759568487405 0.7209990549426744 0.6846942726802191 0.8091641899059774 0.4877320252061034 1.4563961843020667 1.1325718038999575 1.3966933938715833 0.9768888581582678 0.6606643395710193 1.1179279134708593 1.4495613265040606 1.5414018937886145 1.0196603069845205 1.5102907321627865 2.068221096887896 2.83152895563721 2.302318391640215 1.8858689997313647 2.385587873060597 3.160423197550041
4.916518572500521 0.04290527741789231 0.07171484659538277 0.16609175858038802 0.03953513810178526 0.4045632269935398 0.7773602830332238 0.7097836716657752 0.8259153058216513 0.4961337604861327 1.4896576931482586 1.1690808496197964 1.4695455637012729 1.0477274992850034 0.722269390704696 1.24580137643174 1.6466185847317631 1.784829076118897 1.2035613604738309 1.817222159082982 2.5367913952684766 3.540419074879157 2.9345836943236 2.4504678795062382 3.759534232658275 3.7377669591314353
1.085780846622935 0.06038850565174959 0.03801992218932679 0.1999996107634078 0.02209744160849442 0.7225937682362868 2.2945103206673103 1.5292704969017556 1.4127473390082892 0.7187101076979082 1.7521302157431473 1.225417932378888 1.3770781296841417 0.9337659786407 0.6249312334117694 1.0544968130147538 1.3677197134401609 1.456490359981147 0.9660300878007374 1.4349972573019063 1.9718174483282265 2.709967351018741 2.2121038459862303 1.8202333055522186 2.4439372730938835 3.849726846296398
5.044396273431019 0.042820782767926495 0.0721051746812411 0.1661421827203054 0.03954299053705482 0.40448356206617336 0.7675076255404931 0.7059414081990475 0.8244472195040669 0.49606168468845135 1.4909428147580155 1.1703959967500077 1.4716745369056203 1.0495717822245554 0.7237676455380239 1.2487761492213305 1.6510634992115996 1.790201397677091 1.2075538905186962 1.8238070125801837 2.5467549825699214 3.5553931996496826 2.94787830500716 2.462299154345926 3.788501816409905 3.7425170037003714
5.744591373374505 0.04244489908794261 0.06492068224858079 0.15743886642473653 0.039433416606887345 0.4056105903625778 0.7213394627361733 0.6872510171184563 0.8147056709315442 0.49255995877173164 1.4796413595819078 1.1575362588129583 1.44461645976022 1.0225373900032741 0.699838009148901 1.198431207706035 1.572600859839048 1.6923116105046427 1.132928488783354 1.6982045590438932 2.35347086651176 3.260732886928667 2.6831322871476546 2.2241824150149996 3.17012606718483 3.485652511299704
5.736989408388493 0.04244158301895878 0.04634654830617429 0.13885233059822846 0.039302737220733686 0.40695922500228887 0.7197214938868987 0.6828938178689207 0.805968313970604 0.4850585665929362 1.4436847432483295 1.1189677467872552 1.370779426480369 0.952415011503353 0.6398477720136516 1.0755343539818927 1.3853569220377695 1.4633747301393598 0.9616335165103288 1.414910769861326 1.9247741987584748 2.6176891157721798 2.114349741787728 1.7204299031496324 2.036377537267155 2.9978558118838787
5.73619836984234 0.04244159626687658 0.044989826648757 0.1374958466239085 0.03929303208427371 0.4070597381047151 0.719616011302611 0.6825810284004614 0.8053352930732482 0.4845152744099546 1.4410924414471835 1.1162012366306975 1.3655364699744121 0.9474859032686228 0.6356733161150618 1.0670687124725526 1.3725891523486204 1.447922231451803 0.9501891306492899 1.396176484290092 1.8967140254786812 2.576030145290214 2.077880055116544 1.6884626701990832 1.971607819452896 2.96635343987899
5.762273709787016 0.04244216491589215 0.07343266359554568 0.16594065406674727 0.03948881504504624 0.4050415629533892 0.7213047996684586 0.6889865700997256 0.8186545129524028 0.496034722123883 1.4964756127669385 1.1756998836270203 1.4798239998005684 1.0564095338380906 0.72919941585511 1.2593820895982277 1.6667040543225793 1.8089057831702422 1.221331603248473 1.8463611542364964 2.580661225673497 3.6060594292413786 2.992645466350672 2.501952346265984 3.882728690473241 3.747239507926179
5.067710551579058 0.042805701965569674 0.0718686930961847 0.165844890535478 0.03954149945396932 0.40449897798472856 0.7657353008576935 0.7051978024362412 0.8240551206754364 0.49593079850489685 1.4905814601029608 1.169986316599458 1.4707935510511527 1.0486805851999905 0.7229721744249643 1.2470914589774276 1.648422843590049 1.7868898168895226 1.2050170749283025 1.8195175845137106 2.54012479287917 3.5452418193734667 2.938718698333805 2.4540267635759596 3.7661540059574254 3.7336521586589724
4.736087112053477 0.043038235920171405 0.07255205172909314 0.16746423803040963 0.03952203184882508 0.4046956711645474 0.7924621171161291 0.7160985776332522 0.8289779986851721 0.4968808650888523 1.4905265359250064 1.1701019127537633 1.472208266872686 1.0506362954052504 0.7249689741208002 1.2516575111621189 1.6559513631060416 1.7966769989188491 1.2127253116202303 1.832837660361087 2.5610855287345258 3.577823293291039 2.968497113043951 2.4812287620885316 3.8450280390404608 3.7756158896465744
5.756733880915101 0.04244353775147023 0.07162325865242693 0.16413663641632234 0.03947733101439131 0.40515938769216325 0.7214104539350745 0.6886514268436796 0.8178243618404233 0.4952941433156844 1.4928735392508052 1.1718090245081438 1.4722621771142812 1.049112700266498 0.7228544563004745 1.2461685724492602 1.646237618865952 1.7834655344532038 1.2019797652611257 1.8138233737419909 2.5306036629512096 3.529724666180557 2.9240043501100557 2.4401505785346926 3.718980955323248 3.689517208842175
5.736618369421111 0.04245096785012499 0.0697309546742419 0.16227406932321917 0.0394678586411699 0.4052565952862335 0.7223128108894542 0.6885784351413216 0.817048335881046 0.4945242566069361 1.4890625253733594 1.1677112233108773 1.4643500074893212 1.0415092169910376 0.7162636654727403 1.232480249512949 1.6250881015984053 1.75723706431882 1.1820727492978778 1.7804241199427668 2.479328831355368 3.4516953728805695 2.853981267946671 2.377232234098562 3.555500322364259 3.6311215318491366
5.746761529957435 0.04244538411569549 0.06783109230570271 0.16035135427353894 0.03945333973773855 0.4054057646549301 0.7215417294079806 0.6879185762489868 0.8160778025772912 0.49374582325942185 1.48536011936251 1.1637022544489737 1.4565452961989651 1.0339863506779672 0.7097367742083306 1.2189252221782751 1.6041561366931545 1.7313012610408125 1.162409068482994 1.7474738600001738 2.4288109433496574 3.3749264399743364 2.7851936144387857 2.3155167441414943 3.397788661512961 3.572342067359858
5.752419681023885 0.0424445251284956 0.0691552397514741 0.16167274912939328 0.03946044278720504 0.405332777401165 0.7213758480411203 0.6881324812598139 0.8166736720466101 0.49428562892698724 1.4879885617951738 1.1665342903776683 1.46202358338052 1.0392497737411455 0.7142943245355482 1.228376964183669 1.6187356853526977 1.749350014817613 1.1760823257271564 1.7703704658028463 2.463893337883359 3.428208527307968 2.8329113305264313 2.3583067140364666 3.50666510073354 3.61259541538742
5.758580796280959 0.0424426733798958 0.0717247602984811 0.16423456078988474 0.03947788410280342 0.4051537168047027 0.7213198691635393 0.6886406123753561 0.8178611970391485 0.4953353008247585 1.493080989426313 1.172031354207612 1.4726898134635102 1.0495230786631364 0.7232100475906046 1.2469071850711257 1.6473792297114733 1.7848819701877172 1.2030554609168844 1.8156293049976202 2.533378079076184 3.5339498022944302 2.9277990462793375 2.443562800439259 3.7279243823370387 3.692643859097272
5.73600791737772 0.042449683707301955 0.0657323151971957 0.15827036692940918 0.03943959155070158 0.4055470553544668 0.7219068449593418 0.6876167171570875 0.8151481531297858 0.4928934372048179 1.481202693197284 1.1592278644374274 1.4479086345177576 1.0257045229318504 0.7025787140565427 1.2041066073674331 1.5813382252285724 1.7031037387080363 1.1410844939694909 1.711827205696337 2.3742881589232114 3.292263454669716 2.7112906334891966 2.2493620288482927 3.232329558779989 3.510008218358904
5.748148390104413 0.04244594087424018 0.07117031133750691 0.16369262215868133 0.03947692342990268 0.4051635740375432 0.721831425913979 0.6887049309477619 0.8176609075401641 0.4951098263775513 1.491943819253258 1.1708132279581842 1.4703480955821386 1.0472766092274786 0.7212641045182313 1.2428665474825298 1.6411357459377918 1.777137109270676 1.1971752621170555 1.8057593412399768 2.518218086420843 3.510867099010573 2.90707284379143 2.4249283209923362 3.679192311516943 3.675552841858088
5.715643699481456 0.04244609593223956 0.03614708186938252 0.12867091170596553 0.039234580962436934 0.4076661606313918 0.7197878409320356 0.6808501009032888 0.8013288262740997 0.48099917185974744 1.42427344900775 1.0983065290382952 1.3318207889106766 0.9159604606336237 0.6091150714624615 1.013489322501924 1.2921973276632361 1.3511233438605388 0.8788635049245244 1.2800097811542088 1.7235999860253584 2.320316824740525 1.8551475164852531 1.4942088185029714 1.597206760154834 2.7740296125250135
5.739423907771073 0.042446050076498695 0.05993593218659284 0.15245953741694984 0.03939790981977674 0.4059761240771963 0.7210796666506982 0.686140745471745 0.812372848576704 0.490537104366823 1.4698960837079642 1.14705043544035 1.4244135300535774 1.0032250788246446 0.683207056175875 1.1641354572617146 1.5200032754667456 1.6275788172097427 1.0841760479777254 1.6170483734268415 2.229859756331233 3.0741120459956246 2.516994211406801 2.0760910253527944 2.8152026390360843 3.3440794868639667
5.750278975719166 0.04244588376420556 0.07270786203662619 0.1652300829685289 0.039487147117990264 0.40505867198520157 0.7218840131479811 0.6890393262338325 0.8183820525070395 0.49573909776740227 1.494991513736896 1.1741072990560946 1.476753671107337 1.05345752326105 0.7266372849367182 1.2540521149110961 1.658453565486806 1.7986533971116985 1.213534143053544 1.8332507370662814 2.5604899072562852 3.575294747963202 2.9649754983641516 2.4770332593685582 3.8164759457821535 3.724387019694208
5.760594052886104 0.042441299865711525 0.06979796167688151 0.16230243691481205 0.03946362436222905 0.40530011516143405 0.7209970607753977 0.6881321160217678 0.8169289053225257 0.4945465763914512 1.489285592138894 1.1679266693850683 1.4647054275630083 1.0418222930584484 0.7165207578340632 1.2329944106553867 1.625860218722923 1.7581736586469299 1.1827705752325366 1.78157725407612 2.4810760566745116 3.454323633494433 2.8563176456547987 2.379311443979663 3.560568885124174 3.6320786521482895
5.7315613256038285 0.04244383614335867 0.04622959500514598 0.13874446729396028 0.039302671763637415 0.40695989354233353 0.7200092063960237 0.6829715357138993 0.8059499169563 0.4850146344722676 1.4434470438449556 1.1187178974290775 1.3703159104990315 0.9519836648544304 0.6394844878651399 1.0748001733695558 1.3842522673360966 1.4620400106348013 0.9606462314679983 1.4132960348747048 1.9223572620534537 2.614102695021947 2.111210751600741 1.7176793857582602 2.0308017289157863 2.995391351904777
5.738899957683786 0.04244694829166607 0.06466930968262086 0.15719556845132251 0.0394329407144242 0.40561548469194253 0.7216273140026982 0.6873004932848336 0.814622829531188 0.4924592512156137 1.4791286898585387 1.1569893227902672 1.4435736290486203 1.0215443792366063 0.6989839377450645 1.19667007192565 1.569898231905611 1.6889818814182564 1.1304175268660093 1.6940183226693843 2.347084205357887 3.2510738574559834 2.674517554431001 2.2164890143429643 3.1513102159504163 3.4785590365846932
5.754818216819734 0.042444528350894115 0.0732244964463487 0.16574150534249035 0.03948954460912006 0.4050340780405642 0.7216910895697797 0.6890782741548065 0.8186008040435777 0.4959502180326024 1.4960326033253977 1.1752288409952663 1.478926370630894 1.055551305724742 0.7284568754345779 1.2578405261922223 1.6643211345063322 1.805947504326507 1.2190833827933816 1.842583050071192 2.5748506649560716 3.5972000224870455 2.9846788985166945 2.494778989206353 3.863661227690479 3.740825772186703
5.763540469204237 0.042441365867805315 0.07271780441555692 0.1652226016903074 0.039483529766986575 0.4050957852536143 0.7211568444778627 0.6887879887608976 0.818305022703082 0.4957414602018749 1.4950650925294695 1.1741720410087044 1.4768437468307662 1.0535278090486335 0.7266900844466747 1.254150522238289 1.6585931146369186 1.7988151025018235 1.2136497359487837 1.8334354173277883 2.560761544387765 3.5756927181109823 2.965321441497953 2.4773346415794104 3.817102413562653 3.7241317359113024
5.750471561528649 0.04244659043773532 0.07386911219287498 0.1663943973423093 0.0394948931338279 0.4049792155272498 0.7220004981644002 0.6893186756253125 0.8189357417198304 0.4962151447364906 1.497292287542358 1.1765973528216984 1.4816060840406329 1.058147848699769 0.730721034803016 1.2625660477926428 1.6716541961410416 1.8150777878047892 1.2260392687790185 1.8542952924142906 2.592893940581239 3.6247512638879944 3.0094843494842727 2.5171410188019245 3.923603217260649 3.7619255117654427
5.740797393936755 0.04244967988295856 0.07052860136817024 0.16306663135916175 0.039472581221880805 0.40520811403770013 0.7221696947738502 0.6886920697637181 0.8174023195724092 0.4948494197501793 1.4906510952397707 1.1694235035532206 1.4676657616359328 1.044699227543274 0.7190299658979676 1.238226065475613 1.6339650803055703 1.7682436320313977 1.1904243549576057 1.794431656567304 2.500825695220301 3.4843965388582725 2.8833148908652224 2.403578724874136 3.6236364979057147 3.655781390089192
5.764154243680293 0.042441118287172785 0.07172077272632174 0.164224888617813 0.039475868620972736 0.4051743976329923 0.7210135397950235 0.688533120376505 0.817825040548475 0.4953330308414132 1.4930961811584131 1.1720415919050833 1.4726947602069937 1.049520927824928 0.7232047051430032 1.2468912017416394 1.647349100406966 1.7848397259505109 1.2030202518241726 1.8155662184181796 2.5332760515422175 3.5337878515084844 2.927648525151542 2.443423603892861 3.727488306260355 3.6922915502164146
5.751011742996966 0.042444155173126455 0.0666949016008451 0.15921097519125565 0.039443302022506545 0.40550892317113085 0.7211830975888682 0.6875604466109065 0.8155103224205272 0.49328176917887606 1.4831455183264541 1.1613080864397787 1.4518965079098318 1.0295147133776887 0.7058642157400944 1.21089635943297 1.5917783328277633 1.7159897914621323 1.1508190338642934 1.7280837980492978 2.3991304891415326 3.3298948368856056 2.7449067491931713 2.2794297469334723 3.3069915914579666 3.5379519756001407
5.744843075241911 0.04244700248242068 0.07107916144675311 0.16360553586365273 0.039477218494205164 0.4051605434201126 0.7220026980279715 0.6887458752803366 0.8176377998304486 0.49507300559961664 1.49175063703082 1.1706080049822687 1.4699577910734198 1.0469042187977324 0.7209425952639101 1.2422005011719188 1.6401084128186931 1.7758645018499326 1.1962102199871039 1.8041411495573674 2.5157348229388408 3.5070891533233857 2.9036830451138984 2.4218827680191373 3.671272867353934 3.672822864328498
5.7559990833494625 0.04244301411323292 0.07030684694611943 0.16281791083340896 0.03946854102704184 0.4052496238834623 0.721305190359315 0.6883440719253976 0.8172001880235438 0.4947554101376406 1.4902710187737018 1.168996439215112 1.4667955513699547 1.043841698561377 0.7182761323578641 1.236646158480444 1.6315081922253816 1.765182110753661 1.1880918692759708 1.7905065354466276 2.494784808781557 3.4751841290338503 2.8750344725697428 2.3961260844245142 3.604103193434625 3.6481192445955113
5.746887815023518 0.042446405353400524 0.06838711461831881 0.16091210492216168 0.03945616058626208 0.40537676233214803 0.7215965170174269 0.688052042781911 0.8163424837089974 0.4939731362734916 1.4864557512837222 1.1648848424936702 1.4588378177530963 1.0361908457607902 0.7116462292811577 1.222885421573192 1.610264508775766 1.7388622227826127 1.1681360041681026 1.7570619270023855 2.4434984388554284 3.39722780323545 2.8051601619692987 2.333416706877878 3.4431863379433425 3.589296143603802
5.731679476628101 0.04244631068107221 0.05573009079739761 0.1482538482020157 0.03937112886456657 0.406252294755468 0.7210438355426614 0.6852690412837099 0.8104303944341353 0.4888373549254514 1.4617098799912043 1.1382653197234027 1.4075719061052738 0.9872027997276664 0.6694741828303475 1.1359482786030137 1.4769748933289737 1.5748677541489073 1.0446611634715228 1.5515727457711461 2.1305914163007826 2.9249321595134963 2.38479941959963 1.9587970546120257 2.5467657410077646 3.231092495985024
5.747905382954806 0.04244556169113554 0.06757818128904391 0.16009971976689005 0.039450397990828334 0.40543598338174985 0.7214517180788975 0.6878355042260645 0.8159506552521247 0.4936427246594851 1.484868699926397 1.1631705928408786 1.4555119643578942 1.0329917422268995 0.7088749097558079 1.217137314957858 1.6013983385012789 1.7278882709258752 1.1598243323362591 1.743147693470957 2.422185964859408 3.3648706439773792 2.776193191837597 2.30745144210625 3.3774052626264974 3.5646630860022697
0.9287513990903734 0.06337365703731508 0.027642504487811564 0.19999979496872283 0.019362565060030493 0.819343064541012 2.6291885308500893 1.7206861550812582 1.562759152181783 0.7826600685002727 1.8563050225202524 1.2691051055854787 1.3788161495277484 0.9142154457573085 0.6024207188289014 1.0047177063817745 1.2907173798629903 1.3628210722498413 0.8967422948254579 1.3218559524711657 1.8027259655979242 2.459257923391596 1.9925816904069298 1.627795332184306 2.034584175692478 3.834416915635811
5.691085393379965 0.042446489463323106 0.01624116441211532 0.10876543945741457 0.03910034548725249 0.40906573513769423 0.7189735106144551 0.676553525378718 0.792245619017764 0.47317052121719577 1.387197131382748 1.0591209124516314 1.2589917270137372 0.8488069183246 0.5533330396281799 0.9025298494097941 1.1280448862483083 1.1562389528244954 0.737274510798376 1.0526310018243985 1.3894868314679398 1.8336663750604123 1.4371648192505277 1.1347349661486676 0.9940239028790852 2.409206286459466
5.713726493833109 0.04244222850375796 0.02594511925762585 0.1184530938993503 0.03916399200482475 0.4084009508790823 0.7187734162766837 0.6784314517759572 0.7965824807798336 0.4769610883259687 1.405165022027333 1.0780584120506183 1.293994186217983 0.8809089196654156 0.5798577188712886 0.9550125870782082 1.2052760510250966 1.2474421413184487 0.8031830256199709 1.1579078946932828 1.5433513030742156 2.0565682401531475 1.6275783311986514 1.2976038211280814 1.2524628506686009 2.5754644273208838
5.741889555891163 0.042445364163697576 0.060402201739520184 0.15292315832265352 0.03940060670572861 0.4059483393152803 0.7209955132245254 0.6862066499732894 0.8125782868956547 0.4907254317400294 1.4708119100108434 1.1480328548723893 1.4262974936988695 1.0050198162198476 0.6847480814235496 1.1673046854795786 1.5248511577256088 1.6335302473992572 1.0886471912762032 1.6244732457960829 2.241141592240723 3.0911040477135887 2.5320854341716905 2.0895111402827085 2.8466181584694215 3.35688262985971
5.740622152566041 0.0424468157660606 0.06626347444525793 0.1587891435138326 0.03944395392987803 0.40550223198671587 0.7217064930740983 0.6876545904643254 0.8153698063419856 0.49310784467292346 1.4822584722009502 1.1603620120734144 1.450091400091164 1.0277937193936757 0.704381916837913 1.2078352876563643 1.5870735981771575 1.7101839889040562 1.146433873338426 1.720760812701009 2.387939662170837 3.3129416450744507 2.729761315862676 2.2658808731893556 3.2732963908719337 3.52550027015012
5.741891766164715 0.042447076067605644 0.0682082136919733 0.1607349127716524 0.03945746075807553 0.4053634230719788 0.721850153391223 0.6881034831075061 0.8162876770434111 0.4939005826957039 1.486082747360555 1.1644875042250362 1.458080156923985 1.0354679917836471 0.7110229321541208 1.221596600409009 1.6082807542583206 1.7364102063154603 1.166281014379167 1.7539588758435918 2.438748155891968 3.3900187413550604 2.798708686523912 2.3276346308898943 3.4285490323674823 3.5840155895110715
5.757442932415957 0.04244302344520368 0.0718050814229088 0.1643161732162684 0.039478832333223614 0.40514398302036303 0.7213902572977613 0.6886815241827638 0.8179063180927387 0.4953682698862956 1.4932350458138308 1.172199272774245 1.4730195915117625 1.0498427682399782 0.7234886657272037 1.2474881405117617 1.6482796995601618 1.7860016131515697 1.2039072584558725 1.8170613822936368 2.535580820247404 3.5373079196254156 2.930817505854711 2.446279465433933 3.735084386138097 3.6952411627260195
5.726749546882676 0.04245044505748292 0.058389419484319485 0.15093050294850882 0.03938946563832988 0.40606314042138675 0.7216123881047072 0.6860121122080723 0.8117228935127977 0.48991526690090853 1.4668492069828007 1.1437872740919104 1.418172074851906 0.9972897980932933 0.6781182158286638 1.1536835033901676 1.504034653678171 1.6079980221031542 1.0694822084643807 1.5926745363367945 2.192865029559247 3.0184531094005567 2.467614260982796 2.032225808918233 2.7135794369816777 3.302358796933187
5.734453299624671 0.042450430558058666 0.06601736103617042 0.15855839758068718 0.0394419105684814 0.4055232082908752 0.7220247446267121 0.6877164830987259 0.815293862026192 0.49300998340584407 1.4817558572037646 1.1598259446407118 1.4490696259845723 1.0268203428557048 0.703544006962086 1.20610553544777 1.584416074262814 1.7069062717732328 1.143959093549902 1.7166301440438094 2.3816304039380656 3.3033885492071224 2.72123020559562 2.2582536847953727 3.2544003165733963 3.518530859649545
5.710892330312365 0.042444921400896764 0.03125794022110903 0.1237762250426105 0.03920234926307236 0.40800135423167166 0.719512522021147 0.6797643857735225 0.7990768467865527 0.4790622044744899 1.4150749627800279 1.0885485806944295 1.3135488727940574 0.8989868505014249 0.5949111850833814 0.9850271128215559 1.2497813810567475 1.3003981460439331 0.8417419512047605 1.2199638010893579 1.634730766391308 2.1899445207783614 1.7423700560121858 1.3965266095606759 1.4215430495627175 2.67594584150174
5.722446812089165 0.04245068459473865 0.05469048437866753 0.14723252226372913 0.03936413725808404 0.40632441601476343 0.721444828587303 0.685198858808221 0.8100012900202891 0.4884221669978409 1.45967398471334 1.136089198157777 1.4034268060165467 0.983277011401313 0.6661217068451828 1.129089907183574 1.4665381202410719 1.5621210871553997 1.0351336487976701 1.5358315187694138 2.1067942338121726 2.889271396320771 2.3532867501110024 1.9309153544420514 2.4846820927793214 3.2044561138527734
5.716540655419187 0.04244707513074516 0.039573592047993066 0.13210130209078894 0.03925855171734022 0.40741724032943943 0.7201136795659171 0.6816586904873387 0.8029269026244333 0.48236257421336803 1.4307489999185654 1.1051917613218776 1.3447710942679512 0.9280424023340282 0.6192684192401539 1.033920781575675 1.3227733583349346 1.3878422816017946 0.9058474994152965 1.3238399637271572 1.7887400600554528 2.4162763675952044 1.9385022735869193 1.5667068999195564 1.733101637137722 2.84643882475178
5.747083812998361 0.04244368064486127 0.06135864649577923 0.15387289689597047 0.03940633822175566 0.4058893009742554 0.7208133834192578 0.6863382953461759 0.8129984836437641 0.4911118011623286 1.4726926287319517 1.15005095026765 1.4301697799212048 1.0087110824748085 0.6879196475555412 1.1738316902020245 1.5348422512945106 1.6458041759865836 1.097874710230638 1.6398073688756007 2.2644575812399887 3.126245767758765 2.563317953506493 2.1173047093768993 2.9121423145416125 3.3833561932318577
0.8594287536510258 0.06502017071190462 0.021930011208002517 0.19999872354599207 0.018027659542927902 0.8771326304306994 2.8158503522220473 1.82767083029854 1.6470059283481067 0.8188608288338193 1.9169685683182012 1.296041885352125 1.3837587697523326 0.9062151485203386 0.5918082668459405 0.9802460697531585 1.2522004427187254 1.315647513848569 0.8617866730707466 1.2648536256462048 1.7177755267924577 2.3337647575537295 1.8831707851776331 1.5322658986445086 1.8409568669570517 3.8369806779247204
0.7972443650634046 0.06674597606249422 0.01592052506623376 0.19999978829013068 0.016757940679838653 0.9397744903257812 3.0108299765065425 1.9395081292128276 1.7352550583962363 0.856920885444874 1.9816140315617927 1.32552215654052 1.3911387664632848 0.8995535883038577 0.581883137580814 0.9566488931178905 1.214569112184976 1.2692885205355169 0.8273636007520916 1.208730143539086 1.6342532913000543 2.2106429068284843 1.7761318069381578 1.4390556954516054 1.6582739605496266 3.853495039436713
0.7165801800403488 0.0693980315864029 0.0066871336507302185 0.19999999978728647 0.015016625532083982 1.0447213211505701 3.313998900555819 2.113537914179307 1.8728556818744921 0.9164885977326551 2.084226657601837 1.3736333482880199 1.406624963612134 0.8924946806638067 0.5688716461555179 0.9242958434785372 1.1620226892479708 1.2040228603533676 0.7787507006770322 1.1294654604608965 1.5164852325256282 2.037498123317952 1.626140354544669 1.3089015733028808 1.4142475951398294 3.8930092339745137
