8.49007210665904 0.04150705495879753 0.11707170254718252 0.1889998416172103 0.012572321536176814 0.763801967446828 0.8997124124291696 1.423157100024841 0.8773284696688687 0.7933250980673229 0.924377678746511 0.652546228807459 0.3552541746331951 0.6187716002720488 0.3161391956005801 0.3411524214688686 0.5410600276575646 0.7081557516973211 0.8232102368211748 1.1865454826343398 0.7630643292974518 0.22384218084269808 1.0837223618313239 0.3946251120802392 3.9885115090918606 2.1403277504989684 1.7758619281640153
7.716913563103533 0.04182302054973049 0.11505559786428769 0.18831796185611116 0.012521497511091275 0.7905928144163007 0.9258349370945494 1.430174690522927 0.8760751258145246 0.7908757150458244 0.9204912167908563 0.6492417827933927 0.35284272040240133 0.613503306642262 0.3129171322441244 0.33710594396305976 0.5336985845511268 0.6973089055172835 0.8092410958432457 1.1644672620773633 0.7475414647958246 0.21894511931354815 1.0581728817766736 0.38471166224089337 3.8333231799394656 2.052294230514835 1.7249617726135813
8.185863199729665 0.041720340835138654 0.11686495887987992 0.18971193215495413 0.012413621196177844 0.7974632405857721 0.9093012155438549 1.4258546738755458 0.8771527651563278 0.792841484657583 0.9237400156489863 0.6520932550981314 0.3550004504076182 0.6183158055722286 0.31591273214768856 0.3409161404247299 0.5406604740729698 0.70761804093573 0.8226087740973315 1.185722918300873 0.7624892341718962 0.22370025266200969 1.0830012465780263 0.39440227999180394 3.9894939968575884 2.1395093207661007 1.7524152265145205
7.27420637774915 0.04193978743038958 0.11674012238764021 0.19047170159558346 0.012622579486198058 0.7842361265077691 0.9445961803634811 1.4376486674210744 0.8771341140208693 0.7913363703949445 0.9216003372603163 0.650603122882711 0.35421709561422565 0.6169963727069906 0.3152624983028972 0.34024196223921516 0.5396276008310541 0.706319951241068 0.8211741568052645 1.1837699170906206 0.76130067970097 0.2233820347629654 1.0815573927202338 0.3939346600981229 3.9907060688637954 2.140483415196469 1.7466377171565663
9.037903525187227 0.041278055523236275 0.11726568443259251 0.1880201876558974 0.012451925560715262 0.7718003894238162 0.8846267306981462 1.4194139244754163 0.8777464651040241 0.7941357914821229 0.9254050036780886 0.6532770860530045 0.35565945372995506 0.6194733074744521 0.31646816191694854 0.3414874306158234 0.5416097019700206 0.70887043648179 0.823998415162269 1.1876335975389265 0.7637267301044067 0.22427793085694459 1.0844305271504044 0.39504028455271145 3.9807922013058596 2.1422161851355312 1.7955127910722393
7.971515768958489 0.04176476872714801 0.11659580315728503 0.1896225567069427 0.012464783570672888 0.7941902165641317 0.9166171735370449 1.4279469599687247 0.8769376635580169 0.7923286311400836 0.9229693192489757 0.6514745371019414 0.3545827440984038 0.6174466845617497 0.31539692062858043 0.3402824328849427 0.5395305771258839 0.7059776261370087 0.8205170742592458 1.1824430709342084 0.7602077018609043 0.22298291258182418 1.0792841178694121 0.39296450885015327 3.967434993068884 2.127220509512453 1.7475181670100264
8.432259197500503 0.04167306089856092 0.1127602777292007 0.18541580660981977 0.012345940288228859 0.801835338488739 0.9008469321540686 1.4213535280167582 0.8750027919531304 0.7903496157630593 0.918991512560502 0.647396986260579 0.3509847079999507 0.6087914219284178 0.30975883185906133 0.3328910482891101 0.5257493020419701 0.685253926190156 0.7933103615102438 1.138753164687618 0.7292512411689118 0.21306075516431655 1.0272161966812237 0.3725338574638078 3.6295614966406164 1.938398550710134 1.6998727594212517
6.962770263571016 0.042041419021873985 0.11563381339028747 0.18977664500420172 0.012678827789725348 0.7807823877164966 0.9592699821718683 1.4428092472910656 0.8768420580753796 0.7901073880411774 0.9194490701666043 0.6487494465299705 0.3528501694074819 0.6139914533528067 0.3134115930448167 0.3379049110001811 0.5353717692425597 0.7000380093795362 0.8130540979966707 1.1708904218454943 0.7522566387058629 0.22051184718910843 1.066587962376853 0.38809862052350724 3.8973417166865882 2.0883117927030233 1.7307864115028975
6.647407241889369 0.042154625243352846 0.1098928689508743 0.18449080600809972 0.012720299127681828 0.7782369031842363 0.9752162018334728 1.4467648210680326 0.8743458472661224 0.7858109969181724 0.9115341198182506 0.6413444205905751 0.3468619355171628 0.6001773833810696 0.30463845993927824 0.3266010734283794 0.5145500815650775 0.6690296475038345 0.7726777089980639 1.1065006795501928 0.7068967314889948 0.20605662751807977 0.9910774341292327 0.3586067253133606 3.4244317395267023 1.8246557072421603 1.6523914479783999
8.125862980601843 0.041731983210318686 0.11660787515124033 0.18950203821484027 0.012428320051319977 0.7965200047185487 0.9112679509412791 1.4263109016758546 0.8769886962779232 0.7925720386851343 0.9232948280032264 0.6516988994841234 0.35469847705548074 0.6176376819999632 0.31548788897274 0.34037321300147894 0.5396674758620572 0.706145038245597 0.8206941521298327 1.1826724014468153 0.7603425579307073 0.2230151476636575 1.0794251786119209 0.39300325240169454 3.9667118718889194 2.126785630215056 1.7484600093971492
7.283058145882048 0.04193909803351122 0.11404277163790155 0.18777333180284375 0.012613634881294265 0.784817800379484 0.9437874435091637 1.4360491723314532 0.8756792588691533 0.789516938381217 0.9182501430810625 0.6473638758810566 0.35150363503543697 0.6106198254965236 0.3111652413522596 0.3349168502066992 0.5297477275425898 0.6915186661092616 0.8018013440069632 1.1527297617063996 0.7393388307211575 0.21635410682023368 1.044708335054626 0.37948595175589206 3.7521057064547345 2.007051038758406 1.7093775100589035
6.361017882764668 0.04227346012822776 0.11636028548746316 0.19143101460467044 0.012775280002381421 0.7746705851278818 0.9932851195980842 1.4577651929313598 0.8784880483711207 0.7897430075531807 0.9186756940705111 0.6484829351466679 0.35303736907671346 0.6148932801263042 0.3141637387698243 0.3390326377664524 0.5376643524688453 0.7036991048563129 0.8180837963533705 1.1792644014671034 0.7583638536431472 0.2225229265825407 1.0773471961492433 0.39241304102830304 3.977388542383763 2.13349263927193 1.741584437363812
7.884142154293438 0.04165318883319456 0.11711728421311335 0.18953174766623485 0.01257758030644613 0.7823569742030005 0.9198144425018621 1.4291509399999902 0.8771340501907037 0.7924644684197926 0.9232886953310889 0.6518390935621785 0.35493471213709027 0.6183187629800865 0.3159756925262719 0.3410451308141456 0.5409698235560041 0.7081515584280496 0.8233697869512929 1.1870132414647663 0.7634299357027959 0.22405591904178612 1.0846413810482123 0.3951385446484601 3.9990050433418545 2.150387179449733 1.7545936519952536
8.644801102288856 0.04163684707342439 0.11701005126741716 0.1895188748214246 0.012300609499580565 0.8046899196325797 0.8951982772401991 1.422017378221403 0.8774818678722273 0.7936175576592588 0.9247803788444237 0.6528499481229494 0.3554366543694098 0.6191192776710429 0.31634358660117184 0.3414023943015425 0.541473539873146 0.7087322125773176 0.8239546136192226 1.187733759797514 0.7638338902969085 0.22410372379164692 1.0850273338277616 0.3951569493976923 3.9983578834056765 2.14438423402859 1.7615148487248904
7.963999277989291 0.04173604994551377 0.11695948335444599 0.18986449634512975 0.012514914114448699 0.7845162586678914 0.9169323638806802 1.4282069755231115 0.8771190728624837 0.7925493206606233 0.9233763353183877 0.6518714526916121 0.3549206355243586 0.6182481250703069 0.31590146470040975 0.34092781054235977 0.5407622446256323 0.7078408348374542 0.8229452819355069 1.1863276840305155 0.7629917815086836 0.22385912762712873 1.0839477496860632 0.39478772671949686 3.9975312247604085 2.1444529277462916 1.7549732024258495
7.505511681608719 0.04187683035263376 0.1146355033119057 0.18811488371690366 0.012567439135749911 0.787702571516746 0.9342479091276561 1.4328655979247051 0.8758865013263819 0.7902624511941261 0.9195016343934272 0.6484221360845254 0.35226668811576606 0.6122738595165396 0.31217513269977454 0.33618325059245957 0.5320373538643899 0.6948796437401342 0.8061265537628494 1.1595620060100464 0.7441164046909943 0.21786539253694442 1.052562509450796 0.3825372620239475 3.799679217715707 2.0335490895360504 1.718300192646091
8.126055355149788 0.04162215054056433 0.11101702379864663 0.18333637115048285 0.012497191630740869 0.7866265420965884 0.9104112708105061 1.4231896389797078 0.8738622730164567 0.7886302152775228 0.916092656639662 0.6447799410086574 0.34894705642962026 0.6041745793526824 0.30685857268375805 0.3291750491932083 0.5189672575557321 0.675204888851865 0.780268106724199 1.1180039237664194 0.7146884997195951 0.2084462715668118 1.0029761930840062 0.3631423932869539 3.4785429514853616 1.8555589615728525 1.6775181909328643
8.513148066288199 0.04165957561544744 0.11698493094477794 0.18958592415134212 0.012333178594095613 0.8026651943925375 0.8990342650081438 1.4230171664933944 0.8773846870549267 0.793410120707772 0.9245115611256849 0.6526590643929806 0.35533118505312145 0.6189324702516104 0.31624722959398166 0.34129768208872696 0.5413035479336931 0.7085061173688483 0.8236899659487468 1.1873500917007467 0.763583908553561 0.22403110840585003 1.0846726379752314 0.39502816475772257 3.997247502652284 2.1437719354325924 1.7586459655581819
8.093307010223892 0.041736182455088894 0.10527083264857479 0.17818203644907143 0.012416246290498176 0.7972944080279437 0.9106791408362488 1.4204507628247878 0.870774236390256 0.7847031169246488 0.9089563384807157 0.6379529566073213 0.3433041761506702 0.5910600352630716 0.29850967405542406 0.31842637859321693 0.49918103213357545 0.6458086734038582 0.7421119338190261 1.0573791070902034 0.6721310307693271 0.1949203269554176 0.9328118049759678 0.3357962681686928 3.0606942679225027 1.6225272321156428 1.6021365125394749
6.773181354615903 0.04210856527621276 0.1138442473989906 0.18825728251171878 0.012707716596913126 0.7790075033183346 0.9688720541554471 1.4459059382395125 0.8761808984837328 0.7886245619178575 0.9167357880092417 0.6462708513451336 0.3508952623087131 0.6095347570182302 0.31060001390445474 0.3342965081639401 0.5287376034168132 0.69016912164382 0.800212011382773 1.1504143960372657 0.7378271937283681 0.21591299339241807 1.0425442698851433 0.3787026282878817 3.7452033234657085 2.0033589554529967 1.705739116961236
7.248415783266466 0.041944594113273004 0.11014575198243812 0.1838987380808935 0.012617523581056592 0.7845739057713496 0.9447548219256963 1.4345372660275482 0.8736133951389264 0.7868196149622869 0.9133121392334388 0.6426310366462782 0.34757871709950067 0.6014566788544164 0.3053033851364408 0.32732910060748416 0.5157386343990684 0.6706185015307196 0.7745459679982695 1.1092186756727758 0.7086744612873869 0.20657228822501741 0.9936197983318681 0.3595223461017099 3.432478090705991 1.8289739777117127 1.6571045784495895
6.352448991200429 0.042278427447308115 0.10878171648730893 0.18387679196535087 0.012757779531480688 0.7759504778890582 0.9926528767070447 1.4540168862046992 0.8745567979580832 0.7847172627665899 0.9093774516743127 0.6394919056693029 0.3455151136459071 0.597249627040355 0.3028505145712386 0.32436178395229837 0.5105091633541168 0.6631133259198896 0.7650877144811882 1.0945520010434784 0.6985708466994418 0.2034332025292096 0.9774950951087974 0.35335149720451925 3.3455782590897045 1.7809218290240518 1.6377238975403392
8.338957504855529 0.04139805342380542 0.11733324675819899 0.1886166924167906 0.012668930633648792 0.7429571118237704 0.9043755970064242 1.4245106880242153 0.8773159108272501 0.7931921857941346 0.9242622162153841 0.6525192843052763 0.35529776149424974 0.6189480333277709 0.3162814969905169 0.34135222655453107 0.5414688793961283 0.70881104500701 0.8240774987335316 1.1879748425402898 0.7640442088725554 0.22422966882853507 1.0854347529091384 0.3952941734693596 3.9981493388868907 2.144466767368688 1.794996658749272
8.38448096113881 0.041680991298754855 0.11633132840894711 0.18901782750023358 0.012364860524611913 0.8004427377762505 0.9028505876426566 1.4237283548596118 0.876949798372099 0.7927652571468038 0.9234392097537072 0.6516956792980765 0.3545821430842707 0.6172365251628323 0.31517941869890304 0.3399284224204131 0.5387924143624621 0.7047735264960202 0.8188312237156861 1.1795999117615585 0.7581209880447463 0.22228884951621797 1.075549715710415 0.3914646329034869 3.9389127788553657 2.1112373863268648 1.747338318844482
6.891868593423623 0.0420623502567415 0.10614681072830541 0.18037378838616747 0.012672867152926742 0.7811496547339624 0.9614424225476373 1.4392202287766827 0.8719071905068598 0.7836326618747073 0.9075480267212871 0.6373264995896263 0.3433709671219066 0.5918663380127933 0.29927085815395865 0.31961865276821005 0.5016271945750895 0.6497338601122927 0.747518670719097 1.0663698355471567 0.6786512617431729 0.19706184218322093 0.9441848588281464 0.3403241052892129 3.138677454477905 1.6659611116813766 1.6053880503735134
8.803489421880498 0.041348561129919935 0.11727557681794225 0.18837909982933007 0.01252047906655385 0.7661316664830233 0.8907786636228064 1.4208980296908411 0.8775910916432647 0.7938422442123352 0.9250637785528147 0.6530517216959939 0.3555510698976788 0.6193255561009484 0.31643694056035837 0.34148883229379634 0.5416263759732917 0.7089264392067117 0.8241286179142008 1.1878923532797836 0.7639166338706911 0.2240983079638587 1.084836946832651 0.3951056954464694 3.9923971697486578 2.144293584764667 1.7901495796691902
7.445165464654259 0.04189061839057177 0.1143696916001514 0.18790404062848534 0.012583328828011895 0.7867061641487912 0.9367453389022051 1.4336259793879618 0.8757654455620462 0.7899861183938726 0.9190287387808045 0.6480066694645508 0.3519521888733869 0.6115727796437729 0.31173687355419827 0.33562431666977943 0.5310219865909268 0.693379970113206 0.8041817889274424 1.1564711201005615 0.7419516745996189 0.21717403564477064 1.048976887504808 0.38113433016578524 3.7773354517907163 2.021113754960203 1.714122671843277
6.615875580689646 0.04216949190812657 0.115026188605368 0.1896841489568907 0.01273542816899438 0.7773124029459417 0.9777962083040553 1.450261725937254 0.8771206088488415 0.7891949154989072 0.9177704048196559 0.6473944923476883 0.35194080065494326 0.612107615495885 0.31229736264409663 0.3365400598031594 0.5329441524968754 0.696521737135923 0.8085809135919945 1.1638921668286477 0.7473992490035573 0.21898805281623748 1.0587104862898804 0.38505722439592827 3.8515615512397816 2.06284259392723 1.7222422242914948
7.910619400863967 0.04177496549776194 0.11051988007599438 0.18358749178539782 0.012470594154740701 0.7938181620556477 0.9178822715091083 1.4253218033708144 0.8736092941237795 0.788048626915733 0.9151836767892241 0.6440230837443683 0.3484072912782118 0.6030240805575873 0.3061650202449526 0.3283224911302733 0.5174223150516707 0.6729556417054965 0.7774056332640054 1.1135386045313815 0.7115836188249727 0.2074558797055988 0.9980734917846356 0.3611949555946562 3.4530522285792107 1.8402509499169337 1.665600279806679
9.356239217675128 0.041527707663921234 0.11708885979504867 0.18915308423038346 0.012135949030848437 0.8110705227913626 0.8770169057502181 1.417835297322358 0.8780821556741106 0.7946377680778045 0.9260504585226321 0.6537385792465817 0.35591290002038645 0.6199373246484561 0.3167535953600754 0.34183572587953565 0.5421541188042738 0.7096094360680026 0.8249496731475334 1.1891295967702384 0.7647125750876419 0.2243494884114635 1.086184620553071 0.39555854449071987 3.999999990304503 2.14518871462222 1.7786968185280116
8.61180448346401 0.04164141016204764 0.11701334068370176 0.18954128374751394 0.012309754819994396 0.8036886816274301 0.8961444159353744 1.4222648676165692 0.8774616222426936 0.7935717102813507 0.9247242204233675 0.6528143080607571 0.35542058410232247 0.6190971760319879 0.3163298657234599 0.3413851125090911 0.5414599597508528 0.7087246948811617 0.8239477052754675 1.1877293712964738 0.7638488113409024 0.22410453817515244 1.085066256323081 0.3951710055842888 3.998851639018497 2.1447862399413924 1.7613429148661948
7.054339903362994 0.04200582642742659 0.10160210470269108 0.1756016382249727 0.012634679670847896 0.7835105862878304 0.9526064983351621 1.4335148171953829 0.8692659716933862 0.7808062077848763 0.902351334758087 0.6322263467710532 0.33906100900948927 0.5817577073811215 0.29281012131944306 0.31128369998778643 0.4863074061700164 0.627002642468379 0.7180552273701528 1.0196355941399446 0.6459317933937984 0.18669772189021705 0.8904223088312581 0.31946848806595707 2.82636169294574 1.4932878527660678 1.5519367423644188
8.78274125926828 0.04158668914526749 0.11599793779925897 0.18829180338327564 0.012305139363135322 0.7949900519238734 0.8911919056030753 1.4204645981651367 0.8769972973816883 0.7930825640107861 0.9236906629163228 0.6517354235936332 0.3544546752021871 0.6167564767466769 0.3148027776978878 0.33937981444760923 0.5376973962635588 0.7030451548774737 0.8164746804973987 1.1756995977987144 0.7552933995961302 0.22135987626166695 1.0706057724951468 0.3894843579478877 3.9027386625765907 2.091031144516309 1.7581146999890138
7.237761196840057 0.04195138027995927 0.11516570445865751 0.18894540323797615 0.012627224706691668 0.7839723230595541 0.9460097717624629 1.43742236437069 0.8763146062605098 0.7902093924183199 0.9195435449957674 0.6486431599231705 0.352598148530328 0.6132164905427698 0.31284196320376895 0.337102503704202 0.5338120528800437 0.6976161332264592 0.8097885186551236 1.1655339199189463 0.7484037387741215 0.21925395599561925 1.0599250363362227 0.3854486439699045 3.8503435830609063 2.0619606093906007 1.72451987126008
7.909290474474412 0.04177626969099687 0.11501809847437813 0.18809094819856978 0.01247907235276691 0.7932787732553211 0.9186037311835226 1.427786419339595 0.8760625209842673 0.7911426993119527 0.9208440536826965 0.6494658032687181 0.3529361707791022 0.6136173839363616 0.3129483093775354 0.3371100692937788 0.5336669770477568 0.697213357999489 0.8090605753017427 1.1641065900242706 0.7472528220531767 0.21883737527237482 1.0575782397948679 0.38445526471346725 3.8273312071486036 2.0489164201381422 1.7251834914139537
6.190833581982985 0.05364563892458119 0.18465455577339293 0.06451995266740157 0.004034871142979056 3.018605577572135 1.7176292639378157 0.915016219059766 0.6524986111315612 1.5058203599485007 2.514027156277316 0.23808170299023731 2.032187860277203 1.8133183106142883 3.401251345790729 1.7165201850586327 0.6983948179034417 2.3753316110113905 0.4128688954528884 0.43409511529522765 3.574502718779763 2.266757617516915 1.4391685985250506 0.8894793084016362 0.6183321027083111 1.6871516216350213 32.486992560841784
9.175855671124983 0.041078074507489105 0.11767068136075753 0.1874079427146782 0.012580558205981605 0.7667111557961791 0.881257992583647 1.418778063882707 0.8779843778875401 0.794480950127153 0.9259227818613531 0.6537141345883761 0.35598356628488065 0.6201637426413208 0.3169069405230935 0.34202955492809745 0.5425954519938943 0.7102915719299439 0.8257746996289826 1.1903906091607153 0.7655622001903473 0.2246056798674277 1.087166532601482 0.39600597162738227 3.999961118760803 2.1488431014139233 1.8002712362163833
8.320847523732944 0.04169415775955248 0.11624482073206717 0.18898609822176024 0.012379657221035735 0.7996516844279034 0.904831866561018 1.4242447686703295 0.8768706917628212 0.7926119017362168 0.9232111879619516 0.6515104017414047 0.35445474397272625 0.616968243091331 0.3150204364221354 0.33973328993817004 0.5384398764918434 0.704258745955851 0.8181742077791868 1.1785678113682891 0.7574009470728795 0.2220616574520359 1.074379913183222 0.3910062650993347 3.931905911168442 2.107260013894659 1.7447353781467505
6.498068746028892 0.04221478949733298 0.11216063960073235 0.18699974918660375 0.012748473456254215 0.7765161873566973 0.9842375585288162 1.4517632094758914 0.8758984852166626 0.7871272861734381 0.9139122588697638 0.6437577735322304 0.3489769879744436 0.6052409898272746 0.3079226152791281 0.33088960938908135 0.5225186585804399 0.680971143395143 0.7883007210258242 1.1315043488188508 0.7245563012366621 0.2116975472583611 1.0205894095068453 0.37014829304722763 3.610106319019114 1.9281025633024163 1.6824269015444857
8.282251210353731 0.04170122235824036 0.11586689364865822 0.18863646998450034 0.012388312349679709 0.7990922763518127 0.9060054054345743 1.4243877489963375 0.8766438953917267 0.7922920549159298 0.9226576991707998 0.6509985451738549 0.35404463714055695 0.6160252078953647 0.3144230418042404 0.3389641458480849 0.5370191847163208 0.7021385880516433 0.8154094390989767 1.174150585237738 0.7542792797941192 0.22106628395172517 1.069157996688551 0.3889644268096283 3.8983996691301375 2.088519733745715 1.7391377501186815
8.982429273082603 0.04158565937948991 0.11702998377244313 0.18933095799611516 0.012214963329887847 0.8103938321216785 0.886060433185294 1.4197850628636457 0.8777404911713521 0.7941041423338351 0.9253861437527977 0.6532682067145908 0.35565460949418387 0.619482803299297 0.3165204853287703 0.34158336820296425 0.5417477081096138 0.7090721935360088 0.8243244649969778 1.1882286856083148 0.7641297136440095 0.22418111409709102 1.0853690670176979 0.3952644735834568 3.9977085477056433 2.1439460602485303 1.767679179789678
8.072306085910066 0.04174273541730974 0.1167586952785555 0.18969629756887696 0.012441878121398098 0.7956496396973748 0.9131141410874304 1.426945017956603 0.877053623970828 0.7925950120283393 0.9233791274708517 0.6518107831913055 0.35481645158487174 0.6179423440445238 0.3156940159169377 0.34065016291423644 0.5401935812259209 0.7069472493120869 0.8217588438772949 1.184397907942635 0.7615754857112168 0.2234128727056523 1.0815274050369206 0.39383253240865507 3.9809934376829865 2.134796625153474 1.7502433239321
8.417138178401421 0.04167627521604169 0.11677769703038401 0.18944625918911162 0.012356696808435253 0.8011327452457461 0.9019017711328722 1.4236911463090671 0.8772142222775448 0.7931252382927381 0.9240705080650179 0.6522848936594091 0.3550592793400958 0.6183397619937452 0.31588453436321884 0.34084180668683534 0.5404746532933389 0.7072844615624907 0.822113553315473 1.1848528306274673 0.7618297162972799 0.22347597689525914 1.0817698025072022 0.39389959431786914 3.979166143651454 2.1336714805920667 1.7539745224696102
8.314294370204323 0.041423627964822886 0.11734169378507049 0.18867072774380805 0.01258225914569987 0.7735742706729193 0.9051631535224006 1.4247536996791401 0.877321673879309 0.7931770100958792 0.9242555479489113 0.6525291373406222 0.35531599190572877 0.618998966523625 0.3163082134404839 0.34139412677207887 0.5415561870425164 0.7089331311866761 0.8242596735347613 1.1882756356547586 0.7642580613184544 0.2243592783989665 1.0857288861396914 0.39567973034795473 3.9992513782055465 2.1497102867915663 1.7755671216063453
7.224427313113074 0.041956660119414624 0.11304049857777325 0.18684246836298476 0.012623453470546301 0.7842074481857015 0.946298693863316 1.4365123648401188 0.875185046064425 0.7887478549178407 0.9168624750451716 0.6460661387657648 0.35045327216083977 0.6081949460253696 0.3096241334591892 0.3329298401560024 0.5260853414382578 0.6860610581141123 0.7946904084293663 1.1413826005022982 0.7313403510227086 0.2138035846274897 1.0313771730514043 0.3742761600720169 3.6681575595065534 1.9602193929796115 1.6956388997061183
8.19936634153937 0.04169876770767838 0.11696380284517457 0.18970952357609716 0.012431856423912722 0.7935911420093023 0.908866750733503 1.4257665981315666 0.8772019766484686 0.7929172484183384 0.9238680617537921 0.6522093059652078 0.35509204773477404 0.6185248002795237 0.31604375313551886 0.3410836028201365 0.5409697436697369 0.7080775915592876 0.823205763330909 1.18667087005798 0.7631590775600967 0.22391203402055407 1.0841028324813615 0.39483899660758437 3.9963038895633365 2.1436116432598573 1.7547184726678693
8.39004858145624 0.04167522499502406 0.11700572051769767 0.18967055676360967 0.012373815544746425 0.7977759258665237 0.902777758904281 1.4240474302895463 0.8773232387271328 0.793240959023806 0.9243026418044145 0.6525226325190059 0.3552703289611265 0.6188497433185094 0.31621194862683477 0.3412664661509344 0.54128241173017 0.7085085495450575 0.8237176502148084 1.1874292832616467 0.7636753345127704 0.22406080869273665 1.084883282064527 0.39511783019471836 3.9996571191850965 2.1453073481192946 1.7585306610550882
0.9481537292837445 0.05953367029062705 0.06404452046658574 0.19939133096577444 0.004723401860181488 2.0887648957705043 3.7135492446686302 3.6114245779013627 1.6391900600948912 1.2088776757943938 1.0958411252625555 0.668192114028202 0.30987832696558976 0.4952291621969389 0.23880947866121213 0.24620578051968567 0.3747452302437161 0.47176383442582026 0.5283660721651637 0.7342974695368473 0.45495805778145065 0.12909831507627995 0.601684688877542 0.21212665621081547 1.5886227282909928 0.8236858043474152 2.7994170490874724
7.0817176629944925 0.04199807289087444 0.11347666603309327 0.1874423531613702 0.012654256334497571 0.7822263411466743 0.9530745672899403 1.4393270149672417 0.8755490244403721 0.7888267046168526 0.9170592479789543 0.6463564018193224 0.35077748685664767 0.609046552707864 0.31020242158277783 0.3337080487256823 0.527568514293734 0.688323223563591 0.7976896404358986 1.1462378517363412 0.7348016475293722 0.2149211426506665 1.0372452515948183 0.3765983756771152 3.707156931789971 1.9821517471173915 1.7008388111127581
6.553789450250584 0.04219500589048936 0.11555978606669573 0.19032030030853908 0.012745492777276261 0.776698593914893 0.9814680852544232 1.4521097136890926 0.8775451652479459 0.7894662354101026 0.9182555295744775 0.647914104239179 0.35241951292805207 0.6132814341673182 0.3130707088060035 0.3375617390695097 0.5348590692346269 0.6994137327354688 0.8123920427081863 1.1700324296858782 0.7517617898223806 0.22039055088409937 1.0660866559391113 0.38795883777575835 3.9004456283041087 2.0902020304492117 1.7299119446920912
7.019102124046687 0.04202187118032151 0.11522391225472266 0.18928795200692405 0.01266834604551766 0.781428355987125 0.956404377488791 1.441472750937724 0.8765546011543566 0.7899153773210794 0.9190810873785175 0.6483525077159253 0.3524834707629764 0.6130913484445867 0.31281778511987235 0.33711974120749283 0.5339007909560944 0.6978165443096737 0.8101257599164633 1.1661716131793434 0.7489050919278419 0.21943360463388048 1.0609210794565906 0.38586834082013755 3.859785413910685 2.067298785074349 1.7250379658404387
8.52997595130905 0.041656528679467786 0.11565854886572564 0.18824713718228228 0.012326561164486896 0.8030961549758939 0.898339130002728 1.4221509284093365 0.8766596877594487 0.7925081478259461 0.9228506707369752 0.6510534724795645 0.3539861496046043 0.6157705230263398 0.3142142170677665 0.3386537296699266 0.5363957612721162 0.7011492553553262 0.8140547125363116 1.1719023697178268 0.7526466604721284 0.2205296113257341 1.0662958138638285 0.38782075620310913 3.877596433061931 2.0768349600224916 1.7406095575759948
8.19400200914757 0.041717125115010675 0.11114636986732573 0.18398043464321512 0.01240231966804183 0.7981896910667714 0.908174869452811 1.4226395180265148 0.8740136339877429 0.788891013351026 0.9165155200324063 0.6451453637069694 0.3492143434070548 0.6047680945636408 0.30722713429636744 0.3296506262340528 0.5198136685663137 0.6764531427806816 0.7818919548407093 1.1206018456752544 0.7165036023111478 0.2090081196197861 1.0061060991960415 0.3643066798982557 3.5000765218033716 1.8663431572948304 1.6756732701982004
7.241421174495395 0.04194730230962292 0.11664796225284325 0.19040708675983523 0.012631178634829121 0.783538811526229 0.946068285389023 1.4381548081550957 0.8771065449602872 0.791220932900822 0.9214028022230935 0.6504354630719221 0.3540958813526665 0.6167330040076207 0.3150999330997653 0.34003619964142134 0.5392576088985793 0.7057767119016706 0.8204716355612561 1.1826559167865758 0.7605226271857485 0.2231340252128654 1.0802690905993164 0.39343249723015594 3.9826227245030354 2.136030813075164 1.745053194843087
7.312060899525049 0.04193119443499008 0.1162412239221817 0.18993992798019954 0.01261189923289891 0.7849238782532068 0.9428221213662038 1.4367491800185617 0.8768427661312681 0.7910576754804719 0.9210690307255653 0.6500633405167658 0.3537436446756227 0.6158591835729805 0.31452352327953653 0.3392739388900011 0.5378169518974147 0.7035920999353219 0.8175892731162959 1.1780051450112843 0.7572070742258399 0.2220685009888691 1.074652771874909 0.3912186485391435 3.945033854501216 2.1148770482196944 1.739954938305857
7.1029432148828535 0.041992773960146904 0.11005966356276102 0.18400641152977487 0.012642272751484454 0.7830399210855263 0.9515439463335437 1.4371068311954673 0.8737050612016746 0.7865526513551995 0.9128723832079068 0.6423052307868191 0.3473877984493563 0.6011001352106246 0.30511142988668094 0.3271119060888631 0.5153699752201153 0.6701090867241598 0.7739294778015964 1.1082960542994242 0.7080518785264086 0.20638758507146762 0.9926773235287208 0.3591750514032158 3.4284247340384213 1.8267408584271263 1.6556788191622827
7.905668752950227 0.041775700694861105 0.10133642974576708 0.17440739486285567 0.012453085528927979 0.7949361076575411 0.9167002856255345 1.4203980324683672 0.8686221211586655 0.7817591889958326 0.9037221851198193 0.6330438119752314 0.3393370768559998 0.5819564129098704 0.29276915504499756 0.3110887914689489 0.485778757421723 0.6260238871487219 0.7165805589369836 1.0170335092827092 0.6439697768484046 0.18602965910754657 0.8867996370146989 0.3179953454440586 2.7989237312277018 1.4779969959581019 1.5550199408669205
8.070451218300299 0.04174146899374554 0.1062300241365491 0.17916251282889123 0.012422755354689495 0.7968770913735727 0.9116082831041079 1.4212161829887393 0.8712934163266398 0.7853305350788805 0.9101143844603523 0.6390734200224752 0.3442387546704086 0.5932404630208248 0.2999006055152539 0.32021951101707113 0.5024745669685282 0.6506958569189846 0.7484501082989019 1.067439727174434 0.6791786558563381 0.19715557237092723 0.9444127982145568 0.3403024476532194 3.1288499843315813 1.6602516896039385 1.6134979120112332
6.672636697558675 0.04214593994110268 0.11347858712332733 0.18804168326152831 0.012724303497471275 0.777991838453688 0.9743505090651352 1.4480587831715186 0.8761825591969988 0.788238232786146 0.9160140744105814 0.6456513763240819 0.35044288482641806 0.6085470397585412 0.309993557197136 0.33353303338197493 0.527355373380168 0.6881373140669663 0.7975933633071528 1.1462733306166115 0.7349310503196771 0.21499537269423163 1.0377785817793073 0.3768491863845315 3.7162855968743718 1.9872612018022908 1.7005609773048829
8.58393768365717 0.04160585172042879 0.11705245854532177 0.18942525369805044 0.01238254346754915 0.7838903057673854 0.8969548845513295 1.4224750344541932 0.8774418168154339 0.7935299491068067 0.924672182108098 0.6527777517207584 0.3554026782543432 0.6190694626647228 0.3163219284042009 0.3413830767158196 0.5414517892667519 0.7087137325283684 0.8239414452959681 1.1877251062152467 0.7638419095346339 0.22410477195321235 1.0850482924710205 0.39516641789858775 3.998083426516382 2.1451925478317433 1.774231305878161
6.6871960644737465 0.04214078869812284 0.11496563396981606 0.1895080267951919 0.012725225584394475 0.7779354153004833 0.973766367057267 1.448501409916135 0.8769384288491616 0.7892537574746634 0.9178905792163534 0.6474542656308763 0.35194275914432904 0.6120582531750096 0.31224458838764685 0.33645322895263374 0.5327619841178649 0.6962236678534917 0.8081626541784793 1.1631854412921188 0.746880523393091 0.2188147463991192 1.0577816342675184 0.38468198825369965 3.8444062128601146 2.0588204990581698 1.7212467035966377
8.11235455165796 0.04173449740376679 0.11468934650081615 0.18759369046078475 0.012427949727712901 0.7965439267978774 0.9114399530104017 1.4253989838855103 0.8759308908079358 0.7912226030413774 0.9208366223106536 0.6493412544641609 0.35273868793550334 0.6130491347601723 0.3125448661422663 0.33655283661241636 0.5325880475823325 0.6955473499975898 0.8068302154283018 1.1604683165596121 0.7446385472466558 0.21799149946167384 1.053087847563026 0.38268112004234783 3.796518639664221 2.031636484746602 1.7220358765794983
8.127243698497736 0.041731299331041534 0.11536191545877417 0.18825329368205307 0.01242598636626524 0.7966694027728337 0.9110337651320732 1.4256138375271803 0.8763047130413424 0.7917103464738066 0.9217171310256946 0.6501799910696294 0.3534309505292517 0.6146638797421533 0.31357753216727835 0.337890474854998 0.5350640542835225 0.6992495288190658 0.8116673671721996 1.1682067489946764 0.7501074638631579 0.2197386346030888 1.062243176124591 0.38626515633276676 3.8551970385573404 2.0644229235372578 1.7312495348420855
7.7552464724428845 0.04181173606315334 0.11647032805749127 0.18968631238153252 0.012518118652838842 0.7908040798123237 0.9245580018955325 1.4304426165200663 0.8768424945050327 0.7919059171794143 0.9223540893842594 0.6510134365067368 0.3543029757438943 0.6169086132860216 0.3150944384598688 0.3399265786771129 0.5389242507332003 0.7051278117727405 0.819462404550008 1.1808289824932792 0.759114957802405 0.2226435994587069 1.0775752549388573 0.39231045612491655 3.958584304932589 2.122351648604438 1.7444597040085696
8.84672757498021 0.04160582485548383 0.11651162587516219 0.18889457731997575 0.012248248424410392 0.8082332327400988 0.8895422634979157 1.4203425153019729 0.8773469797878618 0.7935528704539218 0.9244942898256967 0.6524755831648706 0.35504546488866623 0.6181121767376067 0.3156634714989439 0.3404896880402284 0.5397403951086583 0.7060906242552653 0.8204503892489611 1.1820567612997497 0.759778529483956 0.22279597474085633 1.0781176752545896 0.39243139014086387 3.9515338199885357 2.1181121924233643 1.7580646363839754
6.774560052275123 0.042103988971041346 0.10322710401785275 0.17762156358137068 0.012685903806676311 0.780346916020405 0.9671726724336827 1.4402349102650334 0.8705726658756792 0.7815356041541693 0.9036967366696473 0.6337047661632894 0.3404372814143894 0.5851205202627212 0.29500918773333507 0.3141615910544015 0.4916417309949972 0.6349671806999992 0.7284301407197982 1.0361536935789242 0.6575239984260243 0.1903805037309239 0.9095470771342988 0.3269005752282074 2.938126951461758 1.5550362466640753 1.5695951150414054
7.924407757077428 0.041773148435125446 0.10858417439745051 0.18164479818347706 0.012461821579804647 0.7943788286022766 0.9171059024056658 1.4241157606891144 0.8725574959874192 0.7867409299237831 0.9127860661663956 0.6417134935534515 0.3464857287829473 0.5985372153131508 0.3033001276223689 0.32462217681939204 0.5105979888611446 0.6627933599651571 0.7641855134696142 1.0924851762225551 0.6967747621686776 0.20274741824374357 0.9735209913639429 0.35163070758538084 3.303486992778735 1.7571200882582396 1.641345874974248
8.02379913686567 0.041750193321270855 0.10590600275088735 0.17887376769297725 0.012434683236647516 0.7961115712250207 0.9131692586201074 1.4215382072805824 0.8711091346478025 0.7850428986429244 0.9096225801725706 0.6386275329379966 0.3438900675260691 0.5924525069456968 0.2994064924666289 0.3195897333741235 0.5013300117049415 0.6490097006851299 0.7462739788686197 1.0639994806234137 0.6767795211600527 0.19639564123389594 0.9404864600101752 0.33877876833683634 3.1061028536930086 1.6476776296493956 1.609146623122964
6.789309649328471 0.04210156027221796 0.11119228236953504 0.18557708027121889 0.012699673192330053 0.779500815901505 0.9675988540512717 1.4441321472290736 0.8747484447124537 0.7868698688440336 0.9135021851779951 0.643136470636433 0.34826637306150254 0.6033621258798734 0.3066383579556065 0.32915633923905135 0.519225768354418 0.6759538777184918 0.7816491715338716 1.1207436833874955 0.7168891060981102 0.20922845426299858 1.007585083565131 0.36503132799908583 3.524565858692828 1.8803280680486054 1.6698181250600346
7.484613245349308 0.041879013354164614 0.11191297787142515 0.18540040726325394 0.012570354543472679 0.787517947659162 0.9347088315439138 1.4317042654050591 0.874423710889231 0.7883704992051427 0.9160425859487542 0.6451052054940426 0.349512862881442 0.6058375582904948 0.3080522807746955 0.3308398144561612 0.5221626281349157 0.680131860310229 0.7868719683026945 1.1287883833356454 0.7224066551716958 0.21093113738430014 1.016312297251699 0.3683545137138849 3.5703517631842723 1.9056516967266774 1.6812729486450668
8.090376098951763 0.041727289825616874 0.1165113804476227 0.18937192938694014 0.012444606484439038 0.7950004642126992 0.9124602821816841 1.42661705035402 0.8769172326936535 0.792443194488358 0.9230871194838395 0.6515192088516951 0.354565125759637 0.6173431657429268 0.31530611464025615 0.3401434373841698 0.5392470599999826 0.7055223348923618 0.8198873311935563 1.1813892311404162 0.7594367512733283 0.2227282067305475 1.0779120189650753 0.3924158891769222 3.9569627000705125 2.1215746372057844 1.74565841190745
6.955618353904356 0.0420425194673747 0.11167823197173381 0.1858254255594486 0.012672064065206242 0.7811990996335076 0.9590247620582705 1.440839977008587 0.8747454868663564 0.7874309452584903 0.914521585014009 0.643997971958081 0.34888344460734955 0.604692905571716 0.30744702923999634 0.3301660890754951 0.5210456291431548 0.6786164370023912 0.7850635834339372 1.1261189521205366 0.7206367583678747 0.21040948769054513 1.0137065457050116 0.36740120397976345 3.5605023848746193 1.9002919745574285 1.676587092624522
6.857453669645052 0.042075691933547266 0.11037988887616025 0.18466040157742644 0.012687878219782237 0.7802253431037186 0.9638781108551612 1.442209037357059 0.874203830860655 0.7864196584696215 0.9126713470380066 0.642285218235534 0.34751479812039576 0.6015573427438773 0.3054648755091001 0.32762160187781464 0.5163750692306603 0.6716817139037361 0.7760577299991841 1.1117931332732918 0.7105706232586904 0.20720847924409344 0.9970276202862329 0.360900509924528 3.458241929560389 1.8433998891522523 1.6591035672043373
9.89325324499941 0.04129062605492952 0.11731174991041388 0.18821743056852824 0.012148356688376093 0.7972938702320009 0.8657094092073581 1.4157616846620174 0.8785979191150254 0.7953337009903828 0.9268966579730132 0.6543388965216729 0.3562441701050296 0.6205216175527161 0.31704570321229997 0.3421438410673086 0.5426564450005691 0.7102649566596227 0.8256845880290437 1.1901406934322563 0.7653396939300723 0.22536275918862353 1.0868957696576431 0.39589705016275584 3.996236089819414 2.1469866899759626 1.803685219931964
6.875561005318411 0.04206976391658539 0.1099649151542544 0.1842217315016104 0.012682845388932712 0.7805350273731834 0.962864024022426 1.4415954420771004 0.8739541254128774 0.7861670037641589 0.9122060524298581 0.6418232834153889 0.3471188129170742 0.6006192234735462 0.30486079160195184 0.32683676881834123 0.5149206343137831 0.6695077638247184 0.7732210509611119 1.1072635664175579 0.7073763960950085 0.20619085034269824 0.9917087233163897 0.35882487844032546 3.4252881348813746 1.8250561447181166 1.6538106116208042
7.608233779893817 0.04184969686461814 0.11356577781491334 0.18693564016524292 0.012543024278349524 0.789236008254647 0.9298951902523963 1.4308245335868441 0.8752808420971933 0.789688044836561 0.9183849230967219 0.6472810651001999 0.35126205043925357 0.6098601864014751 0.3106039306141513 0.33412464326764224 0.5282024535178229 0.68911676071153 0.798564688229448 1.147424864988456 0.7355221579300144 0.21511148778106587 1.0381212688765133 0.37687256927523366 3.7063574696551207 1.9814248426637604 1.704191484248085
8.549766183763035 0.04165334199908215 0.11680076067558157 0.1893764178228499 0.01232353881145326 0.803293001834716 0.8979247799445723 1.4226258647139036 0.8773049826256554 0.7933346847499664 0.9243432457281161 0.6524779520523966 0.35516504271466526 0.6185255389227742 0.31597991628687 0.3409450419779401 0.5406404748595393 0.7075032242463138 0.8223681484171703 1.185219552797473 0.7620667803697238 0.22354430086660665 1.082102884997975 0.39401856596636425 3.9801176183930496 2.1341730170010047 1.7567628928874948
6.733700311810939 0.04212378646613839 0.11480012679439655 0.18927440743598709 0.012716127249980148 0.7784921942174606 0.9711650358207249 1.4473179733252255 0.8767594552336354 0.7892093551778069 0.9178133706804512 0.6473428948437182 0.35181839366905304 0.6117311620590331 0.3120217400967811 0.336152709531408 0.5321889405829665 0.6953482418922964 0.8070000399783417 1.1613005500796156 0.7455325442094596 0.21838036444290126 1.0554830032952056 0.38377619249526307 3.8288654257446755 2.0501072834051803 1.7190314503359696
7.040885350199089 0.042009015570205345 0.09764619213892105 0.1716583043009981 0.012629006524634957 0.7838625071307348 0.9526600359618485 1.4316681228350803 0.8671897419560392 0.7781483165571873 0.8974962318139611 0.6275827644326405 0.33524280320599553 0.5729370538948555 0.28723307197717857 0.30415038700136393 0.4732880807313327 0.6078089319602835 0.6933284233089411 0.9806399366886811 0.6187768382733072 0.1781438553080462 0.8462723501592687 0.30243104901819917 2.5821322514468115 1.3588674463819188 1.5074346611780511
8.533378664185614 0.04165346793611296 0.10125096534164972 0.1738271155700002 0.012301340209477037 0.8047426034341839 0.8960952948194272 1.4141867110854327 0.8687125659233553 0.7825160403904581 0.9046767570261744 0.6336499808872996 0.3395945041014733 0.5822840947187308 0.2928759251759389 0.31113973597618927 0.4857652623521185 0.6258830017711917 0.7162718668976326 1.0163827709540292 0.6434255692180179 0.1858300189245333 0.8856610548486112 0.31751382636494363 2.7884553515519115 1.472123304732372 1.5615614352081597
1.0131978111198947 0.06066928122851905 0.05620562859377878 0.19975816237471483 0.004787400796282455 2.077795347609208 3.498509862942349 3.423855284190748 1.5630160120838648 1.1586072094416318 1.0591401716949245 0.649790558848431 0.3034083949536485 0.4855367493108936 0.23374170889614582 0.24009755661789886 0.3635191706450253 0.45517673273195935 0.5070934268210989 0.7009807779471987 0.43209710474354956 0.1219074819746987 0.5659843855420389 0.19826145703312292 1.4254500229704905 0.7341262455745416 2.6592982479892586
7.833509205546469 0.04179204308301021 0.10101642906514596 0.17415331259601272 0.012468719470233414 0.7939392135370614 0.9192970308034124 1.4210874720438924 0.8684538133335858 0.7814455431868023 0.903195213640277 0.632577842184586 0.33898383265895443 0.5811729250815048 0.29228651516355314 0.31048209602800997 0.4846816808915965 0.6244187767967769 0.7145266787139657 1.0138112726487272 0.6417323143836766 0.18532854802880594 0.8831835907783044 0.31660479121179813 2.7791991794872932 1.4671319364636937 1.5508455427041357
7.899168880710585 0.04177541732071141 0.09455181763706119 0.16762180236787952 0.01244272165827324 0.7955979446910313 0.9159207037751955 1.4167993794216438 0.864955539136117 0.7771403100979574 0.895340266838016 0.6250484898086446 0.33278572301667986 0.5668619081607883 0.28324679442470535 0.29893509968971316 0.4636444576636977 0.5934594982512886 0.6747119008039951 0.9511343019708689 0.5981720310726504 0.17163068148540186 0.812630417883779 0.2894281041137296 2.396580611360484 1.2569813070262563 1.4816719436596033
8.435773828791959 0.04167250066289609 0.11305605001771003 0.18570931311372593 0.012345566937478562 0.8018595895991024 0.9007835197868386 1.4214866259956473 0.8751678686690262 0.7905602667509092 0.9193728767090426 0.647761259959793 0.3512858982557219 0.6094937756121599 0.31020778617097444 0.33347198685402196 0.5268223105768906 0.6868552199361663 0.7953989591503825 1.1420883480283806 0.7316029617392023 0.2138109700057629 1.031137255828401 0.37406632444705556 3.6541812702040244 1.9521228842167415 1.7038388030405462
7.097296868456492 0.04199078146028313 0.10601640316616714 0.1799542284842197 0.012638262848462563 0.7832867730299955 0.9511928341686369 1.435045403593556 0.8715564441810831 0.7838210603612595 0.9078625215412344 0.6374899521617404 0.34339178908956863 0.5917873403310593 0.29917054036023727 0.3194464994106865 0.5012637125491686 0.6491374919767708 0.746680769177187 1.064956670930287 0.677620642051699 0.19671782872796278 0.9423590126427207 0.3395891027751366 3.1255643653117704 1.658658358022234 1.6043993117703235
6.658932682225705 0.04214958840730312 0.10769251587291849 0.18227032541292604 0.012713545636815097 0.7786502508650831 0.9742259477627961 1.4453168362891406 0.8731623086685649 0.7843609623818609 0.9088671701405948 0.6387639147406217 0.34470537427139863 0.5951321802720643 0.301412434458772 0.3224308860895306 0.5068610234375251 0.6575804718067586 0.7577820259999217 1.0827791489237966 0.6902177895094046 0.20075169203892895 0.963433542775548 0.3478362789582104 3.2562585745856594 1.7312202287507836 1.6240665784122812
8.117648175933569 0.041728660126149675 0.094091505889567 0.1669724648227746 0.012391053933090567 0.7989150350852975 0.9081819335149016 1.414110028979729 0.864699662076707 0.7770959466360651 0.8951344959197256 0.624748137101569 0.33245840307332986 0.5660200767619873 0.2826832287878527 0.29818925914089084 0.46225719345940564 0.5913867853911661 0.6720145030396381 0.9468505115782496 0.5951781193034067 0.1706829123954122 0.8077368534881493 0.28753572437077063 2.369748017394329 1.2422698006316149 1.4789760475649985
6.828512493247298 0.04208292161136977 0.10024076416158316 0.174550383668912 0.012671434067218318 0.781237944062686 0.9638463705007241 1.4374498871998802 0.8688995943172041 0.7796166188992194 0.9001848327184423 0.6302959516231351 0.33758981588088877 0.578485438087545 0.29078824961077676 0.30873678698014 0.4817033515469385 0.6202647659596523 0.7094268513426192 1.0060917473615367 0.6365311869827208 0.1837476919798304 0.8752246157693554 0.3136183484226007 2.7433159523078636 1.4475678031952488 1.5350683548243849
7.939755279010609 0.04176553245989092 0.09607229761031204 0.16910214918354394 0.012437508778199696 0.7959301040484912 0.9146720609679522 1.4171409644638358 0.8657714746928555 0.7782212195399163 0.8972772121593289 0.6268746672936891 0.3342629307356515 0.5702397068566671 0.2853646815552433 0.3016248114107012 0.4685257244034267 0.6006154211376593 0.6838790525715056 0.9655135184683838 0.6081356082955883 0.1747516438666987 0.8286653132260853 0.29558287907442177 2.4809829602074647 1.3032206439365872 1.4977741009667278
7.8475555074322045 0.0417848345833643 0.09048198319424329 0.1635897961956989 0.012448634289840731 0.7952189340594816 0.9171987824889173 1.4152203356320379 0.8627732106206073 0.7743256983755242 0.8902705573712129 0.6202486503788874 0.32889193101961095 0.5579587875136611 0.2776675206769122 0.29185846746521205 0.45083513144771015 0.5747255144231367 0.6507644712151623 0.9136579097934573 0.5722762134688258 0.16353442915709257 0.7711644762846881 0.27354565919839197 2.183853538735124 1.1407740110407205 1.4402507703645349
6.90635210943877 0.0420524845116216 0.09227181844375043 0.16645890168881486 0.012642296519407044 0.7830385055314171 0.9585816119549142 1.431547708101673 0.8645701268743105 0.7744247382718554 0.8907069382455665 0.6211733337581169 0.33005368972013505 0.5610672812685987 0.2797860835400688 0.29468911051777746 0.4561243710589622 0.5826501518179654 0.6610958382485744 0.9300795710396136 0.5837523692654835 0.1671683668292983 0.7899105143965338 0.28079085100974205 2.285350214854346 1.1962983819219748 1.4497558296410904
6.124608514387365 0.042388459567155 0.11270377033566095 0.1882399018369475 0.012789647307817191 0.7740168169287935 1.0082828939945105 1.4631237087682534 0.8774290012747269 0.787063437838845 0.9134893744367842 0.6436574352324904 0.3491673243014137 0.6059947076963794 0.3085238203040406 0.3317710850774136 0.524272640000166 0.6837359567201776 0.7920675282361921 1.1377293793248047 0.7290597265492417 0.21317361892500425 1.028438686330384 0.3732762956182932 3.6659741342641863 1.9594008529918443 1.6909198188265875
6.801864745885048 0.042092756536701866 0.10075435129606222 0.1751035316691952 0.012676932844628966 0.7808990737280587 0.9653391400075585 1.4383138537976405 0.8692198910986904 0.779925654891545 0.9007481522262507 0.6308543734354256 0.3380655521938308 0.5796033789231047 0.29150253467415604 0.3096570396565772 0.48339147405912053 0.6227638276021578 0.7126579698153673 1.011203306849647 0.6400999561141565 0.18487494795502143 0.8810551264395332 0.31587347007566874 2.776167572514599 1.46567250716993 1.5407945652632327
6.789878655754467 0.042087563528101925 0.07545984165108335 0.14978826695214878 0.01262823546730407 0.7839104486763704 0.962124768447771 1.4252366606444056 0.8560382336014619 0.763293552956383 0.8704720289921408 0.6019871262645481 0.31453698598439134 0.5257926223599938 0.2578328449817446 0.26704787793281176 0.406462442957549 0.5105728448000201 0.5696759677072505 0.7881296179200786 0.48642962838023196 0.1369813982056522 0.6365024846964721 0.22249574363673305 1.5572631680849265 0.8016161492855516 1.295406817512512
7.933153243189146 0.041766340262742806 0.08791185094680054 0.1609452326423013 0.012423066015083417 0.7968566306972319 0.9136992742687885 1.4128088536309813 0.8613745829693535 0.772693226455501 0.8872766603117217 0.6173636960638069 0.32651620227733363 0.5524972356982775 0.2742396712368733 0.2875110525369403 0.44297157747150245 0.563241543881963 0.6361130436941569 0.8907791295108338 0.5565023717618808 0.15861600286485705 0.7460330771192437 0.26394711368170604 2.0585823532698897 1.072548723692618 1.4165474098055333
7.8898560089395176 0.04177079110613034 0.06515448983973515 0.13820570554259562 0.01239202853527945 0.7988525439419649 0.9118759098329396 1.40109358322863 0.8492437141438859 0.7574628080685134 0.8599416390142312 0.5915754382194142 0.30583850319458245 0.5058664235990686 0.24544523501514964 0.25153446098362986 0.3788234570311335 0.470840666053813 0.5197950892049726 0.7115190276702131 0.4345119868843304 0.1210601111697632 0.5565833148322742 0.19249005310654 1.2232962876333258 0.6230158612658543 1.2307313471755799
6.801850265593856 0.04209850118259072 0.11525947209864094 0.18963208116234923 0.012705882447151163 0.7791199461158449 0.9675516734341152 1.4460178207332597 0.8768813831568206 0.7896161558091592 0.9185646018590522 0.6480164252773334 0.35233806292398323 0.6129022803273291 0.3127553434595362 0.3370897250326954 0.5339060289287986 0.6978962013094153 0.8103090162240019 1.1665681182848884 0.749239971769554 0.2195605768684739 1.0616479757934028 0.3861834279250307 3.867682102917891 2.0717805521969126 1.7254730005182957
6.739599621181478 0.04210910706764747 0.08216373058793115 0.15657892271192955 0.012648751719707411 0.7826390437996014 0.965851191552518 1.4299162052427703 0.8596330921331994 0.7676206445765001 0.8782945875316567 0.6094405026605629 0.32057954988768506 0.5395085817178056 0.2663439715194792 0.2777248669880167 0.4255638945443078 0.5381727777147115 0.6045230481560958 0.841983780956144 0.523173546275252 0.1483240087072454 0.6938553883570276 0.24418244246233373 1.8158003513304253 0.9410084674124404 1.352040729824869
7.212915367468151 0.0419549187291056 0.09751837683330852 0.17131255596434916 0.012595887691336464 0.7859235795694938 0.9444796640506244 1.4284053697574888 0.866913881653331 0.7782761990823248 0.8976978211098333 0.6276709853194297 0.3352303440685262 0.5728146896352951 0.28712049455072697 0.3039765800911887 0.4729353546824294 0.6072484838680249 0.6925635248770929 0.9793791092070425 0.6178700923389541 0.1778485428749647 0.8447163377741538 0.3018166541202581 2.5722694475011907 1.353417569289555 1.5072792447925765
7.2073154047091625 0.04194955850459249 0.08714485469766792 0.16091597896140983 0.012581190447287782 0.7868392191372228 0.9431587653000092 1.4229687104000075 0.8614268093965378 0.7713563106600118 0.8851141320793298 0.6156699362266398 0.3254260011677402 0.5503211371206549 0.2729960386058472 0.2860370286237628 0.440433029762319 0.5596782795995446 0.6317176542314505 0.8841091197176154 0.5520114509253955 0.15724860743701644 0.7391749796278358 0.2613762991124751 2.028924714529109 1.056521293891518 1.4018228935894073
