3.470105994681443 0.0139316190127824 0.0678457769812613 0.18678395094706493 0.005567258353733452 0.6536684763277383 1.2816601889381487 3.1263025423063966 2.367512205694341 1.2174071450691524 1.6181775077283238 0.9003293073289609 1.1761698276431982 2.3819258016319016 2.14214902761891 1.5542682859756902 1.7495545748697081 1.562910666557644 1.1042118650728137 0.7743602355053769 1.4259925858606797 0.7452541891097029 0.6105067822872855 1.8814235476610095 0.9994039992963633 2.799967488689712
5.460128968660035 0.014145016469906943 0.06856014320281016 0.199691860235008 0.005622018361240522 0.6408497893027418 0.9959936055931617 2.7583150696152052 2.2397409251040292 1.1929839464466951 1.6250492500371112 0.9088753067293681 1.1896471139443567 2.4115576237629015 2.1708912214064027 1.5766447402427646 1.776495162113105 1.5885809084222933 1.123519897165464 0.7886541954760387 1.4538558652403197 0.7605358232461265 0.6235958712896679 1.9235391105336686 1.0320427050488166 2.4733619053270335
8.271921869220545 0.01286133765077406 0.09150942887275347 0.19918292072972035 0.00608468746884769 0.5980210751376053 0.8572659642012542 2.6576732032805372 2.2499325855366163 1.2176417126149932 1.6824433315206604 0.951374509681173 1.2725729876233167 2.6362841227395384 2.425235004155884 1.7998762220160378 2.0724660753023993 1.8938628324323645 1.368799554220156 0.9817836514505933 1.8495216366989538 0.9885859960770402 0.8282427241546895 2.610746811113618 1.7388134575162515 2.730394522739405
9.061020972159064 0.012653631393045879 0.09713062442188171 0.19914564708661334 0.0061594215420141514 0.5869145539262961 0.8346239143012133 2.6494121349273905 2.257729612644987 1.2247432367380342 1.6971845775805152 0.962317956421709 1.294191121053392 2.695580784704356 2.493177704704895 1.8602647970990627 2.1535126038468118 1.9784739854206363 1.4375962031193843 1.036630022800793 1.9632229226726943 1.054939064049764 0.888525279729458 2.815534281226824 1.9755107024206824 2.7851523400889753
7.518269286302676 0.012938226628527198 0.06606262432122552 0.17513153879927015 0.006104769896181783 0.5958369808781542 0.8798683631178003 2.649722452701866 2.2157717575991356 1.1900380449212808 1.6230983600326168 0.9062393472253288 1.1818317870065562 2.386966310575669 2.1408655082865296 1.5490324680941585 1.7389508280117405 1.5492834285118635 1.0917056023945186 0.763421308584737 1.4021430079617088 0.7306830383583433 0.5968328186062324 1.834194329879347 0.9478610356834631 2.312473807511616
3.6002304835000976 0.014605569068040907 0.06275867815982694 0.19769829690591478 0.005133230671332252 0.6649998050663142 1.2539253690878367 3.084311681010715 2.3472315985055197 1.2098881840301048 1.6093056447555458 0.8940538642717585 1.1630317611946013 2.3449542154719514 2.0996295527541564 1.5167234005465045 1.6998233172039567 1.5118691983140535 1.0635220159603682 0.7425476496213272 1.3615331259061711 0.708436769454599 0.5777852191829251 1.7726657657874867 0.9014700947773648 2.7213948762165545
7.065730107463381 0.012938211806240822 0.054881321457656077 0.16378907494533435 0.006156316034707046 0.5910629300216604 0.8975255548667622 2.6536391702835815 2.2025623327472754 1.178272791993953 1.597592620420234 0.8870134199413077 1.1438964930446258 2.2846605491929664 2.026323186420693 1.4498505662710846 1.6095103478719257 1.4180149652984442 0.9880942415244065 0.6832833489523137 1.240998391135316 0.6395181593001886 0.516562074221032 1.5698454982852557 0.725454607760345 2.181575597204242
6.7790056904368345 0.01296884439057831 0.0794020420007363 0.1888034043390137 0.006198859853908881 0.5870066320132985 0.9149597743114466 2.689610689262463 2.2374797886028013 1.2030505980237916 1.6508118726725423 0.9278677050109181 1.2263225295772857 2.5101634025366155 2.2816623053805367 1.6731249934434695 1.9035374133626044 1.7187434425388883 1.2274147110985818 0.8698746216163821 1.6191608952815086 0.8551348274049053 0.7078921515442349 2.204777161294316 1.3024096887091432 2.5718230900848056
2.3706728224951275 0.01665033949597121 0.02791317089724555 0.19686414351599935 0.003980676733869601 0.8926145814362654 1.6562322367270756 3.6657677642963917 2.584777605501748 1.262847827740781 1.576668468097246 0.8469744806846686 1.0579330510577618 2.0624717691838046 1.7869354613393973 1.2492142637208856 1.3548652466596172 1.1662018675443264 0.7939263461717896 0.5364777221415247 0.951998886932591 0.47941146651083694 0.3784087260862216 1.1235785573806603 0.4118708048108323 2.691547124176557
4.406221748148302 0.01469008876118918 0.05611641332224768 0.19638371531147664 0.0054291360005771635 0.6923689031861656 1.111923724325147 2.8875979892948767 2.2678769306652202 1.1882206659191876 1.596613266873062 0.8867560872288436 1.1468144827340156 2.297184067146293 2.0434850324627885 1.466598027279859 1.6329554630124703 1.442942078834178 1.0084429362796576 0.699521751966414 1.2742954272508116 0.6587345227865666 0.5337539291965788 1.6269098357252967 0.7748223980258212 2.403378452936069
6.356038104305115 0.013016496902775213 0.06950378292284586 0.17966766090844652 0.006213332710273309 0.5856387825073377 0.9368919632240916 2.70082065708732 2.2278645098432484 1.192797431530292 1.6277227392109324 0.9103620290976784 1.1913892215634312 2.4147520987322366 2.173419262104184 1.5781282745801917 1.7778582034508639 1.5895298146111407 1.124012237353536 0.7887850155604419 1.4538326736626423 0.7602936170069005 0.6232123841469794 1.9220134417494483 1.0288734578729781 2.434712853878091
8.151406362982977 0.012867248350659005 0.0836973579320423 0.19146511501213787 0.006088527166261143 0.5976449575656607 0.8599245807897535 2.6520236181555403 2.2389773233126546 1.209158259480819 1.6641587031220602 0.9373684662520376 1.2440886754685447 2.557235043692715 2.3342215123099668 1.7188609135420891 1.96379146789917 1.7805997799743725 1.2769312495049168 0.908768818675342 1.6986619550630346 0.9008905007429552 0.74890236580404 2.3422988398629907 1.4428821950341713 2.5839255729116832
3.7061112649588654 0.014068122953345657 0.045434145529469214 0.17363692944810127 0.005722638940955811 0.6915639911698664 1.2272512097732335 3.0335442133673576 2.3118576877561576 1.1904355286281838 1.5739234173232999 0.8672829047062283 1.1084919987072275 2.1955305629562334 1.931110235225763 1.3702851875545818 1.5085823562710925 1.3181004249577108 0.9108886423747662 0.6246960540876573 1.1252501972171665 0.5750773440139703 0.46066427681820554 1.3884795720326328 0.5904861790357278 2.502374835929381
9.632457718180405 0.012812721522342146 0.08944606737279037 0.19633204719241482 0.005953597060030191 0.6111897645279569 0.8231139125911476 2.6379304968694814 2.2477711143236476 1.2172775506264402 1.6805125972202464 0.9492841273431192 1.2670985998834563 2.619407258022161 2.4046271418433682 1.7808177437316144 2.0461955732391948 1.8659111163326048 1.3457512811350525 0.9632147548561214 1.8107099644671287 0.9657979424143476 0.8074430860337303 2.5398076123044104 1.656198573710894 2.651099067135693
3.8048620905218975 0.013332540976753272 0.08724852191810442 0.19449046741563597 0.005761067404776452 0.6687421024184529 1.2162283798445683 3.0488261998000468 2.3531602735084953 1.2258331199340644 1.6559800455829765 0.931693292177894 1.2408614017345205 2.560696416553663 2.3467809760843203 1.7350732996062088 1.9901451012374716 1.8115981982525908 1.3041279770417649 0.9318777789380943 1.748557901112499 0.9311468126656507 0.7774307345004966 2.44038822140977 1.5643698353591045 3.0135353739807096
6.775724004667888 0.012966473058073146 0.05403024201027036 0.16339301994992458 0.0061741949200195285 0.5893524790219707 0.9114574519761027 2.6646977950016715 2.2033793815831917 1.1773211013201292 1.5951808735164847 0.8852972043531522 1.1407433368402997 2.276488250889343 2.0174137951309223 1.4422887353951153 1.5997991148849577 1.408300398599194 0.9805184836514971 0.6774875956302211 1.2294614477770889 0.6330525338128028 0.5109195486941591 1.5514234930901922 0.7110769355595792 2.1862118613923758
8.644360486645807 0.012845336755444973 0.0916822351530259 0.1990980363899158 0.006048322968835944 0.6016175989582941 0.8465343387879186 2.651584644681072 2.250192730177837 1.2183730133712471 1.6837309363533144 0.9521793614145392 1.2738495597338397 2.639343169546913 2.4284305827367776 1.8025307728094895 2.0758483790060125 1.8972511291505663 1.3714632819318324 0.9838483295369688 1.8537010507592153 0.9909751403860526 0.8303744979560123 2.6178752220305292 1.7462943811935139 2.721347250367782
9.634852883343067 0.012787736987954448 0.08312796441268698 0.1895018535013468 0.005969145699298263 0.6092251739267855 0.8221755259945355 2.63123451682762 2.238585849033948 1.2103880925684232 1.665711292710127 0.93794374408218 1.2440455026691595 2.5554915275103083 2.3311195302456866 1.715462303383773 1.9586372881182714 1.7747730007037401 1.271924402751083 0.9046162361828464 1.6897960819750546 0.8956060451843315 0.7440268844711873 2.3255263756359157 1.4232853161129149 2.5339268283634597
5.311250973989806 0.013236734838423999 0.02870198099832817 0.14263392146557557 0.006133399162899707 0.5931635230789258 1.0045317881524771 2.7361633407647106 2.1925421420739517 1.1545105740393429 1.5398689810751915 0.8437697458385269 1.0603138390349505 2.063608395565438 1.7834980080478082 1.2435053303872912 1.3451731517067884 1.154852324878259 0.7841642075937794 0.5284126010011719 0.9352109416924443 0.46962788440256487 0.36964443061114816 1.0946806253131212 0.3905322143764673 2.0092381593363875
6.0065793466561646 0.01307244236557933 0.08609984332031538 0.1971734710032236 0.006240581634864293 0.5830793769021017 0.9616926387291101 2.7386365680619043 2.2543009718785885 1.2095017633684428 1.6630294057826323 0.9378321397444306 1.24794291368111 2.571847073717262 2.353681523626379 1.737714432351599 1.9905135672630825 1.809542643580765 1.301078734980617 0.9283757716552291 1.7398526926413083 0.9251497130428826 0.7710795377330562 2.417981316447454 1.528921969398195 2.7500289567196554
7.06040631504698 0.01294077025596282 0.06958553938118728 0.1785366190203176 0.006169802721232259 0.5897723949811067 0.8998811648029345 2.6684235711127497 2.2224692015780523 1.1932280135672069 1.629782013427007 0.9115633165482167 1.1929724228956085 2.4179781974954975 2.176338427055182 1.5802579627746294 1.7802686030048198 1.5916940310679115 1.125548354613 0.7898664194536276 1.4558312976617807 0.761341883054385 0.6240743719364922 1.9246765573244704 1.030339664047555 2.392620154339615
5.160508475412463 0.01299085330354194 0.09273015501845548 0.1976124277215877 0.006389546035645982 0.5689424379746533 1.0314057428588226 2.818133995377781 2.2805673560903026 1.216963208399282 1.6733876061078503 0.946483100609018 1.2677147892557559 2.629782267562252 2.4224990559715667 1.8002311149954282 2.0756081627822023 1.899206031783889 1.3744294186589905 0.9870868626901875 1.8618518544600684 0.9964361701771127 0.835865584955028 2.6378664031216315 1.7768532389688365 2.8780436864651175
9.99999643962635 0.01280210735559968 0.09276636894514395 0.19947075549052454 0.005923620261636711 0.6142821437598446 0.8166169152238696 2.6386819909353174 2.2530681078937222 1.2213588258065984 1.6889766204629781 0.9556457187010767 1.2798189278188825 2.6544747750806903 2.444898082826944 1.8166441293904347 2.0942807636634893 1.916090621741415 1.386523248756431 0.9956867757428054 1.8779570764763889 1.0049867578277696 0.8429917948294728 2.6604145467832345 1.7932219600759824 2.710088336574557
8.750327543033398 0.012840710960514817 0.07876101436184237 0.18610218509894533 0.006027919310559842 0.6036539648407497 0.8418798986319149 2.636671220305226 2.2318303232184187 1.2046760676436996 1.6541132683346638 0.929404384115136 1.227412351980542 2.5104675444760667 2.280188990012777 1.670760585823923 1.8993873402551311 1.7136774799529013 1.222854520940425 0.8659744671857945 1.6106565100689645 0.8499870595756787 0.7030883196782178 2.1881197432274018 1.2826336623904602 2.475934920513872
6.936942858728273 0.013021192515148496 0.08209190785820443 0.19265731959742954 0.006141567964718489 0.592265699918359 0.9075177844990777 2.68572998992721 2.2402489814984 1.2060333753352357 1.6574568850763465 0.9328900314892865 1.2363457069587644 2.5376222584228407 2.3129533981117163 1.7007314446413933 1.9402595912027751 1.75671458720649 1.2579821237549182 0.8939874669513485 1.6686265301028265 0.8836758938016291 0.7335211691923319 2.290899776628219 1.3908165898629616 2.607943473831969
9.729422321784009 0.012807564345360034 0.06960027385951341 0.1763953842312503 0.005933308819260548 0.613279656996289 0.8184152027727245 2.6162560806871467 2.2192105987475292 1.1959305271301348 1.6347485895600717 0.9143128965375756 1.1964316348172517 2.424707771042789 2.182141851461549 1.584285537390948 1.784596089528131 1.5953740985403495 1.1280156897365055 0.7915022156469682 1.4586683576384865 0.7627331747104948 0.6251396169334786 1.9277224441667296 1.0307260525718906 2.301584441549285
4.863036364525977 0.013412046278934685 0.047842871249053884 0.16484101167447035 0.006088084313828271 0.5962269314523833 1.0530254520566091 2.8075536311077505 2.232578128788039 1.1750867998620498 1.5782107180528047 0.8728920866765787 1.1182641240406654 2.2188323214875645 1.9550494330113795 1.3897026157937926 1.5326446804070206 1.341466514199928 0.9286499605783729 0.6379823325189093 1.1511674806492582 0.5893479598285447 0.47292192764235447 1.427867700397543 0.6179385749417978 2.2713632027891277
9.993781962965786 0.012796775419461186 0.09340689014994416 0.19999999999951837 0.0059288916464102365 0.6137350397700073 0.8168175909538525 2.6393978036334502 2.253988864489581 1.2220486613314798 1.6904668019188123 0.9567926662368513 1.2821690596378594 2.661038822582845 2.452500805579529 1.8234504844035984 2.1034622536627525 1.925712779643588 1.3943705356797351 1.001957627395756 1.8909835861588171 1.0126001977569703 0.8499172240133658 2.6839722278075935 1.8206120732418798 2.723567466369315
7.313571632197119 0.01291962020665935 0.038090097688106436 0.146728727524831 0.0061120432678665754 0.5951957902709355 0.8817411416475225 2.6250548369326516 2.1777368698705466 1.161336412115375 1.561980448780155 0.8599984138476954 1.090572203785623 2.141850706669493 1.8679964798069129 1.314287858672443 1.4346990738549457 1.2429326773040315 0.8516572837720061 0.5791181207932935 1.034277873554788 0.524105394603985 0.4162822662783068 1.2440045407599738 0.4859267983507314 1.9697291826172034
6.5172248681996 0.012994125798571652 0.05145611434078748 0.16126104067100383 0.006187266640286405 0.5881061552023998 0.9249238810696211 2.67451326280027 2.2022346174272736 1.1747442919969717 1.589129702860926 0.8807997849288671 1.1320603807307252 2.2534138329565536 1.9918856944061183 1.4204162258927222 1.5715307015493547 1.3798974253639793 0.95829996971579 0.6604520936410316 1.1954991542009035 0.614000075943273 0.4942827434100557 1.497089849319251 0.6689243859525815 2.169151762798639
7.099738502409527 0.012936544881605198 0.06482896948908971 0.17371127797455166 0.006162778807189614 0.5904431569530794 0.8973966474730173 2.6622296251648625 2.2158087938037996 1.1883964503425608 1.6193856809808855 0.9035966072088403 1.1769299481125923 2.3741329166486644 2.1267258744618966 1.5368995513460602 1.723199031980777 1.5333521135739523 1.0791426268907998 0.7537037909904013 1.3825805603403922 0.7196005194838042 0.5870572498654156 1.8019144737481987 0.919772270000219 2.318251642232073
7.101188603755178 0.012936265861024915 0.06284796262820065 0.17172553591780848 0.006160667606593989 0.5906456720387262 0.8970466888418437 2.660211731312707 2.213118212858681 1.1863778253638213 1.6150390318049885 0.9002790732393682 1.1702879660926848 2.3560620388876417 2.10636089654299 1.5191698749638929 1.6999489903694063 1.5096697126567493 1.0603725992815578 0.7391285349290442 1.3531605720394762 0.7028942621693809 0.572293269949133 1.7531214359882752 0.8773142470041234 2.289210906874242
8.623100210118437 0.012806441318189893 0.09329369736793951 0.19990194563240585 0.006083086914670244 0.5981761548992369 0.847334787462301 2.6535201405736264 2.252429227703913 1.220033767489203 1.6873449384115595 0.9549734984484496 1.2795986230748893 2.655428762193812 2.4470753989994822 1.8192262722996502 2.0983699849102515 1.9208495916995476 1.3907030901070885 0.9992175972048808 1.8856135573059414 1.0096192217743198 0.8473269640429889 2.6755089014326994 1.8129743796720366 2.7569495848092482
7.176859940477511 0.012931692093315435 0.08100222799170119 0.18980742620565483 0.0061715348761180264 0.5896058740525556 0.8962545552947236 2.6755771501379595 2.2374811128353467 1.205095996167663 1.6555544463587482 0.9312787732647994 1.2327575932738863 2.5272840325327506 2.3008193293783252 1.6898123411427644 1.925530657413077 1.7413212535726053 1.245483171815611 0.884060006890821 1.648137792788837 0.8717994797273039 0.722815886126332 2.2547763538829257 1.3529193087682132 2.577834937534468
6.0630611397292675 0.013060604682897074 0.08666161746185749 0.1975309562960683 0.006241794140746815 0.5829682813338252 0.9579518028911606 2.735416732143131 2.254260319649513 1.2100652974582995 1.664489261868192 0.9389235047871759 1.2500835255238745 2.577676450779441 2.360314482547509 1.7435699902666666 1.9983196515826687 1.8176381021515042 1.307617891443335 0.9335547365469293 1.7505197307697375 0.9313338192902134 0.7766609857453719 2.4368211890482256 1.5493339297736493 2.7563504830503343
9.998108248939625 0.012774074484573824 0.08902639069630681 0.1951583374856283 0.005943389280872442 0.6119344937797946 0.8161218026224963 2.6346950472407213 2.2475589830380884 1.2172262551653763 1.6800939229573921 0.9488298365920267 1.2659122350203549 2.6157601074788666 2.400180573594087 1.776707572408485 2.0405377168573353 1.8598981705876134 1.3407975402211234 0.9592278237089945 1.802382338849126 0.960916463721954 0.8029967500932427 2.5246510146719663 1.6388419834676515 2.637770210206509
6.946195369393001 0.012949265013461483 0.05532549227618921 0.1644114271793733 0.0061651523288150005 0.5902158918560582 0.903206354594541 2.6587470321653086 2.2038976652160196 1.1786723422923249 1.5983205970461671 0.8876148906846086 1.1451929686679954 2.2882909518593504 2.0304667817593782 1.453476704318491 1.6142703337523454 1.4228561564498179 0.9919191707725059 0.6862407766601465 1.2469375741922981 0.6428714574655489 0.5195071372409775 1.5795151494849133 0.7332541591629217 2.1937890217751157
9.999946550830767 0.01266134746613017 0.0958534593068071 0.19963927608080684 0.006035873507788318 0.6028578608202123 0.8170310230252926 2.641811535553974 2.257381736400523 1.2245977955851954 1.695953308809351 0.961008389466485 1.290800499478014 2.685155470502483 2.480453324361998 1.8484976016986008 2.137282266932679 1.9611907516729952 1.423332045193553 1.0251296815016377 1.9391707628746206 1.040802491196566 0.8756088789077915 2.7714852978276596 1.9238965380191144 2.7794443769597286
7.851672512119891 0.012841018105322552 0.08991692185713968 0.1970481980268311 0.0061518235382505655 0.5902804411075423 0.8692680216245684 2.662802827854939 2.2474811463470563 1.2152631745059361 1.677683021272751 0.9479199514944919 1.2659047362008207 2.61822995510768 2.404740558483832 1.7817858974513792 2.0483213972358754 1.8687743346502237 1.3484826558667122 0.9656480158459962 1.816179338143904 0.9691967014239034 0.8106880732555711 2.551272654612921 1.6719650293806878 2.7178881291661776
6.7382855447259455 0.012973434276291438 0.08397427746356693 0.19344881776234907 0.006206256279440404 0.5863081266043916 0.9177187189907419 2.6959501463369624 2.243958066371565 1.2077062528630906 1.660906054435377 0.9356772888653266 1.2423167659697867 2.5545669866499123 2.332675514689327 1.7183792749566806 1.9639921110540743 1.7814640921563483 1.2780418002537302 0.9099093385189825 1.7014501000272628 0.9027168286949521 0.750709250160713 2.348860115009171 1.4525044292120095 2.657162392077397
9.999877201930538 0.012795028886972235 0.09344254479359769 0.19999999993879491 0.005929592694148685 0.6136609757808924 0.8167086921518935 2.639391819560147 2.2540473468974627 1.222093799352134 1.690558394809937 0.9568606747023751 1.282303524760304 2.661407790955769 2.4529234806148055 1.8238259485007517 2.103965935530996 1.9262383198621031 1.3947975468438987 1.0022978628181665 1.8916883897790961 1.0130113575609985 0.8502906944311641 2.6852399316361613 1.822072325379623 2.724243943391355
9.999999996607514 0.012794210740451367 0.093459483123746 0.19999999927039608 0.005930259763981937 0.6135923964374362 0.816713154198336 2.639409746528559 2.254070765582812 1.2221113600674474 1.6905963270489046 0.9568898808310292 1.2823634064866993 2.661575149464634 2.453117462660706 1.8239997506047 2.1042005546451867 1.926484377457789 1.394998370104807 1.0024584539210986 1.8920222674658578 1.0132066088430594 0.8504684009383416 2.685845059365401 1.8227811836436403 2.724635642238683
7.307187282278888 0.012917932332353877 0.05411331508560053 0.16269514204027552 0.006137707615671878 0.5928548122686628 0.8867674227224157 2.6443265791413566 2.200273745590248 1.1776175240098317 1.5963752944852996 0.8859955743880229 1.141684046282609 2.278445483224534 2.0192189652814716 1.4436289599587355 1.6013407121302161 1.4097053460616846 0.9815295487192681 0.6782084768686709 1.2308096583917618 0.6337673601510552 0.511513198886701 1.553275029048963 0.7121542827708709 2.159603231719533
6.09851651716427 0.013055368965737868 0.08753380020322106 0.19831977154139724 0.00624166162495644 0.5829806273555145 0.9557241106386396 2.733970263665979 2.254953499018141 1.2109514534527177 1.6665651349460167 0.9405078838314894 1.253279603247948 2.5865083120118038 2.3704558827959366 1.7525801771051714 2.0103883997943623 1.8302015210976963 1.3177979027255302 0.9416384258347611 1.7672085913036597 0.9410280865781071 0.7854257111447456 2.466457627259885 1.581826657892624 2.7703776511144396
5.618792985880437 0.01407868426304756 0.036949879486333145 0.16829800692669536 0.005542614600991013 0.6456743479838343 0.9829774358283302 2.721167420354389 2.198375718675043 1.1626225555846479 1.558997302512584 0.8581830934518215 1.0882549715228127 2.1372774913553374 1.864017517734268 1.3115265283859818 1.431724721805573 1.2404112337510205 0.8499883677896859 0.5780128418079035 1.0324094809827653 0.5231705253087136 0.41553925912604084 1.2419542599911966 0.4852294491072776 1.9878644197466475
7.38213988520335 0.012913763480730298 0.05881452195357411 0.1673319995504075 0.006134416176871147 0.5931737119867961 0.8843109973388736 2.6465902830413786 2.2063295904643776 1.1824555266738979 1.6067779632050343 0.8938676603841587 1.157251081025797 2.3203862649211557 2.0660702058321037 1.4840799228723944 1.6539618509246437 1.4628848203099016 1.023352388590943 0.7104362834890038 1.2953671572221854 0.6701499440051296 0.5434243818376772 1.6579473713129735 0.7967079233024223 2.2184327179707832
6.100559931028527 0.013049296272078278 0.055872867030372975 0.16655871141266293 0.006209441901334129 0.5860053827151227 0.9509074490849623 2.7028696896572866 2.213042469313193 1.1793063826960153 1.597639584492018 0.8874523243013044 1.1457185618782137 2.2908206828825097 2.034025199323634 1.456966430159375 1.6191937775254475 1.428120843070718 0.9962355260642062 0.68967505190612 1.2539934729528113 0.6469298281860196 0.5231266573792017 1.5915580051578444 0.7436682183933822 2.2556384889431755
9.999999991820287 0.012787888286554422 0.09359052891670294 0.19999999997036852 0.005935287767164324 0.6130716124686449 0.8167306365424767 2.6395421592628017 2.254253272035732 1.2222483724010267 1.6908913246804906 0.9571165182146982 1.2828271264734412 2.66286974099834 2.4546165210754824 1.8253415055189173 2.106010437617172 1.9283810582079597 1.396545110883789 1.003694524030706 1.8945899548126806 1.0147075635345142 0.8518340716659288 2.690491003359532 1.8281982955598755 2.7276205221077463
9.437972621177547 0.012760117102936397 0.09512479039173494 0.19907729104999156 0.006020760737406648 0.6040016915727663 0.8272751042701282 2.644987528045381 2.2556515368001318 1.2231886719402492 1.6934185965085635 0.9592642152604449 1.2876260501042163 2.676807582718394 2.4711161305206883 1.8403156187204113 2.126398716980833 1.9498880830595962 1.4141673499155967 1.017826990599727 1.9240208118606685 1.031945842100834 0.8675415277503024 2.7439600717559327 1.8903489474872772 2.7205870459717882
7.142628805521277 0.012934387147891068 0.08531094751556367 0.19415847346234782 0.006179225440045606 0.588873227346009 0.8983989218854369 2.681086623002009 2.243538270170804 1.2095257661914915 1.6651732291850747 0.9387095425832453 1.2479626030542323 2.569509963026328 2.3493683661949527 1.7329235391969209 1.9831871105554282 1.8012105496924313 1.2938852906964096 0.9223843932126434 1.727014695845481 0.9174689573733504 0.7639671751609082 2.393441237193455 1.4993839303402374 2.659007530054886
6.372604409742379 0.013012775494970496 0.05561831621478063 0.16572285788156085 0.0061979714914752 0.5870910150215798 0.9338722791919456 2.686304708464824 2.2092652761390252 1.1789156385573665 1.5977305613778074 0.8874068614611591 1.1453295588803747 2.2893776899545704 2.032153562062816 1.4552025498552783 1.6167631809556966 1.4255620389511743 0.9941608166526565 0.6880380197178337 1.250651744212346 0.645017553834402 0.5214281987472466 1.585926611080561 0.7388774830344301 2.232485992978987
8.426465086494972 0.012853430524156075 0.07023522020566013 0.17778115524219226 0.006052134221771677 0.6012384217002305 0.8496498496989463 2.6330940988323133 2.2198870321351483 1.1952750418869986 1.6341307886464715 0.9142754102033571 1.1971968501390111 2.4279090995899013 2.1865095867877677 1.5885377117505066 1.790604344867815 1.6018358583846115 1.1333566434265927 0.7957924047622915 1.4675760096520234 0.7679145546920102 0.6298155157522712 1.9434689980888842 1.0462570117121937 2.345257376554397
4.025005837141926 0.013761580716931527 0.03700688062834886 0.15971534851182115 0.005901957010672351 0.6147370152495597 1.165937499418465 2.9432084977865105 2.2695355057170308 1.1751434212777692 1.5562193355928053 0.8549501525509534 1.0835778125119935 2.127549610788013 1.855041379558659 1.304847326368359 1.424035134572381 1.2333920504836966 0.8449218235178588 0.5744029381624884 1.0256315033592796 0.5195970657834522 0.4125952015131545 1.2327316534291821 0.4802782794538153 2.269643950088322
8.869771046585987 0.012834655509598216 0.08339204494120774 0.19063236739901107 0.006023119755980353 0.6041328122688829 0.8394498639801358 2.6397768746186427 2.238445221832465 1.2097721391764276 1.664986797943083 0.9376800777299404 1.2440821484871782 2.556358815972713 2.3326341867099245 1.7171114805084295 1.961129816059749 1.7775851202814037 1.2743379232206669 0.9066156970834054 1.6940626886830892 0.8981464019357387 0.7463679420178644 2.333578887819447 1.4326375452258413 2.5556714793873176
7.1060166849993065 0.012913351855069841 0.09160945216951415 0.19999991182687205 0.00620556163439095 0.5863711403888631 0.9009549687556682 2.688695044646719 2.252320870732671 1.2160113631136933 1.6793038490458279 0.9496498148920014 1.270457532550811 2.6322994897121395 2.421934203648399 1.7976974370751264 2.0702694003899453 1.8921407565794142 1.3677611139750996 0.9811876720318861 1.8486783239845572 0.9882858035792372 0.8281175489025265 2.6107475717436057 1.7414577068700408 2.7851306340706037
8.124388826898533 0.012868467521293728 0.08704279318706683 0.19483073559612027 0.006094815472983188 0.5970283767156357 0.8612653155608998 2.655986664805479 2.243703182825684 1.2126694283376833 1.6717700351950486 0.9432324163268482 1.2560679355815167 2.5905134850542124 2.3725243843494384 1.7529225923801084 2.0094202535020687 1.828079727531313 1.3153755286272597 0.9392669130893865 1.7615541087662943 0.9373771592619223 0.7818453788294468 2.4535301234955766 1.562834815308239 2.6479730417392027
8.070052357750143 0.012871559119598556 0.08242679203319313 0.19026487250243876 0.006095039617227666 0.5970062303273367 0.8623737332502354 2.652413259571682 2.2372676714372517 1.2077060018395576 1.6610650560719873 0.9350330282229284 1.239418560339368 2.544411480439801 2.3195770735673094 1.7059155734117528 1.9465350475426768 1.7627196671721477 1.2625091875908947 0.8973679368387483 1.6752291507258328 0.8873385746677723 0.7367033281775038 2.3012293104010166 1.3997463435660165 2.5637277594134673
6.521589986348137 0.01299730723519285 0.07792214709759958 0.18777937838775888 0.006213021730090615 0.5856682537590892 0.9285336839749581 2.700295517345145 2.237494873990519 1.2013598989392789 1.6467303373297577 0.924883805279963 1.2206043379182765 2.494833920946195 2.2644380866812424 1.6580858749408462 1.8836907512311942 1.6983565652006443 1.211096847363291 0.857065591960196 1.5930057169632519 0.840101593344834 0.6944390543018694 2.1597418954074223 1.257427926210583 2.5623579224960555
7.629628758349511 0.012896572956787786 0.07040796398892808 0.17864798601687762 0.006125094052542655 0.5940760505696879 0.8761832310350334 2.6508885726417306 2.2213633484206 1.194603141834669 1.6329285448197446 0.9136934202812677 1.196692211221653 2.427407682281493 2.186528048398793 1.588893168465406 1.7913907248663283 1.6028848549078551 1.1343437435094919 0.7966577121675035 1.4694899379681174 0.7690823003541832 0.6309095010121881 1.947267462235536 1.0505670910824871 2.378170809753044
8.382891914445421 0.012854780028293045 0.06446935670195833 0.17203677142843987 0.006052195399012273 0.6012317166600486 0.8501154831230006 2.6279836196814217 2.211853232739262 1.189179444745516 1.6211033397076435 0.9043760634291153 1.177427158850766 2.374091013630891 2.1257528219532063 1.5355194324659367 1.7208928777566321 1.5306243729584226 1.0767468650831489 0.7516976181594234 1.3782892579665074 0.7170492681713116 0.5847170598193773 1.7939336520611568 0.9116529761500537 2.2594013783338767
9.23378963460234 0.012815560690760902 0.09310307674141739 0.19999999025121004 0.006001160407548598 0.6063455609664798 0.8321052861458427 2.6455329958523754 2.2526272869511925 1.2207294688377968 1.6883051494036787 0.9554320765689288 1.2799807962073906 2.655739867747245 2.446919292403771 1.818782142403435 2.0974794377706223 1.919688981953152 1.389613577677797 0.9982554178630687 1.8834614068626205 1.0082853533909242 0.8460548061329729 2.6710169951314744 1.8066832208137433 2.734489630066816
9.979936011000511 0.012797247009239168 0.09212135981894175 0.19868627668533248 0.005925501338611013 0.6139974057242655 0.8152936025354384 2.6365629463888283 2.2519302004549915 1.2206737295954297 1.6875131438243611 0.9545084071062164 1.2774576006307539 2.6478348758346293 2.4371870498279646 1.8097293598496833 2.0849408764684445 1.906294316821667 1.378529124811927 0.9892963542831161 1.8646777647195547 0.997225559353002 0.8359328708460795 2.636402142236311 1.7653975078515498 2.6963335850849286
7.767540332684095 0.012887933614045608 0.06613902560441236 0.17424115587281294 0.006108636895645916 0.5956769767380978 0.8704751820138341 2.642957283213322 2.215131623994846 1.190315896366354 1.623701920659634 0.9065918209957735 1.1823229940706512 2.388024448060071 2.141871921146257 1.5497995768669286 1.7398569938711865 1.5501293465152506 1.092326965888505 0.7638746629663707 1.4030052496182972 0.7311523480341774 0.5972340261943279 1.8354620611252808 0.9487865457823424 2.3066210623420504
8.598243760506797 0.012846317433770486 0.07344923808306213 0.18088027513535798 0.006038369243555756 0.6026092891123649 0.8452324713715705 2.6335154929935474 2.22432956212947 1.198856804178886 1.6417171514639657 0.9199946854822529 1.208555571716966 2.458817375846166 2.2214576179916423 1.6191122229632657 1.8309303409950084 1.643171686127725 1.166337502865539 0.8215805358163714 1.5200001172383881 0.7979002884038401 0.6565106907527058 2.0323508418956227 1.1297609499874213 2.3911699618438984
8.775062089694561 0.012838039650648064 0.0483291131009056 0.15562626265059312 0.006003022357641847 0.6061569307253448 0.8369720735136715 2.6050885745953374 2.1890415761026683 1.1726840809494685 1.5858828058984584 0.8776105487246216 1.1242684224148933 2.2305735354039453 1.965238044265605 1.3968213573647486 1.5403610349782897 1.3480946830375624 0.9331434318205633 0.6410042678752907 1.1564876690188686 0.592014806337343 0.4750204524785836 1.434021558745327 0.6200234081984334 2.032804564671153
9.162640199658568 0.012825832505244333 0.0852987696802605 0.1923982021816359 0.005995259561106461 0.6069416019584088 0.8326397921439629 2.6381759482163365 2.241339584439591 1.2121938637689225 1.6699677493671448 0.9413789092743138 1.2513625328305293 2.576203882850651 2.3552087701904187 1.7370232603392104 1.9876404420468565 1.8050374112496763 1.296476636854918 0.9241184680772853 1.7300479929880193 0.9189675112491473 0.7651214584690358 2.396757662776892 1.4996229592883352 2.582814731424511
9.676813811367222 0.012696202692015181 0.0837634938511378 0.1882572050201948 0.006041309162044122 0.5966052644927405 0.8202282468145391 2.6299042639450008 2.2392336392386345 1.211069757958422 1.6671462166588127 0.9390172927489797 1.246139025850384 2.561154558477699 2.3375556848254346 1.7211276927124237 1.966159087863426 1.782542146397265 1.2781714961066568 0.9095403960846588 1.699885005421732 0.901431947450416 0.7492682764863652 2.3431297306195913 1.4417285219908433 2.5580147936402513
7.821531439527338 0.012884258121862063 0.06026176719191734 0.16830479382896577 0.00609889467980953 0.596628445958751 0.8677094216740112 2.6356854712818367 2.20691024534264 1.184287500116078 1.610776810183034 0.896735151510639 1.1626111407261985 2.3344418128860647 2.081534978816577 1.4973097677686025 1.6710735689432255 1.4801162733269468 1.0368750101829949 0.7208446592763452 1.3162084864287815 0.6818974615904636 0.5537344459927247 1.6917966736203656 0.82457221122369 2.219536523519693
8.575998750371946 0.012616273487987523 0.09866405701709323 0.19850427102719903 0.006243041858215756 0.5823355379387418 0.8485753904025966 2.658720081131733 2.2596632449012564 1.2255762935769425 1.6994385402561127 0.9643124677662245 1.29881766180121 2.709288183237722 2.5096340983226217 1.8753730980080048 2.1742961940740635 2.000606483430578 1.4558939911215618 1.0514302030364258 1.9943077732951744 1.073292848910229 0.9053825345755632 2.8733746804174665 2.0480871184781573 2.782121870449316
6.270042054237768 0.012877920307355907 0.09424467319175987 0.1978755717399036 0.0063438116530502115 0.5732092304226161 0.9453135771733485 2.729254722960322 2.261504799642423 1.217678331027636 1.6819805137136354 0.9523490719660967 1.2773908255990167 2.6535617575618136 2.4478541756346277 1.821659236857039 2.103308741059255 1.9273178744835355 1.3967916577193888 1.0046028306653974 1.8976676934470043 1.0170933679105836 0.8544545636201369 2.7006216606740607 1.8476629625786574 2.8044268251099806
6.569059716073067 0.012991778831902983 0.07735628981785318 0.18712520420076656 0.0062095856372421775 0.585992464732973 0.9258083013901025 2.6973622938503263 2.236320190274545 1.2008111906497436 1.64562520357519 0.9240030847834849 1.218745823710451 2.489612604995215 2.2584084715254034 1.6527263793394011 1.8765296885090883 1.6909337493839232 1.2051149084787989 0.8523451643808627 1.5833269913546617 0.8345203812643363 0.689431545175168 2.1429433195977996 1.2405403786748488 2.5493861341509225
7.865823836026385 0.012882585020838213 0.0824423211123261 0.19045748556998068 0.006114634417082816 0.5950923013013169 0.8692895793589108 2.657010040166882 2.2375491790188375 1.207453646204117 1.6606142123285026 0.93478943125785 1.2391283194679898 2.5438826592971986 2.319155994675919 1.7056508292003671 1.9462843184768306 1.7625392428615765 1.2624134820308028 0.8973237223858396 1.6751913185894745 0.8873420604576107 0.7367256960020021 2.3013608972341446 1.400196109288183 2.5721605023576215
6.602160807178102 0.012988060009014969 0.07739331628957263 0.1871027077763983 0.0062075157949729315 0.5861880264108572 0.9239976505221269 2.695779745492101 2.2360923504119374 1.2008687887313882 1.645809172873364 0.9241243711131271 1.218946658415025 2.4901060465804985 2.258931586232761 1.6531644304989104 1.8770897719769357 1.691494929167163 1.2055550925643201 0.852684949965113 1.5840109979493888 0.8349087766893755 0.6897754687902253 2.1440837821845737 1.2416163459359024 2.5478260979158582
8.411128502219032 0.012854382461662327 0.0719411253025871 0.17950250480464958 0.006054526749594858 0.6010011357384396 0.8503350123006931 2.635105882466741 2.2222890306452894 1.197054766581558 1.6379548376484678 0.9171972695713781 1.2030746039831173 2.443997132069916 2.2047580430081903 1.6045319760460226 1.8117228855718965 1.623496811083763 1.1506448993320753 0.8093117265838405 1.495057703639378 0.7836309555494337 0.6438035615339663 1.9900269495945049 1.089765691958139 2.372723174619021
7.2759917799541025 0.012924260386000648 0.08203161193271728 0.1907182433245508 0.006163349914858576 0.5903896199679463 0.8920727276197368 2.6732213235126787 2.2384916130299763 1.2062792873658357 1.6581527213629972 0.9332202074655145 1.2365909354166433 2.5377353883207556 2.3126969536326496 1.7002728627360446 1.93943175931742 1.755686101538492 1.257041785227156 0.8931769488399531 1.6668370238618753 0.8825923566345262 0.7325127890627481 2.287361660672545 1.386574936887259 2.5910541301090655
7.257293909385424 0.0129254100606359 0.08576239458013464 0.19446666149780534 0.006169613614980768 0.5897894857966882 0.8934224093882033 2.6775927109453708 2.2436989920059127 1.2101386006194255 1.6665358855156363 0.9396893746246076 1.2498185244519653 2.5744707515245846 2.3549466180444236 1.7378074114227842 1.989657041643832 1.8078870305627577 1.2992563107487654 0.9266234226949213 1.735719688570325 0.9225018194478749 0.7684982530113933 2.408702558018002 1.5156446191809667 2.6613699349306064
6.227427076556233 0.01303596344660395 0.08523054622023225 0.1957060819311739 0.006235254531388901 0.5835795545120628 0.9470825830611104 2.7237047172831264 2.2502924262113724 1.2086497080204701 1.6619376193729416 0.9368272685060632 1.245480594672417 2.5644498662725903 2.344787706677263 1.7295803615416734 1.9794019850006108 1.7978110700768521 1.2914719282766292 0.9206853067043208 1.7238746288360967 0.9158223678963857 0.7626136643501418 2.389261829022427 1.497115872553587 2.7161200593993247
7.528233062310607 0.012903517621997918 0.07280248515188804 0.1811545189491226 0.006136291558346114 0.5929915037517437 0.8804302232623126 2.6561425449886342 2.2249488298513147 1.196980488717571 1.6380526593471247 0.9176598758064582 1.204776707243393 2.4496817575112497 2.211896638936147 1.6111920405740172 1.8208985986248587 1.6332046376003688 1.1585794326709098 0.8156347919260378 1.508111553169236 0.7911930792046187 0.6506081616771638 2.0128940733289107 1.112361807311834 2.4210551162042804
6.655657804582999 0.012978044756436557 0.05208200670210216 0.16162852153333934 0.006180911667073249 0.5887107386979786 0.9174408883103223 2.668286539727341 2.201772064570402 1.1753573018255385 1.5907480202217095 0.8819755040007141 1.1342637162829752 2.259177270414463 1.9981986298902836 1.425787057953626 1.5784350007519676 1.3868049029539868 0.9636841186784024 0.6645675149482744 1.2036814641336258 0.6185790794568956 0.49827233115470376 1.5100924808856082 0.6788547655825459 2.1686139919369767
7.069271492958298 0.012941053524969996 0.08103463539798857 0.18999031423887355 0.006179850660636702 0.5888121326662599 0.9011181320595325 2.6794954579930623 2.238018608460154 1.2050110950106345 1.6553215145562037 0.9311632987673089 1.2326558956666582 2.5271806724304007 2.3008209271862317 1.689883941359509 1.925692502312312 1.7415402964573239 1.245691923388172 0.8842452208657335 1.648552250083519 0.8720552520514739 0.7230582071119552 2.2556271960815684 1.3539962348288728 2.584158178624981
6.780023349515649 0.012969080275293234 0.08920807091396757 0.1986116295029632 0.006209377273702206 0.5860117849829999 0.916329242407782 2.699299213163597 2.2507954389648637 1.2131406338537223 1.672821736860911 0.9448596041563608 1.2610859935088221 2.6067583341597964 2.392813833098531 1.7719222799783503 2.0358062586736883 1.8562857077998307 1.3387017267987678 0.9580934225060427 1.8009427637402688 0.9605128473208585 0.8029608181901151 2.5255189570940595 1.6455828938644605 2.7550179174751435
8.112757678135111 0.012869129908694907 0.08275706578910372 0.19055616377850704 0.006091836085392312 0.5973198219379918 0.8610343086595045 2.6518551626308184 2.237690190648457 1.2081112773178406 1.661917810779771 0.9356667789816482 1.2406653187922736 2.54780618094639 2.3234334429818153 1.7093119431652513 1.951049971928205 1.7673875093606979 1.266267437432684 0.9003342270346848 1.6813176372274288 0.8908553892909659 0.7398655097890043 2.311864405335078 1.4108301263722953 2.5682415294519663
8.502656767053741 0.012849536771301844 0.06502644042278413 0.17250930340457013 0.006041520141932774 0.6022941031247426 0.8467247390098529 2.626455028377885 2.212540199780188 1.1898807676929435 1.6225510425516034 0.9054341124266633 1.1794554376912 2.3794936930041555 2.131766668563638 1.5407135839435806 1.7276673375382028 1.5374981017816363 1.0821793454025124 0.7559071316161808 1.3867726504642819 0.7218609275246429 0.588965639196065 1.8079656252877534 0.9238681051058604 2.2637191917002246
6.962998432210477 0.0129497166429675 0.0727849021253009 0.18187920828372664 0.006180416465962347 0.5887579130673873 0.9049142210532819 2.675359672013204 2.2273526258318554 1.1964246852790563 1.6366176487182715 0.9168520051707546 1.2037491452010571 2.447660602988883 2.2101332230707667 1.6099530928026742 1.8195499143823994 1.632041667422757 1.1577879945142069 0.8151016368511406 1.5071706087936843 0.7907228486417622 0.6502405925041307 2.011818215896459 1.112095101449599 2.4491197684375727
7.849976290053378 0.01288030344624257 0.03429273507602057 0.14226961259894602 0.0060746708379143715 0.5990075224837129 0.8630385629582348 2.6089703170212206 2.171377899206628 1.157790915532303 1.5544545275627388 0.8542150284810914 1.0790899160635627 2.111185384037774 1.8342021857851207 1.2855687957661124 1.3979750667825495 1.2064793243477345 0.8235133634456184 0.5578354703735144 0.9924515722743867 0.5009841021814397 0.3963936400021171 1.1800312909722988 0.4435859631603705 1.9078933740433666
9.999999128287309 0.012798636480374017 0.09336774719528038 0.19999999678152947 0.0059267408984530175 0.6139575137201968 0.8167009006417209 2.6393170527655796 2.253943016182422 1.2220154573037332 1.6903898529422847 0.9567312624032874 1.2820388958158455 2.6606692903325495 2.4520686470365316 1.823061099756317 2.10293455420315 1.92515780901579 1.3939166775724054 1.0015941182827597 1.8902269913370475 1.0121572766449083 0.8495137391318472 2.6825977000543597 1.818998716599479 2.7225445737452376
6.42622769479553 0.013007501574406095 0.07148412795833789 0.18150318603872165 0.00621241988188031 0.5857245581017234 0.9330448411925747 2.6989207430686806 2.2297727041965216 1.1948025670858893 1.6322568767796635 0.9138050686963993 1.1982555179596601 2.4334615471998577 2.1945809073300926 1.596638053237588 1.802259710695658 1.6145257368233619 1.1439402126118134 0.8043533450272113 1.4854517141779464 0.7783615131333337 0.6392812790994483 1.9754594430554642 1.0785286305825148 2.4614133356027983
7.061913673073305 0.01294175752436364 0.08621245307461918 0.1951785713209263 0.00618594881048474 0.5882331121895313 0.902202345088819 2.6849350134911663 2.24514045064145 1.210364609136063 1.666967448943963 0.9401450700789881 1.2510073508745574 2.5781209427885767 2.359384904866678 1.7418944064817077 1.9952662738346671 1.8138293566923473 1.3041349271573501 0.9305368016828234 1.7438636255800704 0.9272626118565066 0.7728246148768214 2.4233936737224204 1.5320161676523683 2.680398112607993
6.548387636915641 0.012994166905204864 0.07997077210695781 0.1897776791309183 0.006214064619416119 0.5855696174338343 0.9273358621885248 2.700964784122624 2.2400161542968875 1.2034606848147797 1.6513588750925847 0.9284345343199428 1.2277993275755403 2.5146783161657464 2.287123119406735 1.678125242244007 1.910359953620776 1.7259281086038376 1.2332777767491683 0.8745491957152319 1.628829638818816 0.8607524080620726 0.7129657556727281 2.221899744313124 1.320339619074064 2.5966456108587903
7.3812519237444825 0.012915518136027187 0.08403036321950645 0.19257570191646423 0.0061579096057591785 0.590910479757925 0.8879467280746732 2.6718515013751163 2.2408808423123334 1.2084897979999878 1.6629629779097577 0.9368618890922458 1.2438894900828916 2.5577986747764587 2.3356244709852074 1.7205492363864832 1.9664693852717172 1.7837078826465713 1.2796485706175458 0.9110507044360403 1.7035787951218346 0.9038435080182546 0.7516441654353432 2.3517755247082133 1.4542657335428428 2.6227526405560972
8.50864551818677 0.012848677793203703 0.03973631292591381 0.14722050637201137 0.00601345777701512 0.6050244895460383 0.8408033210023089 2.598189536983775 2.176873204082653 1.1636143561112793 1.5669075156701162 0.8633982978751836 1.0966101978215026 2.157106737783102 1.8842697731948654 1.327827815822004 1.4517650604599734 1.2597001231514044 0.864506363235229 0.5887811686086303 1.0531911098615208 0.534529840373676 0.42523090912857425 1.2727454191886556 0.5050397322731565 1.9419925318648976
7.027937456402563 0.012943485912724104 0.06715286456362367 0.17614744076313113 0.006169776921406384 0.5897747955481237 0.9010379790776099 2.6672424101098002 2.219348538054371 1.1907173361025 1.624333993277882 0.9074118438764606 1.1846571312455183 2.395296800758028 2.1506912926065285 1.5578453704067523 1.750759985385912 1.5615122650962774 1.101525912214075 0.7711324591740971 1.4178528798042713 0.7396812873493983 0.6048477256603555 1.860853936684782 0.9722620941685078 2.3568067582696415
8.086603371499322 0.012869705448724296 0.06581759745603573 0.1736262037032511 0.00607984586766151 0.5984978678967654 0.8594888578804136 2.635188015863252 2.2140777745145592 1.1902951656806953 1.6235951538903584 0.9063817236676314 1.1816479037974106 2.385851142469486 2.1391965974732763 1.5473383699781307 1.736504285822018 1.546616869118114 1.0894815797348616 0.7616259017269765 1.3983993033749558 0.7285043095212375 0.5948687748773642 1.827570850449657 0.9415015026211129 2.289460818249079
6.60678379438007 0.012985818731278125 0.0687309582813029 0.17840350998411011 0.006199884770201923 0.5869092135389373 0.9224883999577775 2.686998084990416 2.2244165941265366 1.1920800748312756 1.626730928170818 0.9094641900843772 1.18926009123026 2.4085014326224536 2.166052732850295 1.571516019320729 1.768986846604957 1.580327238348322 1.1166064190723333 0.7829576889904624 1.4419311470911114 0.7534629636853218 0.6171164804287511 1.9016809734631757 1.0098256759457787 2.4059448524413822
8.171790374332117 0.012865732364267236 0.06985492482044332 0.1775994901013208 0.006074951175491297 0.5989804562819211 0.8573245469639951 2.6375133859433975 2.2195816858488557 1.1946014091720358 1.6327997839038908 0.91336104395263 1.1955593355309293 2.423695718212943 2.1819116789927615 1.5846139748384185 1.7855242635067732 1.5967037334395728 1.1293100077843914 0.7926595473677546 1.4612612316605145 0.7643292979871988 0.6266445838464849 1.9329739581341614 1.036788932180317 2.3478973629187303
6.89619645788318 0.012954578551728614 0.06204097986522554 0.1712122574001397 0.0061753080675814535 0.5892451205941002 0.906594666104436 2.667417280866391 2.2132513724248937 1.1854388481805913 1.6128147602501781 0.8986763560491436 1.1672828140803329 2.348158270866866 2.097638721727012 1.5116858576143124 1.6902401006324759 1.499863682705144 1.0526542152837537 0.7331698774606306 1.3411935415546692 0.6961286232980335 0.5663376539836732 1.7335099257026938 0.8606796163631161 2.2888944736244197
9.396195645327277 0.012820380581377749 0.06969206754418791 0.176697462152849 0.0059567874499850985 0.6108875576327935 0.8240921802680246 2.618220965996349 2.218968659631218 1.1957284549736347 1.634550494538526 0.9142507025013338 1.1964725386901884 2.4250353239309774 2.182661437261051 1.584826800244001 1.7853886826363485 1.5962466489158176 1.1287487980389628 0.7920982637844671 1.459916942923544 0.7634645994997635 0.6258031705275486 1.9299677141595255 1.0329820914766417 2.3091729486274684
7.195675720903565 0.012929871879400413 0.0820288698129996 0.19080434255187498 0.00617157723793757 0.5896029050590188 0.8955708292746409 2.6759430615735926 2.238809088607674 1.2061815322446048 1.657918408830023 0.9330871068036503 1.2364177775130787 2.537386758542168 2.3123852026025435 1.7000479139745877 1.9391800885516943 1.755462738925838 1.2568850960958724 0.8930677669373277 1.6666374980934402 0.8824887317997433 0.7324284042023169 2.287103818783218 1.3864462419684702 2.595467947098076
6.056374257759133 0.01305678103328156 0.060008537752657125 0.17081463248190018 0.006214737120307494 0.5855061200756156 0.9544522043036993 2.70979077960435 2.2191068233460087 1.1834255562600104 1.6063676056743912 0.8941434999352916 1.1591488672798878 2.327296215541294 2.074990920166651 1.4924808118507074 1.665548860978675 1.4751047856424273 1.0332831068822783 0.718292364772119 1.3114491570011457 0.6793800690278641 0.5516478213320667 1.6852992639745197 0.8207827525790403 2.315675135158152
8.084189156322525 0.012870396242211394 0.07345875307995893 0.18127836439766543 0.006086095177091383 0.597883618828225 0.8606446867372098 2.642991078978353 2.22471291603917 1.1982816564867116 1.6407409131468527 0.9194598654018767 1.207893237747055 2.457551508905484 2.2203877279277147 1.6183865783667837 1.8301710543828162 1.6425455465241439 1.1659325572838724 0.8213232852979255 1.519576295841148 0.7977050657424745 0.6563724123273237 2.031993310685405 1.1299483960395038 2.4086808569835747
