9.995895161315522 0.014801166810107244 0.024656773268083593 0.08776269737235683 0.01487395545402054 1.4336764292860122 3.9997750445374933 3.0555754768738383 2.17966614392155 1.2290070570964664 1.1765570849996538 0.4127278978993997 0.5184743872988442 0.23835940823416718 0.2239540584613141 0.2302547178194547 0.22757937185999247 0.1832973921343762 1.0740995969080391 0.44940636945136253 0.1980863673401131 0.07134428025543127 0.1882773794206037 0.11506107891531522 0.290004637859684 7.769443438241748
9.999984438703539 0.008980156026403096 0.012105510812355284 0.005823979882775082 0.016261726070090736 1.303521839832034 3.9999978614721807 3.0323799627037475 2.153506978013192 1.2087323771154599 1.1462849854921455 0.3986577161575953 0.4909843003667959 0.22095181407369408 0.19953198297989472 0.20341388902505142 0.1929814660926046 0.15151980630248618 0.8840592720392406 0.34634152727487943 0.15556217760413887 0.05534923849230908 0.1152464928394519 0.0691022741352105 0.31750127183100607 8.623444442989552
9.999999780715173 0.011221238878246173 0.02060574966814868 0.03682658677586417 0.015323433786068175 1.3728177850471752 3.9999999444979157 3.0454157039309373 2.168305348223449 1.220077578398785 1.1629581049973767 0.4059310690794449 0.5052381645514373 0.22897489784091143 0.20963712043031968 0.22273577097589659 0.20745707437493155 0.16499530209020863 0.9639499584732789 0.39537007415559255 0.17491414317999127 0.08199859363861092 0.1259045313725125 0.06667926364808763 0.31366705346346274 8.179509160600576
9.999963748736878 0.018458164784862684 0.01827844349322623 0.11060756991449801 0.014605728011229504 1.3908372911511244 3.99998039805727 3.0513366379622986 2.1754919905214893 1.2259278700906389 1.1728021620785638 0.4109345541627463 0.5152042684199314 0.23997926975602005 0.21884934703253603 0.22254573861517724 0.22689076317944376 0.18341677275236298 1.0658561381738616 0.4541717538587039 0.20858747225156127 0.08740044192792783 0.19665767945572693 0.10231771662583516 0.3153512218713515 7.054812046231349
9.999645889280163 0.014854229215762772 0.015837725463510335 0.06418232829684369 0.013940070099044532 1.4440783553176382 3.9999289689554827 3.044462366267473 2.1670212576988908 1.2192476372677634 1.1622621512546176 0.4059239169833245 0.5054790905328228 0.22954668965625064 0.21033654627663653 0.21729726991792653 0.20725416584813722 0.16953245424641036 0.9881372151964388 0.4071964268040504 0.1589042784120951 0.0748842160861907 0.15678758457172773 0.0991373975877197 0.14487323002088648 7.597498479591422
9.999999286182602 0.007363457841085468 0.022695333325180277 0.01521406867812038 0.01872835686602618 1.11064339772939 3.99999593421036 3.04663406332175 2.1696483860922657 1.2209443996644997 1.1637448546027955 0.40635094031480273 0.505341562840216 0.22967067893687607 0.20986450186739336 0.21562255107669823 0.20928985447563764 0.16025834260699093 0.9451557906343402 0.3801782578515382 0.1766910741947149 0.07248569934335412 0.13536359379265872 0.09478130643046045 0.06637404869071242 9.638170229775735
9.999991234498236 0.011418410841610535 0.006160433759787193 0.021702996075787684 0.015823021617686783 1.309888500281996 3.9999963302680777 3.028108237025682 2.1487703126077586 1.2051562942316896 1.141553187696208 0.3972344056193517 0.4870101139998264 0.21859549729336253 0.1984724306657744 0.1991865448518526 0.19171884260455976 0.15038750581793148 0.86475304594918 0.34464743554476607 0.14989725425871903 0.0588784641667837 0.12611138508896028 0.06866763331678426 0.22879280736062302 7.730352342870502
9.999827738195101 0.006353594472667452 0.004321349060483493 0.00468491884144828 0.0191637544438369 1.2831990698577296 3.999998876669379 3.021370501678808 2.1402954886051684 1.198312764151262 1.1306118347335132 0.3908606236384061 0.47795770401221843 0.2131828691867917 0.19159911004334165 0.1932388674931528 0.18489904314287614 0.14326025830246145 0.8143310853186675 0.3232835609755804 0.138585784503953 0.05349456255372375 0.11187943946764012 0.062212341759636476 0.284360214043106 9.942645857118636
9.99995076497691 0.021025160262854833 0.013726851545348136 0.1639020295117179 0.010290537898351677 3.734572955117859 3.99998055386422 3.0492858171475214 2.1727745034066652 1.2237067872050635 1.1691447622426612 0.41031078862734705 0.5113835286233032 0.23437150965093687 0.21586919014535424 0.22182159582664776 0.2212456250204733 0.170544645379813 1.0210081253980787 0.420377476740577 0.19340276937872997 0.0760254032115536 0.16417856218563934 0.1040070143020504 0.2988271117840839 7.96384520832302
9.999985818170392 0.020141202947305224 0.01386415602373645 0.12969575323806848 0.015744892149890777 1.3017137587458814 3.9999989055788947 3.048929521845706 2.1724857775390043 1.2234751789723546 1.1688741507474665 0.4089970187450403 0.5098894436531572 0.2330625628893791 0.21391901819217382 0.21989203527443316 0.22276173732136298 0.17125517544872237 0.9678656372990045 0.38328725547979536 0.17492494085378904 0.06623116271882727 0.14061817304411797 0.0820905036679685 0.06232114254659979 7.432177400097472
9.999999942497917 0.010229002413970538 0.0035901583498652847 0.03945481523761682 0.017394915633663636 1.1892393060650808 3.9999999988299817 3.0244690918800834 2.14484080252831 1.2026422422415632 1.1376123062521457 0.3967003432920711 0.48770623447287764 0.2230621303569732 0.20387652069709672 0.20271917208043244 0.20290081954438074 0.1638408185715821 0.8575247840531132 0.36302800263981944 0.17148736076192736 0.07337865101367742 0.15884082344857406 0.09307288410534063 0.27954355361418165 8.60882858844408
9.99964969605054 0.02435556856088563 0.024143688660755114 0.19968847830969377 0.01147878819345664 1.6766238995638698 3.999942405920596 3.0663268426384294 2.192247653010806 1.238957689236322 1.191972501877833 0.43133909247914015 0.533136084479017 0.2585180798754125 0.23167944712712268 0.24330202450738211 0.24402814969244543 0.19844045536822136 1.1604983753603464 0.4940957133386525 0.22786962901653846 0.09142213627178863 0.21097467083775973 0.12470478660958836 0.4018989495248886 7.083149902946802
9.999999851060878 0.02225525919956478 0.03641311741753781 0.18178739834884097 0.012453171635077045 1.6904425977711883 3.99999751852937 3.0829766978261675 2.2115091418658452 1.253842890491197 1.21401428764849 0.4304791496346699 0.5527736113695315 0.2724133199193304 0.24486166554575672 0.25714690639469806 0.2600631583608377 0.21852940204618332 1.2583739220883516 0.5469706952997501 0.24738353378660521 0.10896483535081775 0.2485746537375197 0.1446897003627541 0.3642571737544577 7.524994339141295
9.999999888216056 0.021641037298308834 0.011888527793446242 0.1843403945866594 0.018403859069817553 1.0770085479706275 3.9999999379099322 3.0467615706143714 2.170282740818531 1.2219882044375616 1.167446135586303 0.4084070515910899 0.5093166289460573 0.23198156926862923 0.2224676099056525 0.22096359972538532 0.2147028355564229 0.17281069437787325 0.975298554240096 0.39656340694377235 0.17451336196632145 0.07270739112020923 0.15436631759923466 0.08879216708295698 0.2899335437296289 7.654682108453999
9.999999971336123 0.0152651148765243 0.006050156959987538 0.09217765045138063 0.014138013912460482 1.4911481260580803 3.999999988762121 3.032671596508259 2.153845911781525 1.2090366097298286 1.1473741975146987 0.3988971198116343 0.49205658584989775 0.2215818300974104 0.2012711763778375 0.2047625116258515 0.19918122720017328 0.15950351174937488 0.8715455932321671 0.35140671905317417 0.15416729299582843 0.07121585566505238 0.11922020618612336 0.09812119179921983 0.28170453077703983 7.631104978715673
9.999999649005435 0.01094724365032447 0.01566293485275518 0.01476854683114355 0.01628587611468409 1.2743513050919528 3.9999998831195973 3.03899683146006 2.161171466002415 1.2147317378251352 1.1555540873764374 0.4024819863232055 0.498231510812088 0.22641075598620633 0.20623413604615837 0.21105412848183944 0.2058591987611898 0.16259447973309174 0.9341928693692718 0.3844434360973352 0.17220855812922906 0.07238792614868818 0.14146415868423828 0.06458704801865243 0.10319618957643079 7.882560635123032
9.999997882861386 0.02141358926268171 0.018525882665850407 0.19139455494482416 0.015553826939123602 1.3526659378500425 3.999995290369111 3.056603227514086 2.181135283760352 1.230238848027938 1.1785534692204769 0.4142604343561263 0.5184029765613226 0.23764407161470213 0.2283242233670509 0.22765390915210915 0.22137703777133505 0.1947321116796958 0.9677915809755852 0.4241451298933716 0.18467838533273037 0.08856898664005085 0.15517177117256234 0.08818780839641187 0.17477405191090167 8.07591691186308
9.999995614074482 0.018498760771307996 0.0014706587850499778 0.12133480837241932 0.01363015478727309 1.628059789058408 3.999999999595573 3.0317085747452155 2.153009008075139 1.208935561622986 1.1468651389445579 0.4007938023362784 0.49525170004761226 0.22936616201055973 0.21102092672950737 0.21737525126405718 0.21317225438285722 0.17515206280797596 0.8940025196375944 0.37782420855403465 0.18752447662736657 0.09336494915158103 0.1718000327388738 0.11349687010146393 0.343816055052327 7.248772831102791
9.999787320817683 0.015765885297345718 0.023242281773733497 0.11473277696333753 0.01726113544086386 1.1375780226928964 3.999946333364677 3.053756890147412 2.178034279767385 1.2277955757120151 1.1750186588868126 0.4256804963401266 0.5150854996422741 0.2359427252028023 0.21766045289095975 0.2249990298507777 0.2168867409236394 0.16908376632044952 1.0129402099446874 0.41986971994187017 0.19007224277022505 0.08032521373002136 0.12841574068192374 0.10313164063664959 0.10215338520835393 8.345429331289445
9.995447086601574 0.011436456654505107 0.0254165312246651 0.051025771674802406 0.015648729862138753 1.3196005300042892 3.9999312319678326 3.0521802728493723 2.175612434148395 1.225713359428738 1.1711890004972436 0.40995109377472216 0.5130464183724708 0.23367933213367437 0.21555463171985204 0.2200482979310068 0.21835707891676776 0.16813126686360652 1.0253293978816145 0.40897833716980897 0.18329927086489867 0.07894412507429037 0.15420795050999528 0.10819503970121391 0.06487502624069552 8.620254698200469
9.999933927722836 0.022190846564947804 0.020135771457655955 0.19733957180594638 0.012656178608592868 1.67543599371255 3.999934159507259 3.0582853542337314 2.183161550960413 1.2319065260673592 1.1815861157660008 0.41985216959686444 0.5221467760988893 0.2410333566379323 0.2234857829730807 0.23258448429564188 0.23060217439233482 0.1856116475315129 1.0867877755410493 0.44414784390117257 0.19880506527094766 0.0804242024898594 0.18744262777542817 0.11311837651564867 0.1285162781190834 7.7227537215902515
9.999997896062895 0.009068428446869276 0.01702348317423233 0.01639303312981466 0.01650811469504007 1.175313731496879 3.9999968542026414 3.0382294512975148 2.1599393735991197 1.2135360642661397 1.1527717631428385 0.4010252619135179 0.4950754458010384 0.22542556436457228 0.2054263244443998 0.2029968608358953 0.1941479437404274 0.15022439721560588 0.8298683802578851 0.3295873808096679 0.1418917132791763 0.05000008088698549 0.11278126201927563 0.059324902256310194 0.13368501958754486 9.200643362097566
9.999998797575216 0.019133462916819 0.018417666558181 0.11525349458032844 0.01278914271999335 1.6597396317653117 3.999956829630783 3.052566429576657 2.1766947259417684 1.2267963040210403 1.1739071445121287 0.41149734550429456 0.5159746789979767 0.24000211906369906 0.21702805362118 0.2288384569013127 0.22315804975706022 0.17872933104652003 1.0723670747553458 0.45395155404826787 0.20320590317088294 0.08953084882523082 0.19802811211568788 0.11510917394758001 0.457228200893262 7.119031867191324
9.999999983928511 0.012104897626342025 0.003370074502225756 0.061621642976866446 0.01631836805954382 1.360717502225396 3.999999999999104 3.026411706973403 2.1471041208999364 1.2044661277750013 1.1400472551184033 0.39698435424754547 0.4887088509002861 0.2241756071238323 0.20154469498921843 0.2053082341933338 0.19872791385672398 0.15667161439930824 0.8639433808372309 0.362378811966142 0.1641848249806606 0.07158123200516515 0.12985194172913625 0.07417821721861735 0.3327043804810327 8.383106718908417
9.999990124738778 0.010356031264995624 0.0167221598281298 0.01953981169332218 0.01796228999214034 1.1776011345668738 3.999990026295679 3.0395048217802705 2.1619628711318724 1.2153770810491231 1.156754410750717 0.40322675859502816 0.5008390532080169 0.2325904057756603 0.20798592217007023 0.2104918140194298 0.20513485224191194 0.1656908795286576 0.9637675648648252 0.3913918894871357 0.1582137211596166 0.06916614490267149 0.1462702224602043 0.07788117474216773 0.17396366676071928 7.894732930647135
9.99844446501973 0.016085337589695048 0.02698795775258467 0.10264707876287389 0.014331252666232005 1.1109134871963917 3.999885752210818 3.059543271944963 2.18415470526391 1.2324558485492905 1.1815101144962636 0.41494938234557915 0.5224834160824261 0.24725141788192143 0.2227741773479352 0.23231056013293389 0.23179832396313108 0.18429823485211846 1.0827654109137679 0.4562547839493114 0.21097276622656488 0.07875535288234156 0.19651728778936772 0.12378501869958183 0.08030385142647245 8.31246616939578
9.976005220517914 0.019678260351130406 0.12031134280175737 0.193112373595237 0.012737788780998398 1.7171429042187136 3.9993113103926508 3.1848663440661813 2.3283488484640045 1.3477971375120539 1.3603903965245818 0.5096370077792443 0.7319200903611411 0.43055046888036835 0.3645850740593167 0.4864289829331986 0.46324195640288934 0.4149201258568882 2.8567831382764495 1.2589882521306497 0.7782071407624472 0.34267094690572036 0.6743993609949603 0.6971083870836763 3.999953449049041 10.061121917720719
9.999996309069424 0.009942850477545149 0.009628980519283898 0.001314950966198783 0.016488548878276867 1.25475976596905 3.9999999739938796 3.030497913611866 2.1515142892384045 1.2072722385585875 1.1445578422879508 0.3975285811205093 0.48948655021482934 0.2204818900563192 0.19969353824539207 0.20290864487615415 0.195511102597561 0.1533140157857167 0.8798201851311788 0.3504014985799611 0.14721828787195262 0.07835340468273425 0.13070017958331862 0.06584945505639672 0.2306024779535937 7.914418810092335
9.999983673608687 0.02189024639398195 0.013609397035029527 0.15013091128173103 0.010708585488553891 1.9624829395755932 3.999997501574839 3.057965631757545 2.1816107820764974 1.229736398789191 1.1775034433469769 0.4126584004956287 0.5168457121866032 0.23898533800301838 0.21652865696349083 0.24556410616491345 0.2170394845782635 0.20908439072765694 0.9237502061185583 0.36666787811213647 0.16592865337887266 0.061091095178892885 0.1142896173909047 0.11323497246525516 0.30801849637565953 6.8145204852165
9.999975616460773 0.009501708070803604 0.02217041488180367 0.013617604929241717 0.01765792319988072 1.184753361109538 3.9999939659763704 3.0448808813438317 2.1678909087138885 1.21985994887939 1.1627396314233893 0.4058228554966283 0.5044935253797423 0.23031518790342959 0.2092430095151116 0.2103647582496103 0.2088374220216045 0.1580101794577408 0.9468325153180054 0.37709931298735844 0.17326633689177948 0.07218655538260145 0.13674271316313363 0.0830018164847297 0.10625056504667629 8.372478255543495
9.999999520908219 0.010734594261355264 0.012141675578085587 0.012778015852114799 0.015888223452246372 1.3300123948753833 3.999999443507979 3.034533912016796 2.1560544183089134 1.2107514614328054 1.1496160512774707 0.39976398516048295 0.49407698797409755 0.22243784952321355 0.2124684027189235 0.20427923831154768 0.20041008433658725 0.1531667174591849 0.9096141968308862 0.3648319063255269 0.15262403889243847 0.06543897423127122 0.131990323737162 0.07035782212958243 0.15097343423639253 7.822807176891264
9.99998654727669 0.01879332054539638 0.011672128309485358 0.1557364703316959 0.013068826388309229 1.5737658635834397 3.9999831046684644 3.043910753603049 2.166693071493924 1.2190271273887412 1.1622958677113866 0.4059996830419576 0.5052291933288829 0.2316889113761595 0.21147743808608374 0.21841157420968343 0.20832278140898816 0.16616457561596615 0.983962417903256 0.39184631432516515 0.17430335179504242 0.07373835285390028 0.1485289854753489 0.08860938777433151 0.13999838098264028 7.880250080031201
9.999971284215896 0.022841666329370618 0.009070406085054383 0.19942662546710638 0.011717698634221948 1.7749689405116067 3.9999978718084086 3.0459274343576177 2.1687004724892716 1.2205995304932569 1.1649142633261285 0.40729360605977766 0.5078642753004989 0.24853828750198992 0.21268143577904713 0.21774031073755717 0.2150839551536955 0.170943897430638 0.9885910784693887 0.38820129890019894 0.17286293566879465 0.08211772831532096 0.15021121073729707 0.07809748940914485 0.3021192885505368 7.16486860405091
9.99990539285697 0.021418137816842805 0.0177353677021774 0.19020881812012722 0.012942897739401228 1.6354053984420305 3.999978530738887 3.054926959865179 2.17886006247911 1.2285083018231124 1.1764995575666592 0.41628603769174116 0.5183937066781924 0.2430611750413469 0.2204004079715905 0.22870400591143905 0.22717746420117185 0.18075782030984958 1.0637895915609927 0.4384372103726563 0.20253930228203126 0.0722558854141802 0.16679747222425745 0.11472377266927802 0.16913880364397904 7.7082726844033616
9.99999872517709 0.01553857138255788 0.019993996083030204 0.10601088281832358 0.017800501095131552 1.1824301050341106 3.9999994272840946 3.049438569613423 2.1733865131465553 1.22425539704243 1.170047547842466 0.41515531828152596 0.512205210439767 0.2451178610558697 0.2160188454347819 0.21803892211361467 0.21382313584982 0.17690469595983005 0.9940558563464501 0.42721673781100955 0.19441099068405085 0.07584533564600504 0.17501212838205812 0.08805230916292663 0.05697679099072961 8.11128324289597
9.999999609110827 0.022389649808410187 0.020189885672102992 0.17613572451997517 0.012267882764985433 0.48828463628486274 3.9999958167736542 3.0585700787674295 2.183222446865241 1.2316973911673077 1.1806811096668872 0.4152768119245281 0.5212769457426261 0.2396867970918581 0.23462506590467463 0.23206274717826675 0.22891909651046416 0.18417839433294173 1.0094565402914655 0.4517849421928493 0.19638185023787286 0.07442049795843403 0.17920144558525936 0.0837395110234018 0.07636945052921695 8.231047341126079
9.99977318643755 0.021102943674400278 0.022418783691499064 0.16501481851667363 0.014000597080598535 1.4758989482398865 3.9999393567748496 3.0599466719111295 2.1851516953728334 1.233501782791134 1.1839489781430652 0.4167478263864262 0.5246722825054099 0.24291217905760853 0.22588540916609773 0.2348055182714566 0.2360708553368459 0.19152061700795883 1.112472950913105 0.46665242680047847 0.20963851762847785 0.07672507171296467 0.19843055596107906 0.11611550548187517 0.3495309264567956 7.286542269220378
9.999999750205493 0.008830113083965939 0.012566899640616937 0.0010598421146880005 0.01777411092887982 1.1592552263384461 3.9999998702350537 3.0326302420371314 2.154036963005117 1.209245833472921 1.1474164338963329 0.398817080004575 0.49235579797463225 0.2220603979180989 0.20165208074469493 0.20540586783303985 0.19913473069367837 0.1566356835333671 0.9018320819059106 0.36354334368090363 0.15945761515587145 0.060564326232491604 0.11799844976185796 0.08204280043397835 0.1743502935093691 8.175458506862508
9.999999752975171 0.009856657309490223 0.018049889627772216 0.012574515376485698 0.016864558425352803 1.2424679020733314 3.999999899991386 3.0406486967617723 2.163117549694031 1.2162502962311734 1.1576957002322679 0.40381924272706016 0.5006830386590898 0.22731315236896665 0.20822156908187983 0.21216623752116354 0.20366917680502336 0.16469895910669408 0.9637917064862723 0.3963182813270502 0.17616533713181956 0.08353509498998361 0.15874781571617724 0.09366362851253413 0.13237947790004778 8.17567818154908
9.999851902989569 0.020448793435820817 0.01490156933958818 0.1654538183789663 0.017172491082967367 1.227882924514695 3.9999802454708666 3.0508782503778287 2.1747876094185545 1.2253004369029414 1.1718093676896615 0.410271040040044 0.5128844427807168 0.23882207421701895 0.22150198030957774 0.222173318918371 0.22492162761816328 0.178489152087372 0.9694558718525663 0.40184688998758417 0.17952107048688037 0.08280153846704598 0.16279589085934512 0.09339791070050926 0.08843189003881477 7.877286680987265
9.999997217262468 0.013247782462782522 0.019308058013638565 0.04942463038929938 0.01564885412958893 1.3037246720692417 3.9999994189253334 3.0463316904037487 2.169615383093883 1.2213195318392338 1.1655004082043698 0.40724686171249785 0.5083954711591087 0.2319484704247508 0.2120740401355708 0.22081371303185154 0.21464052853530557 0.1721942051062879 1.0086183251140985 0.4181573420704299 0.1886657341245227 0.07766329635108277 0.18101100677546586 0.10914376801302739 0.16487673649377788 7.728236504708304
9.999783131241959 0.007095181271757618 0.017108705408686902 0.004667123023776115 0.018267190403490476 1.1326933571168563 3.999981674801436 3.036064516122369 2.1578099524905046 1.2121001397507631 1.1511796429795258 0.40048849165365374 0.4953509937754759 0.2236061844303378 0.20317764908017838 0.20729704999804122 0.19813502598481234 0.15612748629858808 0.9106738322706477 0.3580698137018874 0.16106841469604868 0.057266973094097846 0.13551362722503071 0.07816377887823728 0.2561844849111121 9.293501145648403
9.999999916087853 0.00899864022736274 0.02105002491349113 0.018634540420153833 0.01639622184356169 1.2071742884934566 3.9999969937777027 3.0432141013320395 2.16563347529426 1.2179801492062836 1.1594596976796896 0.4041430527448155 0.5020446108879081 0.22893353171031372 0.20521561552896217 0.21186028799307113 0.2031109159472989 0.16145263315400724 0.9146030509902046 0.3772254349497316 0.16311868076469188 0.05969356797778471 0.12769990283870608 0.07495888612237188 0.09168415269265717 9.141464894382825
9.999964072240564 0.01378497577140713 0.017234813262306026 0.06383605680371314 0.014934050656142563 1.3076267790053728 3.9999952011084363 3.044684077736028 2.1675923326090816 1.219721031974934 1.162624112564647 0.4081493650262673 0.5067845100458508 0.23253602832337866 0.21271302735109554 0.21761813366422567 0.21692311633306588 0.1716573324790562 1.0078801723506707 0.42434332705291633 0.18789657513940825 0.07508752259308002 0.1794892891811169 0.10165067263112253 0.2281163466123944 7.797866112930758
9.999995316144844 0.012300355671496782 0.023387750851842328 0.04923928096714952 0.01542690872317472 1.3236529543018534 3.9999999550637715 3.0503571411902715 2.1738992723742165 1.224440235500361 1.1689932942332348 0.4089027735424379 0.5099574492289984 0.232382705286946 0.21293242181706337 0.21668099919199055 0.212116347288906 0.16857587738548505 0.918041638294774 0.361284009129829 0.16130250937855967 0.09606231414763713 0.13437258733780055 0.10020995947316634 0.06714192391139767 8.480552399398366
9.999999992318996 0.016904478317599614 0.008695935483284498 0.10568786276829253 0.015043787452329578 1.3726192643351927 3.9999999967297875 3.037799162920106 2.1598847305380096 1.2138157417387994 1.1548677928251576 0.40252080561294923 0.4989431223347578 0.22757090849850653 0.20668565095280583 0.21183314157055724 0.20496290646279963 0.16537860455755932 0.934811151516086 0.37542836871436824 0.16394563554413827 0.08163089395334905 0.1453220361808284 0.07128826013351952 0.16180235657569547 7.410186579266366
9.99993424005038 0.02204751535154301 0.00795072725438967 0.17742866489656592 0.011416269842812203 1.7947334205725016 3.9999956403926777 3.0431878553755136 2.1656985010501493 1.2182421773131744 1.1611643820604671 0.40545871135726513 0.5040045187797912 0.2323053810067931 0.21798640298365118 0.2144925664385032 0.2093183760890694 0.16185035699255507 0.9231386639694505 0.3839999187555505 0.16896075089261497 0.08475369007310718 0.13798302867035406 0.0844743911056217 0.1662746221198731 7.2110377146244495
9.999989849893916 0.012911359531046562 0.020241720373712014 0.05782641284974213 0.016983452620127196 1.2142999366538845 3.9999818237590943 3.0474850221017777 2.1704532821174967 1.221989919504605 1.166594841774512 0.40796641545312706 0.511492182653834 0.2342268131104005 0.21414335996580663 0.220183461097868 0.21780964306153314 0.1700350086508666 1.0151746656755685 0.41427311379996457 0.1878608275132589 0.0652393016738794 0.16905896979086882 0.08830310625564407 0.19761481765289834 7.813380134723582
9.999215467740274 0.021641429635059224 0.016224041030350158 0.18735768312864526 0.01049640755647435 3.279165305952521 3.9999309694586613 3.0534913901685385 2.177359736387012 1.2271272751044753 1.1741656158973448 0.4116688091403793 0.5156740204256111 0.2462240286123527 0.2202177424852792 0.22470557506759675 0.2237124014709897 0.1813692550744629 1.059506742736716 0.44443971767516577 0.20215402964486717 0.0828906346631047 0.16921878075032415 0.11310504090211368 0.18256383467965254 8.275438403047097
9.999721793458196 0.011122552456501796 0.024056899677600087 0.04649387068447224 0.01593110971637236 1.2943570186330045 3.9998071429877786 3.0530171954624152 2.176968938276657 1.2267212559892404 1.1724879949589853 0.42468172198845444 0.5130811004300178 0.23386188572055233 0.22256800298179447 0.21890444604268267 0.2125065465116385 0.1671010298564117 0.9299112947190691 0.3726764263203774 0.1632035903994045 0.06733981681658918 0.13000314898155874 0.07183306974810037 0.12403113423258816 8.832688482146139
9.999997814176302 0.01996487300157645 0.016737780844215656 0.179081714778796 0.01277825931509665 1.3334233081557276 3.9999994897941296 3.05170682733151 2.1753514306836212 1.2257187460018113 1.1721014701527994 0.41063528438228125 0.5133753149640475 0.23566454717155566 0.21605102634725945 0.22512355642374687 0.22251816257736118 0.1787573205094528 1.0415557060741343 0.4349555411724433 0.1896907419180622 0.07970108782151346 0.17249420064328788 0.08489598462753932 0.114094204595928 8.323424309460341
9.999992717248553 0.008851509437518305 0.012707024420974204 5.190938461935302e-06 0.01687955402380838 1.2356339106066656 3.999998330226298 3.032936489376234 2.1542416575640813 1.2093590903784521 1.1473873454727748 0.3988139853191979 0.4922238849828223 0.2218736132970343 0.2009751965455162 0.20404033292588114 0.19810763531819608 0.15407988188701133 0.895755454680628 0.35829554558140475 0.15023333522323282 0.06203739034047016 0.12296717269063842 0.0773011704855001 0.23799082817707046 8.300700339597306
9.999989390706244 0.02327130315840701 0.01929007630648033 0.15044891978749445 0.012311172528485407 1.6810988974999377 3.9999848072764004 3.0657296823695277 2.190808151100881 1.2371508284086055 1.188647180861371 0.4182168979482316 0.526794053355521 0.24617912078275145 0.22366025697179245 0.23138734183934023 0.26905524944780895 0.17917933218585594 0.9944621182540611 0.3955571875041458 0.18419868389155292 0.10936747121837874 0.14626423713135436 0.1547180671830638 0.31212071509670536 6.684215207192806
9.99993530895409 0.0124874625542056 0.009869418066018855 0.023337184419655682 0.015537096731124068 1.3586579848253229 3.999993822378701 3.0338634153035553 2.1552996958848154 1.210222966169346 1.1491302633095974 0.39959214505710605 0.49357143325561087 0.2224988747036952 0.2026628840983883 0.20487634092541496 0.19786230925473727 0.15444269652380277 0.8966129116588148 0.3652507553821525 0.16017661337103611 0.06477158035840966 0.13542824887219332 0.06973172267756582 0.204397406972519 7.346709555421107
9.999945740665728 0.006231091305923709 6.179527167748944e-08 0.002117120081892675 0.022104698087755625 1.129334514296342 3.9999777525269358 3.011744828699953 2.132544147612808 1.1925041160190388 1.1221822263191856 0.38754255503894397 0.4693557422685656 0.20743995384283423 0.1848522585636767 0.1847627454387056 0.17529878162572782 0.13307020625396787 0.7585934026323776 0.3018796206769604 0.13151785064845412 0.05362430235040244 0.11236802340439915 0.06259613385273954 0.15023636149702674 9.432073108858255
9.999937774553551 0.00814782203101243 0.021056121190198805 0.015286922910392409 0.017227123136999638 1.1926309004937816 3.9999138256409883 3.0419805393005688 2.1642748055188004 1.2168632930529746 1.1574928908950821 0.40555441049832563 0.49909089458075134 0.22593297346195318 0.20636959843144842 0.20677592510275722 0.19640733216104272 0.15393979441097583 0.8486008043162859 0.34127739886186215 0.15016732435596325 0.061202018229404576 0.12276100165218387 0.06596879797173273 0.16018089141979852 9.525939235919324
9.999996555135807 0.012591081591429255 0.008637266984205996 0.030318153931484862 0.017102542495138744 1.1377411373853583 3.999999039780895 3.032332391246844 2.1537310834055323 1.2090630205393746 1.1476860832068836 0.3990314641025227 0.49246607485259364 0.22201460324800365 0.2019053304367966 0.20531126470424213 0.19955563212681793 0.1546446652800437 0.9009168832913075 0.36487114330241827 0.14766629818712307 0.061911006088329 0.11807088202845398 0.07234204502040546 0.1566563834491334 7.428839180381271
9.999395662930846 0.024934739317268462 0.0393020210277437 0.195113487698902 0.01247099159459005 1.6432783264621107 3.9999915390735747 3.085956164926021 2.2146740816130346 1.2565358526838868 1.2184820539120067 0.43279652160381554 0.5577212131765891 0.27787120214587696 0.2495307087259805 0.26349513410434133 0.2709459654237648 0.216087008359623 1.328886629105227 0.5682711314604391 0.25891719551042236 0.11204108786055239 0.24669022739623966 0.15626772279578435 0.6502879324567596 7.073070831886468
9.999991315328893 0.008906028997898024 0.02346678570611796 0.021881476889231123 0.016786734676252434 1.2069462860648135 3.9999994220155557 3.0460243429780416 2.168842286326558 1.2204137991020039 1.1627375593411438 0.40725794516691294 0.5036401729422139 0.2284304249476263 0.2062110811364946 0.210109294572047 0.19982105365739114 0.1556631065753804 0.8658980656173105 0.34905731652649835 0.1538118618461353 0.06493370550010691 0.1247622956469354 0.07488199073732903 0.22931486541297788 9.237979611573342
9.999971073122015 0.006466415621713811 0.0017656801255148224 0.000243386008453039 0.01921062365319939 1.2253479297312715 3.99999990461499 3.017372349776207 2.1368242294907716 1.19640503301486 1.127991484084792 0.39210218120435836 0.47752244649347186 0.21412799338399066 0.19286917984953808 0.1948130431464229 0.18680550283361883 0.14548994277414462 0.8073436817639859 0.32517038701066914 0.1418096526504569 0.05557672687179634 0.11558237303388888 0.06492500011847806 0.2644891324629414 9.689638804787819
9.99998541496139 0.01681136376746187 0.020223424583539838 0.0912311959438893 0.014713756021717761 1.4198566026827384 3.999999330585 3.0517462457295923 2.175934010502484 1.2262462025209024 1.173081344935745 0.4110907971902249 0.5156688394885411 0.2363100763358864 0.21859203792851006 0.2283816385625063 0.21907923009502103 0.1839047001792817 1.0696044469554271 0.4521519581825161 0.2055076469437645 0.06826283529448697 0.19816347841247464 0.11312482992792272 0.16056110284898117 7.437211301176239
9.9999882911737 0.026427955007969087 0.014872692939470791 0.14945111726838453 0.007977259990068054 3.999660117743436 3.9999991314394086 3.063601351723425 2.188473727566636 1.2352138102460046 1.185547644804383 0.42545789004530593 0.5250219392364215 0.24095332919234377 0.22206240407648872 0.23216273177117208 0.2216997545741195 0.19275898648795894 0.9678027435870928 0.4041303944869258 0.20957337702475148 0.0881952312539496 0.13551442669225425 0.1672219436311659 0.29285708667095656 6.548503619171655
9.999806229427133 0.011356953729371908 0.01607910326206742 0.026118559539796193 0.014910325830946175 0.941011433177199 3.9999327825143896 3.0407879038534507 2.162136844592286 1.2153247583767441 1.1558829295614765 0.40302383058287017 0.4990035853441096 0.22573215163554888 0.20971276225383106 0.2082864431558481 0.21458287614249957 0.16021373992185056 0.9098165137627306 0.3759908824489796 0.165205599164557 0.05648005259153951 0.14524032031808368 0.085031917067835 0.16739796215424035 8.302823030046342
9.999997618293966 0.008700855786676533 0.0014860039870714919 0.05645014758879064 0.018430580200135296 0.9093719768125451 3.999999953178984 3.019985209578571 2.1398020129421127 1.198860023020274 1.1320692782606805 0.3947981993471642 0.4818740164682332 0.21881906856988453 0.20288894114260198 0.20872214152065188 0.20253477057980707 0.16322702779940074 0.8290473179492909 0.35361607854432703 0.17405668991625528 0.06503589309607843 0.1590153904509005 0.10745042151578427 0.1577063174895743 9.974601943561687
9.999993217476284 0.01994995780482139 0.01173627793953022 0.14987829852261708 0.01238452869654841 1.5830054213516491 3.9999978757961783 3.0450691801214957 2.1677013584153713 1.2195166299567903 1.1625982832502182 0.4058922902755595 0.5045346871658172 0.23234355535177714 0.20890766624001417 0.21016252520588963 0.2015364034655283 0.17754138891670343 0.8656981701919694 0.3896202135174074 0.16914983198089592 0.0624368965635652 0.1434832269478858 0.08460524912379636 0.18955686480271866 7.580039762961775
9.998912410986438 0.010422947953910938 0.023147143135377104 0.043589903095339395 0.016290827322582278 1.2649665116373516 3.9999785172240494 3.0507493934343572 2.1743670627138014 1.2247107213219384 1.169386904622204 0.4089505054462149 0.5103662524474425 0.23216957787659814 0.21292308019870027 0.21633813927304585 0.20978455821031797 0.16415570843153443 0.9178012315072007 0.36679379120738165 0.15869549799940638 0.061207268374584026 0.12585733441695093 0.0709802798043724 0.09335763518435847 9.147185040503254
9.999999984659357 0.007620211723432716 0.004124519396025686 0.003860463888327853 0.01844266989767089 1.1723904731751211 3.999999999444864 3.02182012552421 2.1418539216788828 1.2003006876052122 1.1337146822230588 0.3936879788700656 0.48262539415133054 0.2177849019933326 0.19267023291828209 0.1945343358264402 0.18632102630425124 0.14452670924323305 0.8223720809598128 0.32655642454115913 0.14008441837622676 0.054121255300188624 0.11321829166470897 0.06305990571600734 0.3245907148384923 9.140895178624168
9.996919814266489 0.018361905131860683 0.025734020710380206 0.12647944960006857 0.013600270994611472 1.5551182942972295 3.9999619689673147 3.0610710356141033 2.1862832152307767 1.2342112003806747 1.1844976160611667 0.41656156597944727 0.5263056285472651 0.24235631696403143 0.2246763950350968 0.23667121916310593 0.23318978402993906 0.19043505063268512 1.1147145631470745 0.46590855507959517 0.21079729524719643 0.08374576947246051 0.19639211544450869 0.11680696937714875 0.40716812567359584 7.321101689260628
9.999999590242858 0.0186221916485819 0.0120948272230058 0.10221988638084502 0.01710768000883942 1.1266035248463036 3.999999984265385 3.043699290269569 2.1668609039908464 1.2193097597824718 1.163385965311328 0.4099823757980736 0.50615212954014 0.2313034034245891 0.2128349265001147 0.21966577907687707 0.21474581748096636 0.17016194628395542 0.9981923781179117 0.41941648398343356 0.18580009301837622 0.06941102983164521 0.17171227534547434 0.09741241155318117 0.33183495429313725 7.16433046413531
9.999998032460669 0.021627672364041995 0.012417198503220057 0.18317868776591065 0.011748229223949112 1.6869611058539 3.999998228481703 3.048243812463933 2.1715536477260127 1.2227448333700786 1.1678201872270328 0.4103402063987495 0.5093152757868419 0.2418044270262334 0.21453188085337205 0.22057106252644026 0.21622230676333903 0.17444610602795338 0.9765174069139932 0.4159308005460008 0.18841789817946536 0.07289277559922176 0.1553013048029872 0.10341706625164579 0.19077743686744658 7.504813654441002
9.99999977837109 0.00821319143447587 0.00010079197356282696 0.005649243171558682 0.018144306025481987 1.1656477209733387 3.99999997445434 3.016657708795194 2.135639378481183 1.194909497687111 1.1255708366877681 0.38853047183064626 0.4735221982564657 0.21052360052439614 0.18855960951574058 0.1896052923945453 0.1811322525152888 0.13995830002958212 0.7900188830676781 0.3173475284042915 0.13657772440530958 0.05243866430211557 0.1113609599538024 0.06173015642672985 0.2331099735299349 8.727851941285632
9.999710649607644 0.02254158563492284 0.012410813539957807 0.16467747517166842 0.012876419175308317 1.6021983838518103 3.9999270562996307 3.055293361441611 2.178544145444252 1.2277025143735183 1.174893103264443 0.42820789033127293 0.5149822856845515 0.26395974285737894 0.21710720141323492 0.22293481853158514 0.2153660088978614 0.17240533420533632 0.9524034188017468 0.4047668360949897 0.16438301477240058 0.08798038330752561 0.1267537247718668 0.06856189097826285 0.20458011252798738 7.055755511407668
9.99999998148749 0.012332098468328185 0.021019344151337008 0.053507971439150676 0.01533471221815288 1.3720806303608957 3.9999999999830793 3.0473802943070445 2.1705725301346392 1.2218877922681213 1.1657821147846754 0.40724865773555347 0.5072396173662319 0.2316743340773448 0.21266592393580216 0.21500503695291376 0.22026431868084462 0.16219016147478754 1.0119256201928557 0.4197189732286347 0.17157381634242894 0.07214010419999248 0.12289979643688104 0.07525719730438166 0.051322980051087375 8.387933549064991
9.999892970544584 0.011701001228664588 0.016639625253763272 0.040782465840920296 0.015830753660328423 1.3452217510019897 3.9998599779661093 3.0416879650570303 2.16381757359463 1.2167761796390004 1.1583442630378333 0.4067566284692952 0.5024101197405422 0.22826237920583697 0.20891907623729747 0.21427659096079124 0.20971812128479927 0.16721937513298332 0.9712936692504734 0.3860232322187682 0.17552158957769892 0.0725029846710422 0.1493147553067126 0.08955851824464439 0.1884734918733466 7.973954730628149
9.999999126478976 0.011672787959800705 0.016830681635330906 0.03625343176690385 0.016078088220492708 1.2866597460430285 3.999999456933605 3.0411605603699297 2.1634870569093874 1.2164009447269364 1.1574956594137262 0.403373898169043 0.49956677907644637 0.22563710351566518 0.20443401211385825 0.20732814240386568 0.19918121905823993 0.1546710560403478 0.8710362629736825 0.34043283733569507 0.14549817484096936 0.05697554633430107 0.11267507949956265 0.06227371629624276 0.052644009135355496 8.4060939914423
9.99999732439602 0.026941012744059776 0.0045556266831427855 0.1474214929057158 0.010386330191389242 2.0122721751976878 3.9999984741724792 3.045093560960204 2.1677841696906994 1.2197148675726617 1.1632839712684544 0.4063298610787777 0.5046999448865236 0.22944283532124668 0.2178416899324876 0.2133179288730834 0.21026571849327522 0.16703037051260392 0.9093893058262665 0.36496495414099406 0.15662732184023265 0.16220681168173434 0.12334909523229089 0.07173607813015585 0.09489128333363375 6.0335684979323005
9.999993919577696 0.008792899325527079 0.02221942045321878 0.012490092728845548 0.016617264335712447 1.2792793074138655 3.9999994218407333 3.044397245085526 2.167125996968225 1.2192142755745479 1.161460943226097 0.40531071744126834 0.5033138943676194 0.22848344667947992 0.2075720135667306 0.21364657597894215 0.20747743758129078 0.16226807496122594 0.953329017547154 0.37507915802104663 0.168139451829033 0.056430554146458554 0.13061019228678095 0.08693446899653562 0.39642595889371 8.924491194058778
9.999999595022588 0.0143310884836679 0.01295076463778861 0.07261096338812077 0.01601293577368964 1.2640600492520309 3.9999984201354692 3.039807428756138 2.1621909967065824 1.2155819376218522 1.1572348785841786 0.4034834857688619 0.500978066591169 0.22776162247738163 0.2080579045078682 0.21367334642712044 0.20890432729986333 0.16643182157566588 0.9497808129315459 0.383444660813545 0.15996809814854607 0.06272107648969699 0.1320131203441276 0.08191414168258433 0.1359294746970769 7.713274237586449
9.99999823613159 0.013004915993995012 0.004097675802316497 0.06273224854163968 0.01595538410371242 1.3661635842539226 3.9999998843608435 3.0284533672683587 2.149469449751247 1.2063797787187167 1.14308102727601 0.39834644366718613 0.49131031928596103 0.22570975724912692 0.2066161463774359 0.21190672610306302 0.20068378599766898 0.1580672750657486 0.8830745805474842 0.37342704146865346 0.17640744398206315 0.06284032037447015 0.15930806299568073 0.10005070081690015 0.33329431873950816 8.003005946919483
9.983698421961142 0.02554392995613705 0.020667116225739336 0.19826948997410407 0.010316074041976028 2.0234954226582773 3.999349498447965 3.0670825981049212 2.193523535345598 1.2394059502912032 1.1921819971917609 0.4271789788889982 0.5309260358433036 0.2468753206718143 0.22718168289106466 0.25163286217552355 0.23599501802178843 0.18700420438379575 1.0478562559276252 0.44042565265632366 0.19887271040079313 0.07263469630773509 0.17048843366257505 0.10694731765776214 0.1646573934900876 6.914360703200955
9.990994688460972 0.008302344243763646 0.002851483272424347 0.03464460671346145 0.01834401611313753 1.2760970953862938 3.9999999968674063 3.0213845751054955 2.141519345098677 1.2006693848590446 1.1344556106439003 0.39630505373304326 0.4866635460568095 0.22293280760113351 0.20348756844351576 0.20788526397279522 0.20201560759805673 0.16062501642268476 0.850096697626515 0.3673657200184162 0.1632943240950258 0.06722557663565824 0.15414847379351593 0.08010463352954031 0.20018776520079284 9.50155612417355
9.999994894011245 0.008697988811701265 0.0010411867318571508 0.03164040741080842 0.01798026370290155 1.3390765563543123 3.99999997519636 3.0166598064125063 2.1357324297841283 1.1953154904566414 1.1266278175892204 0.3900314398116955 0.4767132975563769 0.21738673812073545 0.19280541233999043 0.19842343847235455 0.19180141351948993 0.15287050550923326 0.7986944204908867 0.3316647951460393 0.15877521602940417 0.075085279374371 0.14211481803975617 0.09120503371673742 0.21297569991021142 9.228162046168956
9.999998562044667 0.014036053272318511 0.0028699068429429886 0.11777165312424871 0.015978320647276337 1.0786444852665116 3.9999999976553986 3.0281584197532143 2.1491230173902665 1.2061129179656396 1.1425818689290164 0.39936824987307923 0.49150176660024475 0.2279348407219678 0.20955340084733182 0.20969926868373184 0.2119025679146676 0.17324369754100655 0.8795375210667757 0.37342977229014224 0.18603745052023438 0.0856678622265137 0.17152185759288927 0.10941891257770976 0.29644660315566645 8.895155360300963
9.999122544341883 0.009291287829566905 0.0028409841945033747 0.05004837028322417 0.0178400581594722 1.3118105296466533 3.999999824342342 3.0224531959527208 2.1427935639309643 1.201610515643128 1.1358372063070237 0.3965168312453633 0.48732603831731575 0.22227021529154883 0.2024786048080145 0.20660287451197423 0.21046441617299783 0.15840641119479534 0.8571081228317585 0.3547546970818304 0.17663877805044423 0.08053973038727501 0.15296400716317046 0.09301161358256846 0.22097031797421204 9.387804129934123
9.999998523671596 0.025019297179083702 0.020965497926780527 0.1652111264699454 0.009433516518030679 2.6521313869339203 3.999999407303785 3.068778820589556 2.1945750167348725 1.2403208772563121 1.1931937699487818 0.42623261401107493 0.5311268057089045 0.24526080493342833 0.22727164335838074 0.25799447499285927 0.2386786630918972 0.19045360500507638 1.0222818481766944 0.4268308861942574 0.17974627503428336 0.11264746083034431 0.1627932718582854 0.10839095376878606 0.2441351595890027 6.699074132881964
9.999912871779113 0.019733485555001855 0.02447654495380795 0.189735599446422 0.015650444867783286 1.3868351211113676 3.9999966554001496 3.068854128547896 2.194236750597349 1.2397504771975594 1.1930095730674197 0.43833129777301844 0.532515823782503 0.2659003954000349 0.22963314545579452 0.2587475967862194 0.23489241784739706 0.21431702166722189 1.1155458924587471 0.4674781504975979 0.1934263585314981 0.08552821631082162 0.17047204685318884 0.11437303246504472 0.12517331026190964 8.59449272292234
9.999978821043703 0.01308073895943632 0.023508894429962263 0.060387664744519245 0.01660506202065137 1.3488084550550015 3.999989922130624 3.0523573402080824 2.176429711786996 1.2265173858976834 1.172638882125314 0.41055313605270716 0.5131750644148505 0.23396133988721896 0.21409694202883464 0.21912794939891644 0.21228554212513148 0.16620493178187604 0.9603215805836385 0.3742223988280645 0.1602625981059752 0.061273517825994904 0.12559647761452744 0.06891160458219 0.05361051742253376 8.331548206486119
9.999999530443644 0.021885759076254303 0.010998338785581978 0.18442130673729942 0.01711590593926491 1.1937507462634056 3.9999997694966485 3.0462775583552606 2.169795352331322 1.2215976837665299 1.1667470407137903 0.4081457901802651 0.5096226901011485 0.237488006844823 0.21781373629291662 0.22417410489297154 0.21823171300743407 0.18624830988730626 1.005491005581457 0.4180767287961828 0.18795696820301194 0.07499268438300333 0.16715873709651963 0.09912152780022324 0.1947760425364663 7.680339135976576
9.997473437131182 0.02154580543218444 0.10629619626963277 0.1999970773653332 0.009867353463864862 3.967613610049562 3.9999994579079394 3.1667975306565825 2.309880751669223 1.3329193276186058 1.335188691039594 0.4959892668216599 0.6818728150852365 0.3707125544465569 0.39413383234524607 0.44165430703893915 0.5076365294882724 0.4135870013979094 2.515494180641586 1.1811285285203488 0.6151213751433603 0.2772969298522124 0.6423572760178173 0.4099555000693987 3.9657143696775923 11.00569073280008
9.99999598089195 0.008727140980376233 0.00036711521051395815 0.03919045124847093 0.018131902591842414 1.3056276953136112 3.9999999261625656 3.0175034546549395 2.1368396183664733 1.1963575733691187 1.1281009709923957 0.39201672183535824 0.4788442698297932 0.21590943307134397 0.1986776299105348 0.20228758339366487 0.19693506880832076 0.15962996692065334 0.8057889345531302 0.3405212538175607 0.16706975868031626 0.08203046939282234 0.15218971286349883 0.09168399035536395 0.19518268775057004 9.388763285530537
9.999950968521341 0.018653975476668524 0.1104140144225652 0.18031171332106674 0.013819259986082475 1.307441746316785 3.99999962237691 3.1678928799812613 2.3111825808823663 1.3336530572486365 1.3367016975519053 0.5115402948305354 0.6838198786748577 0.3799342214996787 0.3731765849571492 0.46069481485855673 0.5083806808852231 0.455414976673489 2.4767246127746696 1.1782498574806257 0.6615464690260254 0.38196671054533626 0.8286463258218608 0.6315545078497925 3.9927289676472717 11.097868193748482
9.99999855224211 0.006328032115386111 0.001960233497522671 0.004218129230808199 0.019350672322341257 1.1683308496944382 3.999999999968244 3.0175343187402826 2.137031530493634 1.1965561457697431 1.1281841930291283 0.3906353700774388 0.4772585797371988 0.21343600088611206 0.19196451574457266 0.19371771327052512 0.18547566930144072 0.14398246037367354 0.8076427917747694 0.32330026040133536 0.13953966672631135 0.061648944440145924 0.11296371711305678 0.06309923942550104 0.2673366893994869 9.822791073246936
9.999769701371829 0.02265960992716713 0.02084269499577978 0.19991713401181332 0.012582055107783447 1.3311399971005504 3.999999974061352 3.0617280191356944 2.1868641877143196 1.2345325277991805 1.1841288195673847 0.41613966920764317 0.5238576640549621 0.24102084478942185 0.22303972787883006 0.2310307113822881 0.22516699891348207 0.1840153521146041 1.0007390379893046 0.4037116127867447 0.18287097756232448 0.0952013961336767 0.15712736347959205 0.1023134358766437 0.053587786308330415 8.282321290738903
9.995467923531901 0.01917014194382366 0.10529002310791437 0.1894997319612993 0.014260448312642105 1.02251736530357 3.9999526041536675 3.1625453146180207 2.3051535932925553 1.329414236884823 1.3299981693912557 0.5027973673253964 0.6753604497287351 0.4194037607093281 0.34980983310243946 0.39834493754356654 0.43764918402624786 0.36931659586207116 2.5190413692464624 1.0120406487327398 0.485111335511061 0.2084265088449501 0.4667723016552158 0.27818888392136315 3.9513919266184496 11.219245962944166
9.999999660433893 0.007054613465855302 0.004396096366677733 0.0008678711272631185 0.018599402050732048 1.2463037310883682 3.9999999998380207 3.022447681883498 2.141475113900615 1.19920793141523 1.1319853886458253 0.3915089452610671 0.47916154372430736 0.21391564407518066 0.19244624309708813 0.19425749825391145 0.18607940220727814 0.14434631886048505 0.8203531239243795 0.32600191312080257 0.13986381230330222 0.05891774059050612 0.11298230987707786 0.06303422838669172 0.3095531669455739 9.447391333939066
9.999998945896406 0.007129176503295538 0.007014570223383989 0.00994222531239278 0.017830794313886775 1.2232289633828677 3.999999988020592 3.0249679691610685 2.145036722842028 1.2021558092743632 1.1363969918466323 0.393599297580391 0.4826868976121073 0.2157861693296293 0.19456327195750422 0.19672512270790501 0.18873837087788223 0.14655174434163146 0.8366948524291346 0.33515471452919193 0.14381583909606976 0.05305040956231823 0.11811119628280357 0.06276085483542423 0.29164321340109006 9.634309899048318
9.999831053346297 0.007977321983177415 0.0029050069994775696 0.03572865498420218 0.01863177440371677 1.103068638924751 3.9999997521369863 3.0209928839202154 2.1412096633548425 1.2004008919050657 1.1340453562042603 0.39783142625537476 0.48564200541009495 0.22149534998624493 0.20169013519054813 0.20547030695782909 0.19915586733289584 0.15784582248875212 0.8485186319232811 0.36300963220303456 0.17190780698207023 0.06447656554674294 0.15501386143644572 0.0955848992122316 0.18680706002932398 9.63334953249225
9.999639323742887 0.009788387505118595 0.002685481705653912 0.05072967676104167 0.017620516015321372 1.2852550399293088 3.9999999719511425 3.0227472031009817 2.1430303286352697 1.2015187949472688 1.1356553765976314 0.39593828408106574 0.48628668714519796 0.22198768680763514 0.20872385895915344 0.20642154571377272 0.2082996961232616 0.1590383598934905 0.8506875846277564 0.36379257261006426 0.18089465757609902 0.08391106843199755 0.1636238386213196 0.07963340988814038 0.23715642785204036 9.092248355484662
9.999958262767235 0.020636681516224702 0.018503506386369297 0.1748002367243055 0.016927001272044745 1.1107123052374406 3.9999788495674107 3.0565781588094074 2.181368515196772 1.2304605661737886 1.1795218852226705 0.4139911713118748 0.5202650980048291 0.244896916158628 0.21973839525114516 0.23214843367289584 0.22660503807595697 0.18257013982240344 1.020996885158485 0.4372870594557962 0.2012756693916544 0.07849962254427628 0.16021991921546408 0.10889628726901117 0.07461635240595935 8.171116695426319
9.994938196703846 0.01848420492709541 0.10035473449933198 0.17143204954768773 0.014308652738683331 1.2619572947141313 3.9999570251707173 3.154875302887954 2.2958572207772585 1.3211433606532201 1.3180195515213295 0.481859333897569 0.6573117984084231 0.4212535086141767 0.3756041085104159 0.3745603463055649 0.40395631903381196 0.4911650194004055 2.228888563945374 1.0173402376249467 0.5025995857233544 0.2761307694836897 0.6646137638263696 0.350126995923527 3.8692717507935086 10.963956531338274
