7.258410228285282 0.012149882709447227 1.4985411131383772e-05 0.0002636553554941608 0.12940083773896227 0.6009446827924433 2.4896869498945327 1.9499342577599332 2.3421201716040563 1.7561219265849977 2.103258711462026 1.5074395547008943 1.2504096405287985 3.3632698365496907 3.4472129675631975 3.964738417418818 3.9823630330889532 3.9991060653635224 3.425307059146562 2.0930657702594533 1.2788322973076762 1.6218912256934737 1.9114418585884054 2.357837682838351 0.4169968989097679 11.026722644912045
8.315133960453618 0.010627018240625745 0.00016857059890958723 0.0006908209826013388 0.13967567642035816 0.40920066396820076 2.0815196201168598 1.8152345230170952 2.2719900167228277 1.73291069383106 2.0941643327904615 1.502074366846093 1.2380471238114723 3.3433187118864858 3.5195919349400966 3.9968419768790895 3.9435629052229144 3.99510011586995 3.4145827753860982 2.0672973390766773 1.2623569642083603 1.597546079523895 1.8827101075364643 2.315803892657634 0.4066471783472929 11.511900450346912
6.11371048451743 0.013946276466226211 4.152459024155293e-05 0.0005789907299465664 0.11301147152176184 0.590961772385857 2.494366790676375 1.9180595029315088 2.3116903404754408 1.7465432850080889 2.111107790548415 1.5170770541191727 1.2530785854242377 3.3949727542541677 3.5817242022951645 3.983729360847044 3.9535027825948457 3.994334635654215 3.526743981142842 2.1243734175658404 1.3004796781424013 1.6486701831436774 1.9443231669418144 2.3997074897056865 0.4231762506415091 10.908387608140156
8.994673255236387 0.009634533924291111 4.6189298594446126e-07 2.788604810472311e-09 0.14892742533432188 0.4048169402345295 2.3012521483813613 1.9071974580567213 2.318213017667848 1.7410685530848788 2.08399048545716 1.493032969681383 1.2306609103296282 3.321756032105412 3.4949445867245634 3.99999811682565 3.9999456657250905 3.999999882221806 3.3765648327750806 2.0439878861173635 1.2468018436889021 1.5765036739128993 1.8555796203067272 2.2758396416733104 0.3953491428950421 11.235858194435306
5.550526174892509 0.01060772746292777 2.348972552101335e-05 3.94777533704837e-06 0.13927274064238723 0.48847727832504734 2.6202726417280244 1.9393717557612231 2.303191194556111 1.7296087208146131 2.0857010977948813 1.4983732379294967 1.2360875234295916 3.3381652795046355 3.514268231393507 3.998665660623561 3.998781743453175 3.9997673359675576 3.4054318651299003 2.063042067923014 1.2596420873058776 1.5939344843900092 1.8776789678341275 2.3061702210564916 0.4041149420553392 11.539061401184245
9.910357147694505 0.009515257668265205 3.1422422485933905e-10 5.0836052097473385e-12 0.15003562480442395 0.40184934920002496 2.288875919272595 1.9124934546997667 2.321043716369153 1.7411393750862698 2.0830248353450154 1.4922854695938508 1.2300214270173377 3.319813553819026 3.4926574836852216 3.9999999994855746 3.9999803804712024 3.9999999999999996 3.3731523256778986 2.0417291829012485 1.2452798534823097 1.574432870137522 1.852946212886024 2.2722004713334654 0.39432629865491614 11.19251828440261
9.999999999999998 0.009493976369478048 1.5585984625134734e-19 1.609242416082731e-19 0.1502383169621552 0.40130725430837305 2.287456773406624 1.912499918616085 2.3209508923882334 1.7410140432771952 2.0828472794162756 1.492153060432775 1.2299057747421038 3.3194603071254605 3.4922415089603382 3.9999999999999996 3.9999999999999996 3.9999999999999996 3.3725419707289084 2.0413281131416032 1.2450144195878752 1.57407230455624 1.8524911938204591 2.2715893155497238 0.3941614902782583 11.19110183258398
9.104863678297292 0.009600219548875896 2.202339378455133e-05 9.971069234195583e-07 0.14926049731401436 0.40392434909321945 2.3112319026343324 1.9115534083602579 2.319783205134468 1.7410748909841276 2.083491282297388 1.492706920831771 1.2304803908978552 3.321352920428224 3.4945772821586427 3.998742335053565 3.9991488601346354 3.999999975247161 3.3761116905526523 2.0436662847814593 1.2465357083717403 1.5761359889666833 1.8550723086379772 2.2749135906497195 0.3950020519020719 11.226709380522435
8.223613697992361 0.009742816563127442 1.9919960100944192e-05 8.443697461248112e-07 0.147923173849076 0.40756031503860907 2.3194264323349305 1.9001408837590734 2.3118681595157113 1.7394502859993917 2.084631032058531 1.493716674058671 1.2313016125987517 3.3237681190876804 3.4973642172802792 3.9998668199100127 3.999613097179095 3.9999654706199412 3.3802390810545373 2.046404224303965 1.2484139209354588 1.5786942640703385 1.858347092034729 2.279586164213552 0.3963771396795673 11.288619555326719
9.501850000185492 0.009566973143892977 2.712411958657927e-09 2.646408878573748e-11 0.14955439687740357 0.40314162027461015 2.2964194153734563 1.911471151100641 2.3205636651752903 1.7412724586221187 2.0834084485650703 1.4925791695676869 1.2302839354063866 3.3206280216923703 3.493630176016076 3.9999999999998086 3.9999996508160556 3.9999999995799724 3.3746154574647846 2.0426961656830396 1.2459282006137022 1.575313104013888 1.8540609432268167 2.2737215614171844 0.39473914265380844 11.207441748746668
9.96490501185932 0.009505046050110273 4.2386879564200446e-10 8.887492377950022e-12 0.15013768345319103 0.40157545010629325 2.28832562754765 1.9126263409298028 2.3210689808987928 1.7411091503574505 2.082965568514121 1.492236236820783 1.2299708151922597 3.319649231553145 3.4924568953061392 3.999999999993371 3.9999915649612907 3.999999999999994 3.372857810382673 2.041537751177883 1.245156946480192 1.5742673563934066 1.8527413487952307 2.2719431004833313 0.3942680136246651 11.19069766720408
9.986106388421684 0.00950046026377035 3.47257134970004e-11 2.8962376803128628e-12 0.15017747312526003 0.4014697522957781 2.2876549190410325 1.9125395429671328 2.3210104716989535 1.7410646534286192 2.082911439638877 1.4921991349420365 1.2299433966323612 3.3195716578369194 3.492369988091996 3.999999999991517 3.9999995522041725 3.9999999999999996 3.372729438034464 2.0414519168473215 1.2450976186084928 1.5741857423284715 1.8526356244667659 2.271789326988385 0.394219118313943 11.190756093332162
9.990997506407274 0.009495710836403668 4.1854716171890966e-08 4.568286471792028e-10 0.1502252835284954 0.4013678945560173 2.287732811769503 1.9125422240627503 2.3209738051362856 1.7410296527429663 2.0828661858808153 1.4921662733442933 1.2299157533596845 3.3194888501168602 3.4922733813723195 3.999999999350935 3.999945356881241 3.9999999954496075 3.3725880785521642 2.0413584897771884 1.2450344718727302 1.574100053721799 1.8525267051838084 2.2716380473168205 0.3941770551316061 11.191133788162219
9.851376498416329 0.009513273064081553 1.4609290868636125e-07 4.918416492242191e-11 0.1500393996929935 0.4018185791513173 2.290659626127145 1.9124592402874356 2.320847955699987 1.741005530782519 2.0828860428809257 1.4922043558791185 1.2299841457266127 3.3197432067059367 3.4926089203587054 3.9999999989796398 3.9997803331812705 3.999999999999991 3.373093594936892 2.0416835106544085 1.245236030771947 1.5743672805455935 1.852847130824331 2.271994116498231 0.39422762940199757 11.196659097822092
9.821100055774389 0.009527178286797193 7.866758250665024e-10 6.322930479039171e-13 0.14993855914532161 0.4021045518104355 2.292297893890581 1.9128665880365707 2.321204590151556 1.7412590123463836 2.0831715797068 1.492383877053132 1.2300907164138073 3.3200058877911345 3.492871464062453 3.9999998034851907 3.9999980667371586 3.9999999991899187 3.3734792648824925 2.0419511060146247 1.2454386949726357 1.5746522601160913 1.853234286652108 2.2726384876329884 0.39447278871522035 11.193174170546179
9.993657487392948 0.00949699586604297 2.3726481549413635e-08 5.916971943787046e-10 0.15021152757578632 0.40137872900670885 2.287605804771211 1.9125402391556545 2.320991662287957 1.7410447271108318 2.0828839066899008 1.4921781180284932 1.2299243492156153 3.3195128923738384 3.4923007181219967 3.9999999464007345 3.999991620477532 3.999999990609867 3.372630355180964 2.041387610069715 1.245056419330952 1.5741299699209264 1.852566331099031 2.2717014290227717 0.39419788215815643 11.190826980935725
7.633771850509743 0.012410975196247447 8.967062006000459e-05 0.00041880037447169106 0.1267846951817457 0.38052667529222733 2.47359917649644 1.9551354810756951 2.3484972943366746 1.7597003950897718 2.1065487485065733 1.5096237292381094 1.2457429501591706 3.365864914108315 3.5479903287344494 3.9334499943101435 3.9977784882437546 3.9999066311170957 3.4696501277855365 2.0979036245024543 1.2836471419741897 1.6276936777942201 1.9215146792785758 2.3696706463370836 0.4206050706597143 10.802411489545245
9.873716602759348 0.009523614073004736 7.076088584240107e-07 2.2519996377298443e-11 0.14999310892435275 0.40195921449921584 2.2911434125991263 1.9128839675292948 2.3212106254566143 1.741231159173316 2.0831247460335574 1.4923505656829537 1.2300660759418873 3.3199383255251695 3.4928017557335536 3.999999765301768 3.999991580407708 3.999999823238086 3.3734009155163265 2.0419051796604024 1.245418799611897 1.5746242358423106 1.8532044527421225 2.272632738740925 0.39448121087178806 11.190262027682849
9.999999999997852 0.009493942650115545 1.6215814098030257e-15 2.999979386508772e-16 0.1502385472642216 0.4013066390456715 2.287456024157856 1.9124993829381385 2.320950286764682 1.7410136071516078 2.082846789296598 1.4921527454827306 1.2299055675997437 3.3194597531286227 3.4922408931395688 3.9999999999999996 3.9999999999999307 3.9999999999999996 3.3725409627322374 2.0413274012951668 1.2450138571219456 1.5740715303809867 1.8524901484925624 2.2715875579818654 0.39416086688196766 11.191111775873567
7.131900966366093 0.009895745432008031 2.1690614412397523e-05 3.6040795883040747e-06 0.14662343949065604 0.4106171724132092 2.4884544196748672 1.9416621128968852 2.326090417065633 1.7430510247354198 2.08632651185778 1.4947818784750861 1.2320423617336105 3.325857567833558 3.4997022966608493 3.9991468652885485 3.9976842551021354 3.9999675070065637 3.383919603819678 2.0488967025223994 1.2501386672340349 1.5810980247843136 1.8614881506746543 2.2841686044190257 0.3978917097952519 11.277678797394856
9.649704483061328 0.00954933012370034 3.996333264802833e-07 1.452519410699418e-09 0.14972362822394625 0.40268460824803104 2.2929174649411617 1.9117319880015782 2.320694130492987 1.741180163399999 2.083211206427666 1.4924414791399527 1.2301813007928464 3.32033564661302 3.493300536762603 3.9999996247548384 3.9999779699184597 3.999999987280187 3.374125487450135 2.0423684485907683 1.245701703285735 1.5750022146842602 1.8536592196692774 2.273139520981847 0.3945601348214636 11.201878443312896
6.299674768301814 0.01025927363195353 9.206692907631493e-05 7.783277958004707e-07 0.14261193413400963 0.4359725091399743 2.4379984490691733 1.890720648919625 2.285394040489475 1.7270602123619034 2.0857006937800544 1.4974979605836898 1.2347994999426044 3.333994863339132 3.509481244885189 3.991537662502583 3.9825604070421936 3.9996261217644693 3.397566761122661 2.0578351513895554 1.2561997895631711 1.5893189944009185 1.8719583346660722 2.298884137176535 0.40319042042717707 11.530282631471934
9.846320103398718 0.009525260091830983 2.173572403289014e-06 2.456406559206939e-12 0.14996922222881887 0.40226719045840587 2.291169702585781 1.912675802823982 2.321068365635035 1.7411637612043276 2.0830676057009705 1.4923231414522236 1.2300650689832227 3.3199663391189365 3.4928592396232103 3.9999999706385134 3.9998483809373417 3.99998699848273 3.3734958624341873 2.041963558209761 1.2454502721552552 1.5746635020580466 1.8532454776399963 2.2726493011213558 0.3945237933150173 11.192892535325537
9.999999980055499 0.009493919780190483 3.3857465290059777e-15 6.44712219854141e-16 0.15023869563257755 0.4013062426644909 2.2874556498070175 1.9124991390435475 2.3209500121669127 1.7410134073710704 2.082846559724208 1.4921525911196276 1.22990545198596 3.319459416028967 3.4922404896883656 3.9999999999999996 3.9999999999995963 3.9999999999999996 3.372540278646926 2.0413269205124953 1.2450134806341382 1.5740710179854625 1.8524894636636133 2.271586427429837 0.3941604929368287 11.191118547384008
7.734742359970304 0.009827482418425088 1.2162934691313236e-06 7.876687181833864e-08 0.147109859264617 0.4094833045523044 2.368148228618919 1.9086195810754931 2.3131339761483822 1.7397172553052642 2.085478144921405 1.494366333526334 1.2317364141569946 3.32491831715211 3.4985783972339366 3.9999371575570772 3.9997452325419234 3.9999986658419964 3.3819622581010553 2.0475661295001837 1.2492174958847235 1.5798121740638578 1.859812135615788 2.281759406981724 0.3971019420233842 11.298951970396132
8.777494356467168 0.00966046854453239 2.748096685136482e-08 1.7085348013166296e-09 0.14868589744986777 0.4054353285808248 2.3126531153392103 1.907916525961924 2.3179518035222366 1.7410956388688892 2.084268635009572 1.4932382183456474 1.2308106790225277 3.3221775128820967 3.4954128137754936 3.9999999987740664 3.999898796425995 3.9999999805832878 3.3772545353519043 2.0444466626366937 1.2471130144864842 1.5769337713290892 1.8561347809161588 2.276629524112953 0.3955990049242614 11.243294757819331
9.540476693732195 0.009565897065606678 4.524181186376794e-08 5.042197253884044e-11 0.14958341126434813 0.4030477054049411 2.298322909330013 1.9124555176813651 2.321039000716636 1.741431268768874 2.083511979171921 1.4926333072349016 1.2302984929421519 3.320630907899669 3.493603447696718 3.9999994182444985 3.999993131261568 3.9999999918175178 3.37457603850619 2.042679267689668 1.2459327839091998 1.5753257926226767 1.8540943579325095 2.273841588064547 0.39481970995738647 11.202096656999466
9.706306967078092 0.009536474676140874 8.137372248334405e-08 3.6359820418710963e-09 0.1498371675371139 0.40236827316728885 2.293892577605728 1.9123275937350706 2.320788678708501 1.7410772690798417 2.0830303272884536 1.4923170930787177 1.2300921203921824 3.3200896770697006 3.493033809082227 3.999999999788113 3.9999970849806874 3.9999999970610842 3.3737516219878487 2.0421214524843188 1.2455357343779834 1.5747724825964298 1.8533625788779524 2.2727177629552693 0.39442108235635226 11.199543218665514
9.70153473507337 0.009549205155213151 5.972490288980086e-09 2.354015785302057e-09 0.1497186563931795 0.4026955975958906 2.290941186366604 1.9117192287413067 2.3208818877401853 1.74130919668731 2.083339525240462 1.492514533820577 1.2302107990008124 3.320379325750368 3.4933161263263766 3.9999944809237347 3.9999845039931787 3.999999999863817 3.374127996656542 2.0423757776517113 1.2457175633118567 1.5750293168957492 1.853707050144519 2.2732626386975827 0.3946319947251255 11.199736847389008
6.124118927600788 0.010279002700451385 8.318518695119112e-05 2.9074717075023952e-06 0.1423115065769324 0.4570725239757269 2.4825295580898787 1.9038694144099872 2.2907736911787704 1.728121058583396 2.085598717754977 1.4974508869313596 1.2348337764249393 3.3341553855193586 3.509364704332492 3.9998779539986598 3.976768091714198 3.999837812649979 3.397713240400259 2.058048220470115 1.256328719049846 1.5894741491244297 1.8721146404931277 2.298887991551257 0.40294148778047184 11.55650832209176
9.999999999999854 0.009493953748441437 2.347305654956787e-15 2.858126943954187e-17 0.15023849242585113 0.4013067855463428 2.2874561417380312 1.912499466467488 2.3209503809764724 1.741013675137064 2.082846865685194 1.4921527965118502 1.2299056102698436 3.3194598877219237 3.492241070129058 3.9999999999999996 3.9999999999999956 3.9999999999999996 3.3725413042430175 2.0413276490957326 1.2450140645343581 1.5740718104369475 1.8524905273417918 2.2715882122290276 0.394161083693144 11.191107919222025
5.947095743985764 0.010709092303424846 0.0001015585695822792 1.9543248313273927e-05 0.13831579313466036 0.4331966198436624 2.5139893390921766 1.9099138264080453 2.292735576511661 1.729266151527488 2.08874258294758 1.500329449302463 1.2373327403270509 3.341701995554623 3.5181264533945744 3.9999664794116314 3.999074726659993 3.999032779236774 3.410605560002103 2.06640812382933 1.261984601518193 1.5971419371733808 1.881879083407707 2.3128082422829563 0.4069001644850172 11.436057531091134
9.260932686187145 0.009603526122527463 5.721274027773002e-07 4.238002513476344e-09 0.1492230987325569 0.40402510905082123 2.297141549467239 1.9092621343366503 2.3195779566824712 1.7412703168864947 2.0837510205565084 1.4928358932594723 1.2304935275430176 3.3212500777423646 3.4943520129735504 3.9999962950290313 3.9999939826476756 3.9999998541477786 3.375687152204922 2.0434082973874497 1.2464143823387386 1.5759761828498604 1.8549100373530651 2.274924007384431 0.3950942294386649 11.220054101910836
9.995930650774527 0.00949550376742539 7.340782266744566e-08 3.643632732676238e-09 0.1502260614658839 0.40133920596208084 2.287469810339611 1.9124767516627525 2.3209245248709744 1.7409972920771244 2.0828328720276867 1.4921475587397823 1.2299086817101916 3.3194789439247168 3.492269850777694 3.999999841602352 3.999976976540827 3.9999999991405595 3.372581338048819 2.041351035521575 1.245024127542374 1.5740843092822332 1.8525015644838247 2.271580250365855 0.3941481267030156 11.191076238841656
9.992846054982323 0.009498702378944441 9.646494214071362e-12 1.1430157768216477e-14 0.15019725809248402 0.4014164710492934 2.2876304368627873 1.9125625870555931 2.3210217469580017 1.7410675404126992 2.082910476812346 1.4921956618877044 1.2299361555093629 3.3195442936560497 3.4923341523540032 3.9999999999561204 3.999999963806697 3.9999999999999396 3.3726779128320885 2.041419522379135 1.2450787112032113 1.574160871988689 1.8526067643107724 2.2717619420439354 0.39421832638793 11.190463713570074
9.849662057458413 0.009519303289200016 1.2313536645057782e-12 1.7415607316983863e-12 0.15001179615489105 0.40191038151526787 2.29210919812653 1.9129522823114136 2.321182585169479 1.7412045835827095 2.083093146481237 1.4923279628739188 1.2300455287715741 3.3198723581077827 3.492716433906955 3.9999999999999996 3.999999966964891 3.9999999999976774 3.3732476225492953 2.0417964355792724 1.2453315441695154 1.574506246436571 1.8530465927897393 2.272367847980028 0.394392072862265 11.192681089770835
7.109594669484368 0.009854283040176215 3.2767444998744186e-05 8.696256883796908e-06 0.14705557375956885 0.40947957391535433 2.494135547215273 1.9436748487559274 2.3265906205966393 1.7430231208025602 2.0859262019200235 1.4944737599840834 1.2318118675886651 3.3252171753687985 3.4989964636743496 3.9997005860603925 3.9974230519905585 3.999969407248001 3.382936663021026 2.0482443399955854 1.2496837421766034 1.5804807472300717 1.8606919640067885 2.2829858949436725 0.3975627158686329 11.281710697108377
9.99296772769742 0.009499379350034877 2.3423957153917747e-15 1.0211561608592637e-18 0.1501896264986525 0.40143702899948863 2.287562359127588 1.9125489479475712 2.3210180522383745 1.7410668752499914 2.082911138610691 1.4921971230419373 1.2299390130961296 3.3195550202165824 3.492348358368188 3.9999999999999996 3.999999999964681 3.9999999999999982 3.372699119297573 2.0414331815132347 1.2450873504669968 1.5741722506681841 1.8526204915984577 2.271777985285418 0.3942206185004056 11.190466831723214
9.928959808893074 0.009513588890193084 2.0879590401371678e-11 2.916588882688574e-11 0.15005292630344116 0.401802760311408 2.288419437253083 1.912493289025183 2.32105689364109 1.7411412335017071 2.083021558521459 1.4922809826739065 1.23001465342542 3.319789176664919 3.492626449804075 3.9999999999994134 3.9999999461625966 3.9999999999999996 3.3731078636193206 2.041701281637585 1.2452640169263618 1.574411772927482 1.8529216876369625 2.2721783769082955 0.3943253976222544 11.191799405882254
9.818294947703771 0.009524612382986105 3.333099563657164e-11 3.880272294815538e-13 0.14996052264409743 0.40204793197123084 2.292593269428538 1.9128947133319316 2.3211721215974785 1.74122568830821 2.0831312050339172 1.4923574007128402 1.2300728253362536 3.31995799688127 3.4928192100525175 3.9999999999999996 3.9999999459001203 3.99999999993381 3.3734004857323345 2.0418969067580948 1.2453981125920632 1.574596372467562 1.8531599634954756 2.2725192850809544 0.3944313810115063 11.193657136841875
9.993020705292718 0.00949933774662872 1.7193886403009039e-16 8.0691842979559e-18 0.15019003801533043 0.40143592784600957 2.287563125376611 1.9125491157713823 2.3210178911470964 1.7410666780158313 2.082910857999359 1.4921969013904188 1.229938796731793 3.31955433138512 3.4923475228400362 3.9999999999999996 3.999999999961408 3.9999999999999996 3.3726978757777264 2.0414323634481932 1.245086803860466 1.5741715157455112 1.85261957082475 2.271776743360484 0.3942203055342418 11.190468488855915
9.99999999957019 0.00949394963074371 1.2415629024675907e-15 1.0666194169547398e-16 0.1502384966037336 0.4013067743608897 2.287456036668908 1.9124993953275256 2.320950304376088 1.7410136223950217 2.0828468136724125 1.4921527665344996 1.2299055941619472 3.3194598467166636 3.4922410171464375 3.9999999999999996 3.999999999999977 3.9999999999999996 3.3725411706075983 2.041327543268004 1.2450139607538042 1.5740716689375218 1.8524903266972959 2.2715878238345146 0.3941609387234008 11.191110100576582
5.258213914189994 0.013644529702505948 0.0005449701567609699 0.0005793965609399154 0.11477195376830854 0.42204257928315847 2.7206692413919695 1.980048815088087 2.3343724997307786 1.7485920955940004 2.1084515185352886 1.516113360274831 1.2528911075176534 3.3869739202035465 3.5849620189573774 3.994089763083222 3.9999915563770054 3.9999981250642667 3.53760386585523 2.1336293918998432 1.3062517862628336 1.654819060323191 1.9547683192405378 2.4061585834908046 0.433249792282482 11.074342097233043
9.999999999971253 0.009493923606211754 6.307413873144779e-16 1.3279896793776721e-17 0.15023867769627552 0.4013062905283207 2.2874555800392744 1.9124990661861578 2.3209499295536284 1.7410133500833909 2.0828465010266943 1.4921525609145647 1.2299054481221792 3.3194594370378527 3.4922405441996713 3.9999999999999996 3.9999999999998384 3.9999999999999996 3.3725403921401558 2.0413269974980275 1.245013537038881 1.5740710891902268 1.852489550951657 2.2715865475039707 0.3941605056234996 11.19111740804264
9.952738064512555 0.009506918290424498 1.1998731112090865e-11 4.770985996083817e-15 0.15012468788210967 0.4016090373700444 2.288856082282849 1.9127080462773247 2.3211119544141425 1.7411370003143158 2.0829967503599596 1.4922560833990177 1.2299830295811809 3.319680384377062 3.492489517135177 3.9999999997895164 3.99999998297842 3.9999999999971427 3.372908528320967 2.0415731162316195 1.245183862279684 1.574304971407272 1.8527921742610653 2.2720265561880466 0.3942990376776062 11.190530799175242
8.01716239107666 0.009555275660671748 1.0293722782962494e-05 1.036795030812153e-05 0.1508121575357655 0.4083459092995503 2.0025295632428057 1.7917709538209388 2.2395692234319537 1.7182468347455766 2.084857931030681 1.4977175885339546 1.2347087335226872 3.3289270597505616 3.502593426059833 3.9989358314511563 3.948872163885721 3.9966288464412116 3.3869066121845393 2.0529875967678346 1.2542083245676867 1.585921379254292 1.8671736915988166 2.292427457115859 0.4030550555889949 11.63322875147821
9.999687328401562 0.009495069313879705 5.850915391791013e-11 3.90915048990059e-16 0.15022827149651868 0.40133408465095977 2.2874428256340456 1.9125065164581179 2.3209625355150165 1.7410232284371931 2.0828585372398836 1.492161027319563 1.2299121675411249 3.3194791082703587 3.4922632648668257 3.9999999998489377 3.999999709193325 3.999999999999859 3.3725743616240376 2.0413497514169117 1.2450294404955826 1.5740927703657466 1.8525175398659353 2.2716274593758556 0.3941729393552121 11.190943370856466
5.635568124683131 0.010527882579221944 6.069964367365714e-06 2.5900033873412436e-06 0.1398661852506059 0.42539511019643544 2.583218790336889 1.924273302744286 2.2941833614374665 1.7263120913402132 2.084746557443584 1.4980658993492826 1.235731824414085 3.3369445757356835 3.5125418207364594 3.998968828282659 3.9851383240812916 3.99988099708507 3.4026138773541628 2.0611474519799757 1.2583260342158715 1.5922251685654365 1.875589502597397 2.303597218774438 0.403351033605738 11.539574060734022
9.769869156520656 0.009530984498250657 4.47914113584392e-09 2.07806045470629e-15 0.14988989142452025 0.40223627152122127 2.292311032884301 1.912410127976362 2.3208997523204253 1.7411139387057186 2.083045054582539 1.492317563419339 1.2300769083175735 3.320022096507719 3.4929371719045723 3.9999999999999996 3.9999999839973883 3.999999986548256 3.3735989330061233 2.0420232399174227 1.2454751788029577 1.5746929900043687 1.8532683587815526 2.272616971583991 0.39441199019050527 11.196996298924205
8.245748399862153 0.009744394340764722 1.244361409852251e-06 9.580010789637459e-09 0.1479040514035754 0.408985587227391 2.329342680288276 1.904773375996086 2.3144109080762076 1.7403075466298088 2.0849361795478623 1.493829558098911 1.2312911994682862 3.323594610402661 3.497046900020879 3.999837256263314 3.9999941746114462 3.999996991157051 3.3796761944609632 2.0460536666107716 1.248204380796939 1.5784248959300269 1.8580431517576663 2.2793183663433187 0.39639644512242933 11.276492865824224
9.994555364144055 0.009498338585556446 3.3284111839317543e-16 1.9193534390351063e-21 0.1501997028416493 0.4014101020390652 2.287560484275475 1.912548692047652 2.321011854103344 1.7410607771424882 2.0829029380499224 1.4921909227412065 1.2299333946136575 3.3195376043578055 3.4923275669097076 3.9999999999999996 3.9999999998989932 3.999999999999999 3.372668309598065 2.0414128474269044 1.2450736918012004 1.574153781307973 1.852597145674591 2.271746029958992 0.3942120818982391 11.190520132377136
2.871480232571356 0.014084476481255662 0.0004822436561622487 0.0001562228092932211 0.10691263804738714 0.44476497607439985 3.998808856750793 2.3400560583554153 2.573412228282382 1.816182837476774 2.103745461646247 1.50667096132115 1.2511021386289776 3.3971819333085618 3.5910777906991616 3.9963193368537904 3.9679931869125284 3.9978511636706884 3.5241569774563395 2.1365462880753174 1.3089808488909425 1.6611366776754215 1.9641691247081428 2.426132194643149 0.4865251657950894 12.130661434344255
8.730018595148985 0.009602841858431566 2.8033512464569865e-05 6.814912629247137e-06 0.14899730283904525 0.4046286191773406 2.2739727005409907 1.8934901259007133 2.3113559381504407 1.7395485360229046 2.084211355001653 1.493265716643501 1.2307797275708354 3.321985569882015 3.495097603766608 3.9993647496984237 3.984450803954428 3.9999833073354254 3.376678354567235 2.044053451575436 1.2468345282377298 1.5765712965912435 1.8556837534369874 2.2760066669467807 0.39551621768998496 11.328611471624157
8.945068979708942 0.00963389592345727 2.469905599831379e-09 2.85840921794605e-10 0.14895720126125106 0.40581214684726513 2.319499926805332 1.912500156416344 2.320239200853195 1.7415214252626134 2.084080925926244 1.4930633141180936 1.2306541514378309 3.321699719657381 3.494850746058605 3.999999875567384 3.9999033217908493 3.9999999908111055 3.3764451865955794 2.0439163925156723 1.2467625418981412 1.5764601106418406 1.8555388824120518 2.275831157940308 0.39539024456684096 11.225262821162527
8.395030250063968 0.009693674120602897 6.249461379685781e-05 3.2173377969935154e-07 0.14820805893234648 0.406554113692449 2.2717365390429602 1.8868486534162485 2.306820467029038 1.7387271600094936 2.085320349579817 1.4941990689385303 1.2315062011736695 3.3240842306570157 3.497498803643617 3.996396756500977 3.9869801754013916 3.9999931843398095 3.3803483140685517 2.0465047702611368 1.2485548177657633 1.5789293761292316 1.8587535452053048 2.2805760641979944 0.39701393631946913 11.34976930374264
6.4336316703433765 0.012460491288575293 0.00033874125924742056 0.000298928262645555 0.1255975287823478 0.4816494599427956 2.4302320320882735 1.8957585751655908 2.299545285088004 1.7400969815911451 2.102769460462885 1.5103029183680292 1.2466526451749125 3.365447059430522 3.5557310079017728 3.943041535376605 3.9236206934476847 3.999497131095616 3.4629385345859447 2.102780457743851 1.287692153294467 1.63094249440262 1.9231682765575417 2.3765222022042956 0.4161064795769571 11.118479666194638
9.397916067557945 0.009570660604593412 1.007298632502715e-09 2.1979550464025557e-10 0.14952010877465355 0.40322935061441945 2.30261371336161 1.9121312535106443 2.320506588564 1.741167832548272 2.083299696137031 1.4925198425075534 1.2302659837297931 3.320621105323279 3.4936613028923564 3.9999999999999996 3.9999993641015865 3.9999999993166466 3.374695952026699 2.0427458765816335 1.2459537186114014 1.5753422926774563 1.8540860571505757 2.273706486961581 0.39469590019587514 11.210331523920054
9.141764370661287 0.009597931357857437 1.8307349989957133e-10 8.439938961508578e-11 0.14926988006190164 0.4039053044853075 2.3115344911579285 1.9120491535081872 2.320087211535915 1.7411453571407498 2.0834661402935617 1.4926558433602566 1.2303929889464105 3.3210245400087093 3.494150698310061 3.9999999999999996 3.9999997263836433 3.9999999999620703 3.375445976874507 2.0432417073356772 1.2462849440554453 1.5757919806989018 1.8546544721084675 2.274473956528014 0.3948993381503583 11.220150168688415
9.999022418433023 0.009494521766079496 2.245997597772798e-08 1.1533823417745846e-10 0.1502336695491901 0.4013194635291209 2.2874301868043703 1.9124841185724908 2.3209351531060434 1.7410037436128658 2.0828376376558926 1.4921485707711526 1.2299058960825346 3.3194658137456803 3.492251514531243 3.9999943311140616 3.9999988488602396 3.999999999999607 3.3725560493918367 2.0413360075127054 1.2450171716176184 1.5740753673298098 1.8524927294997258 2.2715805478606153 0.39415352339121706 11.191101392555112
6.78082348810574 0.011314526025674893 0.00016704263834928414 1.7384207120068555e-05 0.13415426978764233 0.4217383102496825 2.210820348358078 1.824305717780255 2.2533128353082073 1.7202614471678568 2.0922745352417573 1.5043230438221744 1.2410251965071923 3.354495281245145 3.5291871131676524 3.9906293062726097 3.9999971019205542 3.985284897284006 3.437494112886627 2.0799388531443146 1.2710958125201166 1.609340731046489 1.8972575159388538 2.3343379431197615 0.41223524093577313 11.340873227591128
9.960926455171352 0.009507259076038591 3.8526059445037264e-10 1.2966893534933403e-12 0.1501169753376022 0.4016306507760936 2.288269626149512 1.9126088211879542 2.321080498594237 1.7411244449350793 2.082986103340695 1.4922510570333898 1.2299832386247909 3.319686569413909 3.492500889746404 3.99999999982887 3.999998619062917 3.999999999990964 3.3729241778224783 2.04158217694206 1.2451879388195912 1.5743094577225678 1.8527954577793277 2.272021580550308 0.39429102047787823 11.1906280487336
6.375274728295692 0.010289518840899998 0.00013805312662672068 3.101524661192285e-07 0.142379851093154 0.43981742286966674 2.4811082289515247 1.9125844689700502 2.3013987023271305 1.7340373569334235 2.088184243974156 1.4981358896240469 1.235080233331376 3.334866677125896 3.5102386512031147 3.9950286587120067 3.9717394423978964 3.998737203079592 3.3992595634301828 2.0590900155965577 1.2571115510115145 1.5905931442888706 1.873660423242736 2.30158535972422 0.40307113540889 11.48178192022473
7.313710845107493 0.012931592187237384 0.0004977134260387733 0.00026491619703960037 0.12298921361430375 0.4711672040372863 2.386512760305973 1.9096520290697168 2.3227550055107495 1.7528450331958823 2.108391781286232 1.512635329020297 1.2489324844626388 3.3714380810423674 3.5177825369394244 3.898440024363514 3.9575339621178776 3.9448415535213983 3.504926869423312 2.112689819383954 1.2936675902137993 1.6389446782264794 1.9327347829858033 2.38100671689042 0.4414583154013654 10.95134343137957
9.999999999999993 0.009493972688235179 5.376457821084875e-18 9.143233501438208e-21 0.15023834221125312 0.4013071868599573 2.28745668884312 1.9124998580045445 2.320950824508779 1.7410139947335392 2.0828472250227055 1.4921530257043993 1.2299057521083172 3.319460246668944 3.4922414418860916 3.9999999999999996 3.9999999999999996 3.9999999999999996 3.3725418590882463 2.041328033908167 1.2450143560985647 1.5740722168856072 1.8524910753679416 2.271589113321629 0.394161418317526 11.191102910376255
9.979497790556177 0.009509592402915731 5.226584537750339e-17 1.792665840527031e-20 0.15008998259809841 0.4017021690817934 2.2869474251228814 1.9124361069636364 2.3210845628853103 1.7411522463845355 2.0830238418434446 1.492277104794208 1.230002543338403 3.3197398206264372 3.492558584020321 3.999999999846843 3.999999999900217 3.9999999999997757 3.3730003947906333 2.0416318060172562 1.245220464597694 1.57435395303462 1.8528520181265562 2.272099063174443 0.39431460069706736 11.190253196358583
9.115955987603222 0.009611351238294881 3.7055349376980674e-10 2.247711210494621e-11 0.14914475865121413 0.4042404361951494 2.3064020547264983 1.9103606645296243 2.3196420284938495 1.7412563508172074 2.0837717387797414 1.4928577441655058 1.2305174906437506 3.321333207898091 3.494456259696803 3.999999999999286 3.999999405727382 3.999999999913514 3.3758529229344383 2.043515419390898 1.2464790963704353 1.5760648191464002 1.8550180253233721 2.2750423488812364 0.39511481926162173 11.224091208361681
9.994804674720923 0.00949795290623252 1.6752233410645217e-14 5.9212001991212e-20 0.1502036430338729 0.4013995423325002 2.2875740688637367 1.9125509916574455 2.3210110065397447 1.7410594614547825 2.0829008796279878 1.4921891704545285 1.2299314876384773 3.3195312995413104 3.4923197280626788 3.9999999999999996 3.999999999778904 3.9999999999999885 3.372656596497868 2.041405169009036 1.2450686130689181 1.574146978583297 1.8525886541681522 2.2717348937587762 0.3942094849575495 11.190538930954608
9.942014277070738 0.00951297070810024 6.757709701961816e-10 1.384248356407901e-13 0.15006163261372715 0.40177872457442865 2.288231762369921 1.9125303754399956 2.3210864216128178 1.7411537859301047 2.083030953991947 1.4922850616050307 1.2300140148737133 3.319781930428759 3.4926145953114274 3.9999999946364158 3.9999988357788454 3.99999999999763 3.3730923806556716 2.041693008866096 1.2452620868461097 1.5744097783252067 1.8529221634479385 2.2721938304114833 0.3943368537799744 11.191048160685547
9.56365670204237 0.009554678270754725 1.8152891888435486e-07 8.287539602690408e-10 0.14966193125598004 0.4028462456005714 2.2953624368550223 1.9116470859546886 2.3205506018572146 1.7411511445917873 2.0832215078558627 1.4924556427518059 1.2302015096311436 3.3204078218885296 3.493393112710573 3.9999999993647837 3.999793147887193 3.99999999999192 3.374262365383457 2.042455035730816 1.2457521881920703 1.5750696570346792 1.8537383726768288 2.2732153651115716 0.39456463675408304 11.206359832047333
9.992803150273714 0.00949961644126216 5.464923930614256e-10 8.21324018140761e-15 0.15018696080281024 0.40144424198363654 2.287534610191578 1.9125411265514425 2.3210140569097835 1.7410648620112184 2.0829094347455372 1.492196459557421 1.2299394893467885 3.3195579082479916 3.492353056450686 3.999999995001356 3.9999999461060574 3.9999999999686042 3.3727072612566014 2.041438601993678 1.245091136505436 1.574177148954253 1.8526265057096183 2.2717860288094256 0.39422188206855563 11.190490621062292
9.998249534708284 0.009495770533658932 1.2540803189721649e-10 3.0702169428461475e-14 0.15021999568606093 0.40135619690754576 2.287442499951912 1.912504122087927 2.320962578835433 1.7410243699989416 2.082861374242862 1.4921640199103203 1.2299159214988034 3.3194917484528967 3.492278419833043 3.999999999999999 3.9999790190534013 3.999999999999995 3.37259348624455 2.0413611522720374 1.2450348613254465 1.5740999672623617 1.852525116990441 2.2716297029515236 0.3941704813428088 11.191027315451189
9.986413583695528 0.009497894214787184 2.2534513639448572e-07 4.6077270749360516e-09 0.15019575764383816 0.4014192280233654 2.287500260272227 1.9124395341561469 2.320900760164701 1.7409870646193464 2.082827271291369 1.4921483201257684 1.2299173910724297 3.3195160617973545 3.4923221169010046 3.9999999999245692 3.9997115652176474 3.999999998800513 3.372662384217965 2.0414033901885342 1.2450573324362013 1.5741277263647142 1.8525535002565074 2.271639558738447 0.39415506156628394 11.19215245717329
9.25943436204099 0.009585895256121945 1.0377844708733145e-09 5.42755232723313e-11 0.14938034808140366 0.4036072781630369 2.307051117708959 1.9120135229020712 2.32028242397663 1.741166235366594 2.0833997796437544 1.4925996523790976 1.2303388160489888 3.320850121390517 3.493937402768984 3.9999999999999996 3.99999945508318 3.9999999993807305 3.375117622257426 2.043024927015791 1.2461408121389528 1.5755964820740804 1.8544080222935126 2.274144681034993 0.3948140592051772 11.215622218555534
9.999999999791365 0.00949395205500268 1.779598254247222e-17 3.094634212498076e-19 0.15023849270793047 0.4013067847721746 2.2874560588833597 1.9124994099142179 2.3209503201153514 1.741013632549764 2.0828468227453403 1.492152772116858 1.2299055991122154 3.3194598651783767 3.4922410477860506 3.9999999999999996 3.9999999999999996 3.9999999999999996 3.372541250272279 2.0413276045643753 1.2450140191729064 1.574071747373087 1.8524904355350782 2.271588029086887 0.3941610091680192 11.191108953132506
7.316449341144997 0.01297491007196019 0.0007785744624660726 0.0014511003749728274 0.1230109684743183 0.4892757374860284 2.304031633691201 1.8758618967208385 2.3039459699187064 1.7468416201504782 2.108855833893367 1.5141242577020066 1.2506543062779707 3.390463090022786 3.5857198992298343 3.959811982139196 3.8579703083345676 3.958516548058922 3.49996649748429 2.1239805035443338 1.2973314783174812 1.644169269460157 1.9465770529213808 2.3911489519957057 0.4300755872048874 11.115528731442605
9.756659644074164 0.009542295947955155 7.122077585722691e-09 3.150066294789819e-11 0.1497870712541146 0.40251202312431444 2.2904447708919835 1.9119963853206992 2.3209857564317318 1.7412949631563719 2.0832845976418355 1.4924722624766196 1.2301732969410337 3.320264176161425 3.493180778913926 3.9999999792362093 3.999988228276464 3.99999999998757 3.373932292969007 2.042248245326204 1.2456353712339538 1.5749176272366328 1.8535674732655767 2.273083039526082 0.3945862063939572 11.197148629938592
7.914466567432484 0.009720582154940262 3.506337236844391e-05 1.373771561468232e-06 0.14930475519651334 0.4060076412630026 2.2749314113487604 1.8937841465053415 2.301707747247941 1.7379472894387584 2.0871128420155527 1.497285263199029 1.2352916255830155 3.329510962592346 3.5043769262040327 3.985642309823661 3.9699363309212976 3.996230495331391 3.39410334327664 2.0602366337510833 1.260706919582089 1.5942038018194986 1.8768313280190294 2.3025265662002714 0.4099419672191651 11.405971235173435
9.490150689358027 0.009567342331485509 5.56625626538928e-10 2.392965431744339e-12 0.1495486998160041 0.4031578450212279 2.2967246957111564 1.911408886891792 2.3204922095264466 1.7412329408179774 2.0833726223472624 1.492559218380753 1.2302769860360445 3.3206208230529723 3.4936331168485166 3.999999999999997 3.9999999754542994 3.999999999938867 3.374626641670167 2.0427020323554137 1.2459294053801235 1.575312855416141 1.8540567930112606 2.2736999810493854 0.39472048905082324 11.208229692210397
9.61448059601034 0.009558795164300598 1.2595873548929288e-07 2.5642952256999297e-09 0.14963395156021175 0.4029248241833507 2.2923043500641436 1.9113727978659822 2.32070150261993 1.7413066901934104 2.0833968297903183 1.4925612585859147 1.2302560602351824 3.320524784092478 3.4934939792913178 3.9999997181042044 3.9999796333555744 3.9999999668809303 3.3744007770556825 2.0425562899850433 1.2458390913909616 1.5751938199737647 1.8539151092975106 2.2735467234776383 0.3947076294654034 11.203300701618906
9.483621332641386 0.009565764016829768 1.7783713219526972e-09 6.1137779559925425e-15 0.14956164865937854 0.4031209503400816 2.2975407807984674 1.9115458550183133 2.3204819995500907 1.7411957717938262 2.0833229209306268 1.492528205228535 1.2302595345522285 3.3205804777817667 3.493595778047891 3.9999999999543205 3.99999999861599 3.999999998763799 3.3745770362885272 2.0426677540319984 1.2459032203473042 1.5752755179345577 1.8540054903808914 2.273612470937857 0.3946843193845859 11.20848759095915
9.152435297126077 0.00960617105883464 1.9693803209764365e-10 3.1812597950354098e-12 0.1491897988703105 0.40412467318362105 2.305262757379392 1.910393440668726 2.319684111307306 1.7412202391215919 2.0836890850363465 1.4928019408769218 1.2304810753528326 3.3212378762985595 3.4943564357718806 3.9999999999998703 3.9999995703581965 3.999999999999944 3.3757101694306924 2.0434193816481563 1.246411779706712 1.5759709366850592 1.8548943067135022 2.274855144459893 0.3950484707235698 11.22285960606337
9.999999999999998 0.009493971479365461 3.1861567486757198e-18 4.73898969233827e-18 0.15023834804166358 0.4013071712843921 2.28745666438605 1.9124998410007883 2.320950804452135 1.7410139807720717 2.0828472104690943 1.492153016735827 1.2299057460791751 3.3194602301056104 3.4922414222317513 3.9999999999999996 3.9999999999999996 3.9999999999999996 3.372541821752202 2.0413280060748917 1.2450143323184204 1.5740721847435333 1.8524910308765952 2.2715890336090263 0.39416138960373637 11.191103357451837
9.965686849146639 0.009505004339856704 6.342051959032972e-14 3.267519263576143e-17 0.15014104584043972 0.401565766608576 2.2884119881293437 1.9126584462168132 2.321089326452435 1.7411206362282725 2.082976543119181 1.492242046412061 1.229972345071829 3.319649558772819 3.492454463928191 3.9999999999996896 3.999999999999999 3.999999999999996 3.3728559823040327 2.0415380393018037 1.2451597365001112 1.574271798167853 1.8527493449538346 2.2719650150316033 0.3942798845098452 11.190425359613636
9.986851632987966 0.009500578064503913 3.463021265510762e-16 3.0251874423497794e-17 0.15017992099461897 0.4014626573502411 2.2877733646816134 1.9125815166279383 2.3210392238083295 1.7410818697386303 2.082928641582656 1.4922086976020765 1.229946801847733 3.3195758790987258 3.4923707055463087 3.9999999999999996 3.9999999999965414 3.999999999999998 3.3727317109426385 2.041455123850275 1.2451027397007532 1.5741936513877097 1.8526485948245526 2.2718201688280115 0.39423519857052297 11.190414888008085
5.680692810998739 0.010236318722399187 6.415178162846318e-06 5.852983288432662e-06 0.1433915818694051 0.4187740618865357 2.707842053614671 1.990386958347358 2.3359209331475257 1.7432396520997313 2.0874192932015307 1.4964312930133215 1.2336096075995295 3.3307079269816846 3.5054545844516976 3.998435418722382 3.9995905733499217 3.9999976721002546 3.3926697623991227 2.0546646406207847 1.2539470617279895 1.5862988681799228 1.8680630354592158 2.292974995394797 0.4002511720389847 11.383682464549317
7.732232979707524 0.010577528002888806 4.548439683696101e-05 9.834739081289294e-06 0.14047423970029788 0.4081003558562575 2.0791298916282557 1.8001720425302201 2.2530490015387845 1.7234669686431312 2.0907313964817464 1.5009138234239174 1.2370775275874217 3.3411416261205167 3.515592363497773 3.9937605945252366 3.956202313640048 3.9981023130406266 3.4061007879072758 2.063670155382372 1.2604399634792847 1.5949655658910697 1.879353352451721 2.3113177999712113 0.4058858361348778 11.476344876745575
9.94622243976215 0.009510013673813043 2.399755804743242e-07 9.583830972865919e-12 0.1501021973884095 0.4016711255229664 2.2885849057289787 1.912575293705756 2.3210257145863356 1.7410901996129258 2.0829548297747205 1.4922365864864064 1.2299848069886565 3.3197110379685815 3.492545648590973 3.999999706232117 3.9999976884022863 3.9999999984575205 3.373002838614058 2.0416330480939933 1.2452199661754129 1.5743505092643297 1.8528434159203544 2.2720723923418187 0.3942925991968849 11.190509647400077
9.583704844319008 0.009544008202948708 1.1565133828415149e-07 1.5683644989033444e-08 0.1497683794093837 0.40253296324681376 2.2987320344465556 1.9126133760153574 2.3206960341692877 1.7410294570694624 2.0830071337924583 1.4923135260729081 1.2301089840580206 3.3201692865240764 3.493150448132216 3.9999999999967666 3.9999961277451725 3.9999999999931934 3.373942598651228 2.0422440402089235 1.2456102683794283 1.5748710290884245 1.8534788625286216 2.272836884016265 0.394429222495015 11.203542703239751
9.944001706564507 0.009506561354252025 7.247956391642848e-10 1.0579378654944258e-11 0.15012599866571133 0.40160662043448636 2.289092822241824 1.9127030550585125 2.321086396401719 1.7411192641698199 2.08297831747199 1.4922452467088132 1.2299778679190034 3.319670233267632 3.492481328086292 3.999999999999971 3.999999984705615 3.9999999998329603 3.3728960110808783 2.0415633833229045 1.2451744901630502 1.5742915271152753 1.8527725714915 2.2719875580732674 0.39428163651780945 11.191084267490975
9.881248865135563 0.0095174224970632 1.776525058717251e-10 7.772404326019145e-15 0.1500236854716024 0.40188002425924135 2.2904753184685283 1.9127316292191008 2.321123985946134 1.7411791367867118 2.0830663087309933 1.4923109120141669 1.2300353111822522 3.3198463136104075 3.492689449591823 3.9999999999999845 3.999999882660305 3.9999999999492353 3.3732046325637435 2.0417666934049437 1.2453098056501137 1.5744754407941242 1.8530051359014377 2.272302321459423 0.39436727820182954 11.192415861197407
9.996987575348255 0.009494084718224525 1.5091699322445338e-07 2.611327703804961e-11 0.1502399010630169 0.40130067329222613 2.2874085968387297 1.912437673682926 2.3208791683562247 1.7409642721177803 2.0827957851694703 1.4921242134280677 1.2298952250967592 3.3194472443003518 3.4922402626756246 3.9999999999864584 3.9998930151050223 3.999999999636971 3.3725435028795108 2.0413256199543044 1.2450063442912507 1.5740588206566386 1.8524672347430535 2.271526481631084 0.39412636338248963 11.191467990521001
9.99999310704875 0.00949394782471864 4.2969488860184314e-12 5.143855066365686e-13 0.15023839249987517 0.4013070524895491 2.2874549523054455 1.9125001494117237 2.320951427704953 1.7410144535352587 2.082847738117768 1.49215332807635 1.2299058488822079 3.3194602786199905 3.4922411840601653 3.9999999999999996 3.9999998575322193 3.999999999999999 3.372540924569784 2.0413273135257004 1.245013676958609 1.574071340101501 1.8524898956544669 2.27158695525497 0.3941608363296234 11.191114088116482
9.999999999993785 0.009493975415865328 2.7588101216287504e-17 5.545313309404339e-18 0.15023832144223082 0.4013072423347375 2.2874566787771653 1.9124998520923522 2.3209508191536976 1.741013991800767 2.082847224659449 1.4921530287122589 1.2299057602919412 3.3194602804207105 3.4922414900783743 3.999999999999997 3.9999999999999996 3.9999999999999996 3.372541942634313 2.0413280907001807 1.2450143974958303 1.5740722718457678 1.8524911453928705 2.271589217120991 0.3941614435158312 11.191102337080517
9.99957812682094 0.009495358998129803 4.599614164682625e-12 1.391374281580151e-16 0.15022565908792923 0.40134104991580877 2.2874450852189256 1.9125107107527917 2.3209681152663597 1.7410274083340576 2.082863368099846 1.492164200716877 1.2299142756226533 3.3194846683519286 3.4922691530103926 3.9999999999992557 3.9999998987669416 3.9999999999999996 3.3725827872086835 2.041355439077978 1.2450334788405448 1.5740983753973785 1.8525249234685908 2.271638755273906 0.3941768898280586 11.190891875642855
9.989221199551656 0.009497542525292238 6.78400644323798e-11 9.184139222167411e-11 0.15020123374845795 0.40140527677195176 2.2875424692369872 1.9124729180548015 2.320926302199856 1.7410018523100137 2.082840711712522 1.4921546870618485 1.229917614018146 3.319510015022955 3.492310688008207 3.9999999999999996 3.999999923099957 3.9999999999999525 3.372647310115213 2.041395446868026 1.245055814017452 1.5741263964047536 1.8525549711503333 2.2716572675663236 0.3941662024540775 11.191371974762456
7.582175873178466 0.009920142337518596 4.186228348591577e-05 1.6482866502857902e-06 0.14770059966306417 0.41001685857754894 2.3143621441243907 1.9024002084960996 2.304362760303353 1.7386006344617724 2.087872426869078 1.4979292353551066 1.2359390186374455 3.3321089902563163 3.5075686118940452 3.993285529149575 3.998341801697247 3.999031929623131 3.3986805462258487 2.0629317903024673 1.259125597751669 1.5962376462275074 1.8776115456591544 2.3047383987966032 0.4103078545643832 11.31109418466707
8.64686758002353 0.009667756064792895 2.0173727637784385e-08 7.573759655000293e-10 0.1486422361368079 0.4055458766422823 2.3331047897221797 1.9128198676285249 2.3195436547319956 1.7413949103581405 2.084293513902429 1.4932450915952822 1.230817530461084 3.3222094916459275 3.495460735332743 3.9999999114393745 3.999918300621159 3.999999999142171 3.3773716752852896 2.044527679472206 1.2471687181748066 1.5770130253729904 1.8562378681810008 2.2767714383831192 0.3956430409132543 11.23732437715437
9.97364720389132 0.009502954893187062 8.320229386584669e-14 2.1924018188423194e-15 0.15015964746967475 0.4015163377056886 2.288213516892101 1.9126378999666267 2.3210707937955624 1.7411046493295357 2.0829561929220484 1.4922275959563511 1.2299607597056383 3.319615404465935 3.492414986154733 3.9999999999999996 3.999999999136555 3.9999999999999076 3.37279722185551 2.041498893789659 1.2451328751266464 1.574235151978463 1.8527023113724932 2.271897908425056 0.3942599093260183 11.190429958711547
9.983924307243344 0.009501546975106835 2.0261864076153433e-11 1.1363685093272137e-14 0.1501713071385188 0.4014855372247171 2.2878441331402266 1.9125917917894764 2.3210496799885143 1.7410903907970172 2.08293916512868 1.4922160359375467 1.2299524699097317 3.319592280065913 3.492389435544146 3.9999999999224816 3.999999915263183 3.9999999999988676 3.37275956726975 2.041473752531523 1.2451156512583543 1.5742113094178383 1.8526714063161778 2.2718532793996506 0.3942453926390443 11.190365651907925
9.608307283643992 0.009564284431270307 4.4502849071303744e-21 2.0524773421141474e-20 0.1495834380554111 0.4030470038445248 2.292526679330294 1.911473593497621 2.320884078732886 1.7414567437516855 2.0835698154100397 1.4926686002906593 1.23031484944774 3.3206572045463236 3.4936123620984447 3.999999999919587 3.9999999586099135 3.999999999999954 3.3745516800979516 2.0426595746542366 1.2459149866113683 1.5753035944667328 1.8540662239505157 2.2737978757320727 0.3948161110012142 11.202380985561252
