1.2144603197819863 0.014538367230870205 0.021896754081355812 0.1995037703115203 0.010478068451582282 3.9972042894639532 3.4795344909035717 2.430324854323928 1.5779777839414602 1.1763909572570785 1.3815494776819701 0.9779254032727058 1.097450230804132 1.206937120807025 1.3193002260383557 0.7695896554965234 0.6076262441139879 3.8596938066990565 1.192163899033019 0.6948337400095782 0.3522332166757083 1.1682755203410722 0.9247530098065215 1.2155018958017374 6.2368469114184215
1.0672777374886508 0.011762644626156046 0.028986390693848563 0.1556807844351471 0.010405987145731576 3.9992192420569235 3.832888322554187 2.5595538356221637 1.6943061943226052 1.2216985032875518 1.412151707955773 0.9942473240807025 1.1156873985175713 1.2300273988213692 1.3493095129356139 0.7902353664576789 0.6260457079856582 3.997253800330236 1.2395921608770797 0.7254903098317377 0.3678980433967256 1.2297750160899303 0.9774037111433026 1.3344039737277764 6.054700729475836
7.4115448772335455 0.003707674456917414 0.033705992185679594 5.560581313369368e-05 0.015056659511655041 3.9897804712236042 1.6285039864168585 2.070848567108843 1.122345816007358 1.0947881344560233 1.3802160805234083 0.9984919938980231 1.128680933669581 1.2449460873195235 1.3629795458004403 0.795958984561704 0.6282605805505139 3.9999159985309527 1.2360402870721234 0.7208380006068269 0.36430949868190293 1.2132244863318182 0.9608706753039369 1.263646510641129 3.5118457417736693
2.886995847856843 0.0038394416419072247 0.03442723440491469 0.00011017481674298977 0.01478696720547504 3.994903559591016 2.0722175885367236 2.0837526909712323 1.1802319800735839 1.0908894668600049 1.3724903411710407 0.9936053854667869 1.124070588020613 1.2408803019064858 1.3596446347546818 0.7946659590050315 0.6277355552480921 3.9998938803265642 1.2370626637974207 0.7220216684074455 0.3652062233510667 1.2171887095801572 0.9647933143205103 1.277561530541782 3.9179325696247678
3.6550727546614117 0.0038610510646812 0.034019837575837326 0.0021414091468094374 0.014904811630192296 3.999999850891578 1.8900985727935158 2.0698773187298976 1.1467667656232539 1.09071518685332 1.3750382146254398 0.9953792421791265 1.1257703142733628 1.2424116837015293 1.3609452293341158 0.7954590336962359 0.6283500591577668 3.993239179557528 1.237236554519437 0.7222828385694481 0.36545721066203013 1.2167332932482688 0.9644849441280261 1.2760015780702028 3.7508483380347197
3.427212868880371 0.0038222801309404264 0.03406218223885585 0.0012803454511299372 0.01495484603622209 3.9999970681228203 1.9348013269514874 2.072293837821526 1.1541987639308164 1.0904905193891612 1.374396442735849 0.9950898173680167 1.1255476238597677 1.2422856630761707 1.3609383585308503 0.7958212284815636 0.6288459774055027 3.985665805060501 1.238131176536249 0.7232794340317129 0.36622803905233275 1.2183886127646324 0.9662537612166481 1.2807756331730757 3.8022501116463716
5.110822936097466 0.0037339425453512386 0.033813262593153766 0.0001297518943453822 0.015032120695021139 3.9988083266152445 1.7236122242672907 2.067429216205992 1.1264607056178013 1.0925584022840285 1.3775446372625795 0.9967019329202007 1.126814715307946 1.2430622654507963 1.3611081658001325 0.7949775802767772 0.6275707701658124 3.9961219492908944 1.2350330248560597 0.7203502079818469 0.3641144043405597 1.2127397845116603 0.9606199886555341 1.264784215320563 3.5952062750995015
3.5740292729068113 0.0037690443621695487 0.03399103221960493 8.972095838900698e-07 0.01495791849646029 3.9859957612442884 1.906104217427614 2.0704045541062728 1.1491485143860385 1.090343728592776 1.3740203724774873 0.9943491143870478 1.1243888445156562 1.2406473494118417 1.358749864021293 0.7937687471384987 0.62674217364344 3.9917615044571546 1.233927788858879 0.7198552498899429 0.3639418380522504 1.2124086837100516 0.9605575504555978 1.2668349890289934 3.7778609343280185
5.116107818637482 0.0037266157405965996 0.03377398637893576 3.564003952621477e-05 0.01507642292650265 3.980450474500022 1.7218603848959693 2.067229933917161 1.1262251356710293 1.0924856961481608 1.377403670578907 0.9965585484694389 1.1265942006064045 1.242755395020933 1.3607029087149551 0.794705435303338 0.6273238630253573 3.9943980816636007 1.234416023730859 0.7199515796776609 0.3638914994747793 1.2119435518820878 0.959935201267846 1.263301636043377 3.6004774439521694
4.643954756805601 0.003740097684719226 0.033991352079574995 1.031187198481944e-12 0.015024897756468904 3.999967970584946 1.7571808257954928 2.067020569392554 1.1289940049394207 1.0921622057887956 1.3772611619272905 0.9966680751525117 1.1269656552586913 1.24343860394604 1.3617500571734311 0.7954870962251241 0.6280752859562073 3.999949381587342 1.2364493742373892 0.7212974975147172 0.3646551660890775 1.2147425235357643 0.9623687299309711 1.2688962493632074 3.6287670857277288
3.1247901104028784 0.007721616048372906 0.03034078289877567 0.07822151408650084 0.012722182076102009 3.9956986295563865 2.008991463334693 2.0781877620242057 1.1678379035336799 1.0905572150278446 1.3729736484628983 0.9936903526070038 1.1239463974882888 1.2404696701241211 1.3589122012836006 0.7940791179020822 0.6274887915751309 3.996084851751655 1.235680601954792 0.7212729410637839 0.3647939676086722 1.215828762243974 0.9636868647219569 1.2827072893480005 4.218266098714321
5.1982129793877245 0.003727469761132459 0.03391021051212899 6.165770690188363e-13 0.015039799426920667 3.999964724639577 1.7133838384482463 2.067622969853485 1.125382287247803 1.0928854116836344 1.3781036023157713 0.9971876604849853 1.1274537594809264 1.2438669429012625 1.3620985182747505 0.7956200749033722 0.6281259606016366 3.999997315590714 1.2363290756292555 0.7211640135944691 0.3645551550163782 1.2143047435095142 0.9619375242642342 1.2673841852911967 3.5884266021220967
3.838135311154314 0.0037576905813807918 0.034072208006350684 0.00023611402889447868 0.015007918398103632 3.999999766057234 1.8581478406142382 2.068529701397977 1.141864513682401 1.0909635207138912 1.3756904432049262 0.9958775287509752 1.1263235491282595 1.2430125124984264 1.3615928313781414 0.7958785703339308 0.6286781468709532 3.991653948253253 1.237868067428671 0.7226742281376499 0.3656383458640774 1.2173731041723528 0.965005668499783 1.2762911950494247 3.7365247233600383
3.387595624326506 0.0038450542954469634 0.03419879861184736 8.067822506411448e-05 0.014971768298579949 3.9999999999750626 1.9425732164543454 2.0730191887493574 1.156933118553832 1.090708188389091 1.3742247469786777 0.9947848981453022 1.1251777559491694 1.241842344317628 1.3604143194520801 0.7949689656343136 0.6278858076429268 3.999392843000497 1.2367489654062775 0.721702338657403 0.36499576050308896 1.2161667191378827 0.9638038978968907 1.273878566538577 3.713301045508863
3.702102664277341 0.003852067758456357 0.033208638638614646 0.0010513086066858415 0.014879766008946095 3.999901471664718 1.8811961447953294 2.067419922087701 1.144603699557769 1.0892055075255405 1.371908839793652 0.9921329945139549 1.1210982169517179 1.2361498794044263 1.3528759349535686 0.7897837702997568 0.6231705846781075 3.966110200788369 1.2251574260007558 0.7142411006756328 0.36085243759153585 1.2012780724326513 0.9510752921906448 1.2468855815618674 3.723186259968172
2.944167624967379 0.0038152176959748677 0.03439985795252234 0.00016966490018681981 0.014784713954260608 3.9999998963784575 2.055838429989497 2.0821953447162365 1.176798906127165 1.0907969233583574 1.3727025013294245 0.9937377892457357 1.1241873902864894 1.2409731371083008 1.3597069600754599 0.794677542522118 0.6277248581044039 3.9998893497352714 1.2369748108218408 0.7219485654430406 0.36515678969260473 1.2169948759363058 0.9646105438590429 1.2770316268896391 3.92561812895991
6.068799477276147 0.003725231987941953 0.03381259782660568 2.108553548433197e-07 0.015047990322855025 3.9999999999390243 1.6612283558375345 2.0688677674335776 1.1221167858926917 1.0938536385512927 1.3792054503007865 0.9978702996587772 1.128097410377668 1.2444352884376568 1.3625658019761149 0.795802614982466 0.6282004117839253 3.9999956541200836 1.2361924755809734 0.7210031997694955 0.3644328468445165 1.2137613026333696 0.9613993549794683 1.2654570110121506 3.536459089598645
6.471125876281642 0.0037163113417866237 0.03377641117539597 6.180242479560818e-15 0.015045074278185008 3.999999999999992 1.6505453224681885 2.0695824891476793 1.1223134741585565 1.0941580311102328 1.3795260035619847 0.9980672188016376 1.128281823492535 1.244596231930677 1.3626954853847826 0.7958510601567778 0.6282178925937344 3.999964953219584 1.2361414522081127 0.7209489397906889 0.36439271669657436 1.213587369334886 0.9612287047077613 1.264867400231964 3.5275685532721948
5.618162682190051 0.0037200961919298505 0.03378372807182156 3.4755689756539387e-06 0.01504457396506737 3.9999999999810325 1.6900106381825988 2.0680789863179347 1.1241157832211415 1.0932062922233516 1.3783418257653817 0.9972392723748806 1.1273666918688063 1.2436106993128104 1.3616428469880224 0.795256175749633 0.6277605488042298 3.997151001185615 1.235283633299583 0.720462128611905 0.3641536638780853 1.21281147467228 0.9606307035953426 1.2642480290039575 3.565807653267813
3.4653226393442886 0.0037785004201469265 0.034235022991815245 8.501867425106258e-05 0.014912420180268489 3.9999993897206694 1.9248000552109368 2.0715677079936285 1.1520111781528253 1.0905727210922627 1.374517163651564 0.9949496388902761 1.1253406619517576 1.2419990022333212 1.3605602196570428 0.7950179630794674 0.6278744659359312 3.999991466279481 1.236770037766695 0.7216872321953607 0.36495299577843365 1.2160780209246909 0.9636953079665289 1.2736985006670132 3.796251946990968
4.9611884237572355 0.003736868666902758 0.033934314566242026 0.00012081082147563662 0.015030849938297649 3.9996688590583584 1.7306135330638286 2.067320795664414 1.1266871689785054 1.0925861053479546 1.3777551540741733 0.9969691022528209 1.1272447697656836 1.2436783515215855 1.3619379267580416 0.7955529796423432 0.6280966272678457 3.999925443162579 1.2363486395350485 0.7211995331684136 0.36458570985531813 1.2144452549447828 0.9620798707134088 1.2679669011791102 3.604713580395187
3.883780693763935 0.0037766797805029307 0.03413012801366559 0.00015662019183175082 0.014984814241978431 3.9928080486067916 1.8486062995817325 2.068048043361463 1.1399670152326886 1.0910312291096929 1.375698062406003 0.9957007386320903 1.1260559165673474 1.2426384297479365 1.3610965826939763 0.7952360276898164 0.6279806275308919 3.999894336712592 1.2366627572089046 0.721539328503424 0.3648377212852415 1.2155430104566514 0.963157995193073 1.2717297625721982 3.7097831027395616
4.367933492288984 0.0037562759044848797 0.03401787306581144 0.0002671971437474075 0.015004455025988746 3.997941618171809 1.78602776351405 2.0670625816083685 1.1320636991687083 1.0917496232943311 1.3767228420967546 0.9963243676175291 1.1266298252774412 1.2431261705995422 1.361471455711287 0.7953612021832246 0.6280085908007932 3.9997754429979677 1.2364253122192301 0.7213168630658515 0.3646823179783105 1.214887330420633 0.9625266413682873 1.2696732680554965 3.6588573768451185
6.007029715246981 0.0037203517735738072 0.03375389830174366 0.00017181163132148008 0.015068732815517122 3.9857340627664937 1.673552830511521 2.0687464263837745 1.1234462387302904 1.0935793202667596 1.3787760195920498 0.997519007397772 1.1276569928832252 1.2439009437607684 1.3619275180762724 0.7953984044768594 0.6278588375617532 3.9976472869026667 1.2354196857743924 0.720524317148386 0.364175700799407 1.212859697819826 0.960646572787645 1.2640832966464144 3.5529117989852574
1.138255990885446 0.010412933500110712 0.03011205437383849 0.1263174773018341 0.010620822976440111 3.9999732929572214 3.645949092654435 2.49317719173551 1.6334910845479067 1.1995804201954354 1.4007122943936412 0.9913602722800418 1.1151150144530484 1.2306151459489683 1.35036882884628 0.7908503242349996 0.626332839745857 3.999736324324886 1.2397579645609413 0.7253851131750413 0.36771182758759274 1.2288723797669834 0.97641169779157 1.3300108641511006 5.706970063428888
6.729956055537264 0.0037138718756554753 0.033756288121554755 1.207643805406785e-16 0.015043342671606742 3.999999695501215 1.6430068315919755 2.069970202795644 1.1222403764014626 1.094355629682091 1.3797441725838036 0.9982034858282994 1.1284118964171483 1.2447131586531017 1.362794446624108 0.7958918732348889 0.6282369035858515 3.999998326830734 1.2361260800971121 0.7209247256087518 0.3643726120908485 1.21349523162175 0.9611353932054686 1.2645162733255637 3.520710621936217
5.148366692861774 0.003800682026533949 0.03339588828750556 0.0011858328373805745 0.014994574966979006 3.990495961007214 1.7190891618746635 2.066469502604039 1.1257036129209101 1.091937079761668 1.3762911234824058 0.9954428825844321 1.1249944279311663 1.2406155446672522 1.3579490833766497 0.7928530471721221 0.6256840128621041 3.9825993697586513 1.2304279241470217 0.7174126625122081 0.3625029361871029 1.2069478411174437 0.9556958966420676 1.2546591256912893 3.578944022658157
3.9986491789083742 0.0037610363702245296 0.03410742242894619 5.539806607874228e-07 0.014985644836118122 3.9999995117623954 1.827815822167887 2.06705251329541 1.136625989519289 1.0911396264040718 1.3760036831361564 0.9958915385007111 1.1262300365869162 1.2427847820473192 1.3612067976378939 0.7952707672775351 0.627981586347684 3.9999812394411154 1.2365817611878245 0.7214653733676276 0.36478700096506517 1.2153311302958612 0.9629564900780084 1.2710137584621872 3.70076638600098
5.929126784070449 0.0037276678168531416 0.033826087140564544 5.874903624695651e-10 0.015048397446265639 3.9999999999999996 1.6663969366531344 2.0685978759649126 1.1221779926304434 1.0937280659567448 1.3790724516501591 0.9977881180559738 1.1280198151084437 1.2443667141250834 1.3625093457899378 0.7957805535388016 0.6281911573074731 3.9999950832989937 1.236208751553751 0.721022475863364 0.36444758417527384 1.2138266774598077 0.9614642530241677 1.265687925902133 3.5411861812384378
3.283003213317721 0.00381912407224706 0.033290676372986966 8.1417284396991e-05 0.014915497854110312 3.9645191995030653 1.9673014062571366 2.0724321442354436 1.1592056820707217 1.0888259339100586 1.3703633902391323 0.991027364269554 1.1199025501328086 1.2348936911063049 1.3515690942570444 0.7890595338540324 0.6226205687181128 3.9629078623775635 1.2242169328464607 0.7137257452040968 0.3606088727066464 1.2005266270876782 0.95052674521443 1.2464195462324326 3.823546490711384
5.376712105540289 0.003727702223974964 0.033885266637610836 3.787495955459408e-05 0.01504434388289391 3.998666001121537 1.7009240828552312 2.0678400697447294 1.1244576759659466 1.0930992567018434 1.3783506951901137 0.9973392394486579 1.1275953907053597 1.2439900650018274 1.3621970693484649 0.7956564013009786 0.6281401611925087 3.9999615914611324 1.2362866745138659 0.7211202577348633 0.36452347418475783 1.2141666270902758 0.96180202433398 1.2669353087510349 3.5764748270851596
5.779291715740016 0.0037173081614970743 0.03378857244564654 4.864184243285123e-07 0.015045506032455047 3.9999999999999996 1.6824059086592023 2.0683959668777083 1.123777547794266 1.0934065364290904 1.3785978156864203 0.9974268795459225 1.1275819276452919 1.2438515286642007 1.361910272332947 0.7954145269471689 0.6278869584619134 3.9979626474235825 1.235539787853062 0.7206132939199684 0.3642303387511089 1.2130753927821605 0.9608436537908385 1.2645623627753482 3.558612266229121
3.047423536212019 0.0037990801121878816 0.034245372075793305 7.108985104199572e-05 0.01482479497893731 3.9999999999994875 2.026863692432822 2.079326963161401 1.1712389348879901 1.0905013048940724 1.3726709416547218 0.9935917646827497 1.123846467414435 1.2404003164284296 1.3588641528747316 0.7940642328577835 0.6271489964119951 3.995433612286391 1.2354298245206543 0.7209359733325 0.3645923672422429 1.214907023306022 0.9628078571524751 1.2728364104471261 3.896840153924816
6.5393026969004415 0.00372132149210704 0.03376843788969443 5.569939801998445e-41 0.015046110624555973 3.9999999999999996 1.6441885104042697 2.069660238927956 1.1217826445916983 1.0942573410665681 1.3796412797480433 0.998137579384183 1.1283460717134892 1.244650384186504 1.3627365109993765 0.7958644747418535 0.628219545390484 3.9999240930083224 1.236112925143462 0.7209227867388324 0.36437462467795584 1.2135112885469934 0.9611560059602468 1.2646256824919606 3.520255649137115
6.5202892198123505 0.0037168662343466667 0.03377281137521332 8.761833526980713e-12 0.015045001790255802 3.9999999999863083 1.6481880072570703 2.069658063772976 1.1221988959535245 1.0942083924783716 1.3795841009074719 0.9981044658782773 1.1283184165348175 1.2446305430160292 1.362726438007816 0.7958652946047496 0.628225864996242 3.999997685530023 1.2361456943408047 0.7209479531487961 0.36439042273145084 1.213574085922617 0.9612136735578105 1.2647949145327877 3.525220566299076
6.633855094677949 0.0037163717893620466 0.03376351159678277 2.487335467201454e-17 0.015044460498326266 3.999999999901582 1.644426544296035 2.0698285974499218 1.1221221363432723 1.0942994266156374 1.3796843954970313 0.9981665829489524 1.128377002521432 1.2446822953465715 1.3627690068757417 0.7958819385054193 0.6282326820239076 3.999997592745368 1.2361333575861515 0.720933380034929 0.3643792783298781 1.2135246800266668 0.9611646822454519 1.2646200694954712 3.5215700039445754
3.2842973817791283 0.0037951720497258466 0.0340093924426296 0.00012580881747333182 0.01487099159643836 3.999999999999782 1.9667387019013602 2.0740212265997626 1.1596247809737588 1.0900964366863612 1.3729447038883775 0.9935904518801423 1.1235787506635693 1.2398079801648947 1.3578901799485017 0.7933022545008933 0.6263999215494374 3.9897524360352183 1.2333625030560214 0.7195568204692898 0.3638068822890881 1.2120087263790893 0.9602816296370185 1.2669209675112656 3.831339816554758
4.9717000987348445 0.003872738432763159 0.033711848420462744 0.003259480774887935 0.015056298460452464 3.930875359172194 1.7317934240508153 2.067207709158699 1.1270039416620057 1.0924290118263011 1.377434466588709 0.9966544174497217 1.1267995295823388 1.2430859394254516 1.361178673883792 0.7950468737737428 0.627667808955505 3.996677653322134 1.2352655364504783 0.7205140115735432 0.36421064741148707 1.2131108224034517 0.9609490377914544 1.2663940323231029 3.609725326929334
4.067937647207211 0.0037971288823359936 0.034023977880595704 0.0010375351678040053 0.014950396935684835 3.9999999989838635 1.825825927977813 2.067855435626359 1.1372880789251738 1.0913037601499092 1.3760129101876528 0.9958636340389753 1.1261717338018307 1.242690128626313 1.3610699225886975 0.7951716428679956 0.627898589095301 3.9992583996176307 1.236336968753695 0.7213063254386476 0.3646983447432744 1.2150071880696283 0.9626755948871385 1.2706500331810653 3.6937947893452145
6.094424439400633 0.0037183990203088946 0.03381126398961584 1.136145893804476e-13 0.015046120898973976 3.9999986455277345 1.6651315583395616 2.0690039771886295 1.1227712665487832 1.09383111701455 1.3791658311345063 0.9978456183854457 1.1280746284243284 1.2444156548638627 1.3625502714704714 0.7957968986557524 0.628198293599283 3.999991608062311 1.2361996990590813 0.7210104069956382 0.36443749339545695 1.2137830144527602 0.9614201428104006 1.265533128662386 3.5415533413666833
6.117091382463952 0.003723453728144537 0.033805792848613125 2.7755838658095554e-26 0.015047590774338114 3.9999999999999996 1.6603449532878376 2.068968874870966 1.122215422751238 1.0938837677976365 1.379230510013112 0.9978824654559103 1.1281046099847278 1.2444359608755666 1.362558571655183 0.7957937123060851 0.6281896112645998 3.999904104027751 1.2361570188741124 0.7209783002349265 0.36441798297896494 1.2137050755579555 0.9613491344080317 1.2653273658966309 3.535771329103691
2.9482764977222633 0.0038094859780289678 0.03440532746798701 1.3956783783503478e-11 0.014793201638512525 3.9999999999999996 2.0553122483579425 2.082247608723041 1.176777945305461 1.0908245338000904 1.3727140755779097 0.9937414400591257 1.1241897460389643 1.2409740443723767 1.359706204127357 0.7946761862207574 0.627728300620566 3.999792879520529 1.2369663825050607 0.7219428289666571 0.36515806077644675 1.2169871575699567 0.9646057177245769 1.2769422127728483 3.92127959413007
3.3372498401901467 0.003868699447428309 0.03389334135473778 0.0016473507798813497 0.014826438006869683 3.9988768981548137 1.9538750408549013 2.072953421193451 1.1572727851942526 1.0900379079770997 1.37302864501371 0.9936177262207367 1.1235624553979373 1.2397363156511165 1.357752913350321 0.7931883025796721 0.6262958977906742 3.9887887120915444 1.2330260890549343 0.7193316568027646 0.36367922544489084 1.2115324200807287 0.9598640370511289 1.2662844060744085 3.8088200726191275
4.734497740352852 0.003774853192097094 0.03393627936579121 0.0007835006739071483 0.014998258709108163 3.999823824862792 1.748268024503234 2.06702458479233 1.128077727039164 1.0922875786608597 1.3774179884727005 0.9967620808730512 1.1270527359992981 1.243512629698263 1.3618069823667887 0.7955058877327462 0.6280876069216575 3.9999648782397084 1.2364128040128752 0.7212642274021717 0.3646325793364598 1.2146460998107802 0.9622743765911194 1.2687895735164656 3.6181656494161727
3.9104548043097633 0.003974102396048296 0.03370856003265074 0.0043945983884980284 0.014824833108589269 3.9912734327213015 1.8470423767922715 2.067796299730609 1.140145154675402 1.090732919124568 1.3749894327346865 0.9949875178205506 1.125019399350656 1.2412394606526234 1.3592854243717845 0.7940210202124174 0.626918511084084 3.992266679647407 1.2340173676671586 0.7198559134974585 0.36391473638079413 1.2122313864601366 0.9603469833202545 1.266753082510512 3.6902019430706003
3.327483902694331 0.003776700384281274 0.03415023716610773 0.00012801706528598283 0.014938367192284398 3.9999999218542492 1.9585105325056125 2.0740335961871703 1.1583529850238496 1.0904501050638136 1.3738114663376042 0.9945123485508087 1.1248434610506377 1.241452317604171 1.3599637932143396 0.7950082093654514 0.6280805293328303 3.990181862307853 1.2367003970561494 0.7221883105169462 0.3656056918668045 1.2165242987311515 0.9645405729328771 1.2769368918956783 3.826434888449927
3.225331491766423 0.003773206691179321 0.034235071231994235 3.8920381402354496e-05 0.014933746388838019 3.9999999999997686 1.9791614793730732 2.0753478278308024 1.162261867220478 1.09050113650817 1.373905126292191 0.9947936280905367 1.1253370467753498 1.2421890464099996 1.3609809320247939 0.7957675033111514 0.6287546424622555 3.9894775008918235 1.2384822713981531 0.7232831381055238 0.3660735244511695 1.2188606402404825 0.9664768392645205 1.2808416741936304 3.8589153363060382
4.029055270698406 0.0037653291118656335 0.033771874293411885 8.450665096984948e-05 0.014973129690069552 3.999992651739247 1.8315563172559248 2.067278086308252 1.1378918786077883 1.0906915036797669 1.3748068786178271 0.9947101006784252 1.1245475817657369 1.2405459440881335 1.3583360655470762 0.7933500720923915 0.6262762239521966 3.9878744724873303 1.2324542959683027 0.7188360667803029 0.363345226783966 1.2101560577192136 0.9585594679223294 1.26180533432339 3.6957813185872963
4.013685783578929 0.00379473997643497 0.03402032242038728 0.0009384573453143073 0.01494882428380828 3.999999627472862 1.8339920077877327 2.068062004093831 1.1384293833570411 1.0911960378098502 1.3758074426070501 0.995708160784121 1.1259891861655345 1.2424814272807654 1.3608333697443293 0.795028818079177 0.6277814650614123 3.998511507029668 1.236092750449089 0.721159302500214 0.3646219374657026 1.2147448150413653 0.9624618393230704 1.2702679432322166 3.700903767987266
6.09478029627668 0.0037172561753681535 0.03381151820234165 4.415097552083279e-18 0.015046456607665046 3.9996879583474825 1.6659355514995835 2.069014834350825 1.1228771360259238 1.0938229648145195 1.3791548705732897 0.997838686915013 1.1280681941675221 1.244410019599427 1.36254569400448 0.7957951210217978 0.6281980102391344 3.9999925699515133 1.2362011669720416 0.72101209323619 0.36443894898465656 1.21378887295402 0.9614259573373344 1.2655528509033815 3.542655783236945
3.5014216065782153 0.0038546946280587748 0.03232838054289326 4.734184107305307e-06 0.014854230150497697 3.9999867752222307 1.917960093395081 2.06690295057315 1.1498702866096904 1.0872726004543118 1.3678705168955967 0.9883383511394784 1.1158296027962475 1.2292612153038305 1.3441564830733128 0.7840060714576049 0.6180631382390316 3.9302022099529497 1.212996312852736 0.7065307799885805 0.3566442831680232 1.186224673495323 0.9383352139713272 1.2203986073885138 3.7386578822671455
3.7397531836457487 0.003772674368713648 0.03382446636535058 2.361784821409103e-05 0.014945336101216962 3.999998974110647 1.8760935313471068 2.068702278123066 1.1443025898400863 1.0902948807301587 1.3740471113165318 0.9942144982925061 1.1240536572774862 1.2400750928553654 1.357901536177941 0.7931439600945158 0.6261484165504472 3.9873157520374387 1.2323536117285296 0.718819957255672 0.3633591142337041 1.2102716436749292 0.958708322996464 1.2626042457160458 3.739655229553493
3.2462839451110805 0.0037870173273997576 0.03418898054109513 7.721049834843533e-05 0.014871195169592856 3.999999999999974 1.9769655599582971 2.075312667039413 1.1616937459399435 1.0904224099110147 1.373388762515165 0.9940726056923903 1.1243163590672154 1.2408350862378248 1.3592486874311973 0.7942323732100289 0.6272418042155725 3.9958251899401427 1.2354441937542608 0.7208946969501743 0.36454622368994444 1.2146779217994257 0.9625609765616393 1.2718227211906223 3.8446923433561766
7.453774576436585 0.0037054602297556744 0.03370563097361702 3.207014638082196e-23 0.015035877569718206 3.9999999999999996 1.6292481653441269 2.0708767596617923 1.1224584866248914 1.0947947634874036 1.380224918993738 0.9985000755090566 1.1286906762931377 1.244957942155699 1.3629937715539913 0.7959680842272765 0.6282663179884262 3.999975710903577 1.2360581355102083 0.7208489996757489 0.3643157162162196 1.2132460698583372 0.960889701904721 1.2636530987420285 3.5094009830526014
3.24801280304448 0.0038048553864699682 0.03397239659057147 0.00023913803535450658 0.014856758436289795 3.9999998538941446 1.9764909337886767 2.074796007127033 1.1614489468155074 1.0900572179831955 1.3726623355480532 0.9933479889763115 1.1232735327376853 1.2394377069780669 1.3574480178426027 0.7930217420766014 0.6261628750738351 3.988146292057287 1.2328265680732626 0.7192243049509573 0.3636296911020295 1.2113848033737633 0.9597614437243209 1.265949239003497 3.837231407722305
3.9174860344684435 0.0037391467567126566 0.03403514737357158 6.694031511225725e-06 0.015061884749115165 3.9999999999999996 1.844872850506275 2.0680056939475016 1.1399433439980255 1.0910754398230853 1.3760498982323806 0.9962395436265696 1.1267604372904723 1.2435278659203701 1.3621939774486833 0.7964326567238025 0.6292148212894633 3.9864547287970624 1.2388239674455481 0.7234712163228292 0.3661564300170656 1.2186651827999466 0.9662494110814877 1.2790204516463324 3.728736720883333
3.2726347614669327 0.0038573984794527767 0.03419596755729145 0.001597665615926461 0.014819349838140214 3.9999997161414202 1.970161197170314 2.0749233554774666 1.1604209220134736 1.090559825420045 1.3738059055519058 0.9944539100379898 1.1248350432381826 1.2415026452463027 1.3600841299586712 0.7947801735776755 0.6277328383677933 3.9991488289848562 1.2365826884936475 0.7216156097038033 0.3649400448243263 1.2160872013952662 0.9637529613714519 1.2746542762325572 3.831996355889033
3.2786467068052287 0.00378660729981732 0.03412762041156464 4.974541886491074e-05 0.014875314718475384 3.999999999999904 1.969524284673608 2.074652900457264 1.160249822853475 1.0903303028699958 1.3733107103242042 0.9939561011644008 1.1241162169812122 1.2405384658790477 1.3588407479709286 0.7939436526973072 0.6269753267155417 3.9938828327340437 1.2347705137645109 0.7204570510408854 0.36430268388860165 1.2137942545344265 0.9618024360963535 1.270144945330825 3.835958233559663
5.129653012429857 0.00372684454169403 0.03392019115878348 8.552842240183818e-18 0.015038133302832985 3.9999839178758867 1.7197832642799546 2.067612612195101 1.12601774523037 1.0927937297268266 1.3779881510847278 0.9971165111301935 1.1273876290449345 1.2438097320100059 1.3620530902861407 0.795603564666005 0.6281211918969786 3.999980638606582 1.2363499952064216 0.7211852433167002 0.36457069734801784 1.214371082101218 0.9620021381794738 1.2676042286956466 3.594175156841167
3.4989899926579087 0.003813055423659084 0.03321312330116748 1.155970237676458e-06 0.0148878894380196 3.999326089942212 1.9196411187175033 2.069171215703839 1.1507862229369061 1.0888549478410576 1.3709875980655741 0.9914232958428368 1.1202574537697916 1.2351814678602024 1.3517706602282535 0.7891119673050779 0.6226105243795487 3.9625010754329493 1.2239896150045482 0.7135336668801348 0.36048125825433835 1.2000017825521496 0.950031245830844 1.244839844436005 3.7647183183446
6.800483432678212 0.0037158188325124297 0.03375018046326387 7.816873301141573e-30 0.01504331861276541 3.9999999999999996 1.6391758282484183 2.0700749419455193 1.122028501400534 1.0944300488048682 1.3798283569693703 0.9982557614119669 1.128461072969431 1.2447565106104557 1.3628300014765335 0.7959057419591291 0.6282422313885175 3.999997413207476 1.2361154279060824 0.7209123036063169 0.364363189359864 1.213453458009981 0.9610941563736092 1.264367515417267 3.5165884367167957
3.3320243835864707 0.0037877193399305773 0.034271633961858346 0.00011892825912933908 0.014886335561754725 3.999993433247279 1.953213685972074 2.0733024909958875 1.1569275892544364 1.0904864845040407 1.3740963417679324 0.9946792895137396 1.125084076611472 1.2417707684512227 1.3603703381029266 0.7949421910665658 0.6278407255190777 3.9999682786029997 1.2368154862074527 0.7217452894814489 0.36499795303575455 1.2162813919163518 0.9638982513106343 1.2744442765124548 3.8241970624759
4.823380690209086 0.0037284127458517874 0.03394714071780066 5.861488804837698e-11 0.015030822959457122 3.9999999999999996 1.7447240427005237 2.0673355151266835 1.1282127366435772 1.0923691610292416 1.3774534131735126 0.9967643493863891 1.127027766697924 1.243455145365798 1.3617112224222483 0.795431259382056 0.628006438583833 3.999436644833271 1.2362073423108113 0.7211262328093782 0.3645531687271247 1.214352635327286 0.9620192619850101 1.26798317172302 3.620282139907973
3.518363502352795 0.003781705693750225 0.03396348211410834 0.00010560785684814451 0.014914857367646415 3.999999999999311 1.916497964879517 2.0708424882740633 1.1508292562522904 1.0902318833334568 1.3737447643996892 0.9941325349312286 1.1241266740736255 1.240339166167352 1.3583916652357138 0.7935477657096722 0.6265581656484618 3.9905191649756535 1.2335269471192352 0.7196105071817359 0.363812231164889 1.2119581005739224 0.9601853032014671 1.2661812538991946 3.7819081659327773
7.079108354045679 0.003711515322330691 0.033730353477881884 2.2251909473174686e-26 0.015040269581475666 3.9999999999999587 1.6340932822894871 2.0704536030923832 1.1222016408063857 1.0946009794565201 1.3800142144958754 0.9983709122594855 1.128570045069743 1.2448531498639324 1.362910008798595 0.7959373454655977 0.6282556896479129 3.9999929249061754 1.2360945010610507 0.7208865288866029 0.36434315433166414 1.2133643289023508 0.9610053670304746 1.264048219145059 3.512598533250361
3.3698785949945047 0.003783106472156462 0.03403475176714401 1.1787336359139654e-05 0.014892368282674017 3.9999999749631465 1.9483704237516688 2.072955175377715 1.1563624528672407 1.0902129933817342 1.3733712742926125 0.9939176089562763 1.1239650835569621 1.2402519688326568 1.358395826341562 0.7936072368361197 0.626649730794913 3.9914167430289904 1.2338907673348352 0.7198746186908004 0.3639729975136798 1.2125802815113598 0.9607483914836645 1.2676862940155218 3.8138180721869417
4.566550449356137 0.003734614490815812 0.03398735376681525 7.75295114387104e-05 0.01503932228784873 3.990372170851424 1.7679663832662584 2.0672360442676037 1.1304492806732656 1.0920251444393267 1.3770298712798739 0.9965036889485946 1.1267848833084055 1.243244464376833 1.361543236770361 0.795369833168573 0.6279877774754749 3.9994907568671216 1.2362820589247976 0.721202989223648 0.36460902376984144 1.2145929934275994 0.9622533821286648 1.2688151028387633 3.6465970401555787
3.4236215851403125 0.0037916561950078775 0.03381300088222161 4.438132644024591e-05 0.014893772920472031 3.99936765514102 1.9368084225189306 2.0717368079985197 1.15418522585225 1.0898736020985418 1.3728121136080875 0.9933056509721376 1.1230341913899315 1.2389607292891707 1.356692469971701 0.7924428734590913 0.6255983257247213 3.9838558747684836 1.23129408704175 0.718206870534593 0.36305244045876317 1.2092579978090872 0.9579127173669884 1.2615955158216152 3.7963589645119202
4.727249014574777 0.003738202461402671 0.03394872719405038 0.00017259057718090957 0.015027528380257909 3.9969847045348694 1.7517955009156072 2.067180239113461 1.1287621921487543 1.0922379825264805 1.37730154255866 0.9966654971560124 1.1269271216950714 1.2433563469549607 1.3616164559759805 0.7953844013751168 0.6279776501696119 3.999265495561674 1.2361703316777966 0.7211121021237492 0.36454982397352453 1.2143522990776427 0.9620279180972123 1.2681450569322044 3.628842369200301
7.491252634723806 0.0037065284411844537 0.03370235649641856 1.182243666357015e-37 0.015035528806030304 3.9999999999999996 1.627560976213269 2.0709375002617816 1.1223982692059709 1.0948302889325214 1.3802637942741314 0.99852374449046 1.1287122396303602 1.2449760541827175 1.363007405442338 0.7959724591881736 0.6282667406924985 3.999961269192201 1.2360482130284545 0.7208399834113502 0.3643095181299348 1.2132200680426886 0.9608649062437633 1.2635710060312075 3.5075897768084423
6.382160506869663 0.003712430688663494 0.03378580036873784 3.620118905673688e-38 0.015044607327184155 3.9999999999999996 1.656987351045248 2.0694624423473496 1.1227695967299773 1.0940489842827446 1.3794017142101271 0.9979911907300019 1.1282118284012226 1.2445365353299924 1.3626492606265739 0.7958351434173471 0.6282139382520716 3.999999759475367 1.236168531438451 0.7209746887463295 0.3644105787857572 1.2136640290985414 0.961302497221419 1.265116052624933 3.534612081322649
2.7850499654976644 0.0038943010776784307 0.03429457335327193 0.0015944403215121523 0.014680146909948469 3.9996704659931632 2.11025264514328 2.0885794594459823 1.1887606510033095 1.091323394036871 1.3717296233749623 0.9929184229213469 1.123235984488932 1.2399043576024855 1.3585163932377682 0.7939731921251242 0.6271747098589431 3.996170315010169 1.2358228371164195 0.7212693541940053 0.36481664027642063 1.2158269204975694 0.9636769133755615 1.275913595991967 3.9687297217386788
3.9184160961613803 0.0037617354849338596 0.03386486028251985 7.827541828905276e-07 0.014967505150119543 3.999999999999567 1.848251008741307 2.0679664982568906 1.140272474965357 1.0906682845161697 1.3747754849503158 0.9947730610890692 1.1247199075360257 1.2408479022921644 1.358789122348284 0.793685241807973 0.6265946690012277 3.9902782458032653 1.2333089232535352 0.7193989565531127 0.363662568225891 1.211321653671587 0.959569769106981 1.2641025770733607 3.713966810713015
3.113637606105395 0.0038145817037761607 0.03420166681847231 0.0007260048542147335 0.01488926005923959 3.9999986619040193 2.0099840701247134 2.0780821190746934 1.1681049843384208 1.0905526567087553 1.3732804328388502 0.9942937096661394 1.124754436982277 1.2415302492134286 1.3602419953006932 0.7954034672338409 0.6285297241530899 3.988062438856499 1.2378421246414821 0.7230707678709116 0.3661062050588734 1.2183265701017627 0.9662013984467889 1.2811814106564217 3.878740266841388
6.142409830903786 0.003724181625600886 0.03380562244666456 6.257336452404411e-11 0.015047838106784952 3.9999999999998783 1.6585264408795362 2.069003437327862 1.1220767599527974 1.093919396038608 1.3792760034521991 0.9979139838121088 1.1281386024154136 1.244471662517722 1.3625957015237438 0.7958142747594094 0.6282049464819169 3.99999582997767 1.2361836994369457 0.720992864388871 0.3644248724588591 1.2137262833985754 0.9613646643598895 1.2653330102656053 3.533930106230138
6.6557039357112915 0.003712719759676615 0.03375846326478266 2.3996001744823492e-08 0.015043377019997509 3.9999999999999996 1.6466008106715047 2.0698488672481057 1.122412810581321 1.0942743654327363 1.3796460864878224 0.9981369550050511 1.1283418353453891 1.2446415066820529 1.3627221452792058 0.7958531917797477 0.6282093399050906 3.9998404787067896 1.2360825248010445 0.7209024920542569 0.3643629791390136 1.2134684199326764 0.9611182550227365 1.2645410699229547 3.524323025884744
4.014108464078491 0.003832970375964481 0.03403653857567496 6.657900088489058e-05 0.0150086800535531 3.9999999999078533 1.8218210794130199 2.066394237257077 1.1360209109649677 1.091118847908485 1.3761106662884381 0.9959863698116097 1.1263348490711067 1.2428967455986133 1.3613248642631566 0.7953460770168276 0.628044306673876 3.999573169632631 1.2366801946755392 0.7215258555688279 0.36482028601585276 1.2154188600540856 0.9630266028058355 1.271047741301349 3.61517016479127
3.3589880689538893 0.003785066360365605 0.03426734559166205 9.974389083179034e-07 0.014896839823462729 3.9999999999788804 1.9441672516584156 2.0722659968137838 1.1550006434343079 1.0903916036774655 1.3741994720518889 0.9947545166031813 1.125154274710193 1.241830496518354 1.3604163272096872 0.7949577568955367 0.6278486315582809 3.9999202618116145 1.236785808387534 0.7217178935424132 0.36498327621117355 1.2162062623122945 0.9638278990654426 1.2741433439660754 3.8162929785682644
4.640071722086586 0.003760946014468957 0.033356303328166546 2.6115584118126424e-14 0.014999804340763728 3.999996279014707 1.7614438236777097 2.0657364572064236 1.1293727617818135 1.090972117736011 1.3748788814328197 0.9943456464285354 1.1236659566265808 1.239054489825248 1.356135101581292 0.7917318175522431 0.6247388302577529 3.976378746815113 1.2284001451120607 0.71617235821146 0.3618478227742615 1.2046682254631287 0.953815638383139 1.2509834740813974 3.6181640691321957
4.851637223782756 0.0037320584934155934 0.033958209109920784 1.0553806299070747e-06 0.015031340062973436 3.9999999999941203 1.7403579242115401 2.067276026585432 1.1276109498737383 1.0924431367588965 1.3775808039918542 0.9968639580024609 1.1271486683985514 1.2435978024772674 1.361877607813853 0.7955341334087406 0.6280911082309195 3.999991489683487 1.2363956704000447 0.7212415303112027 0.364613851434059 1.2145650909163679 0.9621950699688052 1.2683038939104871 3.6146092741214266
6.792349677631329 0.003716030533829154 0.03375077159779042 6.392719047263449e-28 0.01504342200582941 3.9999999999999996 1.6392795316169624 2.070063141448131 1.1220170774088676 1.0944255058861383 1.379823543925206 0.998252791961096 1.1284582632461682 1.2447540289860168 1.3628279590962644 0.7959049409398173 0.6282418934412917 3.999997349910409 1.2361160122087738 0.7209129982377103 0.36436372614924367 1.2134558266654347 0.9610965100906766 1.264375864571219 3.516642899083488
7.023255769500162 0.0037133847341653823 0.03373375430806103 8.384912474784391e-29 0.015041102463278245 3.9999999999999996 1.6341965620603731 2.0703868447593377 1.1220881041173532 1.0945784503816394 1.379990323540349 0.9983560032149721 1.1285556488322788 1.2448400506096473 1.3628987174648028 0.7959325629839425 0.6282531685691956 3.9999978651248713 1.2360953923382294 0.7208886692309417 0.3643451001975414 1.2133734334573283 0.9610148129986094 1.2640841691474176 3.5123344151856313
6.838354064434371 0.003711012299119121 0.03374116987911179 3.236240384820807e-39 0.0150419719913952 3.9999999999999996 1.6419400608317707 2.0700950677397687 1.12239425026486 1.0943967763876385 1.3797753776958641 0.9982127180810808 1.1284075719685565 1.2446920030276059 1.362753326579729 0.7958573296187 0.6282012015640612 3.9997203607322875 1.2360236682676056 0.7208554911900986 0.36433248028960347 1.2133463817116952 0.9610046395433391 1.2642009535671066 3.519991232071983
5.320451471236262 0.0037405659965833 0.03386139388162066 0.0005158152081208557 0.015071420503417771 3.9768158312606117 1.7075024018339398 2.06783718282662 1.125207982836615 1.0929898689737425 1.3781908738938407 0.9972218934189208 1.12746223554164 1.2438417899970078 1.3620331765499194 0.795560278703631 0.6280681734225321 3.9994590679240956 1.2361330543795503 0.7210305506413099 0.36447728690271874 1.2140135161352366 0.9616791701293528 1.2668974697902293 3.5904288463809633
3.439882538984307 0.003774925554050712 0.0341224061671903 2.47042570731148e-05 0.01491069091062515 3.9999999999450697 1.933074215575217 2.072193124387383 1.153794388215938 1.0904289170404358 1.3739747616183327 0.9944442766724886 1.1246497088012326 1.2411051657413235 1.3594374244573084 0.7942802917640077 0.6272312137376329 3.9954318155638404 1.2352279906157175 0.7207122911340805 0.3644251404196556 1.214181230732242 0.9620924100976239 1.270353437535163 3.801662995162917
4.6241605332048135 0.0037759297525344526 0.033780521925127746 0.0007407582433379311 0.014992105914869597 3.9998397414934583 1.7612164783645556 2.0667088493537955 1.1296737924435827 1.0917966004631152 1.3765645415980872 0.9960086460691191 1.1260332503037218 1.2422038749976896 1.360172695931223 0.7944410426387433 0.6271572520653346 3.9934315786183 1.234205184396265 0.7198719084722592 0.36387638771517555 1.21194095189531 0.9599915477074163 1.2640971033657393 3.628022725519017
5.227385185794343 0.0037501407031678238 0.033761134669739006 0.0004693280530801062 0.015019642143952728 3.999561912350087 1.7129226997926879 2.0673992140040376 1.1254625045182989 1.0926822889519094 1.3776774057133543 0.996762031189897 1.1268376711294175 1.2430380434656405 1.3610275936261442 0.794901063348464 0.6274919659008754 3.9954239865973378 1.2347651178469201 0.7201661482464977 0.36400839136280433 1.212334964830195 0.9602604481886283 1.2639608583615802 3.5848266023301734
3.824406547987379 0.0037628019425540137 0.03394068003975448 1.3533492345876066e-05 0.014960339518667523 3.9999999999881504 1.8622657836107843 2.0685072477690536 1.142317494334441 1.0906420511464947 1.3747509113021894 0.9948312218619592 1.1248711436486314 1.2411093105700164 1.3591789282790145 0.7939743272427833 0.6268700719526968 3.9923400814519066 1.2340389980662951 0.7198797405103842 0.36393322157510377 1.2123139720517346 0.9604284321414709 1.2660718395881927 3.7299916623557037
5.923979149251064 0.003724817486308848 0.033824136296994656 4.421104114800857e-16 0.015047415731395987 3.9999999999999996 1.668869053902529 2.0686418200938617 1.1225221568656483 1.0936983952488022 1.3790261596519213 0.997755338042295 1.1279838991456488 1.2443282819724402 1.3624685535659955 0.7957574111508929 0.628173494879193 3.9998873263809624 1.2361762002571948 0.721004097950429 0.3644384965876202 1.2137977075855526 0.9614419850715482 1.2656681243964898 3.544098409396949
3.576220341556395 0.0037749818266811703 0.03420722980971241 2.9473755465036325e-07 0.014934558423715369 3.9999999999999996 1.8990628829870964 2.0696812125054365 1.147330377946961 1.0905702166583489 1.3748761061661592 0.9951857006953367 1.1255627699168629 1.2421934111720516 1.3607176948050848 0.7950776632291046 0.6279003132777277 3.999951968685575 1.2367115431048237 0.721624184231379 0.3649099978525851 1.215878661936329 0.9635011225897687 1.2729659705349619 3.771452933977452
6.093166867793388 0.00372440097335461 0.03381030734485211 5.174999624569335e-10 0.015047836407323396 3.999999999999999 1.6606682995569715 2.068921264541911 1.1221529380747357 1.0938727667653911 1.3792246986128276 0.9978822105125945 1.128108638158904 1.2444452048336279 1.3625739486394013 0.7958057812987815 0.6282015290827218 3.9999958974072443 1.2361900581628962 0.7210003553195372 0.3644306038214848 1.213751637498428 0.9613897813356929 1.2654227828998665 3.53604086299355
3.5017323672835277 0.003787848733660998 0.03382479179238946 7.400731752265564e-05 0.014906858344339054 3.999930659472469 1.919961137145613 2.0707169379813206 1.151291673136946 1.089965323243671 1.3731792355814385 0.993588678475099 1.1233630559618601 1.2393327669346483 1.3571100029615446 0.7926933245114888 0.6258015397826336 3.9851697850236945 1.2317109725122624 0.7184558812455073 0.36318112915601874 1.2096957925298473 0.9582669706999729 1.2621685630559842 3.781344629927831
6.920911068470265 0.003714120706088127 0.03374126276439763 8.968876645690018e-16 0.015042074846961436 3.9999999999999996 1.6366768375390837 2.0702454316314993 1.1220854234340902 1.0945082072487142 1.3799132470950632 0.9983082806746726 1.1285106412505124 1.244800305796893 1.3628660411723181 0.7959198066224143 0.628248001877654 3.999997799262989 1.2361049544156382 0.7208999297348844 0.3643537073835581 1.2134115306869482 0.9610525620905973 1.2642191878203348 3.514548584745036
3.7774176777472497 0.0037687589417921396 0.03415705327304413 9.351969880425753e-08 0.014962340783449633 3.99999999999864 1.8619365042633813 2.0679801771809876 1.1414282452807796 1.0908013614561871 1.3754492608145905 0.9955474612789895 1.1259049732934894 1.2424968527053206 1.360968881799123 0.7951770428266564 0.6279423183692855 3.9999690849283493 1.2366459867242197 0.7215434292365616 0.36484737105824105 1.2155994328618522 0.9632232524221189 1.2719675238535797 3.7345358829902278
6.175669918085022 0.0037244629967014727 0.033800520812111726 6.591054459524307e-38 0.015047920911930955 3.9999999999999996 1.6568621010787752 2.06904958727672 1.121992977404483 1.0939493998245216 1.3793066343792082 0.9979304211466895 1.1281506945237973 1.2444778510727685 1.3625946477620536 0.7958091017884507 0.6281971473529011 3.999923696091795 1.236154444393904 0.720971687449924 0.364412014752105 1.2136767244345896 0.9613199304510489 1.2652116105963764 3.5321344540070903
5.97903105357209 0.003725807586833655 0.03381951658824093 3.0224476281400025e-18 0.015047971474097713 3.9999999999999996 1.6652758769834535 2.068712076385139 1.1222678759003286 1.0937638722783045 1.3791039001348016 0.9978050477402739 1.1280326472135636 1.2443738512536016 1.3625094769704795 0.7957761092583228 0.6281841331005207 3.9999277852879738 1.2361809762452012 0.7210022065321109 0.36443517740618103 1.2137787962699869 0.9614208352234972 1.2655699309180335 3.540337222658358
4.708456176448773 0.003740500615032943 0.03397885041574197 1.8873447935326177e-16 0.015027612243712268 3.9999999999999996 1.7484741242619322 2.066825557239893 1.1278466778612177 1.0922497732088485 1.3774004857134747 0.9967536091649075 1.1270440924877267 1.243505006564665 1.3618007699362762 0.7955038514553181 0.6280793919289788 3.9999959383880084 1.2364156865704719 0.7212663637323729 0.36463466499695113 1.2146530316852966 0.9622834208007962 1.2686038049380826 3.622458415332645
3.7498145758883354 0.003761523670435819 0.03403216067215185 2.5327835786842104e-06 0.014955101897610724 3.999999999999655 1.873836796725602 2.0690452402974846 1.144045956474744 1.0906742829958282 1.37483182835093 0.9949786547235958 1.12513881688705 1.241516323421589 1.3597469711160464 0.7943776390731251 0.6272443850600368 3.9950792780464974 1.23499880784974 0.7205043802606151 0.3642821610779133 1.213583704919229 0.9615209230458928 1.2685005699303018 3.7447259184309907
9.003631047950417 0.0036980438875359382 0.03362495751458017 1.171351816787023e-37 0.015017059765567442 3.9999999999999996 1.6103899540063447 2.072361085961157 1.1229072320960036 1.0955402418610212 1.381048607130374 0.9990108989692623 1.1291736056549109 1.2453859037324597 1.3633476992105702 0.7961078157251017 0.6283248250770923 3.9999999999999996 1.2359644107408274 0.7207341864181659 0.36422673193297206 1.2128500906755728 0.9604957568243001 1.2622320135594678 3.494860504185263
8.495690456692696 0.00369945620092857 0.03364865191789538 2.9095914365123393e-38 0.015023595150003264 3.9999999999999996 1.6153359125811722 2.071921773557635 1.1227476899129343 1.0953199589132778 1.3808055296390467 0.9988603409810601 1.129031658066393 1.2452605751117363 1.36324467077614 0.7960676026527608 0.628308560066617 3.9999999999999996 1.2359946038842415 0.7207697206331176 0.364253838090372 1.212970209936928 0.9606147506736743 1.2626585482872201 3.498537012434904
