6.791698278047697 0.011484579985117453 0.11764170910625994 0.19999958293772213 0.0012663164465929223 2.6435431782655003 0.9637814041015927 1.4313887291860743 0.8619555971060542 0.7705969929433728 0.8839611029587042 0.6156727963130704 0.3258563476419518 0.5517748647843089 0.2710396325379449 0.28079175229418407 0.4383850151731391 0.56064392357716 0.6292057615297071 0.8744506462855297 0.5597290406682625 0.15110102146708915 0.7636036941423444 0.25078956655047796 2.027312536156719 1.0042287846144888 3.553435357095607
8.713604270122495 0.0124074508989193 0.09551326970306542 0.19817708916276586 0.0007772426200522384 3.9999981390804478 0.8857068474202585 1.3937473349211416 0.8496499729340855 0.7586912152329177 0.8620218915988392 0.5940682822420534 0.3078269915628074 0.5103006862673973 0.2453935978670729 0.24888261015209842 0.3804457878469356 0.47635606689020044 0.5234031948231119 0.7121556373079216 0.4463072366629528 0.11796027181061212 0.5836667150266602 0.18768469280916442 1.2541435679917825 0.6085678987777952 3.513436827334339
6.975844381979017 0.012807371971323029 0.08945759494622631 0.19978447376299477 0.0007769033663702707 3.9971408753788746 0.9501919986081493 1.413310465760795 0.8476672342443108 0.7533166385100918 0.8527969034126388 0.5860325879454995 0.3019484705686493 0.49773026215220945 0.2379992107993694 0.24002390964651138 0.3648331139480773 0.4542315647348296 0.49628577863528955 0.6714794822628428 0.41844514927287824 0.10996509572713456 0.5411464466497073 0.17303079138890717 1.0990646529643167 0.5305080387976311 3.452528468134401
5.080580619402146 0.012388799401939847 0.10096666344021178 0.19999883314850292 0.0010036847139197004 3.3774604510169515 1.0910211928332623 1.4890197313182094 0.8640425449646826 0.7603159533235484 0.8608515363762399 0.5945704472631105 0.30974743592851844 0.5162831860989175 0.24962804864707888 0.2545584752298893 0.3912280634258424 0.49251810553687553 0.544108289416165 0.7443675460339347 0.4690293852724349 0.12463773313044899 0.6200874040767594 0.20048064309650745 1.4068013170964009 0.6864226944334535 3.3729448971918243
4.121218843971601 0.013278620711862086 0.0841260406698534 0.19996202229020962 0.0008353217261913724 3.936336721574124 1.2166603496786996 1.560835606554627 0.8748457397766758 0.7555815095653581 0.8408818970609645 0.5752697410320115 0.29486939112458554 0.4836966284781127 0.23016325652021755 0.2309913232931808 0.34940243891052997 0.43290979586911116 0.47069313930151296 0.6337542410229579 0.3930232384505099 0.1027864813067048 0.5033454128291802 0.1601657668875553 0.9739224330811648 0.46783193813070634 3.3228809809868536
4.947205435928468 0.012913724119703759 0.09008595442100822 0.19999978245903535 0.0008687497130046406 3.737854813896063 1.103865498470162 1.4922086537132013 0.8607219102851724 0.7543235781131488 0.8489707258623528 0.5832684185838912 0.3007235106067626 0.496070871428135 0.23737775370856404 0.23956878109963609 0.3644019082275995 0.45401959958387783 0.49640731869963467 0.6721154763479807 0.4191403320719068 0.11022885081272292 0.5427985712031167 0.1736829318526011 1.1102134606572067 0.5362136274290974 3.3825615756729426
9.998583100863952 0.01151320392180203 0.11612538354563778 0.19999942146189853 0.0009770524408730394 3.3621399119396442 0.8590832110826413 1.3980481018083477 0.8611675382901183 0.7734289476477708 0.8876126005489685 0.6177920659488336 0.32650390041456456 0.5520611817922924 0.2707819570846561 0.2801103346878349 0.4366667464407978 0.5576061793230288 0.6248515413900292 0.8670829567593131 0.5541656796294847 0.14936793340145632 0.7537185655537351 0.24716344292351394 1.970851087551852 0.9745913503517529 3.6248072373028757
4.084161974579431 0.06250400309634392 0.1405499336674229 0.19573988825849475 4.436194202765058e-06 3.9854522522667284 1.209258725972389 1.7622713623439328 0.9138518901047986 0.8229589529234292 1.360134461585911 1.2677473976256528 1.073830922464812 0.7518105149249041 1.1406025796913886 0.34943853344591613 1.2852878120030786 1.8389379455249824 2.149828716367761 1.0191583239790465 0.6649882396798653 1.3123377445391995 2.0263456973302083 0.28017802094214 2.3082138950905082 2.5701710570994845 30.429788727459112
7.782382610461237 0.012731721608190251 0.09030795278584777 0.19973434971287907 0.0007635093592648617 3.9999999738862533 0.9152558691889464 1.4004620992259433 0.8471518671457992 0.7545537361155971 0.8549975591775324 0.5877857032498637 0.3030871401003913 0.49999529389449854 0.23926871308388759 0.2414923117839951 0.36734791831354874 0.457716428375179 0.5004815655237325 0.6776849511087806 0.4226383708660292 0.11115173388820543 0.5474212221607418 0.17517193977409184 1.1204305485329282 0.5412438897478659 3.4926113471203313
7.093328842643724 0.012828326111349656 0.08792643552917047 0.1988642169825092 0.0007712540838582765 3.999996774492882 0.9442297282254023 1.4101925179162842 0.8466796152912053 0.7524400183258926 0.8512555656350171 0.5845346777837683 0.300722245933735 0.49496099530692006 0.2363182181522888 0.23796952110223604 0.3611644174523906 0.44898563831617755 0.4898151624013605 0.6617286696335095 0.411746977262508 0.10804074571654056 0.5308869232589383 0.16949423615490747 1.0621047462802502 0.5119113836837551 3.444712248517666
7.020508586495124 0.012844960205906898 0.08800217846205234 0.19923628344896102 0.0007713988551103125 3.999995066636126 0.9477734157982315 1.4116666002527505 0.8468529285935585 0.7524394008728241 0.8512376772060971 0.5845473725538329 0.3007565253882324 0.4950629845881509 0.23638850510460718 0.23806217048172898 0.3613388107730081 0.44924407778173037 0.49014240183873625 0.6622320881950212 0.4120984452410595 0.10814285836637844 0.5314396271923764 0.16968640329017967 1.0641979781702033 0.5129738502754018 3.446791248207682
6.961065978537374 0.01212269334382367 0.10468426874940032 0.1999997274151967 0.0009311899126067476 3.5459952574215214 0.9531389387205272 1.4212627917299692 0.8552298231329578 0.7627312578839901 0.8697362959733016 0.6020435913540834 0.31474095098759514 0.5264213355497779 0.25541178586191116 0.2613582031745424 0.40306159157066784 0.5091647490733563 0.5644393579083862 0.7748474712487882 0.4899138189183332 0.1306339657023661 0.6521613813747413 0.21157290079157023 1.5312128123361122 0.7495328659824267 3.4790919188986775
7.369535958431665 0.01277978616504075 0.08987875412658179 0.19999999997097673 0.0007689946695325032 3.9999999999999996 0.9319225743570096 1.4062945126697721 0.8472892731818844 0.753916994717083 0.8539189890670706 0.5869274191551108 0.3025288218917543 0.49888343751463105 0.23864510351593865 0.24077062485469922 0.3661108851871872 0.4560011755397603 0.4984156187687657 0.674629316519232 0.4205725295882417 0.11056642618710535 0.5443300020059173 0.17411650789942235 1.1098668802928655 0.5359407927499446 3.475202102619148
5.077612200449388 0.011782384275357634 0.11313306655989229 0.19993806079189022 0.0013057095335743019 2.5844772924980024 1.0932236363404984 1.495128324744874 0.8697589317203495 0.7674335754893736 0.8738733267101184 0.6070635075242232 0.31993265258852027 0.5394649932010684 0.2638762047084019 0.27221915936587077 0.4232189931077957 0.5389755583406611 0.6023453522710974 0.8336002667481851 0.5313436674275909 0.14283758168153138 0.7188120605682257 0.235090499120679 1.8299274701226564 0.9027881883919384 3.470088973573426
4.247321404338946 0.013139901093795966 0.08659365503514688 0.19999999999994159 0.0008895100961784736 3.6435021181268494 1.1965416864151452 1.5485528168161868 0.8725364086036856 0.7558604870629019 0.8436146026978704 0.5780061572814118 0.29698348731340324 0.48830180661235534 0.232897070929937 0.23427998414006548 0.35520010119856116 0.4411163020579935 0.48073127623610873 0.6487749245651 0.40327224097370284 0.10571163123319569 0.5188699519613571 0.1654884937778629 1.0274591219883196 0.4946753604644297 3.3606188518301447
8.245149460142285 0.012452639612091641 0.0965385017303487 0.19999999850846262 0.000782941334882597 3.999798243179819 0.8999504450290908 1.3983922449333022 0.8501799966041357 0.7589454071460285 0.862680313044218 0.594840905374562 0.30855500848827294 0.5120538003517854 0.24650309941772303 0.2502777177167923 0.38297531741886537 0.48002826409645855 0.52800138753149 0.719196993006809 0.45119320745817615 0.11936964946043327 0.5913492630295338 0.19035279138946043 1.2841108073706025 0.6238644099261269 3.517333588051992
3.403015859830139 0.013956350654266612 0.07164346007088582 0.19998323622914388 0.0007909653371259411 3.9999999542399522 1.3629643640665374 1.6576399182426085 0.8980438264232493 0.7597564661521653 0.82858167471728 0.5615265361608114 0.28417479158606285 0.46065956783660794 0.216623472477521 0.2148496085242816 0.32118175597558907 0.39328027485121575 0.4225920234460824 0.5623240107067669 0.34464150000730276 0.08907475739627384 0.4311270784160397 0.13557885452423513 0.7414923854262473 0.35211048500154873 3.3325320207680353
7.1133041018022105 0.01280804064345878 0.08944215994872577 0.1999999999993814 0.0007849251982759108 3.884609034737493 0.9435035643931238 1.4105981933570122 0.8474215078762328 0.7534232200178466 0.8530190214598784 0.5861841119300943 0.30202203165120906 0.49784391517666776 0.23805028183674418 0.24007216495817213 0.36489967191452255 0.45430670008726043 0.49636037926073723 0.671572634666192 0.41849577627708257 0.1099754413038623 0.5411997552396653 0.17304445693744064 1.0989765296173228 0.530467857244054 3.486939309201934
5.425258704904792 0.013135417327678504 0.08437090935225222 0.19999987312374584 0.0008040234215625094 3.8809450986590823 1.0546098936921493 1.4618708033607786 0.8526330671145199 0.7500888865841079 0.8441436263142872 0.5785431217544714 0.29666629818924123 0.4866986202969339 0.23161681280956828 0.23247674141186342 0.3516870115404592 0.4357869760194525 0.4738742747696033 0.638115956634433 0.39576941204369 0.10351202635971164 0.5069912503867163 0.1613416117463619 0.9819724056002935 0.47179759373659297 3.402810454874867
9.36189810545995 0.012326904496547811 0.09860606238163969 0.19999999999999998 0.0007736119574742166 3.9999999999731393 0.8697914725887514 1.3913391120952787 0.8515176775621842 0.7613257695694221 0.8663939096605324 0.5979849303909209 0.31078996435775424 0.5167675922366611 0.24925771089815618 0.25356813623902646 0.38876441333476713 0.48823278752575444 0.5380720374638206 0.7343434630458646 0.46159176636691396 0.12235804391572405 0.6073366788312904 0.1958794410919842 1.3447273921083616 0.6545823562487922 3.567677628333662
9.999996134485338 0.011448952048778877 0.11675122019515422 0.19999996579211674 0.0011565928350418648 2.6898089449892164 0.859151967797567 1.3983842870777532 0.8615283235115668 0.7738823512386814 0.8884168414307525 0.6185670193153612 0.32713378396612386 0.5534603617943351 0.2716381629206666 0.28115486735608003 0.4385219352039746 0.5602525982397444 0.6281114913821354 0.8719773765728976 0.5575321993796208 0.1503333571881174 0.7587980106428197 0.24890857539820047 1.9863173944469843 0.9822217016836932 3.692566717515493
7.922121822695184 0.012582308525683485 0.09404584862884685 0.1997816898517693 0.0007795274608992807 3.9414929984539366 0.9106377883227502 1.4006402031958487 0.8489855549455686 0.7570535149887518 0.8594206437052107 0.5918903842240012 0.30630047226843543 0.5071129600408326 0.24354800631158544 0.24669453473467007 0.3766058358098554 0.47093478141709677 0.5167815347576538 0.7022625048100566 0.43953526053187436 0.11601119950218823 0.5733805769642669 0.18413599689620525 1.2162322310740086 0.5895649171794568 3.526497149832029
9.999568794930736 0.011435629882041956 0.11217256967022342 0.19541866289570867 0.0013050016537399613 2.034546380803911 0.8584628331612865 1.3957525016441135 0.8588949333178526 0.7706055537379368 0.8825732255976817 0.6130304773337734 0.32268053633145316 0.543390767507107 0.265443251189484 0.2734793782005756 0.42464593286681945 0.5401056369746272 0.6028205496752598 0.8331217694943186 0.5303631725269339 0.14241074378583732 0.7155076606432792 0.23371503436332525 1.7981525397162785 0.8855464813059416 3.7463082050058185
9.379176743344214 0.012039853375829666 0.10510416470037637 0.19999999999776039 0.0008063883821798359 3.9985515911621676 0.8703211060288049 1.3946906685470835 0.8549330965899816 0.7655724907548419 0.8739401087142364 0.6050739432958016 0.31643301488378034 0.5294303807607207 0.25695900882906814 0.26303112020197433 0.4057774700713972 0.5127678659634876 0.5686257697528053 0.7808611945457917 0.493880934210375 0.13173425972088984 0.6578895924738624 0.21350165469680096 1.549712856363044 0.758850066906894 3.5609457688875885
7.0241723651952865 0.012827496431882204 0.08846906586859458 0.1993101372580547 0.0007731631808956695 3.9998757307171138 0.9476615985838709 1.4118296067560414 0.8470784743840444 0.7527320396690927 0.8517627929558833 0.5850398712740253 0.30114491155661127 0.49592484677440135 0.2369065509877846 0.23869087592677019 0.3624546965566578 0.45083294047280154 0.4920958420997734 0.6651678388000768 0.41411018008759515 0.10871975531074837 0.5345075201156592 0.17074219222069847 1.0751094027231938 0.518449864487004 3.447835622655274
9.995996422314864 0.010876678503425252 0.1238992635045797 0.1943094515657288 0.0012479029591562253 2.7594511956584062 0.8601853163255802 1.4020687762010915 0.8651615719050587 0.7784015883735754 0.8965147111356159 0.6262270642248634 0.3333393606097859 0.567651052250597 0.28042473995462325 0.2921595978500761 0.45873515381999064 0.5900017835395234 0.6658829368961593 0.9305386129571466 0.5989902497756499 0.16264912126747672 0.8260639450648447 0.27282917910992394 2.3185413239635277 1.152342562252345 3.764329466106674
6.590311706226279 0.012828314503258512 0.08933056956004853 0.19968718086139717 0.000785065666977468 3.9706953164925265 0.9708233993959059 1.4220780696814697 0.8485265223852372 0.7529603207220686 0.8519558598779764 0.5854098796968538 0.3015942754018719 0.4970927409833243 0.2376691842627754 0.23966514657687527 0.36424645779172976 0.4534509800309954 0.4953786338419448 0.6701786254536432 0.41758823729431316 0.10972796360499353 0.5399170661511381 0.17261857062810843 1.0953563746669344 0.5286436220014814 3.452137890850037
7.473677403764401 0.012693958267540932 0.09152062936740059 0.19980788796689197 0.0007757639441438791 3.999980410115951 0.9277087932592926 1.4054605671418634 0.8479956366355286 0.7550288407894922 0.8559008225040893 0.5887505037208701 0.303941004882369 0.5019935393451985 0.24050791134649477 0.24302825535438127 0.37011730413836536 0.4617083854999465 0.5054390166027466 0.6851988525394572 0.4278260355702491 0.1126493868611402 0.5554336753379198 0.1779448375407057 1.1502522542361475 0.5562668322636821 3.475692351096037
3.0455926303469423 0.013966773956828426 0.07218511992137006 0.19918448358891386 0.0008040959077321116 3.9990473915870544 1.4649333944147647 1.732626049076751 0.921230787883689 0.7702003640861979 0.8307090787323541 0.5611195767003652 0.283759310791808 0.4602001881785151 0.21652629596694384 0.21487052113857646 0.32138746600489393 0.3937478662634298 0.4233256442953617 0.5636025422314906 0.3456153518944957 0.08937856669969187 0.43280272053068236 0.13618175341258765 0.7485031547421768 0.3555897637905589 3.332829693002458
3.7160578011958845 0.013800970126839916 0.0729114647161308 0.1990371107427542 0.0007926850274264483 3.999999762183122 1.2909240471300987 1.6070828327182332 0.8837701291256277 0.7544190143838634 0.8293600409275085 0.5634820131450405 0.2856488127647424 0.4635786887615603 0.2182402394641742 0.21669513038044563 0.3243003330487596 0.3975405373732739 0.4276455017256475 0.5696830859824619 0.34953929514625326 0.09044054780923197 0.43822682812744473 0.1379642748235486 0.7621067939939881 0.36229585176720813 3.314867685308525
4.303013617274007 0.013111954826091348 0.08697505974490577 0.19999999999931 0.0009090082727128391 3.530186931647332 1.187954030036339 1.54312418664535 0.8713134904960679 0.7556461488002816 0.8441195242609825 0.5785308190944229 0.2973659018542569 0.4891039490265505 0.23336236254804316 0.23483123379775428 0.35616154400802774 0.4424666422296473 0.48237342837927416 0.6512216320355906 0.4049359080817236 0.10618510204833867 0.5213787675105235 0.16634725501417547 1.0360775113736649 0.49899810381145726 3.3755046195724425
9.999038196884765 0.011241546159942942 0.12053353446590569 0.19998983077672708 0.001349707199060799 2.159777501367479 0.8596980006525314 1.4004031205876653 0.8635309999938436 0.776373456387704 0.8928729599595229 0.6227820492214033 0.33054133814057535 0.5612311643732258 0.27644044317011096 0.2871523286204787 0.44947710321401835 0.57630564349192 0.6484257098293823 0.9034081591116568 0.579698717838987 0.15689893664821947 0.7946328479869776 0.261636370177103 2.155429602109696 1.069747762055184 3.782731095614736
4.574046948705515 0.01326889761108406 0.08293724730088653 0.19999999999999998 0.000860393715129761 3.6436371499089693 1.1484905686710616 1.5165118270808138 0.8635745396896582 0.7516922561695514 0.840609498192041 0.5753062853051448 0.2945910136934022 0.4826634346202563 0.2293965529647527 0.22994720584151546 0.34740792202355847 0.4299239409138579 0.4668887115717448 0.6278859624340628 0.3889179228287842 0.10158873544486152 0.4969112426539141 0.1579283630466249 0.9499862891227588 0.45582790354725083 3.3786165190525526
8.03822603047814 0.012596909876214136 0.09342510301921553 0.199999904567026 0.0007719824807569561 3.999999999983408 0.9064377476281075 1.398968992540518 0.8486278157442027 0.7567676941189949 0.8588729005330229 0.5913343706316777 0.3058275722056055 0.5060235204776253 0.2428775987205442 0.24586673601664158 0.37511579802340667 0.46878847524933426 0.5141159863681694 0.6982195961512145 0.43674153707719293 0.11520404419532496 0.56905264811304 0.18263604089901495 1.1998314058655695 0.581274286383923 3.508212576095833
7.129015001481309 0.012831043472109106 0.08901319693195121 0.19995295723438822 0.0007695858897767049 3.9996627741510493 0.9426968875956535 1.410087566242014 0.847186232746389 0.7531742541031741 0.8525758805227026 0.5857607770149166 0.3016817361217967 0.49708151104271764 0.23758919907018033 0.2395101946198197 0.3638993789637736 0.452878912447861 0.4946011369001849 0.6689234150193163 0.4166774820422691 0.10945331724569027 0.5384183335666195 0.17208603215051854 1.088973440964067 0.525443298670843 3.4646611902161855
5.3007042723688675 0.01302586702622754 0.08711910662536088 0.19999983421344986 0.0008093951497344826 3.981105858628228 1.0666596732671745 1.4696447984997327 0.8551212529456294 0.7518624697413732 0.8467600217567014 0.5810676292457612 0.29874560227156494 0.49140527104268233 0.23447515438431057 0.23596694483824518 0.35790776743982083 0.44466525663829387 0.4848033004852086 0.6545500229904937 0.4070324293276135 0.10674050551911334 0.524158126227349 0.16724482717407585 1.042314701187348 0.5020604003535643 3.3666197596976812
2.6200372190451215 0.014325688564746496 0.06766306996223528 0.19999999999999998 0.0007890111410943072 3.9722441153039605 1.6235100991994156 1.8517256656829781 0.9589703407024766 0.7871893084711942 0.8317463569509222 0.556733102275899 0.27946935414609747 0.45121087701735846 0.2114054454936884 0.20891416213889605 0.3111817759586761 0.37965973245524615 0.4064813339033239 0.5389257731717905 0.32910974812157845 0.08475566869431875 0.4087211014265955 0.12806978584097084 0.6779961070089877 0.32078966290064315 3.3979442123349743
6.116187674303861 0.013013897435553895 0.08359751927104093 0.1975254463843742 0.000780672567481074 3.9999999994691025 0.9997654825192932 1.4330699585016362 0.8475209967905714 0.749253210263547 0.8446938248724193 0.5787773612951623 0.2965269144749272 0.48603614180806626 0.23109573481099327 0.23174718700649766 0.35026905687119153 0.433641640311283 0.47112011796858444 0.6338409644932048 0.3927656779193971 0.10263417867071654 0.5022424624108697 0.15968696707855148 0.9640832423525136 0.4627780236891074 3.3760710449299283
7.287041366186449 0.012761249038939302 0.08991287464669283 0.19952757184808959 0.0007730408463058436 3.9999983076297982 0.9355549114003786 1.4076838100158255 0.8473947643139875 0.7538519394875265 0.8538031194184097 0.5868514498610017 0.30249362957233655 0.4988322829049925 0.2386240630604105 0.2407523220188452 0.36608656153065916 0.4559757077952755 0.49839273858178745 0.6746033432877514 0.42056017704780757 0.1105649472157451 0.5443174987987797 0.17411400201412774 1.1098995269976781 0.5359349697418775 3.464325169677963
7.3947904060070755 0.012671518453860808 0.09231171555932327 0.19999999474119418 0.0007803744276522555 3.999999722727364 0.9311723252485984 1.4071120796454002 0.8484759768381108 0.7554553836825177 0.8566706083172807 0.589505455048048 0.3045645992797661 0.5034098023218917 0.24137152933053463 0.24408785517679196 0.3720156876466934 0.4644315879379612 0.508808813427456 0.6902938144431083 0.4313362691765925 0.11366034923393259 0.5608448215333186 0.1798153086851648 1.1703167684626865 0.5663984304907064 3.4734036566291993
7.34695112712412 0.012690372727831698 0.09192424601207703 0.19999386063511698 0.0007796123415548796 3.9998892126451637 0.9331894941372312 1.4076958472704706 0.8483354780553263 0.7551697443176207 0.8561614529964754 0.5890456109843631 0.3042148711367504 0.5026463653573204 0.2409165792878339 0.2435380332218815 0.371041375682397 0.46304494170875005 0.5071030419446783 0.6877266745341297 0.4295742483267487 0.11315444190762074 0.5581440479854779 0.1788837093098781 1.1603977675439763 0.5613988304788944 3.4710189521440262
5.808579355567879 0.012998281801632983 0.08664484496362468 0.1999999999999955 0.0008399502827557243 3.6487575040816704 1.022713574237638 1.4458613102412448 0.8507481478358054 0.7511578266191837 0.8474336224350527 0.5814976512235169 0.29882273357868816 0.4912849824833408 0.2343001360716684 0.23567282552703384 0.35728065077849214 0.4436616250451655 0.4834653823455145 0.6524176416951403 0.40550018641118163 0.10628326019929143 0.5216626004258956 0.16636332411063134 1.0320056342154857 0.4968552633393846 3.438251565722784
9.995251816448821 0.011434860257492364 0.11804316358221961 0.19999999999999998 0.0009521708057455584 3.549726916592809 0.8594158303858036 1.399088136021681 0.8621880281499282 0.7746981140139465 0.8898834754419886 0.6199408110589457 0.32824039169691477 0.5560172616578392 0.2732241623349216 0.28315679852071424 0.44222990391816225 0.5657527573741833 0.6351509758344545 0.8829989615553379 0.5653825818435502 0.15267552052202413 0.7717876939008836 0.2535588006877663 2.0559009093759437 1.0184747210602396 3.592827750646058
5.763283924508342 0.013090810051202674 0.08431102533771154 0.19943803408473987 0.0007842845560148644 3.9999874497172865 1.0259110949900454 1.4465393531002881 0.8499295679638109 0.7497795434472428 0.8448182977061842 0.5790462737272809 0.2968970705582503 0.48702692678567444 0.23174921864621875 0.23258575822218372 0.3518153870246134 0.43590090759899763 0.4739492083764864 0.6381511216157022 0.3957500800362715 0.1034961407605456 0.5068613249425424 0.1612834418069053 0.9806981979332301 0.47113401284312967 3.384131828528033
5.45121926694118 0.013096700547326633 0.08498274067318289 0.19999999996947165 0.0008487383669880002 3.5954710117474944 1.0523528075676016 1.4608809309398834 0.8526812191897867 0.7504121007176001 0.8448420567325978 0.5791945621771599 0.2971710787570668 0.48780652688865345 0.23227749538023432 0.23327372898226623 0.35309428487264083 0.43778115816375507 0.47631537284212344 0.6417705031418854 0.39826353901348455 0.10422395400794576 0.5107692371670031 0.16263678152592898 0.9949509456873349 0.4783003518067648 3.4313754895902866
7.915701811041498 0.012492969136912892 0.09414562086531483 0.1981163106366179 0.0007864415174701853 3.996023239475061 0.9108702091309829 1.4007230637323422 0.8489939144769714 0.7570546997677302 0.8594246184835912 0.5918951546330673 0.3063076134491596 0.5071305148792016 0.24355569579110756 0.24670139106835953 0.37663007009733934 0.47097515539134405 0.5168280807263584 0.7023078011522854 0.43957334510867163 0.11603236587832469 0.5733911311023397 0.18414522014472556 1.2164314598657333 0.5895278103031086 3.4744227510235755
4.738926402920464 0.013245319780614566 0.08194984345464132 0.19861588946379313 0.0008052224075912292 3.998982135802104 1.12711329059396 1.502937407607048 0.8601250356390424 0.7503393614639065 0.8399212746378603 0.5746775443208263 0.29398140626827624 0.48117715516756815 0.2284587443708332 0.2287747965735773 0.345285235306849 0.42686316551916703 0.46309349955778245 0.6221465473112058 0.38497099428299547 0.10045672752042425 0.4908594323775723 0.15584631859803005 0.9288583005052369 0.4452061725047224 3.3242953546511194
7.853191500457752 0.012598654097382792 0.0935476595004042 0.19999999999609033 0.0007762087154686936 3.9997451184318056 0.9130783168484772 1.4012225775559708 0.8487575330057368 0.7566668064944526 0.8587509195174688 0.5912861047152664 0.3058402084844762 0.5061068070014269 0.24294748138047653 0.24596752882043324 0.37531539540796666 0.4690951898848371 0.5145148704051664 0.6988452266803332 0.4371860032880579 0.11533570151932429 0.5697668837125203 0.1828874723177565 1.20278058572111 0.582762123088394 3.4991268113916267
7.718614019565953 0.012706545504351933 0.09051573974814944 0.19931237945544908 0.0007677578957585007 3.999888697669399 0.9177159514514157 1.4014020869903383 0.8472853563228084 0.7546128559918769 0.8551177976076818 0.5879222441097274 0.3032126593788769 0.5002939087956414 0.23945575726737606 0.24172525315307222 0.36776851777421027 0.4583238805389571 0.501237010575733 0.6788302314062954 0.4234297694695678 0.1113809479544352 0.548640896736376 0.17559443672138264 1.1249814803422777 0.5435185987513577 3.4833007612493976
7.662092147920434 0.012695413149965269 0.09138293398851827 0.19986673028297436 0.000770586956284072 3.9999720207673413 0.9200434678658627 1.402630223508969 0.8477726519312464 0.7551201636833439 0.8560348420282032 0.5888038722958906 0.3039273237550653 0.5019019310193218 0.24043038074555076 0.24291611164661472 0.36989664417546264 0.46136959810528727 0.5049977806047057 0.6845044011475668 0.42733304795252913 0.11250393258432674 0.5546379974153369 0.17766498063144182 1.1469602686140632 0.5546015389898971 3.4874797964607978
3.3198882403861862 0.014028108491390858 0.06880511285174445 0.19838279936159386 0.0007876459016174047 3.9999979378935393 1.38405020063878 1.6718117173084799 0.901443415628318 0.7602082312236227 0.8260579358136387 0.5586725915893422 0.2818881716555509 0.4556842543585347 0.21369115910175676 0.21135552221214257 0.31508631894142225 0.3847510694252821 0.4122853020847564 0.5470947375200725 0.33438190330257317 0.08618412647428442 0.41598900275706074 0.13045706493263934 0.6959496794711396 0.3295815152304738 3.318604224265777
8.376938809618652 0.012433439435883337 0.09686441030565295 0.19999999996401818 0.0007825621516195327 3.994968307862084 0.8958163613520098 1.3973018358546943 0.8503443506254841 0.759283083215248 0.8632275126622865 0.5953105306538096 0.3088946981521927 0.5127774779654044 0.2469287285294059 0.25078880607375337 0.38387889611551357 0.48131351252255056 0.5295838176820952 0.7215839581185269 0.45283606630820505 0.11984254063719835 0.5938888449138707 0.19123247293290088 1.293893231890449 0.6288531061295058 3.524907259631017
5.822092288655122 0.013078005784986448 0.08446679132128801 0.19939780806794175 0.0007835143620142021 3.9999999772512775 1.0213297167815643 1.4442416104334614 0.8496158799201743 0.7498492847661216 0.8451106620255638 0.579297314174325 0.2970687269500313 0.48737831026527517 0.23194967600845418 0.23282029643355373 0.35222042564146655 0.43646510263474875 0.47463048531389807 0.6391598135143461 0.39643216943955584 0.10368929448437726 0.5078797991925205 0.1616305525375921 0.9840700926209142 0.4728204724495995 3.3871406468172554
2.520425619821894 0.014203113617451092 0.07098366169514246 0.19999999867803145 0.000800036278122274 3.999571242310044 1.6696616720026358 1.8888468866514028 0.972437587003397 0.7950537252973793 0.8367557213815264 0.5596641143496834 0.28148656752188517 0.45585244610147735 0.2142615674963204 0.21241405652971806 0.3174052618116371 0.38849092771655436 0.4172659466750357 0.5549896961339444 0.34000317138279973 0.08784248163464675 0.4249429269599786 0.1335789520179817 0.7277872915316178 0.34541984659370895 3.3968282529477185
9.999564131660483 0.011171817146111788 0.12328618818049958 0.1999915990185081 0.0010979385516528182 3.089089435518343 0.8600707106728493 1.4018808235876985 0.8649843888825137 0.7781794348561718 0.8961138747374161 0.625841856233687 0.3330201101615736 0.5669338991328263 0.2799834937072312 0.2916126233652287 0.45770273015388074 0.5884664264818156 0.6639455768975487 0.9276302841081698 0.596916020471675 0.16199452403563333 0.8229421708104234 0.2717087364233852 2.3036896820181405 1.1465178627874666 3.71972383871495
7.4589571297913535 0.012737112110988958 0.09075999170988605 0.19999999998762827 0.0007713124500111256 3.999999774519438 0.9282227825328887 1.4053096259804556 0.8476341744984535 0.754546421541311 0.855039122391279 0.5879455265352359 0.3033075324680015 0.5005868157804395 0.23966085994206895 0.24199786015054833 0.3682837421683306 0.4590904153697783 0.5022109432264343 0.680332683453903 0.42448141088601055 0.11168745311190163 0.550300653669695 0.17617286624669937 1.1313840576394365 0.546766110383207 3.4791281532932503
7.5176156365155 0.012706560073797868 0.09140016922962303 0.19999999999999998 0.0007730489695364651 3.9999999999999996 0.9258683412327811 1.4047345401033047 0.8478994266222142 0.7550002632885761 0.8558442590165232 0.5886797432888909 0.3038718025766125 0.5018246833098228 0.24040050821747294 0.24289318392907122 0.36987204175027183 0.46135222615487836 0.5049938759757261 0.6845210076040379 0.42735588151409876 0.11251271626401471 0.554704457119463 0.17769143433035287 1.147463541997308 0.5548715356650636 3.4820626444860547
2.9927764715705547 0.014253886934962379 0.06310861619073559 0.19608658252009492 0.0007794067755566963 3.9999999999169678 1.4803428392449867 1.7407824974679005 0.9212456172609134 0.767265082776039 0.8225544211403397 0.5528566312102238 0.2770709837549572 0.44541062715771434 0.20773111834234065 0.2043384432073656 0.3029648596395011 0.3679320124898983 0.3921118337899698 0.5174860498940727 0.31456124432577215 0.08063363814768056 0.3870770414097824 0.12072857295807879 0.6131400915487174 0.28879375716218747 3.3182806745959317
4.838163750311076 0.013139844120724446 0.0849882962777975 0.19953463841163008 0.0008114027890328885 3.9956563362323316 1.1156158046656732 1.497190046542937 0.859950251477582 0.7517243426585446 0.8433510536669766 0.5779362870754152 0.29652228905999495 0.48676356274206173 0.23179161435876872 0.23279528776231873 0.352384570438691 0.4369199877081433 0.4753976123601122 0.6405544577818304 0.3975262462581655 0.10403806728505138 0.5098503561978351 0.16235191488879114 0.9935749897784182 0.4776105097711631 3.343108386123133
7.612689272515638 0.012682902983600494 0.09184452200528301 0.19999999999999998 0.0007733109111589345 3.9999999999999996 0.9220676742057025 1.4035642882905766 0.8480436689597216 0.7553666355594648 0.8564844808192722 0.5892452027029189 0.30429103739284385 0.5027272902768745 0.24093378559959913 0.24353349394974821 0.37100038849890093 0.4629512023864952 0.5069536322343745 0.6874605351850112 0.42936763038406023 0.11308913904354728 0.5577701995800591 0.17874663760221499 1.1584711579626006 0.5604062351749508 3.486168481496163
4.162643595273828 0.013587614172058362 0.07717250320603274 0.19999317264865435 0.0007947737856472611 3.9986347875865578 1.2085977563745574 1.5528844346960065 0.8705449617374981 0.7513431055783404 0.8339614666164882 0.5687161370059881 0.2895883161810222 0.4718863771486673 0.2230540762068858 0.22237436061067029 0.33414756564169784 0.4112720813402723 0.444211005651754 0.5941503832216504 0.3660284123769031 0.0950908174436035 0.4626230124381007 0.14623463805513695 0.8377165303021052 0.39983205041555653 3.32917812473206
7.635640344049952 0.01273902744725104 0.09032498163608914 0.19977985445734395 0.0007664435934528796 3.99998094945925 0.92093703719611 1.4024606415374468 0.8472580676045993 0.754430258206131 0.8548076979353832 0.5876610602657951 0.303029866599427 0.4999124677182978 0.23923464091658755 0.24146336703942992 0.3673121069939919 0.4576820782362038 0.5004550324764101 0.6776632293671826 0.4226341405337558 0.11115336931040923 0.5474373761758293 0.17518094967207154 1.1206906637142888 0.541373717041249 3.485688774884241
4.647113541457484 0.013261239877166034 0.08257043652466751 0.1994081197810246 0.0008085502816784824 3.985393220406718 1.1388235524537238 1.510369099350114 0.8620292907023045 0.7511152306985165 0.8403842717335885 0.5751077696826856 0.2943840422259576 0.48214439449991 0.2290646281770821 0.22952879366493364 0.34664619272964264 0.4288218212451424 0.465518804840857 0.625809746644413 0.387488506774278 0.1011789009469399 0.49471304168602653 0.15717203314238837 0.9423188811025256 0.45196361588537715 3.3347726134956224
7.6162989787964 0.012692102482172379 0.09160314473217565 0.19996871117552872 0.0007722411776330085 3.9999966370547058 0.9218878462474651 1.4033889705278586 0.8479190872035612 0.7552181444143543 0.8562185183998051 0.5889938073571489 0.30409101338855066 0.50228084898066 0.24066416212099995 0.243204951048541 0.370415489898152 0.46211580451066636 0.5059232771709086 0.6859068105258529 0.42830000277258834 0.11278238996028626 0.5561316565082215 0.178181357187674 1.1524833903849323 0.5573903495775604 3.4859314697197137
8.294210964330457 0.012437826165168977 0.0968346004015047 0.1999999999077066 0.0007836735660646822 3.999906163760584 0.8984131173113066 1.3980639653036724 0.8503289808438588 0.7591827470738528 0.8630838829106823 0.5952035903100734 0.30883122810563146 0.5126588442374349 0.2468651710710542 0.2507176713833551 0.38375996137108065 0.48115173498710834 0.5293917744147268 0.7213028909927571 0.45264761375911683 0.11978955031885367 0.5936092210754567 0.19113723583054584 1.2929415636962118 0.6283651073482107 3.5185191910436635
8.23053954437864 0.012412044627082383 0.09742116008045255 0.19999620392258735 0.0007933042041987545 3.960637870852857 0.9005488620578193 1.3989915795755563 0.8506311196195291 0.7594919585155454 0.8636624418930854 0.5957699313316606 0.3092985467357556 0.5137231626409935 0.24751683896024873 0.25152076290109787 0.38520546678698825 0.4832356974872833 0.5319836542682271 0.7252411878056135 0.45537545298386434 0.12057988886706189 0.5978564881841675 0.19261386371114134 1.309506543132615 0.6367967896030569 3.519059555666847
1.3385431622266584 0.015162690741888538 0.07224601945573748 0.18818684769072533 0.0006898989537594587 3.999999995453485 2.742529144975558 2.7684530230002147 1.298343181273504 0.9850210770950436 0.9339349533911486 0.5877184232841711 0.2804857737328178 0.4478241282123615 0.20993064530753522 0.208247929895322 0.3116429199851885 0.38210331536051717 0.41112883349834306 0.5477470587729772 0.33613597648381777 0.08699760784419544 0.4213726013835126 0.13266527672654344 0.7288021566262349 0.3462777362319326 4.653670539612544
7.5451119358557905 0.01270795937186727 0.09039168296796016 0.19902845116544848 0.0007719889461541444 3.9997553797398555 0.9245882034353964 1.4037890416762921 0.8473480463292045 0.7543681854429879 0.8547105484750583 0.5876028990567052 0.30301074530096384 0.499897627272394 0.2392337579870028 0.241468515582702 0.367335779209782 0.457727781255802 0.500518452284751 0.6777575263445115 0.4227072455769982 0.11118002499629534 0.5475396841982134 0.17522004205131117 1.1211703189920401 0.5415590723620628 3.4704107948801726
6.540267164786808 0.012620734149580874 0.09437239931263258 0.19999997943186448 0.0008156561040292348 3.9565548891386593 0.9744498761440689 1.425878959234291 0.851142348314785 0.7560151646706323 0.8574163626672395 0.5905880752177246 0.30573653973684883 0.5063639572611004 0.24327667028271785 0.2465086186787067 0.37645994571848923 0.4709246220387112 0.5169581202794121 0.7027534503634298 0.4400042589954382 0.11617977973451121 0.5744014638208959 0.18453243332767358 1.2229743730222686 0.5930191628940996 3.4285077637557135
6.349735366650728 0.01257245884722945 0.0956838426841866 0.19999999999995416 0.0008276376649912759 3.9540872621879255 0.9862138160518841 1.4318068508714719 0.8524206484037042 0.7566977333582546 0.8584588631297795 0.5916688016218713 0.306682385929932 0.5085724075082924 0.24464676272613795 0.24820983836243604 0.37953526772476404 0.47537008373858375 0.5224956313295691 0.7111742017027328 0.4458373341941149 0.1178691216836201 0.5834757550780126 0.18768371709162207 1.2580205288491595 0.6107483412584134 3.4122739893711573
7.04263387720538 0.012794868677611787 0.08984569707786909 0.19999999999909746 0.0007831124382740045 3.9132075040261745 0.9469621319045822 1.4121693004959195 0.847740810875664 0.7536148257101054 0.8533484853582906 0.586523538510819 0.30231447756178065 0.4985199750409561 0.2384664074924231 0.24058518319752142 0.3658207582844457 0.45562967970620655 0.49799821172995806 0.674048090739288 0.42020039401326165 0.11046634344698958 0.5438200719057324 0.1739492450491852 1.1085302251029576 0.5352729282017348 3.486796601370136
9.521309933788688 0.01214456278126725 0.10237715546978354 0.1998782052360685 0.0007968007532888558 3.9621577218200565 0.866783252829828 1.3925573734584933 0.8535675112945175 0.7639145617473297 0.8709156066623384 0.6021896977371449 0.31410030269301 0.5241525678876972 0.2537322108568179 0.2590497016395948 0.3985933889396845 0.5023770887719825 0.555652545941554 0.76106052318525 0.48010684010086285 0.12772782096746024 0.6362259871929609 0.20593643546852564 1.4602722801813324 0.7132448335832977 3.5720894314234553
8.655326728262466 0.012502617089735052 0.09508394761140532 0.19999999999999998 0.0007684827382464733 3.9999999999999996 0.8872962274012399 1.394013191616517 0.849457686876372 0.75841108094678 0.8615504229756878 0.5936452160602046 0.3075039176535002 0.5095951285502917 0.24497602712786964 0.2483801143279205 0.3795427640383869 0.4750634824542851 0.5218138963016601 0.7097843436584461 0.4446700088479786 0.11747912518633628 0.5811959251193246 0.18682521621241568 1.2447474782477732 0.6039598577118934 3.5369229559178144
7.890374025425314 0.012214606401057985 0.10202029580842496 0.19999987061476074 0.0008522236240208455 3.769946013989022 0.9129198619222257 1.4050995762642216 0.8530350042484868 0.7620600596519611 0.8683907813180528 0.6003524748363486 0.3130520968871839 0.5222522561688191 0.2527378749840154 0.25795897685750024 0.3968025342300845 0.49997534358868384 0.5528347785735002 0.7569803177927037 0.47739415307418426 0.12696839526976472 0.6322695632062354 0.20459598849712976 1.4470377506108179 0.7066252686711495 3.5200949668772767
7.341031377024191 0.012624836616987345 0.09343208549624242 0.19999999999999996 0.000786461339674375 3.999574472213951 0.9336670707586336 1.4085566352162107 0.8490940513052211 0.7561043739495482 0.8578364176630843 0.5906246975589137 0.3054709649047699 0.5054514217752999 0.24261139872570037 0.24560567253538304 0.3747318800677112 0.4683263463991558 0.5136279751148867 0.6975808254704319 0.4363592121883037 0.11510855775510197 0.568594986119807 0.18249691258510073 1.199384113339697 0.5810821911559362 3.4716991541830042
4.883838430931626 0.013062798481487847 0.086767854787212 0.19999999987620823 0.0008834273529451679 3.5620104677587636 1.110564353428688 1.4948716776640758 0.8600886346671245 0.7525977224489387 0.845325661719883 0.5798088099605412 0.29799142816806695 0.4900073583434696 0.2337330368335058 0.23514381764625006 0.3565422103017137 0.44282317994052817 0.4826356716546462 0.6514067101952424 0.40494297907838006 0.10615739506746674 0.5211153862010419 0.16621796199515335 1.032669276525351 0.4972295051357607 3.3985830480598764
8.106238138264834 0.012641075870416268 0.09235050396550964 0.19999499154674957 0.0007657971061183783 3.9999869807352186 0.903955948289496 1.3976725533480807 0.8480655238183349 0.7561525136926306 0.8577521094211142 0.5902583063768841 0.3049568056867384 0.5040630466590013 0.24168736226003742 0.24441017837750012 0.3725105809403852 0.4650542791208036 0.5094968960666661 0.6912371296657831 0.43193008173967595 0.11381722483378401 0.5616338977342028 0.18006999628921477 1.1720892035547354 0.5672745729323644 3.5107750894338343
7.716015048362167 0.0127394971798555 0.09045901030488411 0.19999999999770438 0.0007643724705269043 3.9999918041244653 0.9178128450270941 1.4014244696316955 0.8472745750843499 0.754594873956356 0.8550858086214479 0.5878924172762664 0.30319039196545156 0.5002451589264602 0.23942625817069416 0.2416897434897285 0.3677071105363052 0.4582371309230509 0.5011308475144629 0.6786724729116749 0.4233219162260212 0.11134923331990834 0.5484826467937056 0.17553968155283847 1.1244069089820496 0.5432563676914638 3.492999315198836
3.1848279940780215 0.014118462309046802 0.06811785068415525 0.19906197350621962 0.0007845914089606964 3.99999998997575 1.421598651626786 1.6990225170527034 0.9095729616590403 0.7635682482180252 0.8260301132799764 0.5577743281288388 0.28114100079207216 0.4541916080127263 0.21286310480259396 0.2104103682908532 0.3134908368626399 0.3825747869304439 0.40970874992650397 0.5433511484892645 0.3318964095209308 0.08549269497533855 0.4124060736575218 0.12925661630209984 0.6858662443424053 0.3246180898679792 3.3346022440095515
8.319542178925262 0.012334750844714007 0.09673161030167121 0.19735673989043753 0.0007963667186262966 3.9805059287512523 0.8975804109119404 1.397711969239896 0.8502193020298202 0.759071620938129 0.8628740188932058 0.5949953631936753 0.3086606457500289 0.5122683723409869 0.24662022638221698 0.2504105683657416 0.3832218172816628 0.48038098969921 0.5284248437046708 0.7197920752686443 0.45160807285957516 0.11950265830737078 0.5919088435319944 0.19055297186074935 1.286361752738068 0.6247973652826373 3.4833194931227625
7.441829470699543 0.012781295241595471 0.08977099190003913 0.19999999999999993 0.0007668501267597989 3.9999999999991864 0.9288054369608554 1.405077144086294 0.8471570918794433 0.7539144610878291 0.8539107098239698 0.5868914727093936 0.30247835488647 0.4987474362535113 0.23855476997674782 0.2406541194923102 0.3658953651782738 0.45568485673935155 0.4980176247434705 0.6740202984157148 0.4201488321200022 0.11044328678747016 0.5436691752279761 0.17388691266479278 1.1073689262416926 0.5346839928325292 3.4793820619125144
8.09385995362563 0.012656151132111356 0.09201518072453597 0.19999998100235092 0.0007641684485823331 3.999866821523043 0.9043339623292935 1.3976357196388762 0.8478989551517336 0.7559303164434451 0.8573601847631306 0.5898969647056789 0.3046801504129399 0.5034432493165355 0.24132904308144837 0.24397732798482694 0.37172695654496124 0.4639291431215941 0.5080855521771739 0.6891046244920687 0.43047766772180657 0.11340663294373268 0.5593868349419705 0.17927953363322433 1.1627609764608269 0.5624850235166057 3.5116248984676903
4.158634626375024 0.013370666204102532 0.08163294956691915 0.19999999999746898 0.000890188588541719 3.5098558610606063 1.2100025888441581 1.5554894712589817 0.8726578699832452 0.7538432302200565 0.8384179930752175 0.572958859602906 0.2929868669664928 0.4794534038257707 0.22759500177213046 0.22786459306754903 0.34384491189623057 0.424998963193622 0.46097972942731336 0.6191838854473234 0.3830620224249449 0.09993848594061544 0.4882341555481276 0.15498182362257734 0.9220224479940669 0.4418600680662468 3.3724521291720704
4.918558414121806 0.012647946971812273 0.09573793084601447 0.19999999999867363 0.0009328541125397543 3.5971317635653013 1.1079966862390274 1.496875724026533 0.8637373359064101 0.7576631655949401 0.8548293587636109 0.588862666591971 0.305247484492066 0.5062584251172654 0.24356512578930956 0.2471438284638953 0.37795521475815824 0.4734540975770463 0.5204583682998075 0.7084915809463032 0.4442173132944824 0.11745931603094036 0.5815067750817373 0.18707896943824145 1.2554184494781213 0.6096785163353404 3.3526061619411367
7.528636108992743 0.012740965034177106 0.09060541226505477 0.19999999999717066 0.0007689603925106937 3.9999999903456245 0.9253007394607924 1.4041655067177623 0.8474913665967236 0.7545137710058936 0.8549731582096404 0.5878566505866608 0.3032163427194018 0.5003614374103993 0.23951708315661577 0.24181668842798987 0.3679537032277473 0.4586111866378102 0.5016126901914609 0.6794226421686752 0.42385130322810305 0.11150506174543547 0.5493245254296777 0.1758346118047199 1.127750905988081 0.5449388725639919 3.4834283696046273
8.564729978453016 0.012637609026852056 0.09193608924544745 0.19987289979475037 0.0007554188467673895 3.9999999999999996 0.8894486660317429 1.3930992633068175 0.8478233951851664 0.7563116427473311 0.857856300538826 0.5902078190155753 0.3048039860365581 0.5036006563311105 0.24136503717355276 0.24398295256779873 0.3717055388635821 0.4638569071926338 0.5079748276197983 0.6888885571124916 0.4302843960976831 0.11333595237796963 0.5590365375250488 0.1791629799575372 1.1618729612880119 0.5621160344681596 3.5321479356167025
2.786329906102117 0.0144214396393257 0.06213576135560872 0.19761466484012802 0.000772075972902292 3.9999999999992584 1.5539967433520532 1.7961853257148903 0.9389602986831578 0.7755096638227236 0.823993206634722 0.5518734534246308 0.2759785223838449 0.44324080276852773 0.2065496187153322 0.20301170130107982 0.30075636304064096 0.36495637176674267 0.38862767989279035 0.5124750831617965 0.31126553622217135 0.07972480286604125 0.3824086261485588 0.11917697189605324 0.6009094214276862 0.28281504222018217 3.3562974759583177
2.305605811183759 0.014907848322921989 0.056309694950497244 0.19893460647186756 0.0007422082231087843 3.9999999999573697 1.7780805807894746 1.9687695885399725 0.9962795526392572 0.803541931201475 0.8296299672811026 0.5479698151364389 0.27089282988452446 0.43239753080004256 0.20040107099914445 0.1959149525091598 0.2886989781772428 0.3484607884093914 0.3690864356227475 0.4841140785114842 0.29247677494160707 0.07451439027791379 0.35551579281452295 0.1102072426986427 0.5296600019234261 0.24797367922972036 3.4632129779032117
9.086614845588949 0.01246213705593105 0.09513892345448549 0.19940020610719328 0.0007636280380911331 3.999993817124382 0.8758497121446207 1.3910417114490792 0.849586054940633 0.7588219443508345 0.862080307183302 0.5940146930156769 0.30769965411923017 0.5099256617986107 0.2451371133638674 0.24854519763456623 0.37980038445592573 0.47539084660653536 0.5221762636857347 0.7102744464268955 0.44498054134522647 0.11756441319074293 0.581592083193841 0.1869546705274332 1.2456941097347274 0.6043699446674532 3.5486722859343236
8.000166976948769 0.012672623228357157 0.09171681138875526 0.1999885714698199 0.000764637374407198 3.9999995545950653 0.9075298252855173 1.398528189479654 0.8477728412237535 0.755651494191796 0.856894354781862 0.5894894802587011 0.3043759480698401 0.5027993382083441 0.24093570634374928 0.24350287214132713 0.3709043254307296 0.46276976401267356 0.5066880647015461 0.6870112559531658 0.42903055136346013 0.11298496743882147 0.5571906451223834 0.17853753851912998 1.1558030356378892 0.5590566380297034 3.506725446252824
2.4098187177254946 0.014350957851040102 0.06850580217860473 0.19999999999999998 0.0008046016120221201 3.8564513902496422 1.7241174376854913 1.9306509971749235 0.9861602203050575 0.8015213823299911 0.8372603556601753 0.5577674393519483 0.2794287151760982 0.4513640908380802 0.2116515208263007 0.2093372784315242 0.31208148429336574 0.3810876751407478 0.40836376023549503 0.5418887551821024 0.33120695852052984 0.08537095323073603 0.41203510218891126 0.12922107479052145 0.6895074069059097 0.3265106020818699 3.447424099714248
7.06368985659767 0.012831604700562533 0.08900735608603837 0.19999999999999998 0.0007746529353208973 3.951589111163426 0.9458191669697257 1.4113351625532176 0.8472900359463916 0.7531151215864443 0.8524578303955526 0.5856766790867619 0.3016364929375704 0.4970038932671279 0.23755073355193648 0.23946985494326717 0.3638351535072852 0.45279560598583746 0.4945064811033585 0.6687900555138709 0.4165911105451673 0.10942995918926988 0.5382964825523254 0.1720456766905183 1.0886223351999833 0.5252612781079901 3.479242477575467
4.479442806857671 0.013380740118135488 0.08050520428082503 0.19956615069052672 0.0008014966482779401 3.9979836281793224 1.1610346640896756 1.5234422397235634 0.8643679150155855 0.750839281374435 0.8379024944421221 0.5727001694342649 0.2925677351645334 0.47823411474061406 0.2267625675169219 0.2267778896498591 0.34182367372634687 0.42202958453303524 0.45724878849858036 0.6134889190132711 0.3791157439433687 0.09879813617332399 0.48213053483288815 0.15287367799533666 0.9003933431192143 0.4310195920748454 3.3324558869000924
2.441420738879024 0.014749938144803226 0.05255382442689197 0.1928937788225235 0.0007523500136954793 3.9999999999999996 1.7042420318705989 1.9090111224934794 0.9744422113047372 0.7907834077213138 0.8219582627308829 0.5440215024336057 0.26853515940728784 0.4271164095040387 0.19719069907205544 0.19202538650505127 0.28186167772220333 0.3388789040989427 0.357535256729984 0.46713143034349996 0.2811134193582794 0.07133919433026538 0.33903736312163096 0.10468804639758703 0.4857055766430863 0.22650295505924628 3.3747916652932415
1.5560222220895665 0.016010183123824653 0.04259121113520363 0.1999690080636948 0.0006572966994535745 3.9999999999999996 2.4119978243019187 2.4799689968439256 1.1808560226782776 0.9065303855048813 0.8724322408792937 0.5521389578497946 0.2616164823041828 0.40918563054096624 0.186967281967653 0.18043526615511163 0.2625307603433862 0.31289244660826165 0.3272486310670118 0.4238262448679221 0.25284477145609024 0.0636112271621843 0.2996357381410049 0.09171516707545206 0.3929200270253037 0.18175455049279857 4.1371917220220045
8.124519926096601 0.012600488037242577 0.0932610871763663 0.19999197919900896 0.0007695813381556284 3.9999998685819182 0.9034714111388937 1.3979450042892911 0.8485244739730657 0.7567463567292069 0.8588042534027999 0.5912400004171507 0.30572952977606654 0.5057797701975204 0.24272149544909571 0.24566908537019436 0.37475357697616896 0.46826002982496856 0.5134533583253966 0.6972068186701874 0.4360372897076706 0.11499958506981887 0.5679504586706757 0.1822526225556733 1.1955426306435346 0.5791003373531812 3.512307529499983
6.356345483831667 0.012801434105192355 0.08998814422276073 0.19944280798434644 0.0007918246518275187 3.9926692277386246 0.9849542243016904 1.4287744553575632 0.8496191661972543 0.7532263364913743 0.8522044457387318 0.5857527276272806 0.30196034350719153 0.4980099416989863 0.2382581483033881 0.24041019791670878 0.36560760177639384 0.4554312403367449 0.49785424344145324 0.6739483854372209 0.42020080256203374 0.11048485893835222 0.5439692858113202 0.1740235016910252 1.1105120203323453 0.5362651663347198 3.433375853764879
7.611631251434911 0.012716387804191358 0.09108079189884544 0.19999616309362236 0.0007697526988103247 3.9999999999998472 0.9219988336048669 1.4031900722864148 0.8476609387048859 0.754887557492025 0.8556286851705485 0.5884412422183846 0.30365482880776823 0.501311230521153 0.24008024611627243 0.24249471077419857 0.36915131983511357 0.46031110255769997 0.5036988848313736 0.6825557085122826 0.4259974899590572 0.11212022102327229 0.5526023808803536 0.17696346376177044 1.1395884580388511 0.5509019686166314 3.486261265536414
7.819933125119958 0.012727726212250696 0.09062451551097037 0.1999999999999998 0.0007631679651427203 3.999994658878992 0.9137327659547458 1.4000532847876839 0.8472815846104234 0.7547930663548783 0.8554202344590306 0.5881683075050765 0.30337860538983513 0.5006312690037092 0.23964734263037388 0.24194920132727998 0.36815574743828255 0.4588637208106869 0.5018898649678467 0.6797997964388609 0.4240865344370407 0.11156661502632699 0.5496301831408447 0.17593207837416114 1.1283265818096453 0.5452131183167751 3.497993229459124
1.844106132770499 0.015552708414070747 0.04840716960559339 0.1999130923212078 0.0007157306822601926 3.9999999999999996 2.105453522669948 2.230353273459463 1.0892643148760177 0.853916445547741 0.8476880057660748 0.5474171740055415 0.2649409760200311 0.41867462065189776 0.19256920607664008 0.18688650113584135 0.2733926989969154 0.3275902971496212 0.344459657215336 0.448515885081478 0.26900380862312573 0.06803779489719944 0.3222218467927074 0.09915831099533223 0.44584744593426506 0.20716607541163545 3.7365100229092687
