9.999919564618168 0.002275518878703832 2.9725994326114695e-06 2.1965174894722495e-05 0.011923506302508973 1.3135951157824737 2.8310016490185053 3.9999998170914473 1.5050215067947976 2.5895482467729503 2.8972925430581635 3.3648273497352976 2.574666662807115 3.3525711149828905 2.335418622210202 2.6920563077786728 2.2228971630737338 2.9445918826363098 1.9850770525037018 2.3782477362285013 3.047667712906703 2.980485583024096 1.5536158856976963 2.9262421421334026 1.24377321614226 7.099690456985083
9.845761049911216 0.0026807059462398966 3.543687172272462e-05 0.009721436915934691 0.011477758660133067 1.5203278979157953 2.8411613584980837 3.999637559067877 1.5056393219545072 2.590655725438895 2.8991307089934817 3.367647350299842 2.5781491756417294 3.3586584941101614 2.3409633306384086 2.699594676315849 2.2304092259427493 2.955140434692956 1.993968434663864 2.389711116359569 3.06347710977888 2.9965731152777466 1.5644669883580413 2.944893333297794 1.2612033100644868 6.789076708954703
9.999999999999993 0.0022371467948005936 1.3058532487832503e-05 0.0038944112685679235 0.013223776666701543 1.2601758831639973 2.830948998408007 3.9999999999999996 1.504969669771962 2.5894312709129834 2.8971361876164075 3.3646101624013602 2.5744624686958777 3.352255267291225 2.335214372785005 2.6917685995780203 2.222693411086367 2.9443071951309787 1.984955374612624 2.378139933411935 3.0478315448640565 2.980612686418126 1.5537509483468426 2.9263716977666836 1.2447126960829187 7.4193370035778585
9.999999999999998 0.0021172981378509773 2.8074252273659213e-07 5.856300936284999e-08 0.013452397518699592 1.2356264554986585 2.8308788748010554 3.9999999999999947 1.5048304149753267 2.589078904952781 2.8965692894117927 3.3637413854319704 2.5734567102004706 3.3505140992735454 2.333684894232304 2.689686491772301 2.2206777200839483 2.9412682183588785 1.9826437422905805 2.3750666261914244 3.043350685644169 2.9759128402419694 1.5511304517784263 2.9211625137049655 1.2406942199236517 7.477214050381755
9.999999999999458 0.002244862132198802 7.045259213039392e-07 0.0043006635773256 0.01324482989899596 1.2533654331353876 2.8309478086312647 3.999999999999607 1.5049628149147458 2.5894074167315413 2.8971097146114273 3.364574988608158 2.5744235943414093 3.352186792989132 2.335156379104734 2.691681393428804 2.222608216487073 2.9441611864902413 1.9848469315389863 2.3779838379244906 3.047663846107274 2.9803905269971183 1.5536080179021476 2.9259902546672616 1.2445057996636348 7.424889416118848
9.953198464491818 0.002180222272715453 6.386219419092653e-06 0.0009215050244926385 0.012816169835757818 1.063775112849172 2.8322214401702914 3.999994219751676 1.5050025209326858 2.5894883876284314 2.8971609833069976 3.364709177968409 2.5744146730743944 3.3520961183001323 2.3348645584675047 2.6912218131081365 2.2219826563313876 2.9430682619589357 1.9838372650931617 2.3764496732716065 3.0448204339545484 2.9773073189629007 1.5518686402781268 2.922293153096934 1.2399162325231592 7.491642511816724
9.999999999999906 0.0025062447708541964 1.9621787124329964e-06 0.009978946016740035 0.0124407138389611 1.3292765334825332 2.8311045855208277 3.9999999998765707 1.5052340097581725 2.5900468560975534 2.8981969273246047 3.366268937979759 2.576377728814583 3.3554768383476916 2.338063955549021 2.69555979965786 2.2263352574868227 2.948851068757292 1.988877485691949 2.3825047196432227 3.0499973002769845 2.9827924204211875 1.5573697805875188 2.9224049563996903 1.2395113941335878 7.182575079999934
9.999999999998625 0.0022739886284211686 1.3007567456527753e-06 1.962452840786888e-07 0.01205528520741219 1.3375122634177778 2.8309953225425897 3.9999999997731455 1.505016146496239 2.5895364326396484 2.897277568179561 3.3648081153165297 2.574654459907652 3.3525624464674193 2.3354266053644226 2.692076474454467 2.2229341801459035 2.9446679349936544 1.985153135407265 2.378369502736837 3.047880908104765 2.980734327570248 1.5537742154970058 2.9266052929054287 1.2442221198093661 7.082866173053524
9.99999999999983 0.0021172882671038934 1.2363955413251433e-06 2.702261356946924e-13 0.013452665257024212 1.2356022190006704 2.830879323608182 3.9999999999999996 1.5048313342444584 2.589081096326575 2.896573106469151 3.3637474044640623 2.573463737841887 3.3505264133128603 2.333695653848842 2.6897014452759147 2.220692146834447 2.941290143803152 1.9826603602578248 2.375088796953488 3.04338192016706 2.9759462964223675 1.551149304270694 2.9212012345626355 1.2407220260326108 7.477301596815639
9.999999999999998 0.002117060996694036 1.2151740876213405e-07 1.3921598338214646e-10 0.013453895978466844 1.228780839759672 2.830878607872657 3.9999999999999996 1.5048300125662306 2.58907803414908 2.896567712685758 3.363738873778477 2.5734538236909854 3.3505090291934283 2.3336805644969014 2.689680245797256 2.220671772880484 2.9412590945505412 1.9826368678368957 2.37505743870591 3.043339780513002 2.9759003491420315 1.5511227273881725 2.921146080437481 1.2406848926718648 7.484376715413044
9.890948630727014 0.0024735425059723036 0.0023738290728411784 0.0027525120325697285 0.011499020043204116 1.281241731716743 2.839376266721246 3.9999999421729893 1.5077832988600313 2.5957333116103647 2.907942255178582 3.381422810896637 2.594030049260911 3.385673653087048 2.3645329583191703 2.7316156382110375 2.2610303003883243 3.000696133548421 2.028188168635724 2.434147764967801 3.124318512962182 3.0608964113126294 1.6009389612927216 3.015904191925831 1.3037512997435188 6.991487963984263
9.999999999972593 0.0021261839121400486 1.144170809199544e-06 0.00018788490033007805 0.013385821030329008 1.232227309738975 2.8308827676142405 3.9999999999857594 1.5048474626672597 2.5891452851068792 2.896637298244194 3.363823028958723 2.573545730347439 3.350644554497012 2.3338102517811863 2.689801510849242 2.2207956932545234 2.9414076087599064 1.9827590504943267 2.3751995159049306 3.0437106220176227 2.976166460193038 1.551240102797482 2.9211598066890865 1.2408701356289473 7.4681851806786685
9.999999999020172 0.002711832030978876 0.0002071119476889983 0.010609860798414056 0.011390767459400429 1.451591168318351 2.831405574288723 3.9999999999998503 1.5058339759664723 2.5912836074723367 2.9002839395803752 3.369457473480617 2.5802756818116404 3.362048208754351 2.3441793758871032 2.703943883830467 2.2347919803116487 2.9619427033196857 1.9991123302788367 2.396425786165658 3.072497693389488 3.0070844011964426 1.570531250300372 2.9569884937386237 1.2707510785111873 6.7368880127084365
9.997661180613761 0.00214911154786452 9.077177066266226e-09 0.0011044018903644192 0.01338926682329147 1.238778970286166 2.830976957811067 3.9999999944432836 1.5048606107004776 2.5891423429319893 2.896689727407012 3.363935508203241 2.5736839400020615 3.3509134820020683 2.3340340699502757 2.6901702551956204 2.2211438585883374 2.941968716996982 1.9831756641041518 2.3757701941011855 3.0443865746691205 2.9769871134979513 1.5517245078144815 2.922283438616442 1.2416280758874232 7.46415600592018
9.998605600579767 0.0026737273896676296 1.3091776051342607e-05 0.010573558525201653 0.011621550524489358 1.4294554794424568 2.8312096472852004 3.9999997066947057 1.505421221306193 2.590494244293611 2.898953699056543 3.367451230355996 2.5777486792233053 3.3579356681253487 2.3401852051968524 2.698603416204359 2.229277533243939 2.953813171319811 1.9924155917262463 2.3876635237069594 3.059139441847704 2.992041578819045 1.5618435711356446 2.938338588251453 1.2517415635677798 6.783036583750816
9.99999569864453 0.002411336540665099 0.0002025633305332685 0.0029431273244252404 0.012117721978709917 1.4124632861923665 2.8312212068755 3.9999999998458695 1.5054978414815259 2.59050217141876 2.8989600649703915 3.367406249506653 2.577878239334923 3.3579420924289014 2.3405453485971623 2.698973728500954 2.229946031330096 2.9546741029888826 1.9935646310704698 2.3891202801870146 3.0623252053092136 2.996267164139817 1.5642674502093477 2.9446554683340453 1.2608735968237805 7.034122066421073
9.999999999999389 0.0021172749459730154 1.1897312470643775e-13 4.5053070710214907e-10 0.01345203622378975 1.2356599156087171 2.830878741258669 3.9999999999999996 1.504830132222036 2.5890782472568947 2.8965681099915934 3.3637395115186384 2.5734545341917987 3.350510296555952 2.333681610394702 2.689681907896324 2.220673339739278 2.9412615759962177 1.982638748941007 2.375059993629608 3.0433419340636383 2.975903331637204 1.5511249237878402 2.921151137818597 1.2406872090212384 7.477131677010284
9.999999999999998 0.0021172754216286374 7.891751255723243e-13 3.9174950659882244e-10 0.01345202800358916 1.2356606702220139 2.8308787416511825 3.9999999999999996 1.5048301329815923 2.5890782484949804 2.896568111014149 3.3637395134632384 2.573454535615585 3.3505103020839724 2.333681611693448 2.6896819286337768 2.2206733584058678 2.941261616880421 1.982638781430834 2.3750600442414367 3.043341865468475 2.9759033291313988 1.5511249748025795 2.921151305345239 1.2406872069973112 7.477129613551307
9.999999994842732 0.002251212279151006 0.0002722112565964824 7.909807728899432e-05 0.012114239333608815 1.3314606329062797 2.831113412231722 3.9999999991842192 1.505256583502391 2.590108087326606 2.898269440171505 3.3663657892685444 2.576457007028831 3.3556940993160085 2.3381388372206224 2.6958088668602427 2.226502607299895 2.950038202292091 1.9891844898277689 2.3836944903582946 3.0552833951394693 2.9885479880818733 1.5581638059975034 2.9355223369072623 1.2499424095324565 7.129237697256219
9.999999999999998 0.002117686097965779 2.295244882238699e-08 1.239940633437877e-09 0.01342742361909956 1.2127643470914873 2.83087719850923 3.999999999999887 1.5048362408970957 2.5891145685540202 2.896592751121062 3.3637574686205816 2.573470849613025 3.3505174037383214 2.333698024057112 2.6896515005566455 2.220649977939462 2.9411911404206577 1.9825921555146182 2.3749794551906653 3.0434083489379993 2.975849697258551 1.5510507860293918 2.920809029860311 1.2406080836400144 7.4954103576281765
9.999999999999998 0.0021175770038285623 3.698548178195284e-10 1.1408729701523284e-05 0.013450283725278666 1.236087071985155 2.8308789879334486 3.9999999999999996 1.504830389419894 2.5890789497859417 2.8965690088880134 3.3637407638092576 2.573455852063778 3.3505125301167404 2.333683495004131 2.6896840060210305 2.220675453615702 2.9412643449545746 1.9826409957522255 2.375062707514049 3.0433489309554043 2.9759094472009857 1.5511271307350856 2.9211531846585403 1.2406926022260654 7.476976284671666
9.999956701270511 0.0033085192097933192 1.0554992220525364e-06 0.0386341024910755 0.0113547705420762 1.5385501898608254 2.8315529464326166 3.9999999909721256 1.5060554799965173 2.5920364388333272 2.901658833352677 3.3718890917600075 2.582645032452925 3.3670374127439247 2.3476590810169906 2.709198625575507 2.2393761126092557 2.9700541580974686 2.0041481440578695 2.4038805372277436 3.0846952879681737 3.0200318395624737 1.5755305798277288 2.971776826802033 1.2775967777891557 7.168348755454347
9.999999988228327 0.0021711703100661586 3.507863727501928e-06 4.471751000590079e-05 0.013133441800006522 1.2612912425739173 2.83091850227893 3.999999951037479 1.504894305176831 2.589235668503577 2.8968166457790976 3.3641119095627743 2.5738735427734913 3.351104185975752 2.334245802615145 2.6902854881364133 2.2212443842002356 2.9411899381726405 1.9830355318744688 2.3747861930135086 3.0392332455234303 2.9707582549760327 1.5507923549257883 2.9108910176984737 1.2302556814774406 7.396601425796799
9.999999999999988 0.002122027006489712 1.7004102773093432e-07 0.00013259846222981133 0.013423054078846192 1.239835421280429 2.8308798352666393 3.9999999999998215 1.5048401278696606 2.5891210733655714 2.8966082038717587 3.3637843920730313 2.5735026166961656 3.3505774923998444 2.333748102806758 2.6897332907479914 2.220728079381919 2.941321428278162 1.982688832045365 2.3751155027159894 3.043556381352393 2.976044099436074 1.5511706228032078 2.9211210258720928 1.240790698338074 7.470833090526199
9.999999999999998 0.002117248128127249 1.1546962859971493e-09 2.319531778335799e-08 0.013452067300399124 1.2356549908208136 2.8308787494529004 3.9999999999999996 1.5048300701108297 2.589077962647179 2.896567884691757 3.363739282384018 2.573454307520219 3.350509960212834 2.3336813203761904 2.6896814769493687 2.2206729055997374 2.941260818178387 1.982638139307988 2.3750590956352187 3.0433418404834827 2.9759026293111637 1.5511240240541855 2.921148529811263 1.2406866921451052 7.477153769574293
9.999999999997849 0.0023832909678539976 3.9219435404467246e-05 0.007626123482459099 0.012808209927364082 1.2904152289124 2.831045654952433 3.999999999998213 1.5051464110819448 2.589852890119898 2.8978508740800626 3.3657269836554615 2.5757569450447004 3.354522279716319 2.3371865913253176 2.6945228391754785 2.225347093788212 2.94836098334099 1.9880186837061098 2.3822388550990548 3.0535644490459446 2.9868020709193734 1.5572351002157856 2.9336352706528155 1.2499775910218438 7.29249743763582
9.999997746825109 0.0023782697228706836 0.00017164857729253815 0.000600217299294524 0.012047743118954752 1.304305567269562 2.831200231666034 3.9999999999950577 1.5054553492529796 2.59038689916655 2.8987545588555914 3.3670749477632103 2.5775026577029307 3.3572549389878015 2.3399730600797346 2.6981533789954693 2.2291786102779576 2.953439891616401 1.9926943323642128 2.3879049355833586 3.060504458828971 2.994323702009405 1.5633257749026521 2.942428519007274 1.2601640030811234 7.019046150396857
9.999999999999998 0.0021582325440971657 8.161656864339498e-12 0.0013639515638737233 0.013368021117663257 1.202526294630541 2.83089914755667 3.999999999999996 1.5048769691131056 2.5892114926245524 2.896759146902549 3.364018148064565 2.5737741003756405 3.3510459051038346 2.334160935449948 2.690290132024778 2.2212666650253574 2.9421207235580766 1.9832999209822133 2.3759190755987407 3.0447430548712413 2.9772619922630055 1.5518502159010055 2.9223908960156355 1.2418114733360341 7.495233390013604
9.999999999982643 0.002232838907645506 3.4286946798727105e-06 0.0038187677980822928 0.01326884776383731 1.190565697016319 2.8309462812186896 3.999999999997803 1.5049561683142645 2.589376791049328 2.8970716139680763 3.364522771746118 2.5743692906376867 3.3520975564125672 2.3350803614024715 2.691636471156494 2.2225494772015852 2.944134510706229 1.9847925446699066 2.3779415512720967 3.0473877049639357 2.9802145903342017 1.5535636757524895 2.9261417946851984 1.2444595565338743 7.489414517719223
9.999999995868286 0.002382305721738674 9.221478509752468e-05 0.0005467454141735731 0.011284109608300534 1.6895384695039704 2.831126479075988 3.999999999985596 1.5052652935601076 2.5901322594403093 2.898277606004234 3.36635497839295 2.576404603227455 3.355565016827476 2.33797708347457 2.6955624965068608 2.226220438862503 2.9495773691763425 1.9887885368468616 2.3831272634740763 3.0544074246819943 2.9876012673091843 1.5575938507623097 2.934254269908251 1.2489023068121226 7.05258110493899
9.999999999999998 0.0021172738925656 1.7179028425929638e-15 3.930083359748491e-09 0.013452018684885164 1.2356494705465775 2.8308787408872162 3.9999999999999996 1.504830132831206 2.5890782534418944 2.896568111403448 3.363739508911978 2.5734545297762224 3.350510285151385 2.333681601775935 2.6896818880549156 2.220673321688368 2.9412615457410154 1.9826387261973104 2.3750599622325974 3.0433419212840436 2.975903302390064 1.5511248964831992 2.9211510702614443 1.2406871855099946 7.477140015731848
9.999999999815572 0.002451007542756731 1.3758438069056605e-05 0.0006339580883609891 0.011147045625434766 1.3782687017817588 2.8311120491610766 3.9999999999732436 1.5052141066571494 2.5900011413312987 2.898069973274891 3.3660447194079883 2.5760809649918843 3.35503058451788 2.337576290028798 2.6950399649277066 2.22578241329095 2.948883540113655 1.9883910314828894 2.38259182903837 3.053484134932102 2.9866046711059964 1.5573375861927174 2.9335601728758713 1.248474357192568 6.856262268176806
9.999999999999998 0.002223191601165795 7.671528695622475e-08 1.5952686411480706e-07 0.012245919811513578 1.2236461152397433 2.8309721389511897 3.9999999999960356 1.5049735140387452 2.589433636123839 2.897091107676483 3.364506173280427 2.5742807085854853 3.351875908888212 2.3347941014899036 2.6911708073001352 2.222021506281235 2.9432189010437857 1.9840218316045992 2.3768008336745456 3.0455413268556097 2.9781688569343197 1.552321759815267 2.9234118791555557 1.2415076607673605 7.266081693552828
9.999996842675468 0.00234426304609273 7.33531323269393e-09 5.146767866194384e-06 0.012165087374813128 1.240665680237944 2.831080536201465 3.9999999997440625 1.5052161227451049 2.589855513256644 2.897822716969005 3.3656393240863216 2.5757432755570586 3.3542296865688344 2.3371665736231138 2.6942638040835893 2.2252896557868156 2.9476419485760625 1.9880374071278135 2.381738392257699 3.0517205635122537 2.984815818745005 1.5576217578552538 2.931501674301965 1.250409250362497 7.096209357607311
9.999999999999998 0.002117275082392478 1.9258864026629694e-12 1.3889135259488186e-09 0.013452024209612388 1.2356610037334517 2.8308787410004257 3.9999999999999996 1.5048301340398296 2.589078256512158 2.8965681154380287 3.3637395152710243 2.5734545367022132 3.3505102992093705 2.333681611778602 2.689681914714341 2.220673346665932 2.9412615926110455 1.982638763028839 2.3750600168491145 3.0433418968412447 2.9759033275309963 1.5511249496228487 2.921151226679547 1.240687204510513 7.477128803504049
9.999999999999991 0.0021179695829036116 3.8354628321100505e-08 2.8121662303626036e-05 0.013427418136756828 1.1753456756335683 2.830877186317074 3.9999999999993103 1.5048368138518644 2.5891170999711757 2.89659509362158 3.363760039923768 2.5734735952569037 3.3505205314341278 2.333701504706644 2.689653371610284 2.220652089858598 2.941189573554852 1.9825930977102684 2.3749775927036234 3.0433994252041203 2.975832693967452 1.551049212952116 2.9207680182392513 1.240586316525891 7.531492570809265
9.999999999999998 0.002117274340823645 4.182618915039683e-16 2.4835728815536627e-09 0.01345202505108373 1.235644337571266 2.830878741528555 3.9999999999999996 1.5048301318023083 2.589078245738282 2.8965681077448004 3.3637395081467987 2.573454530148196 3.350510289605448 2.3336816041611343 2.6896818995431304 2.22067333150066 2.941261563236815 1.9826387390083964 2.3750599799494134 3.0433419190172155 2.975903313448536 1.5511249110057121 2.921151107898202 1.2406871956081509 7.4771458994508535
9.999999999999998 0.0021172798750904442 1.4550691847140309e-08 1.0075483112671708e-15 0.013452074070573802 1.2356563995036511 2.8308787520125644 3.9999999999999996 1.5048301442100542 2.5890782496111284 2.8965681592199077 3.363739614038507 2.5734546582284827 3.350510537973169 2.3336818064695115 2.6896822576370596 2.220673667743981 2.9412621119239493 1.9826391555606653 2.375060553574275 3.0433422955143463 2.975903930754202 1.5511254126776772 2.921152308142178 1.2406876920602046 7.477139219263972
9.999999999581592 0.002393669819692754 2.031384175021245e-06 0.0001315176211131447 0.01139076926391001 1.3389187197728398 2.8310738983867054 3.9999999842001412 1.5051434963630368 2.5898323371462846 2.8977817970761124 3.3655930449158795 2.575555681260253 3.3541133091002955 2.336772323244848 2.6939301941318092 2.224707929289399 2.947317906314359 1.9871599775188644 2.3810087673902296 3.051575138788756 2.9847551999886317 1.5559729866625436 2.931327624399622 1.2472948040855614 6.937856860745227
9.999999999978801 0.0021973372495966903 5.955545830800984e-09 0.0005310851726822829 0.012417623878130406 1.1212444037679674 2.830978295497686 3.9999999999941362 1.504965011932721 2.589404148807449 2.897029788063426 3.3643969253772394 2.574122040200184 3.3515457263187725 2.3344586996665297 2.6906567380357016 2.2214703472018185 2.9422945051278795 1.9832723445870255 2.375713240970853 3.043927588207565 2.976335082458929 1.5512423811498848 2.921045203887804 1.239107924811593 7.4136241682043735
9.999999872438742 0.0021843919601263616 5.037895491641492e-05 0.00026275684348797847 0.012488702251033138 1.2309965802790779 2.8309887011089154 3.9999999969823365 1.5049983366082493 2.58948664445335 2.897180368252681 3.3646395642205325 2.5744155490306486 3.3520764085369485 2.3349350123377235 2.6913274571188928 2.222130726343397 2.9433076187172276 1.9840547462418712 2.3767724529720593 3.045428112550838 2.977926576427332 1.5521603435703362 2.9230051413150133 1.2404708928341943 7.32712811211179
9.994925280103272 0.0025209321955846895 0.0022617125998445507 0.00421179575587254 0.011428130927486978 1.3043357322026046 2.832637418179432 3.999999989617179 1.507665311906739 2.595598751886374 2.9077429750704056 3.3811315210403694 2.593758437566935 3.3853047427136826 2.364322576094654 2.7314666434915145 2.261037237357515 3.0009211368540543 2.0285437198118816 2.4348527459352005 3.1256578598226756 3.0626940174162205 1.6021652362487053 3.0188479530541725 1.3093713616583027 6.9306880099425285
9.999999999999867 0.002215679955686572 2.6948179270576465e-05 0.00279746973704506 0.01321046046498408 1.169516147868602 2.8309456342601185 3.999999999999955 1.5049626129236542 2.5894141244664994 2.8971056604739225 3.3645622913040985 2.57440585905128 3.352159558056833 2.335127216720024 2.6916584150902154 2.22258553914878 2.944155344008147 1.984836735839844 2.377988157378734 3.047557354735695 2.980358983183182 1.553623015933273 2.9261681446989867 1.2444768376514221 7.492913812172898
9.999999941321962 0.0024404941122978755 4.5352293492496035e-05 0.0060675644263450505 0.011811787090404625 1.5153534241950586 2.8311190307292846 3.9999999998907176 1.5052458109372424 2.5900841705836357 2.898210203522199 3.3662710645903924 2.576344823198547 3.355503110111403 2.337985273505974 2.6956072541777414 2.226330005253495 2.949798225534837 1.989036200138071 2.383525796894001 3.055202878045668 2.9884869579176554 1.558136095147852 2.935390895784606 1.2506481636488316 7.060050002874528
9.999999978507464 0.0022015315273984297 3.494900677347071e-05 2.080961347962575e-06 0.012428313728408349 1.1836468875376074 2.8309698079991827 3.9999999997936655 1.504977534019303 2.5894453707258602 2.8971206724379552 3.3645603086403253 2.5743588714881573 3.35202920829201 2.3349493477620946 2.691396434979322 2.2222613276927707 2.9436045913512334 1.984336730429589 2.377243927655424 3.04622297481111 2.97890351623268 1.5527530111971557 2.92435387554196 1.2423066197573842 7.332726733503083
9.99999999999996 0.002393414967353429 5.109460465833967e-05 0.00772076961836075 0.012737492032828266 1.2374885355729068 2.831060746446415 3.999999999998407 1.5051682434532216 2.5898984464206993 2.8979376894869473 3.3658671804217652 2.575919948771047 3.3548106634849395 2.3374354995020377 2.694875340807254 2.225685107706725 2.9488760289807203 1.9884073330237506 2.382757014261782 3.054288161472935 2.9875857350745485 1.557672170341821 2.934523720190225 1.2506344765683297 7.325920491412143
9.999999980412309 0.00242538165828428 4.349176870892109e-06 0.006072556870925643 0.012442485715699132 1.3077548537755186 2.831063311879476 3.9999999968889477 1.505158052843547 2.5898726140747645 2.897884016269271 3.365770777919956 2.575794644301745 3.3544408638714662 2.337162240979453 2.694287562485518 2.2251055939667377 2.9468497297984118 1.9874352987432933 2.3805063765559016 3.046720632179691 2.9791894276956667 1.5556543392193523 2.9189027778537495 1.2356479201926533 7.184452628881614
9.999999999773285 0.0021875581357371603 1.689557006911525e-05 0.00057098374394452 0.012595325299682748 1.2070710087049592 2.8309844186590385 3.9999999998447144 1.5049848554874568 2.5894518343763777 2.8971161822423928 3.364532991399233 2.574280297363258 3.3518261731784045 2.3347022944063616 2.690993412290452 2.221792623057111 2.9427837154821925 1.9836391083275438 2.376196148742428 3.044606356763345 2.9770614006969547 1.5516509415067976 2.921966040599409 1.2397018023751607 7.349939248868949
9.999999999999995 0.0021314918400196638 8.563890141951563e-08 0.00037370256126131787 0.013399524557308525 1.2504623035879612 2.8308845842761188 3.999999999999998 1.5048505685341151 2.5891487808110494 2.896648858648146 3.363845441902637 2.5735722652225665 3.3507014664154258 2.333853681493974 2.6898910052829383 2.220880196596367 2.941568929323597 1.9828739798002004 2.375373544109896 3.043857654899112 2.976417476046891 1.5513980574513688 2.92168744845489 1.2411208574291956 7.472296854236012
9.999999999995834 0.002323040747817059 0.00012375321927272847 0.004876203617188858 0.012426006580561621 1.2150907967333602 2.8311225869545367 3.9999999999893414 1.5052441724733228 2.5900755316839867 2.8982199092810643 3.3662778653420973 2.5762768852433346 3.3553383998400004 2.337732974968414 2.695183890232482 2.225817647248316 2.9488877908216007 1.9882458843884976 2.3823275480632686 3.05312525312206 2.986065226207071 1.5568324367288964 2.932348789503907 1.2471215698458202 7.27995543855296
9.999999992798513 0.0024311224574376867 7.786102779576705e-05 0.009754980939265672 0.01269967768544784 1.2078070771263159 2.8310911986810345 3.9999999987723855 1.5052330821692832 2.590057946995636 2.898204260107578 3.366282139577355 2.5764006964425143 3.3556479559708743 2.3381643003142094 2.6958837705106578 2.2266542281544917 2.950345419248415 1.9895148437175636 2.3842292701018266 3.0563598478005845 2.989802129550214 1.558907550506316 2.9370429777495426 1.2524519218056303 7.356161450089077
9.999999999546077 0.0028941147348540606 1.2035209522994199e-05 0.018020831847725367 0.01130875671497425 1.4703040209588272 2.831334537217523 3.9999999999604676 1.5056414676850398 2.591010105167478 2.899844255324561 3.36884739506482 2.5793675926785213 3.3606968067698197 2.342618596043253 2.7018828913639004 2.232432649719485 2.9580568555353985 1.9958934768040626 2.391826394820506 3.0636682808793707 2.996077605463859 1.5653175428314727 2.9382534615051537 1.2507415772956803 6.7493131665833825
9.999999974515243 0.0025408347514882155 9.995153135763e-08 0.014143043195530542 0.012622020549193376 1.4759269069246024 2.8311138173509685 3.999999999999677 1.5052603808841645 2.590109856277469 2.898313645228835 3.366462167971036 2.576614554722579 3.3560212192412346 2.3385005075176206 2.6963475985666894 2.2271096039663245 2.9510165320852724 1.9900454933940224 2.384930227569692 3.0574076482123482 2.9908760819839717 1.5595318091274417 2.9381816751514975 1.2535261436812806 7.438558697076368
9.999999999999998 0.0022770558973187146 7.301958128517981e-07 0.005301687816193366 0.013184576978744183 1.2517829409932222 2.830964522765468 3.9999999999999996 1.5049966807752935 2.58949327829146 2.897247297615573 3.3647859418106933 2.5746677232590978 3.3526112331211473 2.335528029112332 2.6921938858780283 2.22310423338217 2.9449161243785227 1.9854206047140286 2.3787512418171195 3.0487478441687257 2.981552111950727 1.5542662856182414 2.927341520693213 1.2455079403760914 7.415171328262603
9.999996384478552 0.0022580742406278645 8.149507901212648e-07 0.0013343823705258544 0.012020989401768848 1.361506940385557 2.8310064706560762 3.9999999428661455 1.505034635243727 2.5895751747070763 2.89730798512752 3.364820281046091 2.574586778868041 3.3523220516094283 2.335090085325752 2.6915006033878144 2.222236405167716 2.943418374816315 1.9840667911384644 2.376725789888287 3.0452595904613977 2.9777343564043464 1.5519715711489062 2.9225535480843914 1.2396102724965203 7.133142575671568
9.999999999935199 0.0024044468084016427 8.087833287680982e-05 0.003006129865927116 0.012189333580831333 1.2654187053958372 2.831152732586311 3.9999999999643614 1.5053502156223404 2.590177015027973 2.8984000562435237 3.366532997947485 2.576831567535606 3.356144260951336 2.3389346861933715 2.6967935620356123 2.2277512499453698 2.95151909834867 1.9909573004827836 2.38576386300931 3.0577972625914374 2.991396438129821 1.5610831537072518 2.938981069003829 1.2563220486629436 7.11383118811409
9.999999999753122 0.0022876111723702276 2.2802152999942335e-05 0.0009772019731492565 0.012128303039933123 1.1901912076326442 2.8310464609089814 3.9999999995739572 1.5051102285147182 2.589760417640643 2.897659477099142 3.3653923984774816 2.5752520795344203 3.3535546976146513 2.3361747067701693 2.6930535948497383 2.2237682097344638 2.945822876991029 1.9859202089100199 2.3792649694049106 3.048984881593396 2.981774380606341 1.5542652819948048 2.92725636964955 1.2436727893645743 7.230290764362993
9.999999999999998 0.002117304667614808 1.6761192540767087e-07 2.885015228375717e-10 0.013452520140691236 1.2356135509616073 2.830878804876165 3.9999999999999996 1.504830331049561 2.589078798222375 2.896568944701315 3.363740764170947 2.573455977005755 3.3505127683929694 2.333683770975814 2.6896848194267973 2.2206761469866922 2.94126581601579 1.9826419550614465 2.375064263735178 3.0433477862031375 2.9759096004148913 1.5511285398167292 2.9211585807242355 1.240691873812799 7.477238907794973
9.999999999999968 0.0021288459266278663 1.072603700402557e-06 0.00020759303145960977 0.01337295396057771 1.1900010433037884 2.8308842459863603 3.9999999999999973 1.5048504975757582 2.5891533214390083 2.8966488763654823 3.3638404718428156 2.57356556153697 3.3506816226434637 2.333840963906329 2.6898506089087206 2.2208430393076384 2.941492092411683 1.9828194360062554 2.375288736992214 3.043827148257885 2.97631800828529 1.551319907933427 2.9214113432134527 1.2410175136935537 7.506115685570093
9.999999999996678 0.002569723160608997 0.00015818697961804282 0.00958679544926214 0.012056186223911063 1.4085860793274045 2.831273785640184 3.9999999999993805 1.505565859997141 2.590735259499703 2.8994000047501043 3.3681356328266454 2.578637932874946 3.359420800723883 2.3416433766438716 2.700609404894455 2.2313686602832643 2.9571604677930172 1.9950695659240272 2.3913841700928824 3.065947168253546 3.0000767951359593 1.5655532877019875 2.9490304683523094 1.2627425769118439 7.031309898749111
9.999999999855872 0.0021267143861161296 3.6399897393728834e-06 0.00015215889593648212 0.013377832174567596 1.179645813327563 2.8308843957075034 3.9999999999984586 1.5048507258256978 2.5891535451267225 2.896650275674771 3.3638429883514362 2.573568745726466 3.3506863595759047 2.333845830171511 2.689854319511936 2.220846686945237 2.9414937148886304 1.9828212029582928 2.3752884011204394 3.0438417952278956 2.9763215706601343 1.5513176683301777 2.921383703317413 1.241013872141251 7.516979387121195
9.999999896437025 0.002205399976287669 4.2435358499148556e-05 0.000440576001305438 0.01239456020138372 1.2901354488382135 2.830998452870072 3.999999993888708 1.5050166422595674 2.5895293350709445 2.897249577672134 3.364745556856615 2.5745403497670587 3.3522906952464835 2.3351168305364243 2.691578972209408 2.2223692157244406 2.9436655250061947 1.9843244425435305 2.3771286154331728 3.045987572927669 2.9785503625929133 1.552461245241129 2.923572579043863 1.2409568229033865 7.247854199947082
9.999999986125975 0.002206449904284687 4.248612452706674e-08 5.644700251512432e-05 0.012386355782097853 1.2965009731593642 2.8309677884772744 3.999999999172634 1.5049608048697583 2.5893995878184124 2.89703775578165 3.364425158957447 2.574188808900909 3.3517192227635957 2.3346594144566573 2.690988173846967 2.221848709667603 2.942959529006529 1.9838308142349137 2.3765496942470707 3.045198578938202 2.977796305973754 1.552123176500605 2.923008183037825 1.2412702171482761 7.224670807549754
9.999999999362538 0.00248115268229433 7.169493933390642e-05 0.005358606358901911 0.012042268956220447 1.3378048962260147 2.8311913759752514 3.999999999994403 1.5054184428318276 2.5903440319783013 2.8986986685298954 3.3670166818962874 2.577362880705499 3.357121026349447 2.3397092324146254 2.6978548419990673 2.228783596797475 2.953054024795815 1.9921477261084126 2.387326825037 3.0599802716841116 2.9937107153617157 1.5624499326597237 2.941659302545946 1.2584321414127408 7.009349282061482
9.99999999969336 0.002955213373571422 2.638822789033596e-05 0.020724581715008482 0.011287595241234741 1.5300137824476285 2.8314021650057803 3.9999999999450506 1.5058086130716863 2.591260845413574 2.9002802072182607 3.3695177625948833 2.580218245277586 3.361930507207226 2.3440349435138397 2.703855308904811 2.234545345845087 2.961548621725991 1.9987556428155224 2.3961072776097807 3.07191263865123 3.0064654216462126 1.569935173474866 2.9562475370263455 1.2701182656491516 6.7952838227764945
9.986575277812854 0.0023316041337659377 0.00013044590140157895 0.00031098872358844404 0.012254673750231464 1.219734122720613 2.8319963287557917 3.9999998525794696 1.5053401773037296 2.5901341413665 2.8983240303369473 3.366411378545642 2.5767063519494675 3.3559126038104035 2.3387408089848303 2.696527301693486 2.2275335858551673 2.9511223532343167 1.9907411892758862 2.385440492637382 3.0572522851414554 2.990836003761357 1.560908019362342 2.938421191339792 1.2561348688304108 7.164662659073481
9.99999999999996 0.002118496332686568 7.132534413393263e-08 2.4061816752897437e-05 0.013422714056400043 1.2441772088105476 2.830877994739102 3.9999999999970925 1.504836871608003 2.589114892227476 2.896595378117382 3.363762451826166 2.573476849459 3.3505273385316903 2.3337070489416805 2.689662889576474 2.2206607118188697 2.9412032652614517 1.982602534634066 2.3749902915686465 3.0434232078699437 2.9758582876861923 1.5510582723760928 2.9207960709459697 1.2406079580090477 7.475118187492743
9.999999999727002 0.00234010582714052 1.1832739375980804e-05 0.0009797385074915373 0.011709111782185356 1.4757220326014304 2.83107140154743 3.9999999999998113 1.5051544310015637 2.5898673108444976 2.8978318381012302 3.3656579158172746 2.575567096435971 3.354104159956032 2.3366652523403753 2.6937392488944076 2.2244378021434126 2.946853908873037 1.986708234741149 2.3803315128728206 3.050507024141073 2.9834208015116586 1.555193139228076 2.92928103373867 1.245219714429977 6.986053735215121
9.999999999982895 0.002922645747374316 2.2491781884304615e-05 0.015164291066989617 0.010829260445597356 1.5313501918553374 2.8313679049802976 3.9999999880005337 1.5056873161992324 2.591116239456631 2.9000187572370915 3.3691167826643253 2.579674764178809 3.3612653025267423 2.3430885706147446 2.7025743276150034 2.2330975970878395 2.9592474441727576 1.9967123407674423 2.393082689184614 3.065472332190638 2.9984041086373283 1.5664127677023547 2.945802730395795 1.2544508040040312 6.549882924013151
9.99999815902122 0.002570798092866778 0.00015166728142673182 0.00719222955329196 0.011765566626392351 1.3308125890739864 2.8312934136136723 3.999999997286747 1.5056208518277567 2.590785998155664 2.8994369286423276 3.368216081834592 2.578768975291677 3.359407865201846 2.3418733559302978 2.700836373869919 2.2316961380622224 2.9572165052842454 1.995537829696701 2.391788943858618 3.065856725309418 3.0000320691332725 1.566409108875608 2.948951105293509 1.2650497970210084 6.9319706832258134
9.999999999165992 0.0027454873768997462 0.0005882351726103417 0.011314962549938943 0.011264099792191947 1.4054526635492113 2.8316192520658645 3.9999999993151745 1.506259457864817 2.5922778932078723 2.9020313553085173 3.3722324811632363 2.5834841065072274 3.36773044431809 2.3490949161815076 2.710686475096276 2.2413268079966153 2.971667735525218 2.006699360983768 2.406406504215486 3.0863192332772087 3.0218687122168384 1.5793448542060866 2.9739427385078216 1.284391870525626 6.7694996179392275
9.98765542817657 0.0024166891382625347 1.4402879948946193e-05 0.0007450754529670991 0.011268136064352915 1.3615942060445683 2.8314201818737703 3.9999992725601277 1.505182861865406 2.589919835064011 2.8979339443705787 3.3658306609076596 2.575831103599792 3.3545935998773015 2.3371941088378017 2.6945100149625447 2.2252710940319913 2.948114948871429 1.9878041024546755 2.3818174878903755 3.0524150664042584 2.985544086052756 1.5566800821183988 2.932159669306703 1.2476537591288037 6.916796793760458
9.999999978796788 0.0022657999581838055 0.00011885683311173665 0.0002582123015619396 0.01265775180972412 1.1226563461587797 2.8310765536954223 3.9999999988697748 1.505211833964612 2.5898851183190947 2.8979174949426425 3.365797200963033 2.5759565749520537 3.3547545827223892 2.3375725849564133 2.6949804898783802 2.2259543445085472 2.948909283375666 1.9888447677360686 2.3830676113270512 3.0541462553523004 2.9874956720616748 1.5584953830707022 2.9345001451407153 1.2520173765167653 7.375661448881247
9.999999607611153 0.0030689446683144746 0.000133582482075086 0.026967476010315156 0.011372940653045116 1.7231250870477723 2.8315275421957105 3.999999959063564 1.5060394617246453 2.591874252533567 2.9013381599865586 3.371183846309385 2.582178775159695 3.3656220123403786 2.3470608037425293 2.708133676377573 2.2386393672435654 2.9682021383559762 2.0034624674866754 2.402585782085161 3.0817859545128057 3.0170452121896063 1.5751228112608882 2.9684679561749574 1.2773064177654325 7.096989201016299
9.999999999999998 0.0021172765011329927 9.550070660026368e-14 7.819456163076152e-14 0.01345203445986281 1.235659962050596 2.8308787427284385 3.9999999999999996 1.5048301323022286 2.589078240550919 2.896568108827554 3.3637395159888013 2.5734545400302182 3.350510314407793 2.333681620561016 2.6896819511858836 2.220673378591732 2.9412616509286305 1.9826388067567855 2.3750600789420355 3.043341877830648 2.9759033604183927 1.5511250038923914 2.9211513760687655 1.2406872336799348 7.477130795737978
9.99999999999997 0.0023657271371967594 0.0002554085178112465 0.003689774851316094 0.011885084829178216 1.3800164230828937 2.831168259234172 3.9999999999997797 1.5053560361882128 2.590343363449381 2.8986736649694365 3.3670002174561557 2.5771950081856856 3.3569866088758027 2.339268492085568 2.6973818177619893 2.228021896758572 2.9523433164013975 1.9909416457370095 2.3860449414259715 3.058720058365497 2.992096395696083 1.5601843100688524 2.9397104691670912 1.2531846285096824 7.022373820281657
9.999999999074028 0.002996556780080017 2.1484925565335078e-05 0.01729879167224767 0.01068975066673005 1.5541614009809457 2.831406699688821 3.9999999988539936 1.5057606447041938 2.5912907891602783 2.9003191060547775 3.3695896321396703 2.5802262156452853 3.362247017801416 2.3439459351182994 2.703804283930849 2.234286855345027 2.961272653178499 1.998141458882747 2.395171917271149 3.069540140599634 3.0021649921893236 1.5682172704415684 2.951192769311274 1.2595600191397553 6.502588807995372
9.99999999999528 0.00225110475133303 2.3153295209743492e-06 0.004490337566726231 0.01324431281336118 1.2188962561603034 2.8309556180291837 3.9999999999998392 1.5049727453539605 2.589415986806564 2.897140474100986 3.364631448967448 2.574495469022171 3.352318380462867 2.33527297595925 2.691898573538074 2.2228042904935728 2.9445104251446788 1.985084848038397 2.3783260460296014 3.0479491157002667 2.9808896718144715 1.5538944868770972 2.9267611692843873 1.2448937103993518 7.45876656138438
9.999999734943316 0.002147055921720469 8.866855611998452e-06 0.0005162094254867755 0.013342884051857386 1.2585980948557194 2.830907095389623 3.999999999993163 1.504880564150809 2.589190115869208 2.8967524190341445 3.364021168921944 2.5737907620683527 3.3510784678456087 2.334199704003433 2.6904350178728276 2.221382838675563 2.9423885458889183 1.983448396800443 2.3761563951069262 3.044789563498932 2.9774523604556338 1.5520338685536457 2.922933920393039 1.2421869583282685 7.456140499355495
9.999999999962377 0.0026240844368064942 0.0003422760731741672 0.008123469348152612 0.011556177963926063 1.3777029456267684 2.8314299474119036 3.999999999998965 1.5058968079466482 2.591425762961077 2.9005369987184033 3.3698609107305404 2.5807713217192343 3.3629298484453756 2.344982115392035 2.705082127670246 2.2358947732747803 2.9635665909436932 2.000440786212757 2.39820374237656 3.0750035369036373 3.0098354340432656 1.5720969998385768 2.960133409043208 1.2723932974833367 6.835854288371753
9.99999999998991 0.0029266286540499224 2.0847712705157097e-05 0.019141811596698213 0.011271782659789294 1.4634726433367442 2.8314145728028244 3.9999999999751803 1.5058414003825582 2.591320779070573 2.900347431388982 3.3695633757209063 2.5803715191691783 3.36224787020228 2.3443001809917834 2.7041388737357983 2.2349167580937928 2.96212177855319 1.9992406986298024 2.396602387472114 3.072710060365504 3.0073183974251547 1.5706555892141725 2.957523388935788 1.270778998722202 6.74709043264315
9.999999999999998 0.0021504445551932907 1.3518167149107284e-05 0.00039318988890769453 0.013312101853785339 1.2497979369918573 2.8309127015674873 3.999999999999967 1.504893288903382 2.589216475029843 2.8967974070092546 3.364089761385223 2.5738755209018143 3.351217977447368 2.3343323221617585 2.6905948110367874 2.2215583050177585 2.942598791177547 1.9836609680927457 2.376414188172826 3.04514799065726 2.977836349176495 1.552296087218384 2.923487936505892 1.2425774277627888 7.433819448762942
9.999994886045423 0.0023146519877024975 2.069209602181956e-06 0.0005773189059281252 0.011687248178454495 1.2575688940146188 2.831031593956073 3.999998671046877 1.5050816613111362 2.5896894596919218 2.8975181911996226 3.3651644886658354 2.575022050205761 3.353145847898436 2.3358625147221788 2.6926354963092445 2.2233937094071363 2.9452760639576807 1.985531487813779 2.3787794795328607 3.048254653643406 2.981028106777757 1.553891027568258 2.9266346442081357 1.2434087033347982 7.112237483789053
9.999999999452944 0.0021805014494875523 3.7102525892812705e-07 0.002108428916417809 0.013350982549739153 1.216874150058755 2.8309152515464966 3.9999999999999214 1.5048964378910528 2.589234122333113 2.8968333589580246 3.3641533880849717 2.573937481162563 3.3513869647526575 2.334420005089484 2.6907156359520594 2.2216647906916855 2.9427808427210405 1.9837770153189282 2.3765819976751064 3.04547608055325 2.978230815636186 1.5524133824955295 2.9237839516089466 1.242641727655286 7.478731070454628
9.999999998588716 0.002492857673924178 4.550047371141533e-05 0.010491551676107918 0.012611898419217143 1.3110829904996717 2.8311373664340866 3.9999999999884497 1.5053077047161358 2.590172135579516 2.8984233998639404 3.3666697819154945 2.576875058669361 3.3564500277294806 2.33891258389375 2.6969072040610014 2.2276832610726105 2.9518160217294596 1.9907376111574238 2.3857970707935197 3.0583886510057976 2.991994104412359 1.5603868084398398 2.9396543893138687 1.2547158602262383 7.231731331096354
9.999999999762391 0.0021901491762526554 7.151059577106226e-05 0.0010945607303005686 0.012635687535246872 1.240557745223446 2.830981531319905 3.999999999990583 1.504997144626071 2.5894871988147092 2.8972025236776533 3.364692080120687 2.5745123098297684 3.352293937250876 2.3351787310366627 2.691705755626318 2.222554957944463 2.9440341489438993 1.9846589899442837 2.377659201087234 3.046763418414158 2.9795235252925716 1.5530858431430075 2.924878935559825 1.242686270705383 7.328658451646355
9.999999984258704 0.0022091246580761468 0.00015842856350580483 0.0009021889249085299 0.012241947253641009 1.082788382551449 2.831060645744926 3.999999999955814 1.505141451874457 2.589828767264015 2.8977568830936944 3.365528346760397 2.5754098796516787 3.3537494425277745 2.336337712997104 2.6931986664814147 2.2238588553696483 2.94581121489751 1.9858694145849685 2.3790679810770663 3.0486032154092833 2.9811814395119853 1.5538244515211894 2.9261794569349586 1.2413686280346914 7.443778203914418
9.999999999994587 0.0030462044204979124 0.0002239169999206167 0.02435146573148131 0.01123846057926469 1.4330153738992488 2.831574933411699 3.9999999999714815 1.506145897757872 2.5920732623374736 2.9016660286183673 3.371653724620566 2.5828248978140005 3.3665959663073304 2.3481137111331636 2.7095857434654307 2.2401373328104213 2.9702782184692884 2.005273715267649 2.4048582505284246 3.0846537286858826 3.020124213480521 1.5774217645737643 2.9720908069257477 1.2810686812232608 6.813118710344879
9.999999999942032 0.002206503379635016 2.4848755516932807e-08 0.0009034273371370065 0.012416711000394764 1.061166704343759 2.83098976291151 3.9999999992389483 1.5049930620444343 2.589471898610904 2.8971402781661197 3.364562817518568 2.574299045860137 3.351843217671699 2.3346862463366316 2.690953395485144 2.221727218856059 2.9426571807394772 1.9835166728746172 2.37600820551887 3.044280823670095 2.9766724316049897 1.5514226165042901 2.9213790810646376 1.239024927120481 7.459512075428437
9.99999938594605 0.002568965032318503 0.00014633380755672774 0.009819300075433782 0.012111883210903967 1.23443631673503 2.831263931539725 3.999999996774919 1.5055586622318806 2.5907044220328808 2.8993164858245075 3.36802469094251 2.578536099701485 3.359201818215482 2.341497597515496 2.7003928864574025 2.2311787007532877 2.95682718809032 1.9948553831809708 2.391089986692754 3.065453731287884 2.9995954035245602 1.5652895338810096 2.9484378590566913 1.2622673220560505 7.155280336041714
9.99999999229912 0.0021842185826183016 2.6712638098676228e-05 0.0009088733423793148 0.013186620515272349 1.2199306570206987 2.830947665411855 3.999999999980575 1.5049626154891427 2.589356864370028 2.897032847674266 3.364448050537427 2.5743154177988004 3.351993901209855 2.335033515765423 2.6915167411696075 2.2224915956770794 2.9439018821405347 1.984763718568899 2.3778026938082064 3.047029930062073 2.9798251794624355 1.5536148149595423 2.9255923727394983 1.2441582923601697 7.432605885089357
9.999999946571087 0.0022876025033113354 3.28067714594275e-05 0.004173141224378173 0.01300437361646488 1.1916611227652187 2.831010866660507 3.9999999973930596 1.5050703157968248 2.589618954955081 2.8974835920152073 3.3651565025848553 2.575132859076138 3.3533822920568546 2.336263456602004 2.693310282037982 2.2241718774924966 2.946594654666124 1.9866729458087786 2.380430484310712 3.0506512632817637 2.9837267051629284 1.555726920254999 2.9304978047463965 1.2479863694830722 7.424801228901455
9.999972233495285 0.002203674921672231 5.038233046999435e-05 0.0004632891168995228 0.0130311899545 1.2481034423850281 2.83098174320366 3.9999999991632937 1.505024438603736 2.5894922308685104 2.8972595140443005 3.3647935092792784 2.574734993065051 3.3526439924969016 2.335671451931444 2.6924048072690305 2.2233760797018935 2.9451988563295632 1.9858053336086547 2.3791662293702522 3.0487997324849947 2.9817603317351558 1.5548583750702605 2.928048552319268 1.2466525024545156 7.3654546140442685
9.997787613709287 0.0021648657181093586 1.3147493354400319e-08 0.001605492167890646 0.013341474479174883 1.2460955336441322 2.830699428257473 3.9999999997088116 1.5048766013500268 2.589180919546996 2.8967495001478647 3.364026068619279 2.573787878613161 3.351093238398453 2.3341911070177184 2.69039018292362 2.2213552900341758 2.942292395563004 1.9834211381978823 2.376099579602241 3.0448479591203745 2.9774949732430582 1.5520065315356824 2.922910769226452 1.2420691826588819 7.449555986177573
9.999999999997653 0.0023183459680603184 2.4451831284284982e-05 0.005596830914299441 0.013012953229644362 1.1294601898915977 2.83102047738409 3.9999999999997544 1.505087347868936 2.5896633304753527 2.8975619033235307 3.365282201393838 2.575274438375549 3.3536394870999904 2.336477096458994 2.6936109251383775 2.224429126291455 2.9468535095936224 1.986997347228221 2.3807994377423882 3.0513027815721068 2.984423935294926 1.556193825995047 2.9312911170526985 1.2485184006847492 7.487096599368037
9.99999921077216 0.002262108954396685 0.00011602605208009789 0.00017693569015673834 0.01265785652374199 1.2608011136900061 2.8310724289207787 3.999999999948352 1.5052016454652408 2.589865789910028 2.897903060626578 3.3657867547705176 2.5759202813220496 3.3546579887301005 2.3375014910600838 2.6948602161361612 2.225826830368305 2.9487397633387538 1.9886876433888905 2.382880178308883 3.05392841754713 2.98725728403724 1.5582860975226853 2.9340607350705072 1.2517128862551528 7.252564131426717
9.963654350432332 0.002831782130974511 0.000648766027650914 0.012746174375942339 0.010941800991271818 1.4684269425611267 2.8340371455610427 3.999999999881348 1.5064855331022307 2.5926974654501644 2.9027126186226893 3.37325462362592 2.5847977755491054 3.3698704116538045 2.351213046917402 2.7136480941489536 2.2443129571470704 2.976081654832307 2.0102966109946077 2.4111272400890056 3.092866874259045 3.0289822580294943 1.583806459429958 2.982373547571634 1.2919187799139213 6.661097313286994
9.999999999962592 0.0026196816472580276 4.467552632436984e-05 0.014917236153663459 0.012456927050678917 1.1895826323662706 2.8312082923359783 3.9999999999989435 1.505444663905296 2.590484212010246 2.8989714466768177 3.3674777622668466 2.5778492619385016 3.3580911033314687 2.3404165854234225 2.698953618759746 2.2297070336264033 2.954766959799174 1.9930988192885675 2.3888620018883313 3.0625613063731123 2.996471092100626 1.5631470187228522 2.9447709060675478 1.2588153550754562 7.322197074768088
9.999999986284191 0.0021633281231643957 2.627365490364649e-05 0.00018471757826080804 0.013220337943599801 1.2376784719193537 2.8309332837628114 3.9999999997897717 1.5049359415674497 2.589303692563418 2.896940844788833 3.3643053234818345 2.5741435699793396 3.3516542345245575 2.3347524752632287 2.6911420128643604 2.2221252728633827 2.9433696011492243 1.9843401680747654 2.3772625898764903 3.0462682041092655 2.979100209489384 1.5531325905724376 2.9248269917177216 1.243756658817702 7.421182422260201
9.99999999405859 0.0030733805992323314 0.0001966485072143296 0.0255649427682832 0.01123825411881388 1.4421881507651022 2.8315698568719525 3.9999999999912963 1.5061464157184126 2.5920665318630145 2.9016603994993995 3.3716609352400004 2.5828076665713975 3.3665322998724165 2.348080237064955 2.709415611882568 2.2400326366500125 2.969999559825383 2.00521110741375 2.404673480605165 3.0842979823170524 3.019784111437161 1.5775703586006387 2.971727435959331 1.2820745943916136 6.81128026815631
