8.2628010846222 0.029279654181124187 0.0020492133295829675 0.130341840147043 0.011728917783978172 2.301033687122515 1.2747316861052367 0.5928280549269849 0.7282503375842102 1.0127892937513598 0.8187108509152687 1.3522095219645796 0.8943358557437775 2.5515274435344066 0.6999138054059028 0.7558987843204573 2.566628687032856 0.8959878631024256 1.1249391492183622 0.7081004072695906 1.7515245414424263 2.223604524115356 2.095835458332468 3.9985185206335525 1.5757228542063861 2.790921492402389
7.323753170059605 0.029519986383347657 0.0009259409792676957 0.1307435019338478 0.011291636017146124 2.457934514294561 1.3252711053318278 0.5982834433054406 0.72906359526795 1.011964249142105 0.8173573786192794 1.3493602110384333 0.8916606633257161 2.541625265871043 0.6965728763395008 0.7516190331922382 2.5498387652538006 0.8893370072185192 1.1155997988934507 0.7015958733632456 1.7339136703059528 2.1993264520033593 2.0711366445790085 3.947946677446512 1.5423412108020096 2.7914447119502634
9.663449972973709 0.029297230028070623 0.0019833753736426484 0.13039051390668438 0.011137185460593902 2.492038189804252 1.2225612289128702 0.5882305524210624 0.727642708558425 1.0131024790404939 0.8191052209729405 1.3528332326944068 0.8947046172592032 2.5524540821694006 0.700131528187975 0.7560978955086564 2.5671870564230073 0.8961393681435814 1.1250745946714538 0.7081496131848428 1.7515641409773237 2.22355137198689 2.095685335056873 3.9980420815207562 1.5747971387051944 2.689690120549479
9.669675074899812 0.02915969455014007 0.001862643964750944 0.12938789623617378 0.011624931667208105 2.32483694435954 1.2223189148884028 0.5881596334013959 0.7275153437108602 1.0128578480979216 0.8188016843731447 1.3521579375868646 0.8940292439899427 2.549884134426872 0.699255311117677 0.7549591394771284 2.562647504715927 0.8943255869865802 1.122509950225645 0.7063598119625579 1.746676217540028 2.2167551764032023 2.0887321537255334 3.9837016872006483 1.5649647226679708 2.7276321346717145
9.998634314182988 0.029205714722031633 0.0020540237800543834 0.12987876537143958 0.01137542342643062 2.4054924414450243 1.213054601392526 0.5875505927686584 0.7275903052657867 1.013166404186222 0.8191630939991122 1.35291534764189 0.8947412849594876 2.5525149919228367 0.7001369282742982 0.7560910285349102 2.567113133226452 0.8960963929221556 1.1249984546557028 0.7080889582394958 1.751373746455109 2.2232552421174607 2.0953569167933237 3.9973164451211214 1.5740942928274106 2.702010504982585
9.655756942019865 0.029297847711519574 0.0017780904040532544 0.13018878773729084 0.011136241426361777 2.492242380773194 1.2227562261493017 0.5881993173033278 0.7275475885831842 1.0129146451705253 0.8188691592532071 1.3523049667061828 0.894172210286642 2.5504130520212875 0.6994281932206136 0.7551838559752232 2.5635599592785683 0.8946901174640993 1.1230251588543343 0.706714563886614 1.7476571904864728 2.218138387488075 2.0901556309126677 3.986676990297288 1.5671105666140304 2.6873248553656763
9.746345794884437 0.029292825341814054 0.0019109966451814522 0.13028975433360904 0.011126205118244116 2.4945003090006486 1.2201161924403228 0.588033842543833 0.7275944694262536 1.0130550198483383 0.8190396274708313 1.3526731059694144 0.8945299836966346 2.5517602786342426 0.6998869477015425 0.7557761902372374 2.565900172984431 0.8956214743901084 1.1243379765866455 0.7076309619756904 1.7501471870596588 2.221582900447744 2.0936686438691363 3.9938875327008554 1.5719486662225568 2.6861243108409467
9.71173837800048 0.029167925950520503 0.0020528318425735077 0.12963540519332223 0.011598949083793131 2.3321798168442336 1.2211182584059639 0.5881136424098213 0.7276022189521354 1.0130496470209585 0.8190400255154314 1.352685623642644 0.8945552526124173 2.55188923120532 0.6999417263109542 0.7558508834428945 2.566190795625654 0.8957399742508227 1.1245080281161477 0.707755589832839 1.750477378569533 2.222024181705658 2.0941129549548974 3.9947738200953635 1.5724405505542824 2.7275783477316367
9.28197531211833 0.029322913359780423 0.0018062125940214715 0.13037553708610924 0.011166471475862203 2.485503530478353 1.2345889274125184 0.5891268613264038 0.7276514539855605 1.0128636934807242 0.8188257616316535 1.3522686745868253 0.894195458363127 2.5506124282621725 0.6995190394662797 0.7553213439544134 2.5641625638956373 0.8949475894233695 1.123407683737982 0.7069921458623841 1.7484376448565477 2.219249478814164 2.091315137586283 3.9891046691173626 1.5689221171649066 2.701207842802832
8.519671473637148 0.029383578485085077 0.0017634614544868763 0.13071711920685333 0.011227777654743712 2.4719237469063775 1.2633520327805192 0.5916696795416506 0.7279880130604902 1.0126914492004027 0.8186060868558993 1.3519151526052011 0.8939771404669403 2.5500292509624773 0.6993700836521108 0.7551716818960494 2.5636962335803624 0.8947997854379958 1.1232414812126328 0.706899352634122 1.7482414038118195 2.2190446630022658 2.091163214103442 3.9888956325569027 1.5691773522865262 2.7331010167251346
8.354791802523364 0.02939914882119333 0.00100272134547174 0.1300549327204932 0.011237365010557282 2.4698171811863645 1.2703749107740394 0.5921958012677987 0.7277581340168968 1.011992933113501 0.8177075649941288 1.3499270872174423 0.8919973810261531 2.542485197625227 0.6967810865525172 0.7518151505516922 2.5503995520429266 0.8894955388740715 1.1157510980701884 0.701661933758991 1.7339966625908327 2.199325732571545 2.071037657544333 3.947565810613579 1.5414039711956065 2.7312788593780644
8.638305557611929 0.02937235044084388 0.0003453638812923897 0.1292280764894808 0.011219560006080192 2.473724574033985 1.2581068723402724 0.5908742645968487 0.7272573600824027 1.011439346060803 0.8170283297054791 1.3483461939720127 0.8903437924442973 2.5360390545464777 0.6945404015182886 0.7488857027974314 2.538724444887477 0.8848185343463565 1.1091258056552538 0.6970193940774602 1.7213444202155912 2.181782049423029 2.0531108742522446 3.910715239412829 1.5165795002979194 2.708956581204503
9.509992084992454 0.02929104725062093 1.816212064183074e-05 0.12837544591893751 0.011177632963651384 2.483000675271706 1.2268382725135396 0.5881195580935115 0.7267443435362434 1.0112757274768325 0.8168142914763081 1.3477205893797866 0.8895682782642444 2.5328035379759375 0.69337240886395 0.7473241882790852 2.5324039811933874 0.8822565496384085 1.1054632374631008 0.6944333041319857 1.714254973198743 2.1719055976410164 2.042975594290291 3.8897912541535002 1.502244044105342 2.6685747090808247
9.509831038913092 0.029306804737326636 0.0012142803026170409 0.12968177974229336 0.011149416185161918 2.4892923189286966 1.2270926618413185 0.5884048172506124 0.727313202454542 1.0123731793170454 0.8181960959418706 1.3508184294233603 0.8926937823593425 2.5447829291433623 0.6974969946924605 0.7526805380478562 2.553643747852101 0.890734800651544 1.1174401215530072 0.702809882854633 1.7370372924101094 2.203437006437095 2.075151367001472 3.9558642300590816 1.5464025895639635 2.68495721435334
9.48114113996295 0.029309119464979844 0.0018591460955398897 0.13034119584174628 0.011150932118923856 2.4889620356712534 1.2281333190866124 0.5886260488310905 0.7276227696909251 1.012951876202853 0.8189269457794844 1.3524625921601166 0.8943588681839639 2.551179821901763 0.6997026297586589 0.7555495668683663 2.5650379266839143 0.8952883922438337 1.1238797044906401 0.7073173202734655 1.7493097162868707 2.2204418722322754 2.092519997630524 3.9915569717028245 1.5704885870691023 2.694505019404751
8.613302302197912 0.02937545147560886 0.00038069303021112503 0.12928274564101008 0.011217234163679129 2.4742544753100604 1.2591415303038482 0.5909774840214419 0.7272891130176827 1.0114684749454375 0.8170640512023891 1.3484309753413755 0.8904338495556182 2.536392648475264 0.6946632462997933 0.7490471286988614 2.5393710100256004 0.885077859017343 1.1094933538471916 0.6972765186142907 1.722046067606108 2.182756535601998 2.054106715352157 3.9127631088816983 1.517959546497233 2.7107509518416624
7.3009935649311775 0.029523519276144095 0.0010124536862452856 0.1308522895728649 0.011291163846679402 2.4580382254936435 1.326729350410595 0.5984782175142215 0.7291472568679851 1.012045735258368 0.8174478570014945 1.3495695589963186 0.8918792328685787 2.542476833305978 0.696868740286837 0.7520059376357536 2.551381408557093 0.8899551318834816 1.1164756355277057 0.7022096661789083 1.7355871000852254 2.201647907969674 2.0735096115148557 3.952826487901467 1.545641957137593 2.7942226210960963
7.676469584384617 0.0294733626167171 0.0007916662749183585 0.13031391126362407 0.01127673370262728 2.4611874584365103 1.3042933613948018 0.5957780432060038 0.7284040788059715 1.0117905579066762 0.8173020040386536 1.34915634352306 0.8913652896884908 2.54032840994597 0.6960926984657327 0.7509668434145982 2.5471686583163105 0.8882458496787267 1.114030087570261 0.7004825868312761 1.7308477298983957 2.1950370820507508 2.066720629139963 3.9388094018070983 1.535948612967622 2.7665124819294657
9.767337010065798 0.029291490604043555 0.0013426030234199849 0.12971291588193112 0.011123836691066105 2.495030621704119 1.2193889465892804 0.5878555007976379 0.7273231714119898 1.0125428212707976 0.8183933886434499 1.3512208723748014 0.8930606861678331 2.5461180533895673 0.69794173409553 0.7532464116046172 2.555854887150069 0.8916070971383006 1.1186609517135322 0.7036570213881153 1.7393273641122502 2.206590898906655 2.078355358281622 3.962417533077737 1.5507012958551845 2.677962511949107
9.18189085154248 0.02927393486001137 4.3357492392817144e-05 0.12826789322053433 0.011285444224535425 2.459092363765105 1.237604951902293 0.5889805669606402 0.7268332647209969 1.0112018230995816 0.8167344383029317 1.3475943983033085 0.8894933210801472 2.5326127991252676 0.6933259795861407 0.7472804661072548 2.532278314976785 0.8822199637539193 1.1054256098892987 0.6944130845099103 1.71421751950187 2.1718766237396157 2.042960686010739 3.8897385225228747 1.5023373660435333 2.678847944222789
9.580053490073329 0.029302692477102887 0.0007117728237934082 0.12915310751134157 0.011140792821004481 2.4912279292380104 1.224823951900856 0.5881208733179687 0.727061790892607 1.0119323365141077 0.8176368702952693 1.3495533922522875 0.8914060284064075 2.5398252833312682 0.6957853722440546 0.7504535238084243 2.544799746221677 0.8872004256211159 1.1124424687185674 0.6993120256558859 1.727516765549969 2.1902504861745835 2.061687443060634 3.928206811586232 1.5278272247504667 2.676015524965524
9.840042864977422 0.029287360680092064 5.749206218848006e-07 0.1283446619096751 0.011114619605227048 2.4971035450737777 1.2170276185422446 0.5873886799981711 0.7266791571975941 1.01133832516622 0.8168732478285625 1.34780362959919 0.889603786017311 2.5328509352728426 0.6933709201301235 0.7473069769177962 2.5322912338633117 0.8821986575433108 1.105367643133632 0.6943599070791069 1.714037456558723 2.171581688071832 2.0426289039389243 3.88906525521942 1.5016404993615402 2.658192490690417
7.404975323345576 0.02950860989723248 0.0009291022113123683 0.1306746261747413 0.011289086749205332 2.458486530943344 1.3202213431540657 0.5976723551274944 0.7289108687565633 1.0119487513870822 0.8173830589675571 1.3493997221547556 0.8916796154803245 2.541659554040263 0.696576890882326 0.7516176014454048 2.54981358880183 0.8893211194716089 1.1155708600197682 0.7015721086073353 1.733840308608936 2.199214433729466 2.071013486475319 3.9476777636368383 1.5420992055980705 2.785897542294643
9.749285606415595 0.029292863049463817 6.10461426944458e-07 0.1283795127223054 0.011122021300073745 2.4954419974153037 1.2196228366838981 0.5875762250854869 0.7266942346919387 1.0113210350471094 0.8168574106841368 1.3477811377144675 0.8895938164491023 2.5328360160414176 0.6933704953105987 0.7473104626282442 2.5323168432281733 0.8822123710791351 1.1053908670369716 0.6943782095031654 1.7140923326575008 2.1716637318335876 2.042717683832088 3.8892566690432844 1.5018024932128733 2.661189090208839
9.777406224664176 0.029291071326812433 0.0012249475464550259 0.129592559496742 0.011121953132716833 2.4954558112591885 1.2190723910662267 0.5878065163841383 0.7272661622744926 1.0124381941925291 0.8182610084392261 1.3509225598245507 0.8927580748128567 2.544954778731553 0.6975403871703403 0.7527244237625048 2.553782405924624 0.890778903091666 1.1174898332737937 0.702837256233581 1.737095859997664 2.2034996957343744 2.075198547196746 3.9559315646920115 1.546334049393498 2.676128698222731
8.766989051520298 0.02927552923833792 6.101458149767341e-05 0.12827666923188705 0.011379680686146105 2.438459690384478 1.2528752948526651 0.5903099842549787 0.7270097162309391 1.0111226539072609 0.8166350728467108 1.3474426643552175 0.8894110419269626 2.532427515754712 0.6932883940059713 0.7472539979152617 2.5322377807626193 0.882222641626951 1.105449506138715 0.6944396540531083 1.7143154409654795 2.1720440310992344 2.043155243275028 3.8901342811864037 1.5027907492444739 2.6946736373453923
9.325326949582871 0.02931895290104943 0.001245161639415133 0.1297896715490811 0.011166184501354351 2.485549753483335 1.2330206264533765 0.5888790580354232 0.727375750106865 1.012364366899006 0.8181941534205734 1.3508439548442208 0.8927489761021697 2.5450485650066215 0.6975996212200412 0.7528231496537516 2.5542362998281023 0.8909796056322901 1.1177951894081959 0.7030633891479082 1.7377389274183728 2.2044225827568136 2.0761696615984087 3.95797750261483 1.547905693761653 2.6920526472047444
9.630470740353509 0.02928500425344927 1.6809922486171535e-05 0.12833688794766773 0.011164095928560776 2.4860126097647366 1.2231455653291259 0.5878381034832065 0.7267174783276341 1.0112987185099824 0.8168367491219005 1.347752794749188 0.8895829789992299 2.532827258247611 0.6933739945993864 0.7473205923623312 2.532373257762049 0.8822394356176197 1.1054337482558183 0.6944098995261431 1.7141843329149344 2.1717993801883932 2.0428603965534498 3.889544294353448 1.5020319933161321 2.664442667988605
8.16778780254036 0.02927603306090802 0.0020176697511331064 0.13028423811814346 0.011778812638239608 2.2861790997170384 1.279175274198187 0.5932728518937294 0.728314351385765 1.0127399650389894 0.8186355033464608 1.352060680528859 0.8942055967071564 2.5510661739058116 0.6997599645173392 0.7557075813746216 2.565898530642931 0.8957015770254959 1.1245396469385178 0.7078217141493568 1.7507753477819725 2.2225781493072527 2.0947934679332056 3.9963890428162676 1.5743294446863867 2.797999368920019
7.85134083915013 0.029452163693752424 1.2307949652828549e-05 0.12940017326993186 0.011267070817811992 2.4632969881916815 1.2946331395064026 0.5945361678777882 0.7278136961503742 1.0110938465182333 0.8164729947618821 1.3472516853370986 0.8893948656096152 2.532686583159443 0.6934438541304173 0.7475113426701459 2.533420705254936 0.8827450780721748 1.1062453624686381 0.6950313233502862 1.7160030655622454 2.1744682511065005 2.0457146037830993 3.8956524097675578 1.5069879567115214 2.7458516793697183
9.431139299398223 0.029312444942958645 0.0017347404136899742 0.1302378428876719 0.0111549473331081 2.4880666774982516 1.2296946530628237 0.5887207323955697 0.7275766661957953 1.0128289592645172 0.8187747763451058 1.3521293429621242 0.8940302029675259 2.5499331905416973 0.6992759281260422 0.7549972756603027 2.562852484820627 0.8944172351715077 1.1226501285116555 0.7064578593304313 1.746972719322448 2.2172072896144437 2.0892189661001503 3.984778144135089 1.5659273382639045 2.694677592488768
9.011596697190182 0.029271570364317503 4.9440951950317566e-05 0.12825055058140095 0.011332042534564568 2.4486771828328457 1.2436283967736568 0.5894906965789464 0.7268946683618085 1.011164353493637 0.8166899467483625 1.3475232446196708 0.8894502049285434 2.5324999906779557 0.6932983052706114 0.7472530099406243 2.5321931338777373 0.8821934753875186 1.1053963326637692 0.694397067125377 1.7141835784982582 2.1718411229805006 2.042933916480449 3.8896823686307056 1.5023721049282701 2.684961522675394
9.955464365009558 0.029281045440942698 3.94151003573656e-08 0.12830389628995195 0.011102829674113062 2.4997559003408654 1.2138016735914237 0.5871596935374699 0.7266619590027816 1.011360453260013 0.8168931834150317 1.347831994779724 0.8896164540642606 2.5328702009172908 0.6933715541937796 0.747302767110895 2.5322600882801187 0.8821818479132013 1.105339045808206 0.6943372191170482 1.713969488382928 2.1714801955096945 2.042519010656483 3.8888282616222845 1.5014401362729255 2.6545973629078334
9.575740007875867 0.02930248383870012 4.72501815046296e-05 0.12848739930392655 0.0111423176809012 2.4908779365294262 1.224810169192449 0.587974484732729 0.726750464563849 1.0113291099058908 0.816877688174521 1.347852235816117 0.8896908582496789 2.533253929511402 0.6935243374464213 0.7475176039776686 2.533158499313561 0.8825550414301968 1.105882419036001 0.6947265625631326 1.7150486142172268 2.1729970864514683 2.044087698819181 3.89208518396509 1.5037488190563058 2.667473516029703
9.865602552885733 0.029285858126967435 4.96479819938952e-07 0.12833507397754512 0.011112435481436702 2.497594238895204 1.2163081628718593 0.5873373145737775 0.7266751938139971 1.011343168296324 0.8168776185194235 1.3478098001387584 0.8896064665531694 2.532854715298079 0.6933709055838213 0.7473058339673095 2.5322834272493027 0.8821945688514156 1.1053607941175514 0.6943545412230863 1.7140214472123114 2.1715578377889844 2.0426031605896036 3.8890098606349106 1.5015940381407915 2.6573661642862083
9.861555679040679 0.0292861188112577 0.0017457525147183777 0.13008201962293434 0.01111532337725838 2.496943825816025 1.2167876418119745 0.5877577458804673 0.7274990884746303 1.0129292748080485 0.8188728438699052 1.3522815100226437 0.894117301568826 2.550145156609262 0.6993238201702557 0.7550385212384351 2.5629555148618923 0.8944399297306483 1.122661686050408 0.706454504837652 1.7469368392359235 2.217125963549442 2.089108564270311 3.9845022979001494 1.5655530500524935 2.680218415076575
9.1716675655485 0.029330272192377504 3.6212193092024186e-06 0.12861909004762515 0.011173483991335088 2.483945529616871 1.2379593217200362 0.5890138362021248 0.726845514667294 1.0112164527572467 0.8167519011267086 1.347633330009786 0.8895318881525519 2.5327582940091573 0.693376200250148 0.7473454019053584 2.5325354601875802 0.8823235504771795 1.1055743400218037 0.6945207467135776 1.7145147312732556 2.172289959934594 2.043391283605566 3.8907016755451513 1.5030008743961887 2.6820034586139583
9.93564106689616 0.029281989861700795 5.492871320281269e-08 0.12831007559317392 0.011105472215114579 2.4991606350000417 1.2143581963019494 0.5871992930020772 0.726664887747629 1.0113564628633362 0.8168895163463845 1.3478265939236316 0.8896137523193015 2.5328649282075997 0.6933707842565855 0.7473026428002606 2.5322620539701464 0.8821833883159252 1.105342064445596 0.6943398194386957 1.7139776193060259 2.1714926766134894 2.042532843922105 3.8888586118326014 1.5014675564738458 2.6551754598576234
9.895389484416937 0.029284065554982693 5.376132081442889e-07 0.12832377316677787 0.011110122303874053 2.4981130901539204 1.2154769731138737 0.5872783659740312 0.7266707887335161 1.0113488811895432 0.816882766030634 1.3478171402702395 0.8896097730909851 2.5328598691806783 0.69337113087273 0.7473048372253008 2.532275835610843 0.8821904179370015 1.1053536782664697 0.6943488008264755 1.7140042491086382 2.1715323292083117 2.042575420413654 3.8889501000872553 1.5015429350566167 2.6564030242403396
9.910150079636765 0.02928328843122408 3.544129777760863e-07 0.12831866654931698 0.011108532944039733 2.4984716083821725 1.2150667062110034 0.5872493866887551 0.7266686230201136 1.0113516395263478 0.8168852158378535 1.3478205497342404 0.8896111709262385 2.53286150134269 0.6933709559890407 0.7473039588352607 2.532270346768878 0.8821876635541854 1.105349179929706 0.6943454173064 1.7139941886299819 2.171517189509282 2.042559249870254 3.888915315771997 1.5015145365853773 2.655944252911099
8.081515391058941 0.029426427111839865 2.916292978390165e-06 0.12922757700447005 0.011253880758570868 2.4661918450740594 1.2829422769286265 0.5932741141502861 0.7275470932202184 1.0110855738583275 0.8165171553112996 1.3473040232580678 0.8893984608984652 2.532610452961757 0.6933993547120187 0.7474380721733341 2.53308506697579 0.882597587350435 1.1060220209533655 0.6948668613736374 1.715535945798511 2.1737984619119204 2.045011015305264 3.8941719345216335 1.5058632629462854 2.732669451531117
8.78598303193333 0.029265290878675708 6.628871169144418e-05 0.1282118057462953 0.011395851334996711 2.434873745060015 1.2521319778122924 0.5902415872010097 0.7269977787127304 1.0111220204038873 0.8166349673115305 1.3474393838518903 0.8894047904973063 2.532398283554344 0.6932772086066851 0.7472385186619525 2.532173487374069 0.8821960106402579 1.105410591769203 0.694411419270431 1.7142366994790001 2.171933138467457 2.0430395527944767 3.889877477248512 1.5026114132156931 2.6934679348350654
8.276867649906825 0.02940590650642067 2.4953887313950607e-05 0.12911999025042198 0.011244224997161073 2.468296987162834 1.2736965082504557 0.5923259921948062 0.7273736028013513 1.0111153050036288 0.8165863511248493 1.3474211226414947 0.8894773900248458 2.5328411429822757 0.6934644853299992 0.747510006351728 2.533332733336835 0.8826855484814683 1.1061342558587415 0.6949392588186781 1.7157163702969391 2.1740277080783743 2.045228929202053 3.8945895621040063 1.5060296466456469 2.7224563380529228
8.477377010058825 0.02927810402255024 7.463117082760096e-05 0.12829227442560512 0.011445880559091069 2.424058707048394 1.264772397537444 0.5914271639136803 0.7271857899091392 1.0110770425087046 0.8165621152673572 1.3473321066832933 0.889353023289142 2.5323033499853467 0.6932654131782439 0.7472410290923933 2.532235150019793 0.8822358794969667 1.105483419391734 0.6944707678417997 1.7144195745699007 2.172212511907989 2.0433452061590667 3.890516036496145 1.5031940633154997 2.707096033023517
9.686299629692144 0.029296326256215647 1.5192316918745775e-06 0.128402337725963 0.011128952786785497 2.4938854192882385 1.2214782915649884 0.5877134977674245 0.7267063750017574 1.0113094497455428 0.8168466616015565 1.3477662690187275 0.8895878808728445 2.5328298480324025 0.6933718142793766 0.7473149779255992 2.532342806447068 0.8822252131425423 1.1054117539139041 0.6943943284091908 1.714139692969918 2.171733502942929 2.042792421595971 3.8894164647258385 1.5019328166419612 2.663245769116238
9.516886437042709 0.029306699160265008 1.976661927571487e-06 0.1284686929838989 0.011145379960565494 2.4902026247665545 1.2266254792898497 0.5881035604847387 0.7267431235036986 1.0112775281284556 0.8168158126597651 1.3477224145896727 0.8895685228642053 2.532801137408277 0.693371443092781 0.7473221465908308 2.53239300359916 0.8822520554016219 1.105457258224395 0.6944305634190354 1.714247853014227 2.1718942301653135 2.0429664723295082 3.8897913337631445 1.5022493577755212 2.6690357790811268
9.468315289092784 0.029310425846086455 1.0855393142333314e-06 0.12849121134424224 0.011146901208174955 2.489871125458055 1.228141571790784 0.5882204502267908 0.7267546810231957 1.0112682311073515 0.8168065381522278 1.3477089744123514 0.8895620815583419 2.5327895723764753 0.6933698181003559 0.7473225395574513 2.5324023771307385 0.8822577798628319 1.105467467388498 0.6944385325014522 1.7142727424097197 2.1719329088103483 2.0430087013229756 3.889883616381408 1.5023311210378758 2.6708749705259356
9.755269909586675 0.029292101958953622 1.6696798596013504e-06 0.12837570865275108 0.011122981637683951 2.495224661606248 1.2194574020276736 0.5875647084118906 0.7266936828882431 1.0113227404302343 0.8168591448917728 1.3477842023779547 0.8895961288468087 2.5328434398126474 0.693372816443506 0.7473131785958183 2.532326673182245 0.8822160718302072 1.1053958514210809 0.6943815746790412 1.7141010916085797 2.17167543295367 2.0427292323630972 3.8892796395595335 1.501815034416377 2.66094123199332
9.9889166300512 0.029279056552151038 4.301267525241398e-08 0.12829150993910968 0.011100540735468237 2.5002707932898187 1.2129052629468815 0.5870982250372982 0.7266579620866331 1.0113668353426095 0.8168987637749658 1.3478399138037647 0.8896199415748763 2.532875386989161 0.693371675012167 0.7473015219125526 2.53225099368161 0.8821769879136067 1.1053308294843336 0.6943307693637093 1.7139501350569295 2.171451231793992 2.042487680624685 3.8887607344689092 1.501382927178954 2.653523524951365
8.946929351736552 0.02929142145784754 4.383781890251445e-05 0.12837881736919618 0.011304234433948651 2.455009802644071 1.2460084405278282 0.5896986374931361 0.7269273017715508 1.0111628795861205 0.8166879794434131 1.347529201495709 0.8894661031642859 2.5325790392455136 0.6933286538313829 0.7472961460120912 2.5323760751375537 0.8822695704675658 1.1055073740197683 0.6944765467390296 1.7144055774295544 2.1721554005993946 2.0432605583561023 3.890380931278334 1.5028713804983924 2.6883757779899744
9.648312120452669 0.029291797274659716 1.0513761728962591e-05 0.12837853779967542 0.011146664695371813 2.4899115513029466 1.2226109600926627 0.587798455224365 0.7267147724454744 1.0113038603528932 0.8168420096937417 1.3477616772194427 0.8895890397354491 2.5328449969790072 0.6933791347064975 0.7473262911721754 2.5323929860860055 0.8822466784889844 1.1054434852581865 0.694416847364807 1.714202680225727 2.1718235469102263 2.042885253927679 3.8896033753467587 1.502067788758875 2.6642152523248455
9.709845042437284 0.029287546097227897 1.0882739621577263e-05 0.1283515102875874 0.011141654477451048 2.4910404304006004 1.2207824795288869 0.5876623434783778 0.7267026461682999 1.0113155039203987 0.8168530366512345 1.3477773561238093 0.889595952300987 2.5328552719189674 0.6933792486193799 0.7473237373803836 2.5323751109433 0.8822370979937774 1.1054272122882531 0.694403878836426 1.714163913477381 2.1717658380772398 2.042822711491399 3.8894677567756784 1.501953401023282 2.6621371443842254
9.888510715106221 0.029284624124169982 2.7089413974576946e-07 0.12832699993950558 0.011109962019726364 2.4981504755587083 1.2156649183716712 0.5872914574437069 0.7266716599668855 1.011347481171648 0.8168814889394836 1.3478152262635257 0.8896087602241578 2.5328576661835793 0.6933706929504966 0.7473045762968722 2.5322757067675474 0.8821906173333341 1.105354237453911 0.6943493611192111 1.7140061569133418 2.171535340627604 2.042578909367229 3.888957880227052 1.501550938697734 2.65665299080619
9.7451600054821 0.02928692944222044 9.409097570894853e-06 0.12834718190037778 0.011135814560969416 2.492344272119598 1.219751794954125 0.58758667621265 0.726696277887625 1.0113223505738334 0.8168594199268423 1.3477864821523802 0.8896001009785371 2.532861840328946 0.6933797022556092 0.7473226616939517 2.5323659341151634 0.8822320754136673 1.1054186688364174 0.6943972496164215 1.7141439373624034 2.1717357019621035 2.0427902358399392 3.889399486213037 1.5018949987511656 2.661016032353133
9.750322747657119 0.029291585151932413 3.960538589543655e-06 0.12837407313427168 0.011124617773536332 2.4948595629921053 1.2195968708318272 0.5875750380282724 0.7266951419814641 1.0113231191050558 0.8168599773116012 1.347786793368871 0.889599419641033 2.5328573585464533 0.6933777670645372 0.7473199005469356 2.532354313503576 0.8822272752251694 1.1054118188654396 0.6943926547520849 1.714131504630942 2.1717181291943217 2.042772815482524 3.889368554331428 1.5018754179843878 2.661110406026738
9.82189324535309 0.029288403740779047 2.9902198066566977e-07 0.12835095424134693 0.01111620702490979 2.4967464290916213 1.2175414836099843 0.5874254187000675 0.7266818671191423 1.0113345584566988 0.816869716670478 1.3477983015259454 0.8896009509652578 2.5328446982338955 0.6933697131410357 0.7473062066179781 2.532290529264716 0.8821990707694162 1.1053689914753937 0.6943612589876189 1.714042152445465 2.171589385405793 2.0426377713800448 3.889085264465419 1.50166072379651 2.65877873991211
9.487216529094663 0.02929264901946759 1.8109861079218832e-05 0.12838560346421385 0.011179329169294093 2.482624267256059 1.227551629785072 0.5881748546364205 0.7267499548747668 1.0112715445955838 0.8168101410115355 1.3477147482077318 0.8895657832339922 2.5328001949518817 0.6933725212939215 0.7473254100063185 2.5324119576540856 0.8822606688525153 1.1054700921540825 0.6944386620393881 1.7142709123673392 2.1719292828142804 2.0430011376228037 3.8898462695691833 1.502289990613349 2.6693934851418204
9.238857560366524 0.029325598884551336 2.57281913558851e-06 0.128588981664041 0.01116882967017492 2.484974690062209 1.2356653441857461 0.5888243857303266 0.7268223595394998 1.0112274179408338 0.8167638749146355 1.3476493511194776 0.8895374475754464 2.53276012520254 0.6933731591603772 0.7473378888717279 2.5324947359846197 0.8823043700065478 1.1055440990700116 0.6944982964593784 1.7144491233891492 2.172193112758881 2.043288500649684 3.8904831628932763 1.5028262833174932 2.6793200811446125
9.824050540044174 0.029285081612305832 6.4289335166821e-06 0.12833433464845365 0.011123330654691482 2.4951401615512294 1.217483551500003 0.5874220460041303 0.7266828850647099 1.011337483886766 0.8168733090940995 1.3478061653071405 0.8896087702037804 2.5328744537394763 0.6933799773505035 0.7473193946218489 2.532342369810794 0.8822196548645075 1.105397879965484 0.6943811640312049 1.7140958998902618 2.171663806214247 2.042712955274607 3.8892362890061007 1.5017577902703496 2.6585522918559676
9.951513471778618 0.029280958574916926 2.48859153248021e-07 0.12830380217286672 0.011104776170425247 2.4993167255269326 1.2139281585957737 0.5871695371767237 0.7266629091856468 1.0113595676208234 0.81689228445279 1.3478306096443684 0.8896156613775589 2.5328683485568066 0.6933711735946407 0.7473024746643814 2.532259410963356 0.8821817498207963 1.105339104666179 0.694337382554106 1.7139701320769223 2.1714813668023116 2.0425204128927392 3.8888316118233517 1.5014435342503507 2.6546465597987123
9.730146514707723 0.02929257015897433 4.4154194070737926e-06 0.1283805975482373 0.011126767649408379 2.4943775208509456 1.2201829618005315 0.5876179530302549 0.726698826041557 1.0113194499226246 0.816856635421216 1.3477822328597373 0.8895976868401442 2.532855973785182 0.6933783455063977 0.747321565088918 2.5323635925842587 0.8822317606863693 1.1054190089475273 0.6943981147671454 1.7141474884217356 2.1717416507425913 2.0427978993701625 3.8894218134391094 1.501918470694248 2.6617780554123063
9.82057844517052 0.029288571179879694 4.298052649195832e-07 0.1283521674899688 0.011116013986890862 2.4967905267767985 1.217577205205288 0.5874279816385305 0.7266821540598492 1.0113345156534037 0.8168697568443035 1.3477985692278174 0.8896013818388889 2.5328466640163945 0.6933704412476698 0.7473072182627466 2.5322947273385226 0.8822007937102009 1.1053714777627328 0.694363022209139 1.7140470229127662 2.1715962300108447 2.042644824965211 3.8890998928393383 1.5016709759857803 2.6588356519200227
9.80531740178227 0.02928940012913277 4.945710025896773e-07 0.12835748334969363 0.011117654661750277 2.496421392871918 1.218014038469608 0.5874595339229689 0.7266846711613074 1.0113315636460418 0.816867037585166 1.3477946684090107 0.8895995984392682 2.5328437606458443 0.6933702213504861 0.7473076211089444 2.5322984200111054 0.8822028610497263 1.1053750409419785 0.6943657870709183 1.7140554394341925 2.171609101749996 2.0426587432706182 3.88913010978431 1.501696692740356 2.659320022262225
9.825752063003566 0.02928828091526552 3.5847447729825745e-07 0.12835023314436106 0.011115435104686515 2.4969204111926357 1.2174287977596474 0.5874171919619713 0.7266812512226372 1.0113354627122848 0.8168706114902085 1.3477997413706921 0.8896018403189263 2.532847076847828 0.6933702830047036 0.7473067953379021 2.5322925239778558 0.8821997174104593 1.1053697271364344 0.6943616060346376 1.7140429317948211 2.1715903978032745 2.042638537304879 3.8890865437113726 1.5016600840231529 2.6586737181703053
9.741308278968384 0.02929254081400906 3.3216478391273464e-06 0.1283797131177903 0.011124465333533857 2.494893745180514 1.219857245826516 0.5875939524546394 0.7266966072462439 1.0113212054190635 0.8168581345496617 1.3477839497489141 0.8895978071289868 2.532853467974816 0.6933768954809819 0.7473191674910525 2.5323525690049196 0.8822269319893326 1.1054117342029353 0.6943928380652332 1.7141325403442336 2.1717201465393194 2.042775458745559 3.8893753054664892 1.5018836751569826 2.6614328245917616
9.639301612110764 0.029293481476047854 9.45669198546228e-06 0.12838884216420873 0.011145168675622165 2.4902474282462457 1.2228812612978035 0.5878187508227258 0.726716676707658 1.0113022529927538 0.8168404796629717 1.3477595422223416 0.8895881463900387 2.532843859334029 0.6933792303404123 0.7473268064510656 2.5323961505391086 0.8822483116780373 1.1054462313042976 0.6944190707786734 1.7142093134545473 2.171833329789429 2.0428959406415683 3.889627588055302 1.5020880195131157 2.664576490583805
9.618333605657973 0.02928632722830953 1.6408460852430605e-05 0.12834521446327482 0.011164015229972735 2.4860314495628133 1.223511766179747 0.5878657265791836 0.7267201152704871 1.0112965865484378 0.8168347388018257 1.3477500719549445 0.8895819761783172 2.5328265969494144 0.693374423222452 0.7473216971323106 2.532379231459868 0.8822423103248022 1.1054383652207107 0.6944134566571505 1.71419474693709 2.1718146376258756 2.0428767545081232 3.889579867269446 1.502060700923862 2.664887441678589
9.872115171375896 0.02928551919199182 3.6167558096545975e-07 0.12833277297756063 0.011111658811513948 2.4977686954984066 1.216124528082269 0.5873241525324964 0.726674137727963 1.0113443431008076 0.8168786570609747 1.3478112019613506 0.8896069735183617 2.5328549861312895 0.6933706222409387 0.747305200369864 2.5322802569631384 0.8821930579058213 1.105358374389611 0.6943526217306746 1.7140159244916688 2.1715499560769045 2.042594711336052 3.888991962241567 1.5015796616445505 2.657165795542979
9.995934026603079 0.0292785615783946 2.7017154961365397e-08 0.1282884150252885 0.011100491895391496 2.500281911054171 1.2127204087263963 0.5870857159373117 0.7266571562777263 1.0113680675044074 0.8168997935223801 1.3478412750940842 0.8896203779062432 2.5328753884571884 0.6933713370435896 0.7473008008783217 2.5322472510704865 0.8821752407638287 1.1053280864752357 0.6943287243313008 1.7139441819727768 2.171442504539093 2.042478411597137 3.888741029346566 1.5013671836615268 2.653278032034372
8.433151847692498 0.02927548805978698 7.844204307555754e-05 0.12827533736845212 0.011462341012628604 2.4204828359200707 1.2666873164736356 0.5916130736256864 0.7272165859535477 1.0110696038674263 0.816548929045431 1.347310988389955 0.8893403418799058 2.5322706175798584 0.6932573247535028 0.7472332387024841 2.5322120175657563 0.8822288966080337 1.105475871884129 0.6944665165458639 1.7144108788385917 2.1722041813647848 2.0433391661330726 3.8904956074550023 1.503205013289495 2.7089568009765355
9.783974709678558 0.029290791609399378 4.260401681623098e-07 0.1283662069138446 0.011118953631832837 2.496130478420271 1.2186205043884086 0.5875031762415405 0.7266881354952782 1.0113275293088204 0.8168633706374776 1.347789488805711 0.889597341224081 2.5328405475104177 0.6933702310713101 0.7473085689114072 2.5323048285294534 0.8822062302659429 1.1053807069710089 0.6943703044594645 1.7140688823676828 2.1716289376824487 2.042680237248382 3.8891762759722366 1.5017357459474006 2.6600439557752216
9.59379954396121 0.029287257386161447 1.689398254393906e-05 0.12835119799654066 0.011167346749124079 2.4852891689836443 1.2242556528445252 0.5879219383258414 0.7267253015034809 1.0112918080181788 0.8168301022846263 1.3477433556647676 0.8895788070342618 2.532821071662475 0.6933738508417768 0.7473221031272363 2.532384188147015 0.8822452664093602 1.1054436044068976 0.6944176628977488 1.7142075807828376 2.1718341062186135 2.042897953563234 3.889625137715453 1.5021003427052126 2.6657060285877563
9.513430496695026 0.029306694293002356 2.9641126582442793e-06 0.12846971437394597 0.011146701790136621 2.489902708641112 1.2267307518067052 0.5881120011230773 0.7267442813777627 1.011277536928571 0.8168159986021696 1.347723365353367 0.8895700625463566 2.532808031424228 0.6933741803028565 0.7473257438742315 2.532407155114061 0.8822578476432363 1.1054656317832492 0.6944366643903394 1.714264497959867 2.171917176830217 2.042990140450442 3.8898401643367317 1.5022830184066476 2.669129831964251
9.566225243261268 0.02929082333924238 1.556926312777567e-05 0.12837358880139144 0.011166090308400368 2.4855714041062558 1.2250989571641508 0.5879862397412272 0.7267316997500141 1.0112871219160633 0.8168256503418838 1.3477374464784337 0.8895768255438034 2.532820726014295 0.6933752385206591 0.7473251503868679 2.532399886366951 0.8822526623576087 1.1054553475489806 0.6944266667566258 1.714233796518477 2.1718723249966096 2.042938844822703 3.8897143285041915 1.5021714696833848 2.666754647924458
9.738319014642407 0.029287217601959018 9.609486210341288e-06 0.12834900926733459 0.011136293030623768 2.492241238071183 1.219948977658386 0.5876010545582434 0.7266975017151038 1.0113211196654954 0.8168583149493874 1.3477849929261647 0.8895995353227641 2.532861433560538 0.6933798464773735 0.7473232112203312 2.5323692381586453 0.8822336529229138 1.1054211635552755 0.6943990787503929 1.714149331798515 2.1717437284602097 2.042798754967847 3.889417325887916 1.5019095292180362 2.6612563466228565
9.645615422782209 0.029298580995786784 2.371023741351041e-06 0.1284173440191481 0.011133140318126625 2.492946599753329 1.2226908743863345 0.5878041050182682 0.7267147483869778 1.0113022314852993 0.8168399709669792 1.3477572753923128 0.8895846956239034 2.5328284226630644 0.6933735211349283 0.7473190462501111 2.5323643221195646 0.8822354109056348 1.1054279315950413 0.6944065763177235 1.7141753228030836 2.1717856465714256 2.0428479014419256 3.889534363593215 1.502026935612596 2.664615999394962
9.959493100098726 0.029280556604836902 1.6775195480823092e-07 0.12830116697011412 0.011103854937033968 2.4995244130315917 1.2137094635480454 0.5871542617322698 0.7266618290299466 1.0113610891790894 0.8168936325174276 1.347832516166342 0.8896164911514197 2.53286952803357 0.6933711667770798 0.7473021261502287 2.532257039825158 0.8821805033085395 1.105337013076386 0.6943357486600462 1.713965257174146 2.17147407945234 2.0425125593880726 3.888814693605847 1.501429425589616 2.6544058097901733
9.833055263430316 0.02928785303096685 3.4816071327682726e-07 0.12834751384497886 0.011114791184810574 2.497065073501368 1.2172217603296884 0.5874023336536884 0.7266800886993713 1.0113368607562399 0.8168718849989784 1.3478015546346789 0.8896026510629639 2.5328483185441804 0.6933703315732316 0.7473065361825384 2.532290558173503 0.8821986533771436 1.1053679155442346 0.694360173399995 1.7140386289483889 2.1715839558378454 2.042631561660505 3.889071488138316 1.5016473114417876 2.658437084468683
8.257632169867392 0.0294079146097319 2.3286850687134593e-05 0.12913102142486327 0.011245083972811182 2.4681096717189037 1.274582627874381 0.5924152714392531 0.7273895688758659 1.0111125239627583 0.8165802201263246 1.3474110725768373 0.8894710266795121 2.5328236778118085 0.693459827400879 0.7475051946020225 2.533317353030092 0.8826804582427209 1.1061282178584153 0.6949356119098544 1.7157080544518153 2.174018172523484 2.0452207438071426 3.8945756322051372 1.5060311754534896 2.7234457232674965
9.97358973574813 0.029279763376038027 1.3160600853693114e-07 0.1282961158154937 0.011102628296655443 2.4998005980625155 1.2133258356092638 0.5871276090226385 0.7266599921943602 1.0113637850670016 0.8168960159765978 1.3478359022446558 0.8896179924537674 2.532871782652637 0.6933712305607126 0.7473016071083073 2.5322532202217634 0.8821784540810619 1.1053335400926152 0.6943330142747572 1.7139570562491864 2.17146180451192 2.0424992817432135 3.888786059297446 1.5014052191269307 2.6539651750704687
8.579277663909702 0.029378333652280878 3.202202443623634e-05 0.1289523690788775 0.011219748923602522 2.473698101338926 1.2604803085008474 0.5910307757361375 0.7271499851667491 1.0111525313485041 0.8166624795870183 1.347535057106649 0.8895345669730685 2.5329547503974648 0.6934818141509703 0.7475145462408119 2.533298864460206 0.8826561440158477 1.1060750415609255 0.6948879170604766 1.7155537391709341 2.173775607090731 2.044948069169769 3.893970975148617 1.5054570421764537 2.7078120800564367
9.18048965542849 0.02933006116768252 2.6520401061785132e-06 0.1286170030471861 0.011171726745270564 2.484337157162408 1.2376515497750193 0.5889878935846372 0.726842045187936 1.0112175102780083 0.8167530460972092 1.3476344397986664 0.889531563018583 2.5327543945037365 0.6933743164441346 0.7473425059646288 2.532522670853758 0.8823180580952694 1.1055661631230416 0.6945148343357292 1.714498113961195 2.1722662413660156 2.04336660244736 3.890650386069295 1.5029632088724625 2.6816805785192344
9.861471718727207 0.029286108091060567 4.193308267765323e-07 0.12833656628648588 0.011112729574782999 2.4975278063550572 1.2164237180711979 0.5873454834891568 0.726675770023928 1.011342311832196 0.8168768218676298 1.3478085990800641 0.8896058261171844 2.5328532974730815 0.6933705942587777 0.7473056293433228 2.5322833102516826 0.8821946824859783 1.1053611173542863 0.6943547775105239 1.7140223744704932 2.171559599327153 2.042605128378385 3.889014417051716 1.5015985421128935 2.6575015447792927
9.854766884599076 0.029286136046006755 1.687335960828328e-06 0.1283379457182334 0.011114539456527942 2.4971186501471845 1.216614474768061 0.5873593806083813 0.7266772492270187 1.0113418084130903 0.8168766378664556 1.3478091565026074 0.8896073743596001 2.5328609995193587 0.6933737088977457 0.7473098937328685 2.5323006994563113 0.8822018781667301 1.1053715793999785 0.6943623325871109 1.7140431740591668 2.171588619372482 2.0426350954701062 3.88907634481813 1.5016418717770141 2.65768513410604
9.596770769578786 0.029302104340997816 1.0190404635688227e-06 0.12843844630892318 0.01113599279942351 2.4923102088246027 1.2241608024882618 0.5879144188328587 0.7267244956591421 1.0112922031292089 0.8168301225864049 1.3477424252038286 0.8895767742514264 2.532811002788299 0.6933701061717209 0.7473168917167791 2.5323624616258535 0.8822366170729107 1.1054317916024483 0.694410456617764 1.714188774696113 2.171807620527775 2.042873253552733 3.8895918254629764 1.5020850315378622 2.666331812035396
9.655048014423524 0.02929612385632711 5.537714460049618e-06 0.12840386820129382 0.011136364291306914 2.492221565945379 1.2224095276657538 0.5877833697058577 0.7267134175006131 1.0113051168459175 0.8168430920313341 1.3477629450853261 0.8895891436430472 2.532843155779467 0.6933781199908662 0.7473245902898142 2.5323850807145645 0.8822433039883919 1.1054385993366767 0.6944136428063907 1.714193868144441 2.1718107897627608 2.04287264438024 3.889582253723938 1.5020537092429895 2.6642096834094957
9.780960438703163 0.02928334933123738 1.0695618606216763e-05 0.1283250028843699 0.011135874599023753 2.49232302391468 1.2187158175334982 0.5875110574980896 0.7266899016999424 1.0113290146766025 0.816865561030344 1.3477951252610354 0.8896038562831038 2.5328671066848307 0.6933797131006549 0.7473210358779033 2.5323546775471795 0.8822261830752187 1.1054087766620937 0.6943894494701773 1.7141205775840214 2.171700896344235 2.042752500558679 3.889316843626159 1.5018254563202502 2.659754881028684
9.982692046798485 0.029279285081233078 8.032501611878255e-08 0.12829303466889713 0.011101690740110255 2.5000118524373027 1.2130784112508604 0.5871104424190028 0.7266588182447185 1.01136553454512 0.816897563568975 1.3478381070855678 0.8896189783270495 2.5328732967786127 0.6933712873330593 0.7473012942166374 2.532250850805811 0.8821771688868408 1.1053313505574343 0.6943312866437223 1.7139518673470653 2.1714540202709522 2.0424908588411697 3.888767873472371 1.5013898415882494 2.653687816363307
9.788213370364275 0.02928932046243395 3.804812344030668e-06 0.12835962949735777 0.011121449041896898 2.4955702654803074 1.2185049032524604 0.5874956221133767 0.726688574102941 1.01133024579019 0.8168665153082455 1.3477959885014137 0.8896033569098478 2.5328626687535105 0.6933776227024383 0.7473180139877462 2.532341864827398 0.8822208415168971 1.1054011174055127 0.6943843170690424 1.7141066882735012 2.1716812071476896 2.0427330306712945 3.889283107912137 1.5018040534271546 2.6598505807442234
9.770343200306714 0.029291580599094424 4.0249226399256973e-07 0.12837116013657052 0.0111201954521736 2.495851565670613 1.2190129804087146 0.587531640191587 0.7266904264395496 1.011324866301777 0.8168608956629255 1.347785906383885 0.8895956551357015 2.5328375999625243 0.6933699080625856 0.7473087678193742 2.5323075136762463 0.8822078330320906 1.1053835451592382 0.6943725329654662 1.714075754333398 2.171639537005003 2.0426917654268997 3.8892014004337816 1.5017575798971365 2.6604907132393807
9.783879942866477 0.029289628632824204 3.7441380491671058e-06 0.12836154196730795 0.01112169695796062 2.4955146780586266 1.218629075468377 0.5875046078186563 0.726689294392943 1.011329406900329 0.8168657400294861 1.3477948710233008 0.8896028351925357 2.53286177813714 0.6933775395707705 0.7473180996058932 2.5323427707630577 0.8822213704332059 1.1054020499594155 0.6943850703547635 1.7141089848373967 2.1716846765469318 2.0427368204604184 3.8892913668757667 1.5018112393464438 2.6599967442047876
9.710490028808453 0.029284544632147236 1.3301510892385682e-05 0.12833328196644964 0.01114819925544732 2.489563340674503 1.2207656519575718 0.5876610439763004 0.7267022308532676 1.0113149949870819 0.8168524063638567 1.347775963398441 0.8895946471453275 2.5328504273883747 0.6933776909683285 0.7473216406609131 2.5323664825013474 0.882233609731275 1.1054221877398258 0.6944002466893715 1.7141537459019685 2.1717515644662013 2.042807703385401 3.889433599864999 1.5019288596580658 2.6619452625844837
9.688846591405367 0.0292956245901848 2.977726181398727e-06 0.12839908042797799 0.011130047329724823 2.493638631175156 1.2214040151157963 0.5877082416163129 0.7267063227217443 1.011310735007749 0.8168481325193077 1.3477692148804037 0.8895905232403812 2.532839366823428 0.693374982902117 0.7473189646097204 2.532358239618031 0.8822312692645112 1.105420181089222 0.6944001082492633 1.7141552199478787 2.1717548845458756 2.0428139657912823 3.8894599557924483 1.501960225246909 2.663134542381232
9.790142491649423 0.029290278630176164 5.490686096651998e-07 0.12836310679953758 0.011119084891650852 2.4961000977096575 1.2184490149669507 0.5874910264074491 0.726687221592591 1.011328673881673 0.816864387096246 1.3477909075890584 0.8895979386650451 2.532841309326568 0.6933701736005276 0.7473082328194524 2.532302805146902 0.8822051975208587 1.105378988488666 0.6943688926884192 1.714064735247655 2.171622994891573 2.042673760034684 3.889162476427929 1.5017239652133128 2.659812298054728
9.860609810553976 0.029286216363495054 3.406315727708888e-07 0.12833715523287084 0.011112520792724094 2.497575130837309 1.2164460880867427 0.5873469730969161 0.7266758465082124 1.0113421355223782 0.8168766648689835 1.3478083600657387 0.889605693452011 2.5328529828122663 0.693370519076966 0.7473055699287737 2.532283194612981 0.8821946655130489 1.1053611253006856 0.6943548040877637 1.7140224967831403 2.171559805097786 2.042605396473354 3.8890150327038544 1.5015993586536336 2.657541382864443
9.870691461984862 0.029285744370457216 2.339386684661368e-07 0.12833401774303418 0.011111041472377115 2.4979079700924296 1.2161569711389317 0.5873260430470908 0.7266741680623108 1.0113441054343102 0.816878483926726 1.3478109823858357 0.8896069173617306 2.5328550476411906 0.6933706878290902 0.7473053392539841 2.532281005231042 0.8821933993748611 1.1053589018574619 0.6943530120999492 1.7140170734940365 2.1715516165858566 2.0425964937966388 3.8889957220934943 1.501582851673297 2.6572457846562725
8.251457693883 0.029408871380947332 2.3529236621335513e-06 0.12911594312969396 0.011243548956430089 2.468457328789399 1.2748645549510718 0.5924387029679314 0.7273852685588975 1.0110937632274737 0.8165557203536806 1.347357158539104 0.8894176152401657 2.5326208791336935 0.6933902080596398 0.7474152888232025 2.5329627609670315 0.8825392833950739 1.1059291688834627 0.6947963269484199 1.71533010207652 2.173496701610076 2.044689147258906 3.893485911957394 1.5053096982527565 2.7235795345158844
9.898299166675661 0.02928402502509661 3.0077018232014466e-07 0.12832324981326348 0.011109283284745225 2.4983029177870044 1.2153939773302778 0.5872723764670639 0.7266702747814845 1.011349360824313 0.816883174119517 1.3478176319469506 0.8896098461151801 2.532859377691884 0.6933707879957933 0.7473042742709176 2.532273260800517 0.8821892736830731 1.105351934411299 0.6943475329181266 1.714000644908564 2.171527075802171 2.042569938397421 3.8889385046186358 1.5015343587283085 2.6563333468748107
9.783370768588146 0.029290372313323532 1.6660681534582652e-06 0.12836475867768046 0.011120720670502914 2.495730984089867 1.218646213235301 0.5875056369701113 0.7266887959543967 1.0113280786114829 0.8168640679310514 1.3477911848588189 0.8895992202744634 2.532848029501675 0.6933729505553518 0.7473120744704281 2.5323185523964926 0.8822117431798744 1.1053885402175445 0.6943758292700022 1.714083863600703 2.17164967523525 2.0427013717055287 3.88921958268303 1.5017642552372505 2.6600071998804777
9.713467381245113 0.029292863575736777 5.479054312645799e-06 0.1283830551547399 0.011129624415397638 2.4937372544280914 1.2206701590324356 0.587653809947848 0.7267020086849648 1.011316546358275 0.8168540338466425 1.3477788504929957 0.8895966753750996 2.5328565082745484 0.6933794049764297 0.7473237081710938 2.532374349635943 0.882236697483124 1.1054266703545945 0.6944037828105304 1.7141638130769614 2.1717654353175977 2.0428229711688837 3.8894741595315185 1.5019592957685683 2.66230895770824
