9.219180833571384 0.01234981112742618 0.015101516534188869 0.048342114567466975 0.06250790298947734 1.94306693806635 2.9509333582307864 2.971986099505488 1.8797268399360934 2.368930999185488 2.3207215870642774 2.975653040033641 2.710432348810986 3.414493196519017 2.7054918973164224 3.147425436438349 2.7705805288595586 3.530956901202792 2.8885368188134097 2.9740684192236038 3.7290764636208267 2.955046679546721 2.6791747498905676 3.999763148815605 2.664956728574524 4.2445244612942306
8.430359726266335 0.0143726884848196 0.008214787760545007 0.06239726846531845 0.07062086580892521 1.8841682893513838 2.897172750740436 2.875154851049643 1.7258121668912927 2.3561990278530716 2.293652719140187 2.9070425760413197 2.582336268806035 3.3164749908422806 2.535790917876213 3.1631216078515507 2.553648535008099 3.3363272148706096 2.6944365077180996 2.654728408293397 3.603309321537236 2.860489444553026 2.466877047941815 3.98911117545561 2.5124896962580405 4.275526616522632
9.569709432951528 0.016520988125854463 0.009733660070518796 0.07237064446286628 0.05579391212322522 1.8702249684830947 2.9075869287324534 2.9057713997873096 1.8413871407582136 2.354085862843627 2.3176291282976735 2.9245123339469967 2.6655027043517987 3.370785195876518 2.663263635859556 3.2932918658094725 2.72647917123519 3.482874547215538 2.8762220206465607 2.925850694931522 3.6776771375625668 2.8964092061443485 2.6278740893636923 3.9975545665077035 2.6109968757348394 4.307159089961445
9.131455550719643 0.015054820897248484 0.01152430262874252 0.06198887789195669 0.05715964499675198 1.9082536557120249 2.9391162233120283 2.920866686270415 1.870596830716029 2.3705805373180864 2.294908038698988 2.9374085031223087 2.6802407972040503 3.3804645336181345 2.6794976782850988 3.305825544425087 2.7426134850341164 3.4956953934129964 2.8585873591292517 2.939204837508954 3.6818556069725843 2.9067527687143153 2.6497811155986337 3.9999999727082405 2.6314635009458254 4.309198059736915
9.414684181878469 0.017995305909217912 0.008979049432453656 0.08200858228071578 0.052895501705012025 1.9562896489723505 2.939179702234533 2.945650045491738 1.9086703123822761 2.405755085984928 2.378525543664583 2.961407893046518 2.705052204098059 3.387387743488582 2.7036872658271003 3.314019753176942 2.7660814239128397 3.4999889510083824 2.880708685125342 2.9593387386432353 3.6851116466625937 2.9316203803100147 2.6775715527982054 3.999291585392897 2.6631388602067236 4.3080114040058115
9.94755022083295 0.018318501421003417 0.008182157673108148 0.08482190500361103 0.05333441548988787 1.9323979452368896 2.9178937425549742 2.9211786989885127 1.89988450362652 2.3829120996495705 2.350086014614917 2.937451717514769 2.6883543803895305 3.370731151831703 2.6880440842584017 3.299157929314987 2.7498394047399075 3.4836729476316246 2.8645296705262484 2.9406612072095326 3.6577117615353902 2.9072545934367673 2.66183644174703 3.9994189145243277 2.6442745978253637 4.352370196918394
9.754561588306116 0.01530571272853802 0.01229981725478412 0.06431235529015716 0.055970685495985086 1.998446428438669 2.9551789629446907 2.966711191715672 1.9603275021163151 2.4291925323539654 2.401697845433552 2.9775607854787154 2.7317501410974363 3.397516641981888 2.7333399376109324 3.3313170398282383 2.7804143550002642 3.510893202741092 2.9105885797728313 2.9841978494651586 3.6887312658245346 2.9536743148546387 2.7149582034682904 3.9999669650988565 2.6987513881009364 4.321238960300519
9.19119664167043 0.020804460671299492 0.006376538817176795 0.10277659354602978 0.04995972202018352 1.5397025887919094 2.929788109025024 3.025247457607005 1.725511702619296 2.2960349962394098 2.449062432716188 3.01078878283053 2.668813662237497 3.491969113595275 2.653054434972308 3.373990658116907 2.7002588372708267 3.6031396753467773 2.797355616791231 2.9710275761879688 3.869866516401244 3.0205533456659044 2.581251047637973 3.970141682756789 2.580486040439025 4.186394283496886
8.31609296358167 0.01942817009987452 0.005632640330105856 0.09424797450859168 0.05508427220477407 2.0266091768515997 2.9126678245065496 2.8806069741711453 1.8595754360085086 2.3454561375060177 2.300135369255263 2.903054156675705 2.652700773021789 3.338079181795343 2.649003849135314 3.2668418766872453 2.7106911087400216 3.4642425632642766 2.826591357496579 2.9033856877703976 3.6300051703591434 2.8676209957080068 2.617724251702121 3.872993304519455 2.6013960393967372 4.4808847513345915
9.423900993298274 0.017824174851492364 0.009097641574521614 0.08179534474827006 0.05327198998440352 1.9893102427248102 2.9416412590838523 2.9341888023036153 1.9565311786298534 2.414939757418728 2.380818647261766 2.9481861220142425 2.7115276069599914 3.366562626929359 2.7140353385036637 3.306016343524723 2.774693701305636 3.4767571115116644 2.8896550016562013 2.957714068022762 3.647563205479644 2.921306893228627 2.69570875389361 3.9955012799801755 2.6773370248742054 4.403640068027721
9.129365716617718 0.018116466691462274 0.008685242842446993 0.08428042010592945 0.053918421108042444 1.9295740921026097 2.9343941539501475 2.9260456395275005 1.9097655902204942 2.38440152514044 2.323796122370975 2.9463116115704007 2.6902223371391107 3.3834102959449446 2.6898626308250746 3.313612563084184 2.7530923711705677 3.49789300772595 2.8705722208094597 2.948539662928475 3.6843958425499124 2.9140053792849026 2.6636845152811133 3.9998483859127543 2.647152176022167 4.3542862038214905
8.23837616243996 0.015160446923191117 0.012790679447963731 0.06316366742893242 0.05514899943415358 2.053511111193891 2.993532385794929 2.979761049606182 2.0049240274577014 2.46084321934002 2.4342982312423125 2.9894319544336194 2.7511101989514883 3.3972209779948956 2.754245078970539 3.3361756160133607 2.8154119933769093 3.5100119632371136 2.9287157400322767 2.9981649083775825 3.6844626197096364 2.965284186175846 2.7397881967201494 3.985950106807379 2.72442140899129 4.376145947147478
9.282569772820954 0.01218219731793518 0.015050288137510213 0.04343761917330169 0.06116918835986046 1.9830752153910196 2.9505844538038453 2.928759956393734 1.9471497500805843 2.415676180651352 2.3816152665612855 2.9582138511045084 2.7111025113223026 3.382481154696264 2.71734061362253 3.320056012234199 2.7723353382152065 3.4962735370225695 2.896793781963008 2.9674107376995646 3.673365237186102 2.9317646992595026 2.6995404302675228 3.99849274441325 2.680246049475915 4.338203444338125
9.100775663474769 0.017960656618311064 0.009018825907682562 0.08417066811762472 0.054263202847833536 1.9886931013301758 2.9488600486480796 2.926962558003579 1.9283830328305844 2.4299718855962564 2.423460871836351 2.9557662789808585 2.716767733534665 3.3801521882642978 2.7166677453889765 3.3059408842060702 2.7765350464227407 3.4919442576380093 2.8896369531950605 2.96170138236662 3.665464686068171 2.9142992069175313 2.693463123398519 3.995761764356576 2.677892340676904 4.347787250052573
8.855679868219372 0.014581224364192376 0.012775184853997297 0.06033785659211306 0.05872550053078966 1.7300989767105377 2.9472966927942688 2.871899142655032 1.7311060504697555 2.3256796207427826 2.295041992807593 2.9911777058831244 2.6733238506152834 3.461154855987814 2.6633293850629958 3.3661758923471496 2.736285613936061 3.58665264487147 2.861151195370059 2.9657712126317977 3.829926500487463 2.9426365582113876 2.6156232092609675 3.9716516207995904 2.602144305861217 4.2348557113850545
8.500647971510631 0.015278171722067978 0.013494428278892696 0.06383391023667186 0.053657077075613895 2.094902314251652 3.014161776095178 3.0012815287225445 2.056965618237431 2.4878609367217597 2.4597141083699356 3.0081090405335136 2.778974472360988 3.415451208801802 2.7858709432807682 3.3633117074303027 2.8470337256903435 3.5290095315328687 2.963903715773035 3.0251622544837793 3.696064239479249 2.9858623379563696 2.77911846069693 3.9999999996885527 2.761577753082043 4.440084722741586
8.963195181092157 0.017773003676681675 0.009528326569315022 0.08198776145971949 0.05272865161915953 2.0105215543944412 2.9651121077370037 2.965369625276173 1.9399393297999084 2.4391093527567813 2.4245456064063733 2.992009038760467 2.729498815996756 3.3987347391538725 2.7232942573709646 3.32735478576567 2.7900278291505805 3.501819196811302 2.9018146200487913 2.9777987500533603 3.690608720535619 2.946433190232916 2.7055322651774567 3.999849663251668 2.6930837358168587 4.304412839460118
9.925131587044808 0.014467882668846903 0.01115257588585382 0.05789403505262492 0.05971914874865344 1.7955306529662791 2.878398598435604 2.8571524619407973 1.7776779512413152 2.3182713697786586 2.2580046914631953 2.9127013546547684 2.6359507158413655 3.3687460497299453 2.6293360541472173 3.2805679795076017 2.6975460478855133 3.4806861980586032 2.806272641558622 2.8996198494204353 3.6915487092721824 2.8734202732988146 2.5827337358178046 3.9999491532640397 2.564849881276579 4.262059193276936
8.500937054735308 0.015124363474496253 0.013529033432819268 0.06266975756011235 0.053821313339230945 2.0880939841181436 3.0089619642774648 2.9996300007503387 2.048628303733516 2.4837391909522464 2.4559798325848647 3.0061724215795693 2.7751042342725225 3.41400532872226 2.7813541590752324 3.3601985591301125 2.8425798392741646 3.5271886791952123 2.9588610911295836 3.0217552435142863 3.695364613348547 2.984222772780379 2.7731032308484083 3.999886372773406 2.7560817236470037 4.424770331915569
9.151520252627831 0.014697152404058096 0.013117047134767166 0.059296518471605185 0.055899755390633056 2.01359887307004 2.9696323670569087 2.9796631901531576 1.9491982340491383 2.4437382028019363 2.4261388292359416 2.988416370614904 2.73643298041478 3.406417526766038 2.736613189158918 3.3370526503033315 2.799496009285993 3.5195398738695 2.9124352379113443 2.991316980973823 3.69999403493725 2.962719559182042 2.7157414906480124 3.9999746410899166 2.7034823027541477 4.277030773110987
9.644433606812093 0.018160214347941635 0.00774527970566714 0.08537524753758916 0.05657065328517743 1.777655696209656 2.8954970962786124 2.907920931794184 1.7576284022087882 2.3175480757545333 2.270877116128127 2.927837432409198 2.6373334552501895 3.3866590271176378 2.636725119450542 3.2976781207189516 2.7023102309730374 3.5075314838034726 2.8183779526490937 2.914107679926039 3.715536912578477 2.8898425997384614 2.5763367003284525 3.9986446261132746 2.5755583692554804 4.242047420059065
7.772744157447147 0.02056137672670185 0.006919598672579325 0.10230208513371326 0.05083276793671035 2.014113400060523 2.9843797733068533 2.954667331597477 1.948470055823726 2.414994782415548 2.376765404479195 2.969717440518982 2.719479864018789 3.3945878016590076 2.7212721672672058 3.3336822634646572 2.7843433451052007 3.5111308869803985 2.9039976023216387 2.9759298864783053 3.689902333481835 2.940436726755978 2.702796721899109 3.999508610984603 2.6867059944118163 4.428506503650132
9.870233965413465 0.016339029062522062 0.010673776960596296 0.07092708616478637 0.05457082028387405 1.9508397808179478 2.926913236876685 2.9448974521097626 1.9118609849579062 2.4010533166266983 2.369455447737326 2.958557494759858 2.7039120868587845 3.387008177313437 2.7039645303849396 3.3182110597573145 2.7665326370464203 3.5008366543292735 2.8818110078457306 2.9588898044028604 3.6843668166976515 2.9296455191973263 2.679438331999135 3.9999994355810533 2.6629766281822285 4.30427251517382
8.381350528738299 0.016150982487143434 0.011337884190657184 0.07058010348067567 0.0555965875549864 1.9533725907708681 2.9652344098896317 2.9587585957271947 1.8731359545031088 2.3899007559608276 2.356355800004996 2.9721302068099935 2.70348748623397 3.4140039145813827 2.702516696437422 3.3380889533605 2.7680576654799274 3.5313854706014065 2.8864082900733274 2.970417828674019 3.7497484891648662 2.9394184470904565 2.675264486922055 3.9999821125806205 2.6605179115381157 4.249985635556677
9.339250742201044 0.015921336035777625 0.01122362544697634 0.0664726595350299 0.053461191180055434 1.9682752862454265 2.9482292717327336 2.9437468358019343 1.899987419093118 2.3791109780208974 2.3674466715993745 2.9403214232832706 2.7078951412219796 3.3997142639386606 2.70867816115338 3.331305155472559 2.7730674780002023 3.517729822565646 2.900554539823633 2.969272565335065 3.706279548488649 2.9285989376582515 2.6863727188052375 3.999370901850085 2.668441831792996 4.338821521779707
9.408259223628637 0.014337900123710392 0.010623367765874038 0.05597267734993665 0.05891964156360444 1.8191868238696693 2.8681536403983072 3.2097932346061744 1.7847290837152239 2.3073919754647276 2.2853021782460576 2.8758770619117264 2.626354408002231 3.3400943181325773 2.6210860435618346 3.256008595325639 2.6837532436977862 3.4504945916018035 2.793558023627455 2.883314306146895 3.6418947742454466 2.8516020786942473 2.574885467578433 3.9951358207915977 2.558061989385938 4.180235021049213
9.551239877895137 0.014930764910809389 0.010577187522244187 0.0621189333794538 0.06039818002807125 1.7558805479942372 2.8534416883102756 2.9055024971911005 1.630623321484046 2.2986664568354382 2.5274433788742243 2.9263843832046317 2.6265389914445403 3.400875905093358 2.6004250949401806 3.264991358310329 2.67050372440055 3.479910113532978 2.789492218557148 2.8950024081745647 3.7611876683322847 2.8571766450795004 2.538795661084597 3.9999677023698097 2.5253939661320612 4.082691258035467
8.923624709598826 0.019331910542422292 0.008146802745030532 0.09453435621550967 0.05227398400057136 2.0117552615163237 2.9675477088737905 2.9554576043310443 1.9429361974182147 2.446788285011771 2.4179890623771527 2.9727714712222535 2.730599172752881 3.4016891446938717 2.725244293360974 3.3326435603411326 2.792078004442123 3.510647256631151 2.904827724816221 2.9800826629780848 3.6953939282899264 2.9523128937339544 2.7079469058922756 3.99966657379203 2.6974689055292957 4.34863331168724
9.333850823771513 0.017186819621165392 0.011066477720621581 0.07794860836585335 0.052242154050850975 2.058822673282267 2.9859600471811496 2.987751326960781 2.019339475398402 2.4655151846358203 2.4369695150046837 2.9951752196122703 2.7594421012272607 3.407840703010645 2.764430942390136 3.3505502870543746 2.825991289541656 3.521365332015034 2.942433471108375 3.007936189693035 3.692991579341938 2.9717119135675847 2.7534851048758524 3.9999955916330117 2.73694615736706 4.414125526378066
9.716938435930354 0.016690634543887927 0.008803074848019232 0.0737256950918911 0.05718616252800955 1.8322344312810104 2.8818614379534466 2.8604189490025416 1.8161926060067628 2.3249688225314857 2.280955322930751 2.9028210054208206 2.635998615822746 3.35072419656846 2.635730299805543 3.2727797176545774 2.6980766401840874 3.464748935599112 2.812916484869278 2.8982875981325176 3.6548230738152885 2.8646896673809294 2.597778279752484 3.99995418010034 2.5760522607197345 4.320365386931148
8.116186419777186 0.01308638231661199 0.012831100934369235 0.048602778861214405 0.06137075046921397 1.875097255598556 2.922795768443611 2.890428355109492 1.8462124691135708 2.3521162989959397 2.31490055258257 2.916183337499069 2.6588617429691426 3.353380215512221 2.655648355853297 3.27643982550369 2.7174690860098885 3.463571216519381 2.8298440274748393 2.912713372299264 3.6606261963346576 2.883671943927492 2.6200078830276206 3.9999764968308202 2.6006263465488098 4.290504099762953
8.891289746649315 0.014806251049317187 0.01282267777901229 0.060191263248867664 0.05586335179107435 2.092415749226001 2.9695565340313257 2.9745716450099895 1.9181250506269754 2.433941635990174 2.4104466492707504 2.9842886074727994 2.730750928191678 3.4019568739655712 2.7310956682615193 3.333451004757025 2.793830468476205 3.51396659668866 2.907661555023536 2.9851711068632523 3.6956597125416897 2.958004423388137 2.7099321199378874 3.999999039298117 2.69619519814591 4.282267068121413
9.032898621468375 0.014039043884059457 0.013768823599286288 0.0553969002812653 0.0571957998818804 2.0163919941813995 2.973791928661827 2.983612129996509 1.9519758184018219 2.4469836867035073 2.4281592043727764 2.9970200044548365 2.73861795089034 3.407803907370743 2.738873154539295 3.339484170622602 2.8017953166442426 3.5215787554062072 2.914922084467924 2.993618377613058 3.7015807042181863 2.966377771932337 2.718399691448526 3.9999111161672505 2.705822651872834 4.2663547551445005
9.352776387970986 0.014131309549501448 0.011681620373728805 0.05610037219211551 0.058844981729579846 2.0346256819191972 2.9150464304271955 2.9653171569172057 1.8970059017326955 2.4219766944551133 2.4223559147337177 2.9405052531091234 2.542909095928363 3.3379184402404833 2.6822600448664295 3.2407455299584225 2.7380656961617724 3.4115977047021113 2.833467365805855 2.9179266742501375 3.59427940169559 2.9095109030379067 2.6424461691728713 3.919155180222735 2.6313038452679822 4.309686302720394
9.85220419311041 0.01897032040045761 0.007211355895194626 0.091057783462592 0.05474351062907105 1.8742474617575886 2.9054275529133338 2.9117720728268894 1.8855488066947403 2.351129164986188 2.3111284074584617 2.9287988556960247 2.6686554362107238 3.3662900605824295 2.668094310444631 3.298299115411941 2.7300324265103617 3.4820624447188924 2.847040536834169 2.9297708910862648 3.6689759864566813 2.8933950893719715 2.6356652641829412 3.9923691892755433 2.6182638280525254 4.3554649039245605
9.214055454800208 0.026867637164405943 9.767037396635953e-05 0.14228499044645954 0.04172557393102326 2.017772174755485 2.9649301833297774 2.9804636883259312 1.9451098144147638 2.444562458465848 2.42750736875637 2.993036536379639 2.73317044645237 3.401241867652835 2.7311818066660405 3.3295206325811613 2.7918698038497145 3.5107346344457317 2.906054281174978 2.984193191864077 3.6937157474063467 2.963285788749977 2.711296439879434 3.999971788195699 2.4741092732298164 4.503895788847732
8.177486042222487 0.018810628851052027 0.008599424572470643 0.0903062121971153 0.05352042658789733 1.834869270609894 2.9640856874776675 2.961752597657925 1.8281082336376273 2.357235468803043 2.3113394184239726 2.9747264636802835 2.6854693928037294 3.4331206214079426 2.6825748430818552 3.349645552253041 2.7510548382946545 3.555790223406993 2.87334485327494 2.9667120118773394 3.7666454935865596 2.936714449160966 2.649562325614201 3.999782840571407 2.6359321239133013 4.273386793212575
9.744295875060146 0.01152530971507255 0.014408861722942364 0.03846976721590583 0.06272625564633649 1.923512233623674 2.903257332471 2.915230859279279 1.9114140775865422 2.383394533017504 2.355237051076403 2.9345308309013647 2.6784610929852377 3.3528581200706573 2.6747993551583753 3.273260479556554 2.7349640735821565 3.45558195563689 2.8449402271247504 2.9236253895328255 3.6327071649671816 2.8934332690915254 2.6442795961216254 3.9704790717450513 2.6262494886759895 4.308579333238232
9.424695423461092 0.014078622072224191 0.011694618945541736 0.055379781747244256 0.0597869587507374 1.8858493387062152 2.8954400898116934 2.9084900800719327 1.848540965594912 2.3361689650234223 2.3018147490517795 2.923358560413533 2.6533224272658704 3.3615619355245703 2.6493110047466675 3.2804573428595147 2.711341323468971 3.471155555527422 2.8216083279676614 2.9088453228503677 3.6669569258149997 2.8799737602725552 2.6096076237722667 3.999968231062037 2.5912721324404613 4.259328971480959
9.861137960630957 0.012455592100615758 0.013395888402864532 0.04525427800320065 0.06300219168959813 1.8577399727503678 2.8610517423012376 2.8820089394183865 1.8531173304046313 2.335183795690042 2.293839265401176 2.9208954144780486 2.661886860124063 3.363989154387902 2.653796633029215 3.2832624007784426 2.71484717877134 3.4757921676836254 2.824087992471804 2.913786648630688 3.668615705358848 2.8910929082853087 2.618140586286665 3.9999489696290773 2.597406078066133 4.283549437607373
9.501682877228287 0.017456336821294976 0.00838018463840556 0.08001711219457712 0.05680632320076935 2.0252968677737924 2.8834982072803923 2.910998204146052 1.7540055740062288 2.3051517408558095 2.267370329945313 2.9334543530755286 2.6425920639374545 3.3901595600140855 2.6351657131466766 3.2889939915641513 2.6921055373543967 3.4890255266194243 2.801851790562834 2.9042841689786556 3.7336395963297266 2.8806817620171743 2.576561258185845 3.9999974302700987 2.559321388124113 4.255970933687592
9.0172061435806 0.01740647416986251 0.008701665749423685 0.0790539533329588 0.0545529986823276 1.9166075311753763 2.922224816439913 2.9408863327009067 1.8967236264606295 2.376948206788789 2.448919669323315 2.919092154097856 2.682029030495356 3.354099097926809 2.6802979187547153 3.280180393512574 2.740808030390636 3.4604980583076363 2.8489042242313833 2.928400604198873 3.6379112971659784 2.887569826391676 2.6526695511757263 3.9999986163382566 2.6359197465014508 4.290772434009094
8.325818900545961 0.01037071124172224 0.017738401534763446 0.02676685868066336 0.05837253208979607 2.1100769981833665 3.030895413312472 3.0482700119657617 2.096206394387293 2.4427904153858897 2.4516700229889867 3.039882209021704 2.757647896937306 3.4582605968975653 2.757036118640617 3.326385522710047 2.825309535275358 3.579645497600178 2.937618044333951 3.0343618358996367 3.7798140424339244 3.0197016738972593 2.732806211620092 3.999998866794343 2.496191475710485 4.218176576782827
9.625446159084621 0.016262879887054365 0.007763051704385908 0.07156806942429098 0.05879005519535103 1.8524292655578565 2.846628409497248 2.975895596390773 1.8518821162706296 2.395827165846936 2.3704743154730723 2.845733342958177 2.6547197799704514 3.2753435810829137 2.613470507611907 3.1969773607564953 2.670601745627115 3.387309322541131 2.7594560786340288 2.8511321264909064 3.5184275189065386 2.8092788047982014 2.580951013756052 3.9512652441405076 2.5929863308118826 4.345309004472225
9.393781343397812 0.024442795763907427 0.0008880966434114426 0.12859683733964447 0.04856146273040454 1.8675587249883676 2.87020714727512 2.9259494548524096 1.7159922889747496 2.319611165900734 2.3106756211840365 2.895502985863395 2.6184602934894716 3.353949342649174 2.621026347053047 3.3256169756842273 2.679655567529912 3.495269230187617 2.803599843046446 2.874500395514901 3.687485813293642 2.861110064134575 2.55627649378444 3.977588996539801 2.559311391239626 4.401745110790836
9.732298994166456 0.013352656753517671 0.013519476331372923 0.05086825157569653 0.05943873601389272 1.9484284330603432 2.9331824514034386 2.8999246061930175 1.921237856100884 2.3912771695208854 2.3646299589734965 2.9497825348243882 2.700540873607173 3.3755459946923967 2.7022243638141044 3.3096448155630007 2.763962617668912 3.4885968070260684 2.8812483167132443 2.9548822097495453 3.6678353282632714 2.9205052338642985 2.6786068714443028 3.9998460746794096 2.6606183376666253 4.333326319782112
8.992070510584822 0.01064113255333225 0.016849372721718183 0.037303014329186424 0.06574929476577593 2.032130822364024 2.9669693645468316 2.9750221756023976 1.9051798073575994 2.4570781983605428 2.436825127217838 2.9935803566123647 2.737329217040081 3.3966196193043774 2.736013126863549 3.3273226098932724 2.796839521234103 3.3617948818596917 2.9088864365953193 2.9869056081309613 3.6789123351922197 2.9610864130453036 2.715943856316879 3.9987372665825327 2.704739995954445 4.323937467236731
9.58676996132702 0.017419723567797762 0.007468693141611363 0.07778379179362595 0.05525554066758061 1.8621156864005262 2.8732342734162217 3.1925455227133948 1.8182635271712062 2.332646089937555 2.2628733441628075 2.877802937781985 2.6339349839148394 3.3254086665151408 2.628531133899552 3.2422801572110767 2.6873373485128234 3.4282306284327637 2.7981852113298227 2.8803801718300774 3.608328515474675 2.8353999884792724 2.588250742658047 3.9999993592171323 2.569924116607538 4.263325241090959
9.610819588896916 0.01552290185553884 0.011568622488722057 0.06542728497738436 0.055675186358218144 1.9685203409916407 2.942773842833987 2.9285043781772098 1.92349336413901 2.4111975419337046 2.3821707071907072 2.962005625359641 2.7121137021349595 3.3874133596675846 2.7112648311975422 3.3183978966437344 2.7736877727252325 3.4998466367632326 2.889115203702614 2.9654285887803886 3.6798154890329653 2.933380222714832 2.687943005751858 3.9999921674114147 2.6719351419441884 4.3149913753689715
9.440015393257855 0.018571758728046756 0.008183108019669531 0.08818905989270621 0.05410169676304715 1.964846128726891 2.9347320226725797 2.927671248198564 1.933474921450691 2.4002139955316126 2.364587214009455 2.940692792906741 2.701295282260847 3.370505170591831 2.705576578962906 3.3029102293412187 2.763646621012231 3.472946555695931 2.8799357580843257 2.950477381500791 3.660653380470257 2.9142791931455543 2.682432113016388 3.995704422157449 2.6633455150852146 4.385151212972954
8.252669468533934 0.016249060988957523 0.007904697096508782 0.07333981778240445 0.06310740809046488 1.8231144661211007 2.897277061657682 2.8638524667967458 1.7626130488706768 2.3165823506205605 2.263234353747901 2.888309660691557 2.618216708878061 3.3372350540871327 2.611253557051479 3.0113390616938593 2.675532638750329 3.3874311426160792 2.7772762087921974 2.880064650428044 3.6511328321131375 2.854936594573562 2.554500885125726 3.999832339473832 2.5379087390524786 4.2960792901936635
9.701469721931197 0.015374182256743887 0.009945352985508377 0.06399169378429317 0.05877312941364219 1.8032504480041478 2.8723666983944303 2.8673494794624625 1.7867731859059037 2.311960105760489 2.26636848807119 2.8939366566261664 2.6284132304324084 3.349715071966644 2.623205118391521 3.2664314768717775 2.6858787009934963 3.4633490843545767 2.7997899931140617 2.8961546552995445 3.6638006891853494 2.856379481812775 2.579364657566304 3.999991560453477 2.559445848815862 4.285552636607448
9.538746301222037 0.01888898759431349 0.005219976314354261 0.0879217240976081 0.055409337666038797 1.6751343370886547 2.834577325426517 3.091829005186828 1.6881462331980028 2.24137194477902 2.1633419816551958 2.852159276740996 2.577729100724506 3.3281020031261503 2.568386151322219 3.241824389932068 2.6338739990629763 3.4402258450823044 2.749645983953832 2.8437604490342068 3.626111930444103 2.8094612624543167 2.513333959050045 3.999685745173616 2.491475499164903 4.321979289688982
9.9058345662593 0.011991808464469041 0.013461702184920547 0.040725677044038865 0.06216909695485867 1.7900078405601472 2.8749572607683733 2.8838121314994747 1.7845547564912827 2.3054006052039533 2.543711665294312 2.907942577607002 2.6318723735535845 3.3596665606082396 2.626505081777892 3.2729989863050006 2.6899456721640402 3.455596621285265 2.803020538854775 2.89689273697114 3.675581997873793 2.868732488425643 2.582177375631142 3.999991023212534 2.5618071579272588 4.156127653410619
9.316909286581788 0.0188891587534522 0.007549602363056003 0.09017734572954242 0.054135973769686555 1.7893277194653008 2.926522826124212 2.935600256546631 1.744909116851503 2.327093953471291 2.3054972431252705 2.9508055086387035 2.6704562732897785 3.391856694628508 2.6680147713407876 3.3166275098606297 2.7348341660815563 3.4886166110498458 2.8581067296089415 2.9452018806491767 3.689916831389222 2.9089713635022396 2.6338225628761647 3.995131050845678 2.617673885241551 4.292426793217365
9.294910769934178 0.018787889111989114 0.00643978987101361 0.09006090400389163 0.057467560036945746 1.7512673420532023 2.884900336108505 2.853754343981398 1.7211346567084378 2.281037907925417 2.2078575188963887 2.9089565865401257 2.6243000728633255 3.3702068456277106 2.6114001456897835 3.2802885827357624 2.6774585499589483 3.4823589096275183 2.7962123512765866 2.894182840908447 3.657298489482738 2.8703044832637183 2.561835071947272 3.9998543448351267 2.540193834778433 4.331462377170982
9.20952736599873 0.019142889508178208 0.006809691479711075 0.09111647152330304 0.05245446758448786 2.0150614126997284 2.932986961543707 2.948096257725399 1.9351196497284806 2.4260527762980284 2.4125029621664216 2.9587589688828055 2.7058617951941817 3.356311767487959 2.7022463387378997 3.2776525429426773 2.760821554683505 3.4585887319729927 2.865295665543776 2.94483937351443 3.566982819664981 2.9298791491610534 2.675487135893783 3.9736459883151807 2.663896276371405 4.376076485601108
9.072546389221921 0.015966572321704873 0.010943624283471426 0.06831971677966787 0.05523261062783205 1.971607437425787 2.9461153634014203 2.9378414219848334 1.9349497780837304 2.4094517140008818 2.3770129278479297 2.9530188342179544 2.7087500523386407 3.3442029213739004 2.7099286856988662 3.3108897429218764 2.7714628421514935 3.486447074275583 2.88660209848839 2.9587717995751848 3.660611554553464 2.924656753002054 2.6886103769526963 3.9994093547925886 2.670812596155635 4.353872144718969
8.033262259963653 0.011767571109390019 0.01613281523416165 0.03951403163335032 0.059787385762552395 2.0012892929289157 2.9893290473361627 2.9772663959685275 1.9323417755951622 2.434668736137295 2.419251714516079 2.9941555946808487 2.7328728005308265 3.4128825065839012 2.732738422923494 3.3411221527090738 2.796538978787083 3.526710697092125 2.9096535940564503 2.9919290490780672 3.712684393687551 2.967696919220037 2.708697419748613 3.999999999745075 2.6954924709837638 4.250857699285455
9.552978445330197 0.016570912699385505 0.011810369043944904 0.07324559065137819 0.052763313470096496 2.0203722478043082 2.9821702527150453 2.9923639173283765 1.9825839204994449 2.4514639540389838 2.416720923109162 2.998805243094855 2.7521922040225673 3.420699052710049 2.7567651338631163 3.3612459916737953 2.8204749111470404 3.537656933722289 2.9395035761886015 3.0092211892537666 3.729372103881004 2.972437495565199 2.743065275689764 3.9993323927355013 2.727112791240254 4.359339906373263
9.370410227997438 0.017464175153766644 0.00948892340199499 0.08355200459980572 0.058542838891518324 1.8453917472015875 2.8804397442282683 2.9806580246886014 1.7482278914426175 2.2077289465255396 2.3357332284227947 2.9769886682152427 2.679753297925343 3.4308408385507785 2.672662200219414 3.2729964222418837 2.7351394343685946 3.5561420419365053 2.852348706336529 2.9549923158011793 3.7741892373154875 2.9317954009328004 2.617091896500569 3.999837691332017 2.612873707731262 4.211381471549491
8.83620621173148 0.015145266232337263 0.012804466040892906 0.06247501207299386 0.05471073227396505 2.0327646531216748 2.981805513903587 2.9831071941085416 1.9795334493346568 2.452405288801684 2.429087810404078 2.99299913236676 2.7458278166358987 3.40610548652325 2.747759711228258 3.341856837505081 2.8100168971759967 3.519103924365492 2.924610905358124 2.997652538001257 3.6893707088503067 2.9677764165230522 2.7317804623637785 3.9999992730764613 2.675896415271193 4.308711027023332
9.159041683935252 0.015243878921711902 0.012436671131090187 0.0630707578104277 0.05512589966639693 2.1146375003470106 2.9661984423422103 2.974550257444096 1.8920964256194361 2.437013804186867 2.410158201373835 2.983103788398929 2.7326314988923186 3.4020706978953967 2.733104461635265 3.3341593160473346 2.795830039905048 3.514842561748003 2.909756848230614 2.98676517976622 3.6971426063471347 2.9577545689511755 2.7125230051810822 3.999998274449698 2.6988249346071203 4.287299622513941
9.297116744240645 0.017294116902236405 0.010069685228893913 0.07817599795789436 0.05322223284455957 2.0219805271821087 2.958950107851243 2.9514138332438624 1.9880381371702598 2.4358569628108446 2.4033905608225723 2.9630712784998052 2.730052114660554 3.3773133357270395 2.7336826089554633 3.320610888800629 2.7945387197662854 3.488438293568098 2.9087651030364876 2.9751710255202193 3.655461418101967 2.9372919687167722 2.7195695152530837 3.9913953727547202 2.701270996228706 4.420168644092327
9.29247352608688 0.006374250875334945 0.02037166399041854 0.005359009970842856 0.07100050005671224 1.7374483509242946 2.9340613498247263 3.1401220149148723 1.7320119442811295 2.2824769042627575 2.2865929724357827 2.971587177254345 2.64501603589064 3.454349306174997 2.6653342405542912 3.3639206945216533 2.7198561961884007 3.4188021343635615 2.8480064338385027 2.9592308161203196 3.8029378412760715 2.9418105586404173 2.6037888664094937 3.999334347590266 2.5892532071381003 4.1785215744788
9.480581916392367 0.009795750029514872 0.017087423006280543 0.03381089798821871 0.07296274007843524 1.8549841952580923 2.9496197253877674 3.0096106903043425 1.960219364305912 2.4079560346423174 2.421573060794986 3.0088236117299676 2.6672670551732045 3.41742420514728 2.6842997638426 3.283146488490336 2.813269219374291 3.543536069659406 2.8124341833877056 2.8938492914025797 3.7431736565934615 2.978196372200966 2.6500593188670765 3.988927184723622 2.643521025627895 4.194565668248525
9.248282944504442 0.02456001234074017 0.0007144377868006305 0.1328400976902634 0.052721268776141576 1.6098252087052745 2.894316914020313 2.9060720996971416 1.636874563652237 2.2356738954392417 2.2216016562456637 2.944894217064429 2.6104693015702276 3.433954200763773 2.5947579833462213 3.1361736886772906 2.66694496821803 3.560497257770592 2.792817749211367 2.906584551649438 3.795414459900071 2.8964996427513463 2.5301217308583968 3.9999999801204997 2.4794098927192656 4.328493919718729
9.817281030562697 0.011653741080789804 0.01594228875113376 0.03880098134745685 0.05970109161561998 2.028923524574548 2.9561121695787627 2.9692273722986724 1.9587004679522322 2.4380605829366893 2.418141561595877 2.9682215981412865 2.7359665106038267 3.389971866178876 2.7370498480485694 3.32556534015077 2.7983891555275795 3.5004833388057834 2.9108770018877688 2.9843500856164002 3.675043106472538 2.956798867408864 2.7186237028011444 3.998480258448742 2.7029579429574517 4.323412676954152
8.688750841109858 0.017658333847787453 0.01030934431751452 0.08145867034743039 0.05268335230494238 2.014762314792959 2.9819773062463044 2.971406867273975 1.977869086023683 2.4392549409875035 2.4007217627227933 2.9822693012344916 2.7482913803918296 3.405070962629071 2.7440024625205366 3.344294036651011 2.8064231922997926 3.5200776401919613 2.9241960320601357 2.9936666496804105 3.6977250878119654 2.958104500611057 2.7293134077892898 3.999999993318956 2.7131256762984868 4.387271395768718
9.896591820379662 0.013389009197135237 0.013820500788078696 0.050736355540196204 0.058660158851971685 1.9585268361395418 2.93681984879262 2.960995106710522 1.8785785554489025 2.40904311492788 2.322473319397226 2.970243629153931 2.7069979308333374 3.4059476830250617 2.70424839451304 3.310126197865876 2.7685078482193224 3.519705834536194 2.8821949986110056 2.9690730536241436 3.7129759485179292 2.948642840839073 2.6750912118732098 3.999975749166431 2.662578179045245 4.242916740937291
9.003282830441048 0.017728372658790802 0.008697492460294089 0.08083795603856245 0.05418822489772548 1.8707599937641937 2.885855518318367 2.915512744556162 1.8391423135406604 2.356609351975138 2.317061074482869 2.9324188095336545 2.671081073672236 3.3781174091892154 2.667563550517067 3.3047695178935967 2.733283506540293 3.4942814544246064 2.8520055408470135 2.93325137664184 3.685453830375742 2.8899961419165807 2.637118085501218 3.999999943177992 2.6215423316123054 4.321175565963601
9.428233888752771 0.014021055179704965 0.013648593329791535 0.05565674450989321 0.05766025394376668 2.0207809105443193 2.9651222374571304 2.9725156644278634 1.9688075981886166 2.443670313930474 2.4169395848473614 2.9815343261071905 2.7368127691722908 3.3977731664333017 2.7390036795825874 3.3322311973453447 2.800934838929044 3.509643588694993 2.9148087090163957 2.9874855001019367 3.6859590811851364 2.9552052927399495 2.720452474037417 3.9999988977638448 2.7050931347797547 4.31479228762225
9.309444333035104 0.015609592253712098 0.010875018452515666 0.06806369965127065 0.05756465451127598 1.9825383913461396 2.930771697250187 2.967499209239865 1.8681332891493363 2.4294406866879195 2.425716394766345 2.9695318432343907 2.6934633165562736 3.371233313284376 2.685784367629163 3.310529229760574 2.747977537498843 3.474681451559568 2.8558234187863545 2.954454083971198 3.6373529419284374 2.9291369975196884 2.651927159761512 3.999988881812615 2.641833889702618 4.192891335063444
9.487661300441777 0.015303958280749284 0.011274027007496681 0.06337081510384869 0.05602628663327103 1.966338833842204 2.933663368405978 2.949568347878891 1.9078963593996507 2.4056620881593416 2.3813007858420896 2.9467356928562136 2.7016880941750645 3.37550377416411 2.7000920697726793 3.301785641511949 2.7615977543158285 3.484472296941996 2.8733894965320435 2.951828971882895 3.653795009134075 2.919119006337651 2.6707752723145215 3.9999501294586706 2.65893845368698 4.2900598589638355
8.967668167578157 0.011606706557549737 0.014306469890125142 0.03898268207063132 0.06341243192596133 1.8303897951493087 2.906256389832071 2.9017034775537547 1.8008081179742295 2.3340249945393787 2.2783952530599514 2.9250155351010707 2.650017226818434 3.3723702799834165 2.6435671931144236 3.2873216730934325 2.7071675376871873 3.4851388526320783 2.824723279296018 2.9152877612155264 3.6824221798523693 2.890106446059735 2.5928108644593033 3.9999772609339574 2.5827737564059547 4.2306970100508074
8.501736876738962 0.01536257658432568 0.013414471515990796 0.06445080891705056 0.05358692876544454 2.0957280369567544 3.0143824807055255 3.0013242290616367 2.057925042638416 2.4882807591363356 2.4600872433260452 3.008145951089704 2.7793062612963144 3.4153436295121256 2.786268974022165 3.363403104713052 2.8474016239738296 3.5288966548375567 2.9642919413121445 3.0253629125206296 3.6957511274548867 2.9858859381390177 2.77964562460107 3.9999999999999996 2.7620377579190367 4.442460351488024
8.755446650980637 0.010884344780792482 0.012621945913129807 0.03326996840826601 0.06700260498312158 1.668130936871624 2.8183806209614155 2.837199223615668 1.6870091395421523 2.2227728937037123 2.1637335113062974 2.81546893969888 2.5548085185504266 3.2958761126854816 2.5471796833018607 3.2074172275307085 2.6089333302123534 3.426657088050828 2.7218531985237244 2.8133215957406814 3.599487916860368 2.7736926354083926 2.4887414775598997 3.9987163993943793 2.4603091791127225 4.401494966576511
8.967243853855884 0.01619360579832642 0.011544929185252923 0.07039576763370933 0.05413183486276209 2.0189677122082936 2.9741538914510595 2.974372371949665 1.972941074768362 2.4469686324319477 2.420862983176595 2.9861612099537367 2.7393554498682144 3.399877218065611 2.7412040250232947 3.3340530397497683 2.8029778654176396 3.511319347375188 2.9167936273803527 2.9901239619773703 3.688450759251604 2.958557210399158 2.723530517481888 3.9999878698903464 2.7056332215828705 4.332140040695548
9.427261061896118 0.019539069285906725 0.005893312583339019 0.09273446307710272 0.05188233368017224 1.9884629847685815 2.902129310051522 2.9270966737962105 1.8809921084469607 2.411993977056256 2.404182535449175 2.9550891399533894 2.6801960408520946 3.3362407592127736 2.6721348722686726 3.259804728203081 2.7299508372601577 3.434531505299851 2.8319404015560385 2.9180162298088232 3.622665291196713 2.90645985489565 2.6381482024746323 3.9756255363773354 2.6304656518571257 4.294494363716073
9.163661654291968 0.016805252367939658 0.008959425608936044 0.07455577509576544 0.05669330098233356 1.8389874527615868 2.8996659924306707 2.8682441459854804 1.8214333619982748 2.3319134727859665 2.288744805284869 2.9122797341610656 2.6475812769790052 3.360118390331998 2.64474686028371 3.2855374597199196 2.6936412293994003 3.474969067518008 2.8257452163010957 2.9083375138276772 3.665544195809585 2.877706541489245 2.608977282983808 3.9999939792614305 2.589108109181105 4.316984858046414
9.315104061989398 0.010031347469131357 0.015493218495403492 0.027794785197685634 0.0658696306444568 1.7305709189309537 2.8716319607516354 2.8857230500901974 1.730304977522336 2.275162796063847 2.2546621073580297 2.922101505489248 2.6275676286301577 3.384086067859566 2.6130749783801472 3.2878848032699084 2.6860499328848637 3.4985287781172967 2.7942649291960993 2.8989688160516796 3.709494271790985 2.855054425485435 2.55031976081897 3.9979843807284987 2.528429241128689 4.212915409227758
8.78991883592541 0.015504740168752182 0.01114427730868783 0.06578454712666519 0.05754272420047024 1.9531723326642343 2.93196426444269 2.927518716164347 1.8418917260878909 2.353286914982123 2.293840063750817 2.9547789972360836 2.673852507963034 3.397273376567179 2.669985275274071 3.315913774818153 2.7344852102103925 3.5169783947813436 2.8493470062882147 2.9398863944594744 3.7248039536346322 2.906477127399975 2.632516602638594 3.999964105244028 2.6162753911076395 4.256114515999982
9.795773420698191 0.020788281204422776 0.0049353211834200685 0.10512960885165962 0.05587600526300627 1.718178096263801 2.90985438711228 3.030505500138423 1.7028846957280677 2.2884603727381014 2.177713809203595 2.996638627258144 2.6474498857269886 3.436405038532172 2.6024522840372417 3.355589161717277 2.6241684218104293 3.5586786260585472 2.81566748620571 2.9298831362581423 3.804250138761313 2.94071559252771 2.327794723328006 3.999992937623949 2.538506560913394 4.197799590329965
9.303218045143582 0.01571026742056092 0.011466464906734107 0.06678582814940853 0.0553791305478617 1.9676601761819381 2.946326743109598 2.9403256104142663 1.9353745141382048 2.408320598281383 2.3723882785867625 2.9566755781615477 2.7148580546113905 3.385715919919013 2.712333101946016 3.3214054892258718 2.7746369362617855 3.499868638339771 2.891086555618159 2.9638541319042533 3.6791869910428927 2.9310568437134434 2.6917433998277702 3.9990897317104275 2.673649504550058 4.335240610256821
8.754577870518927 0.013294290445575983 0.009804955529345035 0.05160343690102475 0.06396631831523107 1.8251086946689739 2.8428295848160707 2.8149453236021498 1.8117287117100522 2.296800691715067 2.249186211484123 2.8423949111453073 2.6018703462601747 3.2735360019296524 2.5952163551530787 3.202196272937521 2.652976774175995 3.377245781192686 2.762708560992212 2.8401121927169988 3.5512489741699227 2.801125854756684 2.552523547527706 3.8066418510778814 2.527899169582466 4.508024883898541
8.463341838074081 0.012397884462291377 0.016071071325823146 0.04288724930307966 0.05663259688634544 2.0559702547197047 3.001148356792914 2.990744882967925 2.0151864696077495 2.46514190300937 2.4356482821166314 2.998533983692595 2.761359707988103 3.413947807217465 2.7660672204034844 3.3559837022948797 2.8281719732553436 3.5282547679200995 2.9447364631020245 3.0120255221582406 3.701618323643051 2.9765013138456946 2.754253461375612 3.999943313202777 2.738138066214204 4.374751217951558
9.080762745958468 0.017886761205860597 0.009988827355372959 0.08342237061091021 0.0522521778533034 2.032652095833119 2.9771683247002887 2.9795468096809095 1.981962909364554 2.4508955750518813 2.4234786587689 2.9882792065473938 2.7447918982321045 3.4034003982333307 2.7468619667426863 3.339665107701017 2.809332294946264 3.515684197574673 2.9232903437599957 2.995525094620537 3.6922664007162465 2.9636936154476263 2.7308347667498793 3.9999999996289994 2.7166895442258694 4.369340916827012
9.11575430742674 0.014891977523850351 0.012585915013649062 0.06084981045924157 0.05628361836401685 1.964441965838432 2.962435204654245 2.9508831635683164 1.941298540352204 2.4110474791521477 2.3962088137951247 2.979825999348691 2.7246480452872976 3.3978374052401694 2.7266572406023233 3.333341722312035 2.7899465256340723 3.512981112642802 2.90600685217285 2.981193958757304 3.689197613658696 2.944357674844709 2.7087204275479033 3.999976317401252 2.691099590100515 4.316738926598991
8.956983762019222 0.015189449150887468 0.012195708828317437 0.06328337736389193 0.05593372563960534 2.0028925341640447 2.9607363517086136 2.9492822450518714 1.969006303662936 2.426420640785453 2.392182745376401 2.9568425453165132 2.724106458868541 3.3810259152692455 2.727455385953252 3.322131336377603 2.788825636970677 3.4935892171206193 2.90491603531609 2.972806757432869 3.6689042665786644 2.934836488955264 2.710933475866443 3.999983225251732 2.6923968681221004 4.371087437334612
8.439965952927416 0.011962730790116475 0.013807834993881713 0.03992543237408393 0.06137482854420816 1.84804362797792 2.938237150606101 2.914246376068837 1.8382996461002314 2.1886276580202484 2.249511352320296 2.9586862340723417 2.661197162219421 3.399104458856549 2.636519758249149 3.259705273126018 2.6889355713006386 3.5002956306612005 2.7898612775942566 2.9177139366461446 3.727051337214483 2.94121346196702 2.5466659371195988 3.998058456490419 2.547617503698624 4.219217243379014
9.427767012822374 0.01650419655656941 0.010865789335172685 0.07154911673065832 0.053906378492440864 1.989109686522559 2.95253826756981 2.9552583287483305 1.9474978847787843 2.4230142222185 2.393854287883671 2.9681553976127053 2.7212327930920104 3.3909812123729175 2.722534724857367 3.322593766300299 2.784557647450412 3.501997871372993 2.89912626122203 2.973081100185328 3.683438418100576 2.9377915341190293 2.701971195961095 3.9999894035742085 2.6859466212150966 4.333817839096185
9.017986167838872 0.012687014058619996 0.014248833626996964 0.04626808528349265 0.059663093915029546 2.0597599086834473 2.956965229172714 2.9571556186742716 1.9324097641264568 2.4361320691146413 2.407617324261505 2.970348875721337 2.7180910058247623 3.3914644914627785 2.7172190118334925 3.3228066682939765 2.6152370586748965 3.5021734741763475 2.8916942080182877 2.9707245796153616 3.6785448824257836 2.9472491536944023 2.692220608289139 3.999999498225842 2.678667628051441 4.290928245310914
9.2867063833781 0.014155753667313987 0.012274204879188465 0.05529380439104855 0.05732335557979271 1.919924457461044 2.9215434052596927 2.909124864652014 1.879490351547556 2.382899918683356 2.3533551973540328 2.934093389671773 2.683502302029906 3.3881342099633636 2.681606732815557 3.2949033180680147 2.743565503264266 3.462300519703874 2.8564233950443403 2.9372286756244192 3.664699879730293 2.901573788525832 2.651893050915345 3.9998478293603132 2.6360701887886524 4.288437646649592
9.809251614226904 0.020962081441026004 0.004841842215064297 0.1045867646615445 0.052012024137160974 1.695007974126659 2.90435685955425 3.5045789712275224 1.698388747772495 2.2195656629031317 2.28092979931635 2.977629493833111 2.6455096108267098 3.446594718956781 2.580766764428549 3.3373408126453237 2.68537230981852 3.3832948483557757 2.80317795841174 2.934256077322376 3.811062341521732 2.9309347539728954 2.5519841173726876 3.999999861140881 2.5433619712353797 4.1791217733902455
8.384451151929056 0.012841445770070051 0.01566431439100311 0.04746804341781549 0.0577609086714059 2.056737860892561 3.024248665239158 3.0380843450764083 2.1221904876376163 2.5020866753446986 2.4748417503297624 3.032922554410487 2.77751052087284 3.446149727221444 2.641325335465613 3.3775190171175953 2.722725518642802 3.566252229476676 2.9205387589797898 3.0346440248813615 3.754406120036716 3.011595215786781 2.769921701644551 3.99999560664813 2.7559065866215 4.326616762736457
9.18731364492448 0.017459408383074918 0.006593450988581254 0.08082287112098951 0.06152844901873698 1.6778229057842058 2.846973313844621 2.882772374710739 1.7986888530898226 2.224606329739259 2.1428532052707236 2.940949719024265 2.5918770365624075 3.3777257913053393 2.5786923543688016 3.248650955149027 2.646021862235684 3.4788657376302883 2.6719547249785496 2.822275889966989 3.690409956142744 2.8689972288500085 2.374914722288377 3.9998957033405116 2.481204763888827 4.250513377428822
9.501839424925857 0.009062211196132286 0.017871235859487695 0.021924071041886563 0.06522138365860985 1.9578921890680976 2.9040132642513194 2.9474148118217895 1.9078737289079846 2.402927770378643 2.370457959960069 2.9594981033260597 2.705463306047094 3.39182751716339 2.7051452380896537 3.325957158513431 2.654373514933197 3.5079675078338153 2.8887545660853116 2.9634169762363842 3.690807365604468 2.9314318868803326 2.6852141638736597 3.999880993943381 2.664354106870536 4.303757924596801
8.501731042875349 0.01536257335790999 0.013414476579251695 0.06445078594770283 0.053586931102211015 2.0957281490386355 3.01438262364922 3.0013242939982923 2.0579251512262426 2.4882808371192056 2.4600873277101587 3.008146009765485 2.7793063279955277 3.4153436694782116 2.7862690436223874 3.3634031510676636 2.8474016934773 3.528896694223439 2.96429200928543 3.0253629754176994 3.6957511599559916 2.985886002972412 2.7796457026112864 3.9999999999999996 2.762037838938841 4.442460435690262
8.501731892636457 0.015362576459936566 0.013414473167104824 0.06445080822574509 0.05358692812755159 2.095728134221756 3.0143826032743175 3.0013242726903795 2.057925139903355 2.4882808246844617 2.4600873130651846 3.0081459968162414 2.7793063174803083 3.4153436587895203 2.7862690333299662 3.3634031421602804 2.8474016823415544 3.5288966836637545 2.964291999790804 3.0253629641097617 3.695751146900334 2.985885987565229 2.7796456927394213 3.9999999999999996 2.7620378279295585 4.442460472453015
8.990200841566732 0.016502923094074896 0.00955839692957908 0.0721087846470915 0.0559107852280145 1.9392164854087268 2.918978844229754 2.899231532587384 1.9116454750976182 2.3800089600994467 2.342164892647213 2.9178559174762158 2.679214173343206 3.3418003387863062 2.6799084013823617 3.2777204765389913 2.740095450779687 3.450739143516515 2.853944876748445 2.924587716033002 3.621808472334348 2.888446807023646 2.655664566885283 3.9894560218018276 2.635686615113465 4.387300463810474
