0.305539670034137 0.06145939141705628 0.18153118857421446 0.14410795582849287 0.031437955096670314 0.9685152824067885 1.3368917103409923 2.6084499216184285 1.7721781655337616 0.07733192789232098 2.1817506346201343 1.880911497957621 2.214775304836908 2.0854560169746157 1.7769886121375782 2.42613913002213 3.485421374790757 2.649667706933683 2.0100659410887722 1.6528626298452656 1.797156369281498 1.5256580285887624 2.6150169406143546 2.2328996839421538 2.3145269193499756 5.507527700875299
0.2649230953927528 0.06574326424395685 0.19779743127737068 0.16624537288641153 0.03955213612290461 0.9350486021948881 1.3070410761540432 2.5816260658583854 1.7468093565256393 0.05000010279452094 2.2662022394623373 1.8418637349639082 2.209914601153991 2.154361412724133 1.8575059992598142 2.336112082840665 3.4453290986595166 2.6292430240730185 1.9798294563231014 1.625427308250008 1.7729285864582798 1.5000176416028213 2.590717866758557 2.212393555272563 2.2939804104913333 5.965072484935097
0.3322899223226254 0.058290826360491904 0.18997234180799616 0.14672315431236851 0.029788405934933506 1.4997566122170256 1.684182698293111 2.3216608442015056 1.901779633327612 1.039450948223356 2.160526207364134 1.949027496844979 2.1268118177616904 2.0585645769287995 1.9606257332615753 2.23822486226588 2.765665438472171 2.3490836627481397 2.0135338476260056 1.8445661136268712 1.9173541818587163 1.781321175668239 2.324930055675571 2.135080743311229 2.1754237944942454 5.227895065014194
0.3925342917579825 0.055423779224470955 0.15860582794892605 0.14276075728954737 0.03779294397032202 1.3123716815050221 1.4616036991366697 2.002029820086455 1.6487179297911432 0.925669276863444 1.8665272798010775 1.6894428424476517 1.8398705529602848 1.781620785407028 1.6948907079909774 1.9337367349758836 2.448305632513333 2.0277780965770438 1.7131517182579699 1.597678537377635 1.659426143190422 1.5434458353068168 2.004741798299193 1.8453681327050309 1.8798712644219118 4.420546868848386
0.29699397013721757 0.052098673703360986 0.18970939853811972 0.11608045464715978 0.038001703261579485 0.8889272963593317 1.2295032973606557 2.5694540524789566 1.633840315833078 0.05009264149962632 2.107733701305223 1.7245909633616234 2.0536708248092563 1.9310318699209257 1.7307045549968922 2.239712379338989 3.1888527103432254 2.4401103715821617 1.8486453721859726 1.5212380628651043 1.6564543430191654 1.407139253577674 2.405811055324865 2.058470688610604 2.131098623834821 5.344961236845238
0.978704560994975 0.04404051948593115 0.05411413787985705 0.10203775392726207 0.06301190362113901 0.8992778510214265 0.9541818098500817 1.1445659466327938 1.018654466033448 0.7614042580071266 1.0976811581019381 1.0317880072755825 1.087714270769057 1.0667487290438733 1.0399042211460607 1.1216464824172925 1.2787881005998367 1.1540456184722747 1.051944778395759 1.002774485389345 1.024076299402762 0.9831295978985102 1.1456956197783974 1.0888840448901267 1.1015926905489868 1.6173825902320738
0.3255974346316632 0.03986973623400687 0.17994090215984976 0.0765294923359702 0.036744329586923245 0.9695717561741003 1.277465460130387 2.716862697272018 1.6408232200548236 0.2051610415060421 2.0498048109120766 1.7305300229758558 2.002748766532789 1.897610175826471 1.714732318679945 2.177876855785482 3.0317515903229073 2.3599033521564072 1.834214441944514 1.5367722714602203 1.658335010109452 1.435729711401911 2.3287743614360163 2.017769463050378 2.0876027465613833 4.752572263442795
0.36209800525090985 0.05449407907881378 0.18041626958639304 0.12114877052863754 0.026471449659304237 0.8989884986660474 1.2520683599731754 2.7683161993614247 1.6545351878716366 0.07290654245891041 2.091930299771025 1.7562567716643323 2.0421497947713565 1.9327503768348435 1.7337375106299318 2.2388534073551885 3.1784689746001327 2.442985752975895 1.8628210275649415 1.5451194284410754 1.6769924674058505 1.4310030361400032 2.4085207887510958 2.067550256610937 2.139418295214324 5.432133860726085
0.2781364346045653 0.058673349678404506 0.17707745029692198 0.12869302745642736 0.029010430446230768 1.142527847486615 1.4641826206741044 2.5656679582189037 1.8458688892870379 0.35182767630429695 2.281492197653986 1.93560893985276 2.2301913112988054 2.1164829668076535 1.9295440575501224 2.4084977962482386 3.310995684938492 2.6000261865842247 2.0463224124131547 1.7378880387888307 1.8649810121753116 1.630425164487936 2.569246661659782 2.242482953491843 2.39304235357742 5.170373079631346
0.9787046136095111 0.04404053853920848 0.05411411261032119 0.1020378170862799 0.06301189396990664 0.8992778296616186 0.9541817833472458 1.1445659019856609 1.018654433374405 0.7614042496321461 1.0976811180962625 1.03178797327516 1.087714231650645 1.0667486918110105 1.0399041866303513 1.1216464399628685 1.2787880431995924 1.154045572896338 1.051944742474307 1.0027744542566612 1.0240762662189273 0.98312956862857 1.145695575017715 1.0888840055252578 1.1015926500293465 1.6173825170227976
0.9787044745993086 0.04404052695502935 0.054114133674118756 0.10203777925461692 0.06301189832066119 0.8992779008753894 0.9541818514442267 1.1445659590422144 1.0186544978167003 0.7614043285424782 1.0976811782303921 1.0317880366192596 1.0877142918409344 1.0667487531241202 1.0399042497861661 1.1216464982824497 1.2787880924162425 1.1540456294148942 1.0519448046029554 1.002774519620441 1.0240763303194798 0.9831296350943011 1.1456956320343523 1.0888840658202672 1.1015927095221005 1.6173826502350306
0.3281824494703676 0.048765296392453916 0.18851273222458914 0.1058077304816474 0.034682277484134244 0.8197768724902019 1.167084744190758 2.3187973385288436 1.5661425387614036 0.052319779669200796 2.021615592689011 1.6590837388967792 1.974066710184948 1.8578047063301295 1.658526826571126 2.161482116680012 3.123494502239685 2.45828789585803 1.8195942384770536 1.4573660516207416 1.590301555567593 1.3439147942565461 2.326303935497255 1.9843651105362525 2.056061154636076 5.3510477780827
0.9787044243377131 0.04404051817792267 0.05411414211618762 0.10203774801663433 0.06301190086443159 0.8992779556180058 0.9541818897944906 1.1445659418234453 1.0186545171097037 0.7614044248914842 1.097681172227388 1.0317880535953583 1.0877142909415631 1.066748759055774 1.0399042612545741 1.1216464873245224 1.278788035860685 1.1540456088857147 1.0519448153777335 1.0027745429520494 1.0240763476601416 0.9831296644985882 1.1456956140398995 1.0888840644635915 1.1015927045585718 1.6173826801815747
0.9787043571477773 0.04404051554445176 0.05411414742496441 0.1020377379817615 0.06301190030013189 0.8992779823851682 0.9541819139929516 1.1445659574355704 1.0186545383685013 0.7614044583833113 1.0976811890690603 1.0317880748355521 1.0877143089773975 1.0667487783853857 1.039904280684027 1.1216465037739103 1.278788045422291 1.1540456238604349 1.0519448355870635 1.002774564599909 1.0240763684529932 0.9831296871895089 1.1456956294591363 1.0888840824536399 1.101592721990386 1.617382719348441
0.3017482398686822 0.05295177813649961 0.18993427570280347 0.10458946165436446 0.023342875936146864 0.9151618580121651 1.2668824459178263 2.479146056928798 1.685782970738364 0.0501845864204026 2.161257917604139 1.7866857260645261 2.1080280274167755 1.9861258030965292 1.774531918596507 2.303563735670707 3.302478515583214 2.516475087132739 1.9068380260029898 1.567211966107123 1.7059397486253183 1.4494656332104587 2.48047507410916 2.1976098626699514 2.19963182722163 5.5000217197707615
0.47047320017387256 0.04896268372340416 0.14537757714945176 0.12038044453478586 0.045202689119060224 0.7690483771065834 1.0275927522132426 1.947898717585529 1.3420438723642045 0.09584019384951566 1.7000763108668393 1.4229062135107624 1.6652657429853108 1.573773209895012 1.4155387019131849 1.8224325264267085 2.570089080101916 1.983551176907161 1.5108892710213782 1.2571955689759422 1.3631293356719305 1.1685196910212572 1.951877843447417 1.678662100819823 1.9382266263155894 4.192132459716621
0.978704472466618 0.04404052415489845 0.05411413616853195 0.10203776979006511 0.06301189887482886 0.8992779078278397 0.9541818556885704 1.1445659541526858 1.018654498916958 0.7614043424046969 1.097681174991312 1.031788037492859 1.0877142896368508 1.0667487521462906 1.03990424942786 1.1216464944277942 1.278788081129916 1.154045623977709 1.0519448044168007 1.002774521327722 1.0240763310731709 0.9831296378347438 1.1456956270188454 1.0888840635297883 1.1015927066438294 1.6173826533027633
0.44458930694776805 0.058821828775632766 0.15079818474570966 0.15803531029950518 0.03961996402142542 0.8357641077874908 1.1317179787488254 2.059751672503482 1.4479315189565223 0.1652512406952859 1.8073342049144496 1.5261049406856702 1.7662313690938147 1.6749249913867534 1.499184597477408 1.9270218848974314 2.6915273238184043 2.093855776734896 1.6145442714035032 1.3613752118972333 1.466358913058115 1.2688596210828185 2.0630215212319585 1.7846921802067648 1.929096616306861 4.789802281465106
0.978704540567884 0.04404040721725001 0.054114260796850416 0.10203736720646935 0.06301196071856165 0.8992778262817808 0.9541818080879381 1.144566026880623 1.0186544917964702 0.7614041763618767 1.0976812148014368 1.031788040959349 1.0877143262323714 1.066748776811043 1.0399042540453682 1.121646552683175 1.278788238583875 1.1540457025777167 1.0519448205550608 1.0027745037374205 1.0240763272369033 0.9831296081312026 1.1456957001424362 1.0888841008855152 1.1015927519392987 1.617382687714337
0.9787044627808948 0.044040495967833077 0.05411416854747813 0.10203767265653768 0.06301191213278001 0.8992778793086398 0.9541818424986438 1.144565994500103 1.01865450388995 0.7614042754584003 1.0976812021161 1.0317880462096665 1.0877143139755128 1.0667487706585352 1.0399042604656732 1.12164652839388 1.2787881591048833 1.154045667071378 1.05194481889783 1.0027745218878314 1.0240763376153605 0.9831296328407565 1.145695667696903 1.0888840882703057 1.1015927349003802 1.6173826795495931
0.9787044706071852 0.0440405293787058 0.05411413198652038 0.10203778819478197 0.06301189667421776 0.8992778940537408 0.9541818480557201 1.1445659677471416 1.0186544985143628 0.7614043131472742 1.0976811838062983 1.0317880382447047 1.0877142968997031 1.066748756913716 1.0399042517473718 1.1216465054890719 1.2787881095924234 1.1540456386848343 1.0519448075421198 1.0027745192765918 1.0240763313506278 0.9831296335328296 1.1456956407883698 1.0888840709887098 1.1015927154908511 1.617382652632788
0.3278232167727422 0.04960484627865162 0.17708805827457944 0.10758662098671869 0.033100233474792934 0.9740923643658125 1.2992645846051398 2.7251420908258943 1.6848199649040323 0.19016151119948443 2.11612522167676 1.7794111210393944 2.0655935332178244 1.9590058456757506 1.7669627390151 2.2482914872493396 3.148228470807513 2.442374787102282 1.8875554457078627 1.5768326308466376 1.704731575067365 1.4686970045706071 2.411111984670573 2.083290230653668 2.1536588742286282 4.967482799810802
0.9787045851539535 0.0440405350230375 0.05411411854726121 0.10203780622091803 0.06301189667141643 0.8992778494206599 0.9541818018146525 1.1445659157788393 1.0186544502918289 0.7614042724404905 1.0976811334388876 1.0317879896102244 1.0877142468271672 1.0667487073954423 1.0399042031908479 1.1216464543625535 1.2787880537347993 1.1540455865312456 1.0519447583191495 1.0027744716466365 1.0240762830534957 0.9831295864505272 1.145695588847772 1.0888840207308383 1.1015926648923944 1.6173825521311482
0.5196638438933308 0.0405725084224192 0.15556426241630417 0.08380444267822185 0.04220645519494382 1.0425338424157247 1.1979820408427695 2.026976451056832 1.3684713212087098 1.1515987087688362 1.6288048711241132 1.4088720463816589 1.591399047660849 1.5192302474640011 1.418818586914029 1.736450240390729 3.0430435673228184 1.8409884838603618 1.471168198813973 1.326016096397457 1.384461587631707 1.2799729789719398 1.8072439072907591 1.5990962111233293 1.6559367133671898 4.6613684575698615
0.9787044836840897 0.04404052554620699 0.05411413432942686 0.10203777400052892 0.06301189869660441 0.8992779015457086 0.9541818503196505 1.144565951904608 1.0186544946025404 0.7614043338124112 1.0976811720964206 1.031788033313784 1.0877142864717135 1.0667487485764808 1.0399042455850929 1.121646491811618 1.2787880810737862 1.1540456218996762 1.0519448006083791 1.0027745168040314 1.0240763268821476 0.9831296329713096 1.1456956247964518 1.0888840603827985 1.10159270369492 1.6173826432972733
0.9787045786956 0.04404052152659056 0.054114131581701586 0.10203775815207691 0.06301190265118115 0.8992778637288662 0.95418181040725 1.144565904546387 1.018654452199389 0.7614043009667598 1.097681127343799 1.0317879899835607 1.0877142415704248 1.066748704185025 1.0399042031357353 1.1216464455759765 1.2787880285030946 1.1540455743873952 1.0519447565517184 1.0027744752619754 1.0240762844198115 0.9831295920558084 1.1456955774812256 1.0888840152890802 1.1015926581040698 1.6173825613143114
0.978704347004557 0.04404051192001021 0.054114155362528525 0.10203772601728478 0.06301190147590205 0.8992779686250622 0.95418191199969 1.144565995191443 1.018654550051676 0.7614044146333859 1.097681219260034 1.0317880877781438 1.0877143350144223 1.066748799318664 1.0399042983750555 1.1216465370617335 1.2787881112001878 1.1540456640374035 1.0519448530300897 1.0027745735344928 1.0240763816101233 0.983129691695312 1.1456956677940744 1.0888841088903172 1.1015927509784678 1.6173827527316411
0.9787040740078979 0.04404047915089304 0.05411419714731328 0.10203761281855327 0.06301191266793105 0.8992781230762834 0.9541820390577237 1.1445660293171331 1.0186546453461705 0.7614046389080847 1.0976812719639126 1.0317881792035766 1.08771439621443 1.066748872023512 1.0399043800365357 1.1216465814634102 1.2787880793281379 1.1540456924673639 1.0519449339372215 1.002774675330079 1.0240764734058962 0.9831298036829322 1.1456957005148607 1.0888841694351585 1.1015928054721162 1.6173829370591482
0.9787044253596819 0.044040517279483174 0.05411414690850015 0.10203774486311173 0.06301190051734425 0.899277925212764 0.9541818753079625 1.144565981247198 1.0186545211355782 0.7614043540890967 1.0976812008798322 1.03178805974041 1.0877143144654924 1.0667487759159597 1.0399042729407622 1.12164652064617 1.2787881133831267 1.1540456515160697 1.0519448275367562 1.0027745430692157 1.0240763535753363 0.9831296587110342 1.1456956542075731 1.088884088485811 1.101592732067922 1.6173826984585804
0.9787044649774507 0.04404049405853351 0.05411416906073078 0.10203766540049021 0.06301191336798197 0.8992779052599994 0.9541818577682888 1.1445659724594641 1.0186545065047665 0.7614043281167795 1.0976811894865102 1.031788046060885 1.0877143031059726 1.066748763748912 1.0399042591478975 1.1216465108586617 1.2787881107860082 1.1540456431819528 1.0519448147377188 1.0027745277129467 1.024076339213679 0.9831296424581388 1.145695645423844 1.0888840771006727 1.1015927212513967 1.6173826843904262
0.9787043421823701 0.04404049847207496 0.054114171657937075 0.10203768013048628 0.06301190820425023 0.8992779548502966 0.9541819065891882 1.1445660181249246 1.0186545543693848 0.7614043796297073 1.097681236497401 1.0317880932178891 1.0877143495957704 1.0667488103960765 1.0399043067383498 1.12164655681807 1.278788154167605 1.1540456886775654 1.0519448616247125 1.0027745758254238 1.02407638694401 0.9831296908683561 1.1456956911046219 1.0888841237118256 1.1015927676072004 1.6173827763374575
0.9787043299592186 0.04404051966808776 0.05411414932043463 0.1020377541904098 0.06301189871250429 0.8992779562204197 0.9541819065809415 1.1445660133245341 1.0186545527614692 0.7614043844578836 1.0976812329384016 1.0317880912464827 1.087714346209495 1.0667488075058145 1.0399043045148941 1.1216465525204178 1.2787881459504453 1.1540456835763158 1.0519448591447775 1.0027745745551646 1.0240763851425592 0.9831296901163467 1.1456956862703156 1.0888841203200152 1.1015927639202037 1.6173827624691595
0.9787045846533735 0.04404051008739928 0.054114144639586546 0.10203771973000204 0.06301190828638052 0.8992778619512877 0.9541818117400322 1.1445659167399154 1.018654457177286 0.7614042914330728 1.0976811366358508 1.0317879958264011 1.0877142504863087 1.0667487120094234 1.0399042092430166 1.1216464564798811 1.2787880483895568 1.1540455871292317 1.0519447635740586 1.0027744793539057 1.0240762897311773 0.9831295950343657 1.1456955897478693 1.088884024302897 1.101592667837809 1.6173825775261557
0.9787045417897513 0.04404052282644805 0.054114133331390105 0.10203776418577734 0.06301190213942535 0.8992778649065913 0.954181817216714 1.1445659310471676 1.018654465657174 0.7614042881993416 1.0976811485524418 1.0317880050618706 1.0877142620795008 1.0667487227207462 1.039904218391256 1.121646469590815 1.278788068845365 1.1540456017387493 1.051944773719296 1.0027744869554318 1.024076298359231 0.9831296017909116 1.1456956040589568 1.0888840359840188 1.1015926801312468 1.6173825888611824
0.9787044974387257 0.04404052957269147 0.05411412933330188 0.10203778747984024 0.06301189725843367 0.8992778886642779 0.9541818398084001 1.144565949465611 1.0186544868608427 0.7614043148918314 1.0976811680896303 1.0317880258488143 1.0877142816695142 1.0667487427302322 1.0399042390973885 1.1216464884503587 1.278788084289758 1.1540456199242375 1.0519447940795144 1.0027745084868986 1.0240763194223612 0.9831296237610633 1.145695622455583 1.0888840556297168 1.101592699487384 1.617382625142221
0.9787045708060321 0.04404052640496777 0.054114128456032716 0.10203777662469858 0.06301190045133465 0.8992778572287853 0.9541818097149971 1.1445659240672716 1.0186544583146178 0.7614042800474454 1.0976811414956924 1.0317879977121045 1.087714254966864 1.0667487155280295 1.0399042112156698 1.121646462585978 1.2787880622958894 1.1540455948263024 1.0519447664887067 1.0027744796093523 1.0240762910707581 0.9831295943830897 1.1456955971191256 1.0888840288826047 1.101592673063666 1.6173825706827416
0.9787045166601634 0.044040513412699316 0.054114145016646784 0.1020377297230964 0.06301190382096171 0.899277875970271 0.9541818289457925 1.1445659451073364 1.0186544781837392 0.7614042976016224 1.0976811620363267 1.0317880177315764 1.0877142754091171 1.0667487358007994 1.0399042311527005 1.12164648336731 1.2787880845245303 1.1540456159231482 1.0519447866404255 1.0027744992862333 1.0240763109450555 0.9831296138778781 1.1456956181231415 1.0888840493527643 1.1015926936400684 1.6173826164152607
0.355944768107366 0.04571734397583724 0.19982574629537492 0.10204519895214567 0.035791176063060634 0.858547813762775 1.197856892392391 2.362255103282777 1.5992767835606398 0.05055179024523744 2.0537045124701465 1.869622081522866 2.0040176190195615 1.8908416337692375 1.6896521270353877 2.2017311240630812 3.2080777973676056 2.4105862185379303 1.8128201238872361 1.4912747440954297 1.6255918613029277 1.3766148681614954 2.3709777806266787 2.1585093334708616 2.094302269077112 5.547809971129856
0.40851614146890125 0.03229738734326178 0.18297765300017205 0.06106485369326997 0.04477819758845703 1.2728468132664692 1.430187691439891 2.050758990110351 1.6238490327449244 0.8712982838286172 1.8562155280683383 1.6663423164489548 1.8276814867382654 1.7660658947453163 1.6772800806132306 1.9273234384340863 2.400313487394833 2.026789089886129 1.723293318070074 1.5751950901983411 1.637791999152278 1.515948038687159 2.003015069216447 1.8314815609867605 1.8993494913056619 4.275563923837524
0.9787043394715627 0.04404045564266796 0.054114217047277445 0.10203753444627617 0.06301193385212717 0.8992779340787328 0.9541818950014663 1.1445660390739372 1.018654553738029 0.7614043361149538 1.0976812483925182 1.031788095568564 1.0877143607698512 1.0667488184135057 1.0399043091076627 1.1216465738281522 1.2787881980353524 1.1540457111734808 1.0519448673339735 1.0027745722803432 1.0240763871225316 0.9831296840590039 1.1456957121596252 1.0888841350400769 1.1015927811167514 1.6173827965881848
0.978704454581507 0.04404051483469288 0.054114148448248196 0.10203773665011479 0.06301190047232492 0.8992779018714968 0.9541818569725405 1.1445659801941968 1.0186545086597951 0.7614043181999547 1.0976811956163728 1.0317880484730861 1.0877143083022869 1.0667487678782899 1.0399042623936412 1.1216465175865857 1.278788124587669 1.154045651391301 1.0519448181195434 1.0027745291769652 1.0240763416116032 0.9831296430104727 1.1456956533133769 1.0888840824191375 1.1015927271591708 1.6173826791950807
0.9787046179505162 0.04404052554133896 0.05411412627948408 0.10203777309106545 0.06301190166664647 0.8992778323499865 0.9541817860838916 1.1445659050387411 1.018654436205706 0.7614042520590785 1.0976811210843567 1.0317879761529365 1.0877142346133306 1.0667486947486733 1.0399041895290615 1.1216464430227833 1.278788046491573 1.154045576008767 1.051944745357886 1.0027744570932753 1.0240762690901772 0.9831295714178483 1.1456955780813511 1.088884008485062 1.1015926529999251 1.6173825281313163
0.978704214362216 0.044040462011992285 0.05411420491194034 0.10203755273518048 0.06301192363365926 0.8992780914462651 0.9541819967879389 1.1445659517388287 1.0186545907130693 0.7614046346893122 1.0976811995098952 1.0317881247014093 1.0877143291181737 1.066748810131291 1.0399043191600814 1.121646507914075 1.2787879771866821 1.154045612678766 1.051944875092668 1.002774622972559 1.0240764174349999 0.9831297554332559 1.14569562232826 1.0888841018001405 1.101592735572262 1.6173828329952025
0.9787046171199042 0.04404051399042332 0.05411414028537297 0.10203773460108584 0.06301190755775078 0.8992778318083449 0.9541817898641419 1.1445659241642512 1.0186544451308217 0.761404240793086 1.0976811358581395 1.0317879865040347 1.0877142490833585 1.066748707761614 1.0399041998347653 1.1216464602702767 1.278788076443603 1.1540455958634839 1.0519447573350484 1.0027744646663588 1.024076278430837 0.9831295774716975 1.1456955972585066 1.0888840231092263 1.1015926686220128 1.6173825510502222
0.9787046875310881 0.04404053375272932 0.0541141143501209 0.10203780153933878 0.0630118990711974 0.8992778093866245 0.9541817630350476 1.1445658814535082 1.0186544129551924 0.7614042292278109 1.0976810978522966 1.0317879527783391 1.087714211290788 1.0667486714572263 1.0399041664252902 1.1216464196198075 1.2787880226956536 1.1540455525027793 1.0519447219647935 1.0027744339914764 1.0240762459147612 0.9831295483511472 1.1456955545890226 1.0888839851275198 1.1015926296096863 1.617382477439167
0.9787043673334883 0.04404051450910566 0.05411415331734819 0.10203773622857878 0.06301190231325819 0.8992779409032646 0.9541818929928603 1.1445660058207083 1.0186545412027976 0.7614043648117985 1.097681223793609 1.0317880802334138 1.087714336923188 1.0667487976185852 1.0399042936345755 1.1216465443353985 1.2787881427852457 1.1540456764079108 1.0519448487813245 1.0027745625090745 1.0240763737897702 0.9831296774423524 1.1456956788123653 1.0888841110489944 1.1015927550538072 1.6173827421418412
0.9787044402048116 0.044040508983427755 0.05411415388684685 0.10203771612084483 0.06301190423718639 0.8992779245394839 0.9541818721084114 1.1445659693484336 1.0186545149786044 0.7614043597010653 1.0976811910836044 1.031788053012918 1.0877143051953102 1.0667487675806226 1.0399042658912037 1.1216465098334536 1.2787880953138455 1.1540456392020961 1.051944819787343 1.0027745376861266 1.024076347199415 0.9831296541958773 1.145695642233078 1.0888840791107293 1.1015927221075175 1.6173826908539144
0.31935787896931483 0.04046847349029005 0.18901376335321765 0.08719468043095895 0.03538871333027883 1.419210567391642 1.6257315063371072 2.341325413785059 1.8719598648887485 0.9045218342602209 2.160380442574368 1.924809767388477 2.125278116905948 2.0481446318062524 1.933801835304458 2.2470563909328694 2.8350234308573365 2.3718968840031236 1.9989337478426221 1.8048033918363582 1.8862247910845014 1.7338634888832807 2.3454489090614974 2.13260558706765 2.0104500824272318 4.645203587830355
0.35716665010345583 0.05179687642436502 0.18624272392622424 0.12510271426092312 0.034347065982900445 1.2609992477018288 1.4718893640626833 2.207090598673948 1.7242543766690714 0.7689044679940407 2.0216737760380963 1.780866624285475 1.985914406375427 1.9082030425976055 1.7894407760880011 2.112791548984737 2.819898580419038 2.2403043130039357 1.8557153057845512 1.6560054758408698 1.7416462020697179 1.583272798017463 2.2119093865553627 1.9938306552889318 2.040418585481771 5.036202358120359
0.8461385726401658 0.03760488626417742 0.0664431858525531 0.07662603344942163 0.06725200127398678 0.8228438244695349 0.890024929690309 1.324976994852612 1.000027598784252 0.6321745519825199 1.125216308619284 1.0260019932502138 1.1139430669367165 1.0796607166743317 1.0270541699476183 1.1659473849945454 1.4280342574201872 1.2180324812226346 1.0540968353431883 0.9627730629994976 1.0041590717056552 0.9329324742510157 1.204525971620113 1.1119284812227654 1.1331316541965426 1.640574289454662
0.9787045698630321 0.04404048273215053 0.05411417410713381 0.1020376256142989 0.06301192203160645 0.899277866050503 0.9541818170984802 1.1445659265778547 1.0186544640297177 0.7614042924389108 1.0976811451700086 1.0317880031323614 1.0877142589651652 1.0667487200628565 1.039904216567149 1.1216464657981775 1.2787880613356633 1.1540455971760077 1.0519447712602226 1.0027744858512713 1.0240762967155688 0.9831296010538202 1.145695599571009 1.0888840327610378 1.1015926765966166 1.61738260805972
0.9787043816289943 0.04404051534879619 0.05411415132062672 0.10203774032545508 0.06301190108120226 0.899277933158513 0.9541818856910644 1.1445659999261464 1.0186545343907867 0.7614043559197438 1.0976812177261113 1.0317880734146878 1.0877143306420545 1.0667487911282165 1.0399042871455966 1.1216465383364436 1.2787881378501869 1.1540456706346987 1.051944842033092 1.002774555640541 1.0240763670460908 0.9831296703884269 1.1456956729710792 1.088884104762336 1.101592748893101 1.6173827320436056
0.350153069928685 0.07220769623101662 0.1618301634412999 0.1982179955559655 0.035205105141626974 0.8012514912175545 1.1633276817761808 2.3378192082607403 1.564177100763649 0.05201986773186631 2.007513442777186 1.6659931334617335 1.9648768369094716 1.8505997529444795 1.6487338937401772 2.1532998589758328 3.0309223375228425 2.338055972283306 1.7740595436247026 1.5201779124431385 1.5856334204988114 1.3066005607294862 2.23988483421375 1.9817616286032105 2.0517714768984896 5.734405286110483
0.9787042397483784 0.04404050992891073 0.05411416609242355 0.10203772076555473 0.06301189848884078 0.89927800187972 0.9541819520463206 1.1445660577741157 1.018654597974885 0.7614044304822399 1.0976812782595322 1.031788135877454 1.0877143908734943 1.0667488520776507 1.0399043499597465 1.1216465971250513 1.2787881895513151 1.1540457280671772 1.0519449036176318 1.0027746200022298 1.0240764303943388 0.9831297355486569 1.1456957307814857 1.0888841651204753 1.1015928086118798 1.6173828592454893
0.9787047247662386 0.04404044432627584 0.05411420707963697 0.10203749386946999 0.06301194601904253 0.8992777816842241 0.95418174549432 1.1445659004259208 1.0186544075988364 0.7614041764037787 1.097681106001659 1.0317879511721038 1.0877142192958058 1.0667486760975566 1.0399041643706628 1.1216464342488917 1.2787880673719378 1.1540455732288453 1.0519447241212705 1.0027744253964141 1.0240762415238913 0.9831295361040148 1.1456955735599479 1.0888839932212464 1.101592640151439 1.6173825117691856
0.2844158605129651 0.0664866514847706 0.19992722191890985 0.1570349519961431 0.021344198008121824 1.662786235908362 1.8540475529882101 2.5193446505360324 2.079735456508583 1.1921996759542155 2.356466304517436 2.1274232883311366 2.315839950086188 2.243199333597208 2.136228636345658 2.430959373015884 2.953509392990221 2.545641277414193 2.1940790955805403 1.8752338039404275 2.0574605727341475 1.9525778162826648 2.521826409189244 2.321949656967337 2.365769929001566 5.473791206344344
0.34573923501397624 0.04255688544466196 0.1816535965833037 0.08446708743053066 0.03680203350655759 1.0767942365686833 1.3793743249461932 2.433411727651478 1.7425550471234523 0.24719980212094975 1.8483360617194766 1.8281037820874226 2.1072175191712454 2.0002704010610937 1.8274324370401518 2.2884063479285244 3.1726052310000705 2.4770254716126727 1.931560902972776 1.6432718769400307 1.7651126661673648 1.539185127706387 2.445105120184385 2.126277854772777 2.194519248760523 4.855528635323402
0.978704462989744 0.044040521520536946 0.0541141402526572 0.10203776081706718 0.06301189997449705 0.8992779069855287 0.9541818577480944 1.1445659659372387 1.0186545043387947 0.7614043341116015 1.0976811851766382 1.0317880430373931 1.0877142985556456 1.0667487597062475 1.039904256567273 1.1216465051368913 1.2787880996873666 1.1540456363775615 1.0519448110714116 1.0027745261563892 1.0240763368948271 0.9831296415295542 1.1456956389551096 1.0888840725595308 1.1015927162928831 1.6173826678053445
0.9787046320513082 0.04404053736339809 0.05411411301887665 0.10203781314653132 0.0630118955060884 0.8992778267240696 0.954181779806334 1.1445658964466248 1.0186544291402952 0.7614042480651597 1.0976811130742947 1.0317879689030018 1.08771422672602 1.0667486871011969 1.0399041822085966 1.121646434696421 1.2787880362969213 1.1540455672888337 1.0519447379022642 1.0027744502172955 1.024076261959771 0.9831295647867457 1.145695569485491 1.0888840005793876 1.1015926449557525 1.6173825073616541
0.9787045130068565 0.04404050133107448 0.054114161067068324 0.10203769099186029 0.06301191024165795 0.8992778771903418 0.9541818368394609 1.1445659764159972 1.0186544939793267 0.7614042821411625 1.0976811872135337 1.0317880353622684 1.0877142996449962 1.0667487576354096 1.039904249395236 1.1216465118671013 1.2787881323454815 1.1540456484286996 1.0519448067653792 1.0027745131328596 1.0240763274446358 0.9831296253363728 1.1456956495866415 1.0888840738529384 1.1015927196613486 1.6173826553885933
0.9787045308025522 0.04404052785151327 0.05411412956824498 0.10203778064560814 0.06301189737490583 0.8992778745645512 0.9541818266871416 1.1445659396941088 1.01865447486669 0.7614042982976262 1.0976811575621859 1.0317880140741147 1.0877142709530638 1.0667487316350914 1.0399042275800245 1.1216464783450826 1.2787880769465965 1.1540456103795145 1.051944782685868 1.002774496262823 1.0240763075695 0.9831296111714658 1.1456956127402713 1.0888840449074928 1.1015926889872025 1.6173826033062846
0.9787043869332429 0.044040394506735324 0.05411428234607467 0.10203732518316319 0.06301196384614441 0.8992779255938851 0.9541818938473632 1.1445660646814588 1.0186545614534757 0.7614043094449607 1.0976812656724342 1.031788106310182 1.0877143782726777 1.0667488336351636 1.0399043190399726 1.1216465962760642 1.2787882424947754 1.1540457381007816 1.0519448807363068 1.0027745776565096 1.0240763956294536 0.9831296868181277 1.1456957377418637 1.08888415273441 1.1015928005169726 1.6173828406563415
0.32347891803442225 0.045893717412678704 0.19152060399531648 0.10540409276612199 0.03495732251818178 1.5227571471454462 1.6774552391326385 2.2094428981657117 1.8587965269689797 1.1360943067634368 2.0784283192569943 1.8956419283012564 2.049119064199158 1.9906958632349585 1.9132558104730029 2.1420137224597586 2.581150944799199 2.2250851464047585 1.9439496361480355 1.8132637780318188 1.8735556267801645 1.7593801564676725 2.2128272504897333 2.054373168236336 2.0887443339725955 4.751784542850855
0.2810948163757506 0.06130614819418083 0.18237897563286035 0.13558017648759238 0.032789268821245596 0.9221363521294202 1.2691918394057309 2.5962944663441028 1.6831741177286426 0.09317747389202716 2.165760059830412 1.7740377906122504 2.1147039058854693 1.9866765312914767 1.7818980021918576 2.300136324909207 3.260932631889978 2.5014780694344267 1.9031887529139027 1.5659407206486264 1.7043047690193869 1.4485057558937555 2.467618798837986 2.116156999034499 2.192527808759614 5.415196524702879
0.9787046189938835 0.04404052507996134 0.054114125834298234 0.10203777058040425 0.06301190158968828 0.8992778316627879 0.9541817837276716 1.1445658967424905 1.0186544318477968 0.761404255568835 1.097681114355186 1.031787971298571 1.0877142281165957 1.066748688850019 1.0399041846111765 1.1216464354453997 1.2787880340185918 1.1540455674209438 1.051944739880338 1.002774453245897 1.0240762645590786 0.9831295681647083 1.1456955697479847 1.0888840019189143 1.101592646038377 1.6173825203930137
0.35239498459105617 0.052966214479325646 0.1579031697705649 0.13854087455734865 0.04410130787497166 0.887949976033081 1.1737189913023205 2.288731620497743 1.525057869665102 0.22014624994731172 1.702931920205902 1.626888404710251 1.940935652503204 1.821640165901293 1.6421919024215952 2.1474238108915737 2.9766112543529473 2.3227685479845808 1.7563975941152157 1.4431894896513109 1.5658219949753895 1.3294603876595439 2.3006107659131536 1.976053340318935 2.0585132965121407 4.6710035586111065
0.9787041367748179 0.04404049903161293 0.054114177167129046 0.10203768259220534 0.06301190379088678 0.8992780782727676 0.9541820067056501 1.144566038834547 1.0186546274039343 0.7614045622154646 1.097681273811609 1.0317881625136711 1.0877143935166749 1.0667488639273741 1.0399043685752354 1.1216465863804852 1.278788118556057 1.1540457046467185 1.0519449219874335 1.0027746545843435 1.0240764570944068 0.9831297782588573 1.145695710753108 1.0888841671372782 1.1015928058368805 1.6173829069871655
0.3578654344727823 0.047900788135157475 0.17227442573438262 0.11231015204850912 0.03745373877181044 1.2009737260596323 1.3993103320840439 2.099209858068802 1.6405547286611555 0.7373928708948014 1.9255942833594015 1.6933951713614317 1.890904647562087 1.8163127800368104 1.7031636361025244 2.0105577104051156 2.5831496177504585 2.1322853155358086 1.7699569663475412 1.576604860194443 1.656627385710667 1.5043416556339506 2.10707236459094 1.9886990909101017 1.9422736605819724 4.476989381720542
0.9787043642639771 0.04404051105453984 0.05411415680494663 0.10203772426435671 0.06301190453427226 0.8992779439394158 0.9541818949835836 1.1445660041388124 1.0186545419587938 0.7614043704469032 1.0976812231200765 1.0317880806664044 1.0877143363534443 1.0667487974072307 1.0399042940705367 1.1216465431084817 1.278788138509578 1.1540456745595913 1.051944848812644 1.002774563601808 1.0240763744580794 0.9831296788961832 1.1456956771137867 1.0888841104347964 1.1015927541900843 1.6173827455098386
0.9787053379246559 0.044040026857715346 0.05411466283434243 0.1020360740726112 0.06301216445071428 0.8992772126781511 0.954181400622668 1.144566350223776 1.0186543299913806 0.7614030492227692 1.0976813378619046 1.031787944040718 1.0877144302276904 1.0667488086807986 1.0399041627836132 1.1216467879935186 1.2787890769668344 1.1540460615172279 1.0519448006433034 1.002774278265115 1.0240761856057088 0.9831293095192548 1.145696026370373 1.088884210125326 1.1015929095296855 1.617382523843805
0.9787044697515432 0.04404050958535295 0.05411415267513185 0.1020377173887651 0.06301190468666279 0.8992778996678088 0.9541818533737799 1.1445659717462 1.0186545034197976 0.7614043194333288 1.0976811885019355 1.031788042806567 1.0877143013366184 1.0667487613718818 1.0399042568102168 1.1216465097489403 1.2787881127298941 1.1540456427256771 1.051944811996308 1.002774524395458 1.0240763362725602 0.9831296387117411 1.1456956448291742 1.0888840753879216 1.1015927197868194 1.6173826665036712
0.9787044779257663 0.04404053004666687 0.054114129347565716 0.10203778923282114 0.06301189694567548 0.8992778875729385 0.9541818402456473 1.1445659551952374 1.0186544891158185 0.7614043101200301 1.097681172453864 1.0317880285102035 1.0877142858040307 1.0667487463029965 1.0399042418509337 1.121646493508865 1.278788093684906 1.1540456258851568 1.0519447972775866 1.0027745102568557 1.0240763217918498 0.9831296249922055 1.145695628188409 1.0888840598043195 1.1015927040076412 1.6173826297850253
0.4693616816003482 0.04961905809180412 0.13545406326605305 0.11873538028519065 0.04720188218073666 1.0566735653949024 1.2408472255425622 1.979788417262835 1.4879424138269548 0.1717862361359435 1.753211497981862 1.5155521238075342 1.7032638398868511 1.621693330707632 1.4550749742464597 1.867001797092411 2.339733123346873 1.9917306029976183 1.581084117424158 1.3901302978465548 1.466965694085038 1.307528636149765 1.98419331501488 1.8402569817199124 2.2731839091987665 4.08573350739796
0.9787042163331147 0.04404050307768695 0.054114172402203585 0.10203769758027384 0.06301190174021123 0.8992780265200295 0.954181968313731 1.144566045605966 1.0186546045092477 0.7614044763552081 1.0976812719373477 1.0317881411671537 1.087714387079399 1.066748851739706 1.0399043526165475 1.1216465881971798 1.2787881572076696 1.1540457142327814 1.0519449056586847 1.0027746286386747 1.0240764359451697 0.9831297472629845 1.1456957182254117 1.0888841610773508 1.1015928027249013 1.617382872939471
0.9787044615493357 0.04404050853887408 0.05411415293100144 0.1020377142959243 0.06301190592005043 0.8992779080663282 0.9541818572746402 1.1445659601500382 1.0186545020588087 0.7614043390580014 1.0976811806626527 1.0317880404131619 1.0877142943770741 1.066748756100604 1.0399042536720737 1.121646499990146 1.2787880901810156 1.154045630314911 1.0519448079088474 1.0027745243075756 1.0240763344466133 0.983129640227108 1.1456956331027988 1.088884068288862 1.10159271164097 1.617382668252394
0.9787044623735656 0.04404050809805903 0.05411415404780315 0.1020377127797593 0.06301190567274831 0.899277899326623 0.9541818524582854 1.144565968986179 1.0186545018560824 0.7614043206611668 1.0976811858937165 1.0317880413188023 1.0877142991081996 1.0667487594380465 1.039904254828582 1.1216465071576316 1.2787881086254418 1.1540456398071441 1.051944810255715 1.002774522917001 1.0240763346096133 0.9831296374591976 1.1456956420021727 1.0888840731200502 1.1015927174056552 1.617382667925223
0.9787043449879035 0.04404047177011774 0.05411419811024848 0.10203758839900602 0.06301192272500591 0.8992779522282612 0.9541819030336717 1.1445660114771314 1.01865454976199 0.7614043793327502 1.0976812305626937 1.031788088466957 1.0877143439086407 1.0667488050699918 1.0399043018836824 1.1216465506029842 1.2787881452938101 1.1540456819063791 1.0519448564411629 1.0027745715176628 1.0240763822577916 0.9831296868276281 1.145695684400444 1.0888841179125612 1.101592761595569 1.6173827833307468
0.9787044770609543 0.044040458623364 0.05411421139145833 0.10203754417934341 0.0630119309437847 0.8992778442410324 0.9541818273340705 1.1445660500236157 1.0186545124952338 0.7614041909322455 1.0976812379773397 1.0317880612327597 1.0877143481687122 1.0667487979886145 1.0399042755246073 1.121646575277647 1.2787882643887596 1.1540457259313592 1.0519448413692514 1.0027745241831387 1.0240763480582846 0.9831296281201647 1.1456957234320302 1.0888841230353214 1.1015927743338698 1.617382703862453
0.9787045036675912 0.04404053074402457 0.0541141278854876 0.10203779178790409 0.06301189697970476 0.8992778801394424 0.9541818331847831 1.1445659494490572 1.0186544824696113 0.7614043016968051 1.097681166353805 1.031788021980424 1.0877142796836008 1.0667487400524434 1.0399042353967598 1.1216464876369505 1.2787880889158283 1.1540456202258573 1.0519447909207387 1.0027745035316422 1.0240763152132886 0.9831296181335963 1.145695622473587 1.0888840536888738 1.1015926979837052 1.6173826175564934
0.9787046876307371 0.0440405330182019 0.05411411619899296 0.10203779810295165 0.06301189818344259 0.8992778115364572 0.9541817660134422 1.1445658872981903 1.0186544168955145 0.7614042292854742 1.0976811029733604 1.0317879569255415 1.0877142162731517 1.0667486761277731 1.0399041707105954 1.1216464251283413 1.2787880305816632 1.154045558508754 1.0519447264425452 1.0027744377164753 1.0240762499541287 0.9831295517719519 1.1456955604625134 1.0888839901462795 1.101592634810356 1.617382487038684
0.9787045729743866 0.044040519377766374 0.05411413388815699 0.10203775259439168 0.0630119039828002 0.899277868701994 0.954181814624947 1.1445659070020386 1.018654455620408 0.7614043083844928 1.0976811281323264 1.0317879946260442 1.087714244333013 1.066748707888583 1.0399042048933815 1.1216464479560526 1.2787880297328227 1.1540455763598307 1.0519447608537797 1.0027744783368173 1.02407628750561 0.9831295956123309 1.1456955796823742 1.088884018013871 1.1015926608167654 1.617382564390253
0.9787044960302608 0.04404051756136062 0.054114143083853296 0.10203774612046144 0.06301190253077867 0.8992778853574727 0.9541818401397922 1.1445659624111588 1.0186544914565676 0.7614043026155494 1.097681177773104 1.0317880314102925 1.0877142908266586 1.0667487505743267 1.039904245036824 1.1216464999058422 1.278788106132849 1.1540456335278977 1.0519448009909749 1.0027745120334675 1.0240763243951216 0.9831296260107093 1.1456956354759882 1.0888840648991138 1.1015927095709552 1.6173826413047683
0.9787045294916846 0.044040526956464564 0.05411413002728042 0.10203777946652755 0.06301189938230502 0.8992778797489421 0.9541818299115591 1.1445659362143674 1.0186544757962377 0.7614043084199711 1.0976811556010408 1.031788014622655 1.0877142694509039 1.066748730891477 1.0399042277340937 1.12164647564674 1.2787880686620297 1.154045606525863 1.0519447824495105 1.0027744977517552 1.024076308295175 0.9831296133520943 1.14569560918481 1.0888840433573648 1.1015926870118968 1.6173826054132534
0.9787043919565331 0.04404050656101386 0.054114158620070414 0.10203770869369301 0.06301190572659315 0.8992779605807023 0.9541819009105845 1.1445659728752446 1.0186545353191065 0.7614044136093278 1.0976812016051158 1.0317880711288896 1.087714316335667 1.0667487812452783 1.039904283759356 1.1216465164726037 1.2787880810961592 1.154045641629906 1.051944835331348 1.0027745602205087 1.024076366854206 0.9831296792555059 1.1456956456762837 1.0888840901152939 1.101592731347011 1.6173827386486006
0.9787046347609386 0.0440405087019645 0.05411414384803713 0.10203771635845156 0.063011910650124 0.8992778323133178 0.9541817870052951 1.144565909109828 1.0186544381763203 0.7614042496624763 1.097681124346561 1.031787978359181 1.0877142377551718 1.0667486976047544 1.0399041919007723 1.1216464468189244 1.2787880528628033 1.1540455803217584 1.0519447478505661 1.002774458855432 1.0240762711946878 0.9831295728283684 1.14569558222853 1.088884011650653 1.101592656382847 1.6173825402171467
0.978708699505575 0.04403639040916168 0.05411897410119492 0.1020237196358736 0.06301407911025263 0.8992673463802632 0.9541756310341927 1.1445750345324621 1.0186534375982628 0.7613829786535191 1.0976861537204958 1.0317882677334609 1.0877187712910972 1.0667516895741 1.0399046777284886 1.1216537139181149 1.278807934296603 1.154055440302682 1.0519466552112273 1.0027721164197068 1.024075677208743 0.9831256971276777 1.1457047719816005 1.0888886622892777 1.101598320988152 1.617382016626076
0.978704646556368 0.04404053011967253 0.05411411809501584 0.10203778822924447 0.06301189946309302 0.8992778422981467 0.954181786021522 1.1445658708691657 1.018654424421426 0.7614042874560925 1.0976810936969377 1.0317879631139724 1.0877142105516262 1.0667486749982926 1.0399041727804097 1.12164641277269 1.278787988438784 1.154045539866195 1.0519447285099877 1.0027744477566463 1.024076256113179 0.9831295658521693 1.145695543508446 1.0888839840928821 1.1015926263961893 1.6173824983014053
0.9787047514501627 0.044040532839427014 0.05411411177201957 0.10203779749009546 0.06301189962848583 0.899277783967206 0.9541817379993343 1.1445658578558655 1.018654388358344 0.7614042028302686 1.0976810737473344 1.031787928413951 1.0877141873351346 1.0667486473824552 1.0399041420712785 1.1216463959132397 1.2787880001672294 1.1540455290066853 1.051944697769882 1.0027744093159134 1.0240762213966133 0.9831295235173343 1.1456955310017682 1.0888839611090615 1.101592605710753 1.6173824302695745
0.9787045210894658 0.04404053709756198 0.05411412080017504 0.1020378141799671 0.06301189314477036 0.8992778782997056 0.9541818303529589 1.1445659429877415 1.0186544784407139 0.7614043021409099 1.0976811611926838 1.0317880174686083 1.0877142743646797 1.0667487350231368 1.039904231195173 1.1216464817020098 1.2787880799663438 1.1540456136882942 1.0519447859938331 1.002774499911178 1.0240763111519418 0.9831296148314967 1.1456956160817602 1.0888840483560955 1.101592692400951 1.6173826107464835
0.9787044975164042 0.04404052973186604 0.05411412973684797 0.10203778664235158 0.06301189432315717 0.8992778811994827 0.9541818356241958 1.1445659568629303 1.0186544865908207 0.7614042992131378 1.0976811724611863 1.0317880265096078 1.087714285587804 1.0667487454449176 1.03990424000432 1.1216464944382682 1.278788099819257 1.1540456278797309 1.0519447959640498 1.0027745072199326 1.0240763194720925 0.9831296213237602 1.145695629902568 1.0888840596444231 1.1015927042620235 1.6173826245421044
0.9787044077595621 0.04404051991553947 0.05411414490822454 0.10203775354635 0.06301189857850899 0.8992779234045432 0.9541818750879256 1.1445659865732074 1.0186545228194197 0.7614043482936973 1.097681204866975 1.031788061799864 1.0877143181351543 1.0667487789750518 1.0399042751867895 1.1216465252778536 1.2787881226086781 1.154045657100299 1.0519448302058323 1.002774544259196 1.0240763553934984 0.9831296593327066 1.1456956595616226 1.088884092193546 1.101592736130697 1.6173827030531438
0.9787044096325709 0.04404051109776286 0.05411415064434243 0.10203772275297705 0.06301190309811452 0.899277939835076 0.9541818811457077 1.144565957515992 1.018654516809032 0.7614043911509945 1.097681182613291 1.03178805453911 1.0877142994311504 1.0667487646892535 1.0399042640457332 1.1216465001992102 1.2787880687284259 1.15404562593277 1.051944818961994 1.0027745407387867 1.0240763480987392 0.9831296596788561 1.145695629987778 1.0888840731222111 1.1015927148145483 1.6173826873707717
0.9787045868684066 0.04404052096470641 0.054114133829011896 0.10203775718799395 0.06301190254889993 0.8992778514749488 0.9541818049051237 1.144565922601096 1.0186544546119198 0.7614042720221645 1.0976811390538705 1.0317879943579582 1.0877142525039016 1.0667487127675694 1.0399042078482892 1.1216464607297278 1.2787880631743307 1.1540455935248977 1.0519447634645878 1.0027744756322348 1.024076287476952 0.9831295900783178 1.1456955956563102 1.0888840264253423 1.101592670833474 1.6173825668245292
0.9787045132943664 0.04404048206602536 0.05411417500164572 0.10203762697277115 0.06301192020780658 0.8992779285707518 0.9541818623375793 1.1445659130307404 1.0186544891421268 0.761404398840149 1.097681143534145 1.0317880258293108 1.0877142626818017 1.0667487311201258 1.0399042332334012 1.1216464589718287 1.2787880062235124 1.154045580214852 1.051944787126985 1.0027745152479535 1.0240763197745524 0.9831296368572399 1.1456955852986466 1.0888840360674894 1.1015926760865553 1.617382655434477
0.978704576842408 0.04404052959949309 0.05411412538562366 0.10203778782259289 0.06301189771996032 0.8992778537882458 0.9541818072000099 1.1445659246606112 1.0186544568723044 0.7614042742502964 1.0976811414962335 1.0317879964011134 1.0877142546524372 1.0667487148419983 1.0399042101879346 1.1216464628468312 1.2787880650922423 1.1540455956208349 1.0519447654563854 1.002774477953168 1.0240762897530715 0.9831295923878467 1.1456955977739876 1.0888840286050405 1.101592672987205 1.6173825708465008
0.9787044850002632 0.04404051104467479 0.05411415089028073 0.10203772412226861 0.06301190517240404 0.8992778945611954 0.9541818486796542 1.144565968788015 1.0186544992681668 0.7614043133177747 1.0976811847329755 1.0317880390440493 1.087714297840282 1.0667487578169044 1.0399042526634719 1.1216465065553676 1.278788110970317 1.1540456398118626 1.0519448083711473 1.0027745200578628 1.0240763321615414 0.9831296342373964 1.1456956418460265 1.0888840719080706 1.1015927164268764 1.6173826615534468
0.9787049025746765 0.044040523180857064 0.054114113995266104 0.10203776639438525 0.0630119095057602 0.8992777135747292 0.954181673608353 1.1445658150255362 1.0186543311209713 0.7614041174285955 1.0976810248139202 1.0317878733120993 1.0877141381822908 1.0667485961141854 1.0399040871411602 1.1216463505812542 1.2787879725517186 1.1540454872550006 1.0519446449620913 1.0027743502822257 1.02407616484403 0.9831294623326212 1.1456954882465071 1.0888839119571394 1.1015925580375854 1.6173823232294844
0.9787043752705284 0.0440405274104986 0.05411413971433109 0.10203778136518384 0.06301189534375708 0.899277941474853 0.9541818928616823 1.1445660031188565 1.0186545402130527 0.7614043670772056 1.097681221924347 1.0317880789219351 1.0877143349999308 1.0667487958955617 1.039904292496201 1.1216465419511883 1.2787881382712096 1.1540456736013314 1.0519448472134694 1.0027745617808626 1.0240763727579274 0.9831296769600746 1.1456956761403725 1.0888841091365713 1.1015927529819094 1.6173827338520643
0.9787046371430665 0.04404052893474906 0.054114122155501605 0.10203778684305564 0.06301190186232657 0.8992778374517337 0.954181788312693 1.144565897186647 1.0186544349956554 0.7614042643165573 1.0976811157872821 1.0317879741654452 1.0877142297755102 1.0667486909764468 1.0399041873730026 1.1216464364240324 1.2787880315190987 1.1540455676867065 1.051944742293183 1.0027744567993344 1.0240762676538033 0.983129572143937 1.1456955702003715 1.088884003597483 1.101592647462453 1.6173825255465277
0.978704584132654 0.04404051761787752 0.054114136676921706 0.10203774489136067 0.06301190501324606 0.8992778485768858 0.9541818018112167 1.144565918844528 1.01865445130687 0.7614042696043771 1.097681135454481 1.0317879910186714 1.0877142489659233 1.0667487092765904 1.0399042044709788 1.1216464570540552 1.2787880589492755 1.154045589728483 1.0519447600355945 1.0027744723628735 1.024076284128292 0.983129586866871 1.1456955918846239 1.088884022847497 1.1015926672184717 1.6173825604973706
