0.8622325735659693 0.006844995836349737 0.14837399669008983 0.011211005833476638 0.125640460289367 2.1311035179501356 1.174900335273226 2.3205927236034345 1.1873626048008505 1.5063429394474082 2.159731003455966 2.092985287898284 0.8486511836672997 1.912061582865391 2.5631204821966405 3.2124044761157435 1.7478718615660986 1.8564314520346392 1.5481757543758188 2.0718279934121875 10.5072284007335
1.6082317038870904 0.017727385741771365 0.0841707930244697 0.04405102104700901 0.15962749104445167 1.7064432149518556 0.8879493679197059 1.4893310699301514 0.6545416624150713 1.1416049490733389 1.6816138142599786 1.754233781833965 0.5460175305636521 1.425676769864449 2.096255864935005 2.9842113769183296 1.3443105862084455 1.2840131364257426 1.1555361541770757 1.7599996731713772 6.0528922001489045
1.7282554064456295 0.010110120679104797 0.11939351518067712 0.023021490906086142 0.14761450022715986 1.9012801239858013 0.9753499951673583 1.469218686051229 0.7062147096768052 1.139337270898744 1.8459135189252927 1.8209352798845608 0.614360530596191 1.672919118072295 2.4419854925267668 2.8772002863241677 1.49734828144377 1.5791651429176916 1.1300404422632773 2.08493281076958 8.19723280533783
2.7545575272406486 0.028480264054434802 0.06501668657608595 0.051121145442702715 0.07871489849767904 2.0954314407557373 1.0144305728077012 1.327167247809282 0.7404880842047972 0.9290293824417146 1.922690553972539 1.7020549042419366 0.6197114141730582 1.5579671720474715 3.1331060968100592 2.9852533408528434 1.302674641652109 1.621161024363801 1.2354163547168626 1.3735145573527952 7.55518609178967
0.48398180054120926 0.026874712479687136 0.0681383948553388 0.0645480150817541 0.11794427229498762 2.136892966182551 1.6872092083854777 2.0261847256629846 1.5812952801962727 1.9319976947928332 2.1889791687806994 2.1648585361224417 1.6311455328162396 2.051389152081753 2.4581724538548593 2.648620714297282 2.003060241090766 2.096694088337764 1.885182522627937 2.200866826491529 4.56517921835953
2.0037538238881827 0.03319769000562358 0.004464177481331299 0.09093898910807069 0.1905691705000057 1.3041825918561345 1.0798763505751185 1.2084502480241828 1.0211109835625716 1.128077102248692 1.3164387748774962 1.3023473698407924 0.9897925826187649 1.2410636075270627 1.4233003128392892 1.5490318472857536 1.2119639501301591 1.2369778630787094 1.1295297776913937 1.288794645338503 0.5468971181163137
0.23699374797701103 0.059231378279707175 0.1716809297180033 0.18910775820191647 0.15638477610999818 2.107757103628718 0.5100217817839146 1.4857906941292176 0.5676802671987187 1.0183220096709458 2.191450090439588 2.0785751145303726 0.5692309705103328 1.7673204153808273 3.1595315805221826 3.881700894619011 1.3296837448022667 1.6402669200876354 0.6928786184268678 2.0400046516712926 26.465549407046407
1.2015259917619632 0.02133682558108907 0.052963072132912806 0.06366618567994405 0.14760347203848623 1.3736380806364168 0.9714666816338465 1.4613060754239697 0.8332619616349501 1.1708078884695126 1.796936389850799 1.7272827494991145 0.7417944868021837 1.5806068899986012 2.3071386006455925 2.8729225421707985 1.5143080984246895 1.5856236632918723 1.2000533932097452 1.7685072147553456 3.589226104613149
0.9575590043776413 0.023205610872387105 0.12308131588556939 0.046318467130543356 0.12132981208268886 2.138345778440392 1.3382114097454445 1.737752274213199 1.1130009356280024 1.5242097230495866 2.1200462160089932 2.040906640411307 0.9175286617351477 1.907893134915484 2.4589756097341824 3.034569886709409 1.7386416538068843 1.8121652991884576 1.5166794304368914 2.0788786731287647 9.466150494109607
1.049743715969168 0.001411446058290743 0.12864172363342385 0.004868932459877214 0.14502337003075008 1.9326785088596812 1.226325973340681 1.6442115802131307 1.0918011468649806 1.3979631635707244 1.9635848918123804 1.9126525564308587 0.9912380659511622 1.751463599744996 2.2980947088017514 2.685393430639701 1.6473616945127587 1.7240381005638559 1.3803634809201788 2.197346771567042 7.592848551801567
1.633478437206555 0.03457464330376994 0.10079286632834798 0.13744416386342675 0.15926690259551954 1.904592784120083 0.9894199166364845 1.7854232631098668 0.517443500107336 1.1624152941915682 1.9572267304716369 1.7298687801653128 0.666441468262676 1.5833809061761097 2.0423706876993286 3.628858749711973 1.4585166189783314 1.6766782995161869 1.3571637119968494 2.567886771252855 12.974634244694194
2.295350590848141 0.022114288140772504 0.05304674447931275 0.057282458986739185 0.15342047246033974 1.9006244158122039 0.8325200341889921 1.3807558327038703 0.5826318937491919 1.0470822586118695 1.7438601986768865 1.6941906250172116 0.5178878734497068 1.5404124497978897 2.32425467552225 2.244249263000536 1.4192224034548253 1.5381845643082872 1.0765569082972466 1.7803507968357726 3.270767804511698
2.0037513921424086 0.033195413183977625 0.004466578001665821 0.09093290315838785 0.19056991733832462 1.3041837468791284 1.0798766268841848 1.208451046300696 1.0211110181970826 1.1280775500939801 1.31643995417315 1.302348515966321 0.9897924981895551 1.2410645893875312 1.4233019184885147 1.5490339243374929 1.211964747351651 1.2369787588196437 1.1295302502670537 1.2887957434621349 0.5468974709072162
2.003728288356276 0.03320890113949922 0.004452521619552165 0.09096894053940949 0.1905646997636116 1.3041795774348643 1.0798816814034409 1.2084506543771112 1.0211187149110772 1.1280808677430634 1.3164354654230326 1.3023443680526323 0.9898013169951058 1.241062229062182 1.4232929782092831 1.549020123800004 1.211964370874007 1.2369773487485676 1.1295332296117981 1.2887921618909828 0.546897703581139
0.5122479815521418 0.001285936953113567 0.08790757841524152 0.004034695846036067 0.12806917848100707 2.2111543741313526 1.4315266058132026 1.8561482639356115 1.314168095875245 1.671653999225941 2.245612751798954 2.2011639888712686 1.2260467738983172 1.948659179323884 2.4885669794908276 3.140399035347044 1.8901374215626958 1.9578880752920151 1.6563472586933554 2.172215980293746 4.781088683231299
1.4391377402329237 0.04087219083394152 0.084043802922377 0.15663329287994282 0.1511508793295598 1.8843713349831446 1.2309214096700982 1.5481487977335526 0.9670758600397082 1.2350059883390474 1.7582676947270952 1.7914425658041946 0.2868606174321233 2.113160337755314 1.9687944630283702 3.5670669285212284 1.524659132188422 1.595917988312489 1.1362376927811426 0.9019020940869225 12.890187585654962
2.0037789801481347 0.033183753503161655 0.004478661278490548 0.0909018954720832 0.19057477015425056 1.3041865087506606 1.079871036674633 1.2084503749703668 1.021103028965668 1.128073532312687 1.316443018946185 1.302351265671728 0.9897835151551715 1.2410656901342758 1.4233090238312858 1.5490454306730843 1.2119640734075758 1.2369790194604624 1.1295265463979836 1.2887979769333222 0.5468967819367194
2.0037135806893063 0.03321404836197931 0.004447166912058447 0.09098275850565792 0.19056266745862624 1.3041782805028603 1.079884694266533 1.2084511173909285 1.0211229796643262 1.1280830830868323 1.3164340187108103 1.302343072548848 0.9898060986562378 1.2410617496510228 1.4232894598743187 1.5490143545041872 1.2119648518875277 1.2369773460788402 1.129535273527875 1.2887911390319937 0.5468981588249543
2.00385553617657 0.03312077810684198 0.004544072725745019 0.09073521778730018 0.19060042269523353 1.3042054638046812 1.0798537170765328 1.2084543293727519 1.0210755223806658 1.1280632374586819 1.316463306768015 1.3023700613281222 0.9897516146560311 1.241076997336688 1.4233469624736812 1.5491027567592246 1.211968178337167 1.2369871738147962 1.129517427104314 1.2888146298652854 0.5468977490950627
0.6681186728591822 0.038932162791484606 0.047715142033665725 0.09030347884286394 0.11006621350164655 2.3296529236697268 1.1666279608209986 1.771783464689989 1.1418379676591335 1.5008954334124383 2.491197286718832 2.1307458647763657 0.5949249097214829 1.7426018805891854 2.7394551823469575 2.3294146947583507 1.593894126863334 1.727968718870327 1.1698081087061554 1.994496766884457 5.702136787685454
0.24337981100205552 0.07029565032136295 0.13558833219937538 0.19718016671699634 0.12314067370924013 2.20652387742463 1.2216807247887487 2.230889785561958 1.3079654311218032 1.6527262442284703 2.347754207857542 2.1506781513149935 0.6284413927072384 1.7098292609188148 2.65442728621559 3.929471230207126 1.98192008631648 2.429765377375034 1.090254245868116 2.3989682069152485 22.800577682368683
2.0037163726133294 0.033212944180226876 0.004448318558107705 0.09097978842200173 0.19056308830691482 1.3041785972733868 1.0798841021184031 1.208451063265787 1.0211221242522834 1.1280826595953846 1.3164343666843457 1.3023433885552576 0.989805133272686 1.2410618935836433 1.4232902443295516 1.5490156143056824 1.211964793837892 1.2369773900925796 1.1295348853156273 1.288791397769746 0.5468980854372226
2.0037683059431446 0.0331897073479123 0.004472477626423692 0.0909177217333032 0.1905723556243926 1.3041848547681196 1.0798733031095742 1.2084503343452717 1.0211064123195384 1.1280750535571338 1.3164412236902663 1.3023496220637918 0.9897873702641706 1.2410648291789048 1.4233053296281766 1.5490396607601955 1.211964029462613 1.2369785370188744 1.1295279281013662 1.2887965718373144 0.5468969153741631
2.003759891887235 0.03319466284311311 0.004467324272960025 0.09093091510487031 0.19057038077750807 1.3041834118001623 1.0798751120736616 1.2084502269183515 1.0211091495709554 1.1280762465703973 1.3164396656227177 1.3023481875076626 0.9897905007055878 1.2410640357079301 1.4233021980013483 1.5490348104620155 1.2119639224933725 1.2369780661003145 1.1295290038050418 1.2887953354557022 0.5468969994514815
2.003863464093197 0.033113528361477795 0.004551596183704064 0.0907160781366552 0.19060341122038935 1.3042076147320218 1.0798519241839348 1.2084548456424846 1.0210726275360626 1.128062213646241 1.316465604273668 1.3023721926972458 0.9897482436505864 1.241078302121475 1.4233511838853763 1.5491090937480962 1.2119687167194593 1.2369881520277262 1.1295165273587489 1.288816531309933 0.5468979310941064
2.0037340719714303 0.03320663712484822 0.004454875776703352 0.09096287885476748 0.190565599035918 1.3041801640131736 1.0798804880473862 1.2084505124311806 1.0211170074561282 1.1280800063660794 1.3164361144891221 1.3023449528951032 0.9897993959731716 1.24106247148401 1.423294484419242 1.5490225633293562 1.2119642240666098 1.2369774015173698 1.1295324367397903 1.288792635171103 0.5468975471948421
2.003801566280175 0.03316261736325001 0.004500654599937081 0.09084584598801491 0.1905831816342148 1.304193353085964 1.079865615545616 1.208452150788236 1.0210941701281229 1.128070489887278 1.316450309373688 1.3023580514691329 0.9897731581827013 1.24106994755154 1.4233222745437317 1.5490652415732995 1.2119658972865253 1.236982213201022 1.1295238922477016 1.2888040387829778 0.5468972964073926
2.003804208340138 0.03316328970066404 0.004499940593988361 0.09084762437619354 0.19058298159510836 1.3041928794352637 1.0798652262892243 1.208451715393566 1.021093791916235 1.128070074174391 1.3164498328541416 1.3023575843985618 0.9897727965403491 1.2410695133391352 1.4233217543189605 1.5490646617050547 1.2119654545776322 1.236981761342075 1.1295234852079648 1.2888035719422233 0.5468970607823018
2.0037092218049546 0.033215224491160746 0.00444594549702617 0.09098592444258331 0.19056219258460358 1.304178040648832 1.0798855570231034 1.2084513267404533 1.0211241658234507 1.1280837444105787 1.3164337406722986 1.3023428315882157 0.989807415947772 1.2410617130275619 1.4232886528083462 1.5490129752661015 1.2119650677918241 1.236977438131789 1.1295358882511173 1.2887909690215893 0.5468983265768809
2.0039121411062433 0.03308332511534937 0.004582855264335307 0.09063634748511859 0.19061617081768925 1.3042151529224915 1.0798419803501524 1.2084551556624306 1.0210577420524587 1.1280556337544032 1.3164737890270841 1.3023796708985422 0.9897312864030657 1.2410821826840186 1.4233678852739156 1.5491351078059068 1.2119690893012365 1.236990476029313 1.1295105487528552 1.2888229714286636 0.5468977293374562
2.003717019667931 0.03321254055198614 0.004448741271748434 0.0909787029562264 0.1905632343379405 1.3041787424190165 1.0798839522292112 1.2084510880950796 1.0211218895647074 1.1280825648641 1.316434521668026 1.302343533030432 0.9898048621492818 1.2410619823251916 1.423290541072595 1.5490160659480334 1.2119648175396665 1.236977446923224 1.1295348015150848 1.2887915239895014 0.5468980821853563
2.0037173076422823 0.03321272447033255 0.00444854615947744 0.09097919809222904 0.19056318155408525 1.304178632177128 1.0798839235411577 1.20845101160306 1.0211218821045673 1.128082519202145 1.3164344088688622 1.302343424062397 0.9898048657986612 1.241061891359543 1.4232903889606356 1.5490158685394504 1.2119647403173934 1.2369773605455336 1.129534754947541 1.28879141932812 0.5468980442407054
2.0037712452956504 0.0331888953105703 0.004473311810401045 0.0909155837465728 0.1905727348990697 1.3041849910053394 1.0798726593803818 1.2084501410787658 1.0211055548960346 1.1280745669338264 1.316441394346339 1.3023497542624132 0.9897864222669316 1.2410647753555133 1.423305878627305 1.5490406354233357 1.2119638468009977 1.2369784411537934 1.1295274596519127 1.2887966569813114 0.5468968241663184
2.0037407861716563 0.033203641514726545 0.00445799210162413 0.09095486980535318 0.1905667836818778 1.3041809908147124 1.0798790733033559 1.2084504206746722 1.0211149481565982 1.128079012174468 1.3164370203051818 1.3023457761146033 0.989797066752498 1.2410628588339685 1.4232964708952434 1.5490257287819622 1.211964128162914 1.236977556823612 1.1295315263381376 1.288793319186911 0.5468973985423785
2.0039058102500404 0.0330866529236438 0.00457941617973933 0.09064514398988738 0.19061476380265333 1.3042144225433117 1.0798432119333536 1.208455233239427 1.0210595334930914 1.1280564923191816 1.3164729881039068 1.302378945347928 0.9897333071537228 1.2410818516383257 1.4233661300420055 1.5491323141595161 1.2119691649325974 1.2369903323100315 1.1295113351363364 1.2888223635182574 0.546897810587619
2.0038720625907644 0.03310549498449922 0.004559931862296081 0.09069488351479656 0.19060673833797748 1.30421000410208 1.0798499570481401 1.2084554270906134 1.0210694460728134 1.12806109877685 1.3164681569341732 1.302374559675131 0.9897445356003506 1.2410797500242463 1.423355862882476 1.5491161130502766 1.2119693256678765 1.236989246633968 1.1295155470332132 1.2888186448691141 0.5468981480825791
2.0038100360845017 0.03316217061425159 0.004501082895116199 0.09084464398949288 0.19058350839507476 1.3041928365230215 1.0798642279529056 1.2084512855194334 1.0210925043655417 1.1280692435243993 1.3164498226178831 1.302357546377403 0.9897714032348385 1.241069308436788 1.4233222051448016 1.5490655993934854 1.2119650148579084 1.2369814288844616 1.1295227046043943 1.2888034709233043 0.5468967857630062
2.003852168008208 0.03312442065947604 0.004540289386285487 0.09074483180064737 0.19059892789579788 1.3042043206981015 1.0798545355179603 1.208454000854973 1.0210768855736254 1.1280636705733285 1.3164620900127368 1.3023689292405383 0.9897532166662074 1.241076281400747 1.4233447883232613 1.5490995267107248 1.211967836362992 1.236986613198291 1.1295178016559677 1.2888136113771615 0.5468976203024839
2.003725791598209 0.03320978401761635 0.004451604020278281 0.09097130660057498 0.19056434695888463 1.3041793616688655 1.0798821863049828 1.208450733312672 1.0211194287447856 1.128081238901902 1.3164352244581377 1.3023441526369213 0.9898021170192088 1.241062151028489 1.4232923904559713 1.549019159177308 1.2119644522582338 1.2369773492993636 1.1295335723132194 1.2887919919296054 0.5468977795161492
2.003799147160959 0.03317280377122325 0.004490017784759344 0.09087286474033829 0.19057930748093446 1.3041894503801925 1.0798667165551497 1.208450314450174 1.021096654861925 1.1280706076728133 1.3164462319307546 1.302354183786434 0.9897762712806693 1.2410671114341678 1.423315759821322 1.5490560338701367 1.2119640364911628 1.236979793672247 1.1295238658722941 1.2888004563098594 0.5468965248995942
3.8033000056825266 0.01347172380183795 0.06451419467315946 0.033034628096772295 0.1700341256509912 1.5830735186171812 0.6872405480528154 1.16836650570888 0.48072828984464683 0.9086198819767275 1.5569348251656192 1.5355786934594566 0.3938082516618575 2.199959796187292 2.055888985371004 2.1778718060086395 1.258100209585473 1.3474501466488629 0.9294477940517907 1.5432916399502337 4.064674239864795
2.0037684529312894 0.033188409168811155 0.0044738371549716775 0.0909142635888083 0.19057282803731868 1.3041853866879638 1.0798731878078256 1.2084506010204836 1.021106116158545 1.1280750634529548 1.31644177681691 1.30235014989014 0.989786991856124 1.241065229738572 1.4233061967459635 1.5490408733784673 1.2119642967364186 1.2369788767257572 1.1295279582461966 1.2887970622871159 0.5468970212858807
2.003837259633306 0.03314759749434405 0.004516170334908904 0.0908061477331383 0.19058971782712877 1.3041965370564108 1.0798584595948066 1.2084510561926602 1.0210840718997727 1.128065309712378 1.3164538873046505 1.3023612126305377 0.9897618435503217 1.2410709771547495 1.4233308745248465 1.5490793331490766 1.211964836251556 1.2369823061849146 1.1295190789164442 1.2888065693558834 0.5468964459995296
1.0734355352711027 0.020182034373219887 0.1093548548005167 0.050613950933295876 0.14171686153251617 1.9346200201924528 1.2028488689816788 1.6321528957844835 1.0251096577149517 1.3693922343785405 1.954961457274562 1.9037549526423123 0.9056438801377359 1.7429692667477408 2.3160173139469906 2.7280747280306543 1.634851779856741 1.7166283339912307 1.9198976899085967 1.8840621141091527 7.92480022532763
2.0038956530566296 0.03309646958484197 0.004569232056799032 0.0906710173481952 0.19061067873906107 1.304211504090916 1.0798455435862488 1.2084544957318983 1.0210633257686497 1.1280577942120324 1.3164698715302057 1.3023760548786125 0.989737733732437 1.241080075678023 1.423360448901728 1.5491238084927619 1.2119683910259094 1.2369889733387733 1.1295124769240978 1.288819777132718 0.5468975102514337
2.0037910574963083 0.03317730852925223 0.004485344088791223 0.09088481978107199 0.19057745497920217 1.3041882545519015 1.0798683908216886 1.2084502985840626 1.021099149743565 1.128071738764401 1.3164449330956982 1.3023529944976722 0.9897791102302338 1.2410664897772163 1.4233130690759392 1.549051826604601 1.211964019678901 1.2369794559356022 1.1295248910740758 1.2887994415422206 0.5468966342190356
2.0037269756950127 0.03321094760962113 0.004450372511669661 0.0909744321673687 0.19056398539255012 1.3041787144202241 1.0798821123225644 1.2084503208249882 1.021119510595725 1.128081051032243 1.316434559567835 1.3023435113840502 0.9898022760618717 1.2410616250225475 1.4232914494353641 1.5490179081256112 1.2119640386241302 1.236976871382713 1.1295333712854592 1.2887913827741366 0.5468975943412248
0.6476298146888044 0.03891977132319144 0.08801531748353435 0.0966833369403535 0.11239335243700183 2.1720959633685637 2.1274517881483854 1.9350075787484358 1.2355395166036367 1.7386790137432828 2.251180565038922 2.2376813103704096 1.0368257096935234 1.8709712438048522 2.7058698300950743 2.8013032558846773 1.8699526139719695 1.884434495348825 1.779929383255606 2.12989245665307 8.400119403181465
2.0038329070621397 0.03314254379606046 0.004521470381942612 0.09079270429104067 0.1905914894655669 1.3041987864127393 1.0798590205991838 1.2084526208135808 1.021084166921959 1.1280661993891046 1.316456182016359 1.3023634456202255 0.9897617135366183 1.2410729011456885 1.4233339952121393 1.5490833560726345 1.2119663981569717 1.2369840576034021 1.1295200197007191 1.288808712821257 0.5468971485884035
2.0037350391682693 0.03320583932010928 0.004455709903586077 0.0909607435971274 0.19056589387947415 1.3041804519279159 1.0798802491787638 1.2084505842683269 1.0211166193063634 1.128079867939339 1.3164364205387216 1.3023452387790726 0.989798942799684 1.2410626533277278 1.4232950445402301 1.5490234027736671 1.2119642957222865 1.2369775322144478 1.129532315965402 1.2887928891998 0.5468975610047146
2.003746270191056 0.033202778223343436 0.004458872884749552 0.09095256744516704 0.19056720755327206 1.3041809478050645 1.0798780691678351 1.2084499843584704 1.021113658691689 1.128078181835616 1.3164370131280179 1.3023457363823931 0.9897956683846398 1.2410626377690959 1.4232969264876316 1.5490266809833015 1.2119636870435733 1.2369772234620708 1.129530739981575 1.2887932162994475 0.546897128002054
2.0038544323808685 0.03312398978363668 0.004540728342177178 0.09074368876450019 0.19059913467310896 1.30420429982664 1.0798541414703544 1.2084538277675851 1.021076380115927 1.128063343483713 1.3164620825233035 1.302368909797306 0.9897526701098465 1.241076192848098 1.4233449611338929 1.549099891594491 1.2119676607936578 1.2369864794631122 1.1295174926437037 1.2888135676613686 0.5468975166963924
2.003808082635851 0.03315869174007713 0.004504726086612002 0.09083543564778199 0.19058479588955474 1.3041943867395192 1.079864290521896 1.2084522155190143 1.0210921703791724 1.1280696107632209 1.316451426522095 1.302359079685887 0.9897708760142215 1.2410705129769761 1.42332453710256 1.5490687493529651 1.2119659621760948 1.2369825418724656 1.129523101256564 1.2888049242887702 0.546897233676047
2.0038380704125545 0.03313273128489553 0.004531684699131984 0.09076678212105675 0.19059540280374912 1.3042022119447414 1.0798574533433172 1.2084539702830839 1.0210812271366665 1.1280656236653752 1.3164597936301958 1.302366835999991 0.9897581573764721 1.2410752183178804 1.4233400451093614 1.5490921087745095 1.211967788341492 1.2369860041325396 1.1295195800915327 1.2888118190317652 0.5468977445906837
2.003872116013761 0.03312182590951747 0.004542899131041873 0.09073807758644675 0.19060044334827209 1.304203833065908 1.079850847865842 1.2084521771057835 1.0210722746437368 1.1280605891183195 1.3164617401144045 1.3023684450296906 0.9897482542314999 1.2410751031408054 1.4233459895283693 1.5491024232163386 1.2119660304511066 1.2369851630937874 1.1295148434021927 1.2888129215396498 0.5468966522151015
2.003733386617904 0.03320688381483107 0.004454619729602435 0.09096353891043821 0.19056549966247993 1.3041801061959393 1.079880626609614 1.208450535232238 1.0211172025139692 1.1280801080801477 1.3164360496566987 1.3023448952989336 0.9897996143926003 1.2410624523511795 1.4232943249543033 1.5490223006182846 1.211964247118169 1.2369774025656748 1.1295325311014235 1.288792589879963 0.5468975668249699
2.0038820885805464 0.03311374429308773 0.004551281632430419 0.09071672533053486 0.19060377957220606 1.3042061294284584 1.0798486867900785 1.2084526304996537 1.0210688600991709 1.1280592902253002 1.316464199686443 1.3023707224183008 0.9897443038890135 1.2410764623721924 1.423350621641323 1.54910943591294 1.2119665019326555 1.2369861320972757 1.1295136922295188 1.2888149370332995 0.546896776016035
2.0039001427663785 0.03309368181172951 0.004572117088114017 0.09066365934154304 0.1906118569189032 1.3042121973475649 1.0798446298494764 1.208454524236756 1.0210619582568272 1.1280571900909915 1.3164706242787823 1.3023767424859782 0.9897361758785286 1.2410804319311632 1.4233619846353869 1.5491262007169921 1.2119684257259682 1.2369891874024113 1.1295119277191223 1.2888203694156162 0.5468974939236145
2.003805813880988 0.03316678265113109 0.004496282815662402 0.09085687032888243 0.1905816811066189 1.3041913235744524 1.079865252853127 1.2084508195024821 1.0210942415126116 1.1280697774120607 1.3164482190811724 1.3023560457096548 0.989773451186522 1.2410683246929382 1.4233193672513487 1.5490614059728305 1.2119645406388728 1.236980671162366 1.1295231564446067 1.28880211918709 0.5468966346950501
0.49841425222480146 0.02706996565397507 0.056893142777618484 0.07154491428757086 0.11724073410899102 2.1487453006502313 1.868721808642659 2.0219124517894946 1.8008734238429676 1.9290299405839446 2.1525998040687444 2.133382681540708 1.7576991675246252 2.0533799146094824 2.2754436338329627 2.4328821718125795 2.0270150775902906 2.056692423115628 1.928141562510723 2.1177253339247706 3.3532190314125887
2.0038605758040986 0.033121281889272054 0.0045435242377584876 0.0907365250689418 0.19060029585855465 1.3042048395181787 1.0798529653860727 1.2084536608601153 1.0210747120924584 1.1280624917168498 1.3164626846173395 1.3023694466481022 0.9897508021360808 1.2410763868616108 1.4233463968334534 1.5491022330687025 1.2119674950872954 1.2369865055299534 1.1295167059549498 1.2888140000671913 0.5468973825843745
2.0037300203096593 0.03320823028632896 0.004453219413156398 0.09096714344959336 0.19056496539132914 1.3041797528197572 1.0798813250143917 1.208450612296879 1.0211182046724105 1.1280806102866556 1.3164356593837807 1.3023445429983003 0.989800742877234 1.2410623023456169 1.423293428144734 1.549020852247258 1.2119643270924507 1.2369773645953495 1.1295329928624496 1.2887923034437958 0.5468976558607092
2.0038304889191894 0.03315167260918551 0.004511949000219913 0.09081688933193158 0.19058797244002534 1.3041954252513974 1.0798599648115537 1.2084510354212115 1.0210863058019983 1.1280663009696275 1.3164526719745318 1.3023601131239568 0.9897643907899448 1.2410704465113693 1.423328384675765 1.54907543357174 1.211964794412202 1.2369819729863794 1.1295199920180088 1.2888056249947848 0.5468964799520645
1.8503910561699177 0.01297643775625945 0.08643666477244148 0.0229595846121631 0.14308920681425444 2.2773249444741794 0.8583776623276884 1.3350299100624987 0.7122985376513159 1.0432959001596538 1.6846678592491473 1.6500700607801837 0.6358120733164782 1.4941540330280683 2.132436307398388 2.6169884763959734 1.3491708331368446 1.439616756799432 1.0409379472644484 1.6285085843663665 5.460076533474184
2.003726455405616 0.03320927948322675 0.0044521322132276015 0.09096995318816566 0.19056453073216376 1.3041795444484272 1.0798820319071134 1.2084507785034428 1.0211191777659638 1.1280811477832844 1.3164354183960756 1.302344334508578 0.9898018242872084 1.2410622691780546 1.423292746728227 1.5490196927827231 1.2119644964183782 1.2369774312883453 1.129533493562189 1.288792153097752 0.5468977844803213
2.0037312618486536 0.033207594244795434 0.004453882505458326 0.09096544006478846 0.19056520931131388 1.3041799476604534 1.0798810508002414 1.2084506149661502 1.0211177960843876 1.1280804244336027 1.3164358706177617 1.302344736798825 0.9898002773818572 1.2410624045571872 1.4232938653444387 1.549021536705317 1.211964328934741 1.2369774190421512 1.1295328239449858 1.288792468264172 0.5468976366727528
2.003768439934207 0.03318982134162397 0.004472357534703684 0.09091802632067353 0.19057231821347953 1.3041847985911157 1.0798732846758161 1.2084502934642767 1.0211064041567504 1.12807502771187 1.316441166585805 1.3023495663107099 0.9897873673026445 1.2410647801936348 1.4233052541587121 1.5490395650404127 1.2119639886164213 1.236978491941919 1.1295279012009949 1.2887965181049739 0.5468968968684532
0.5948373327539321 0.05524798448801139 0.1336108561668391 0.08749942891500502 0.0706783557058635 2.5710336008641126 1.961412887434446 2.414039054733925 1.842292804779629 2.1139117926774174 2.608620044634814 2.5613491781054187 1.2363175598312515 2.319742595598842 2.9996872219053996 3.17886236222143 2.3277824235324647 2.456135191027815 2.1094768231276273 2.5839769387505394 13.99660530908892
2.003785090131841 0.03317807619456903 0.0044845741108426145 0.09088681554912811 0.19057700250013918 1.3041883850436622 1.0798695650842904 1.2084508715246438 1.0211006150647668 1.1280727059442532 1.316445014438759 1.302353127220638 0.9897806907245124 1.2410668742420772 1.4233126436350874 1.549050834370073 1.2119645780485735 1.2369798982910942 1.1295258297140052 1.2887996397219015 0.5468969098507901
2.0038657777126834 0.03311526379198436 0.0045497761076565115 0.09072064800959025 0.19060276594057857 1.304206754143228 1.0798516730738426 1.2084542433264203 1.0210725300159762 1.1280618301306933 1.3164647200282433 1.30237134278863 0.9897482288683789 1.2410776009698543 1.4233499981807567 1.5491075622197088 1.2119681003733365 1.2369874682140751 1.1295161394330155 1.2888157110523843 0.5468976184031978
2.003882815161547 0.0331044087174231 0.0045610154400428995 0.0906919885071881 0.19060734427519643 1.3042095405491576 1.0798481440509253 1.2084544173607243 1.0210672178762397 1.1280595179705173 1.316467740938239 1.3023741067849541 0.9897421653540799 1.2410790627177515 1.4233560956391804 1.5491170262454592 1.2119682988908722 1.2369883715594834 1.1295140423488406 1.2888181000912493 0.5468975643295986
2.0037993427879783 0.033174420649589434 0.004488324623574463 0.0908771621211825 0.19057871224364722 1.3041887832897865 1.0798667697308024 1.2084499410925897 1.0210969107352743 1.1280705230122936 1.3164455422376409 1.3023535210299098 0.9897766198398835 1.2410665843113158 1.4233147195729028 1.5490546110586103 1.2119636638179894 1.2369793403974199 1.1295237566044354 1.2887998347328133 0.5468963764934984
2.003739850144246 0.03320635784060339 0.0044551415887637115 0.09096213706921528 0.19056582510093545 1.3041798335462604 1.0798794872823758 1.2084499084267064 1.0211158005606242 1.1280791215665165 1.3164358104449714 1.3023446284693563 0.9897981183839875 1.2410620250608289 1.4232945024496912 1.549022920817255 1.2119636140154573 1.2369768667019359 1.1295315887772694 1.28879226398286 0.5468972030578542
2.00375978301003 0.03319495584849733 0.004467016084765666 0.09093170755219891 0.19057028327210063 1.3041833101007687 1.0798751016748103 1.2084501570944306 1.0211091722229986 1.1280762257249926 1.3164395643998865 1.3023480839329031 0.9897905356367803 1.2410639295683228 1.4233020532610317 1.5490346271600768 1.2119638596229676 1.236977992719202 1.1295289721926802 1.2887952383971153 0.5468969934052835
0.8324106914605157 0.01933582617780201 0.13224849154125434 0.03700214108000461 0.11959382364971728 2.1564547773239036 1.5459582242858863 1.9271141095864712 1.3822261805832283 1.6936670440145813 2.2036471724179902 2.0839482493562955 0.9568716879380871 2.001250014640273 2.5712849493863277 2.828630374330683 1.8426296428921938 1.9904523345239682 1.6694185632016758 2.206778036640173 9.667767026594875
2.0038564270835053 0.033122272489265775 0.004542510242155544 0.09073915039157636 0.19059983882291906 1.304204798989605 1.0798537018255934 1.2084539383608501 1.02107567745146 1.1280630862416423 1.3164626160899817 1.3023694045609053 0.989751854444055 1.2410764926898938 1.4233459522993095 1.5491013852219098 1.2119677758249614 1.2369866992476788 1.1295172655832892 1.2888140074701628 0.5468975522598504
2.0038682057214596 0.033109480126890974 0.004555795159187842 0.0907053964643675 0.19060509587040259 1.3042087899969754 1.0798508596271823 1.208455092060052 1.0210709367885744 1.128061585782338 1.316466863514032 1.3023733572971097 0.989746282782594 1.241078996524115 1.4233535358113585 1.549112646819734 1.2119689760647598 1.2369886611222893 1.129515970216113 1.2888175649437783 0.5468980122256033
2.003812820072649 0.03315589284905504 0.004507627894601827 0.09082803345960763 0.19058597427203683 1.3041951533044354 1.0798632555092225 1.2084522363126027 1.0210906272801532 1.1280689233595735 1.3164522609383715 1.3023598399314715 0.9897691159768232 1.2410709003987337 1.4233262468909678 1.5490714195049669 1.2119659902615711 1.2369827710302617 1.1295224737452891 1.2888055765110606 0.5468971884691904
2.0037763394303965 0.03318639474185566 0.00447590628911774 0.0909089383557562 0.19057376351933036 1.3041856444067035 1.0798715977878566 1.2084500885182807 1.0211040035302203 1.1280738305560407 1.3164421101280102 1.3023504038176832 0.9897846655065887 1.2410650823793823 1.4233074248268227 1.5490430886558826 1.211963795526719 1.2369785816850902 1.1295267852389104 1.2887972015767915 0.5468967296799828
2.003744516224327 0.03320043345809336 0.004461344794982378 0.09094629043122986 0.19056798153846496 1.3041821079678078 1.0798782140517786 1.2084507331828138 1.0211135200147514 1.1280785215226763 1.3164382019230512 1.3023468885650977 0.9897953940792664 1.24106360443899 1.4232986062921604 1.549028900591608 1.2119644324855081 1.236978082809259 1.129531111852095 1.2887943109396462 0.5468974420411374
0.32509612116362757 0.013985384093789743 0.06487810224120212 0.04437629240475145 0.11905149090594538 2.2163434472040775 2.2711757047005574 2.1909964694491775 2.2743019209716584 2.2195520746890236 2.1341806351025268 2.005662537644454 1.9545841668135602 2.1034901391113476 2.1796744549635387 2.4564924985809924 2.1914221153650737 2.188476203695185 2.191928070011468 2.144047468927545 4.722544493794894
2.00385213549061 0.033124429813468984 0.004540279952596139 0.09074484929194056 0.19059891264943643 1.3042043080348018 1.0798545605160215 1.2084540049164099 1.0210769201779606 1.1280636872721357 1.316462074865678 1.3023689169062735 0.9897532565090138 1.241076279901023 1.4233447545667923 1.5490994713867627 1.2119678387930666 1.2369866115273087 1.1295178181532382 1.2888136012733107 0.5468976231394969
2.003865923687051 0.033111314749914404 0.004553892873511609 0.0907102360143849 0.19060432763264543 1.304208265954368 1.0798513673137107 1.2084549960063669 1.0210717331222632 1.1280618924154715 1.3164663005815727 1.302372838007802 0.9897472034010992 1.2410786940513545 1.4233524696011488 1.5491110274780482 1.2119688739841434 1.2369884440135577 1.1295162441446103 1.2888171061428177 0.546897983936965
2.0037608415090356 0.033194293785176944 0.004467705593340346 0.09092994008801968 0.19057054147845787 1.3041835043527323 1.0798748859704022 1.2084501850309288 1.021108836766381 1.128076085066985 1.3164397719721477 1.3023482780038365 0.9897901502746099 1.2410640500698034 1.4233024588784904 1.5490352458521401 1.2119638849068324 1.2369780640085073 1.1295288491073103 1.2887954070355068 0.5468969811858109
2.003849836758991 0.03312731374925236 0.004537280088177868 0.09075254084885544 0.19059783501976252 1.3042034791058026 1.0798549413165748 1.208453659714188 1.0210776581600427 1.1280638511761751 1.3164612142257623 1.3023680887939282 0.989754139820649 1.2410756471984856 1.423343306308556 1.5490974015824488 1.2119675090819813 1.2369861453761426 1.1295179246721083 1.2888128452380891 0.5468975240184114
2.0038575770636213 0.03311936373636027 0.0045455383514765475 0.09073148082149654 0.19060101122864723 1.3042058406043997 1.0798532926732816 1.2084543749818044 1.0210748719317755 1.1280629674750673 1.3164637130095145 1.3023704351197043 0.9897508686755786 1.2410772064003879 1.4233477590287178 1.5491039805922504 1.2119682269203058 1.2369873118269994 1.129517184305974 1.2888149562268703 0.5468977535610278
2.0038264123539387 0.033153568876140134 0.0045099893696700305 0.09082188282647566 0.19058713706270872 1.30419497241133 1.0798608378778438 1.2084511364973274 1.0210875485538295 1.128066913651852 1.3164521653345815 1.3023596658518346 0.9897657904982601 1.2410702910744382 1.423327232720289 1.5490735671128313 1.2119648839872084 1.236981914979493 1.129520565097699 1.288805257084406 0.5468965495406053
2.003716577682616 0.033213029353750353 0.004448227872085386 0.09098001799204329 0.19056306611060414 1.3041785413363682 1.0798840748119742 1.2084510194003466 1.0211221036831748 1.128082625787995 1.316434309919566 1.3023433333607854 0.9898051168428417 1.241061845432673 1.4232901737286245 1.549015527108399 1.2119647493123669 1.2369773423604042 1.129534851824044 1.2887913439078125 0.5468980621567067
2.003841573660372 0.033132977899163044 0.004531412175086793 0.09076743106305568 0.19059538111792723 1.3042018471441952 1.0798568867176526 1.208453526414736 1.021080588753508 1.1280650839619009 1.3164594363698574 1.3023664775432875 0.9897575011275171 1.2410748375019935 1.423339782876256 1.5490919372364116 1.2119673367364623 1.2369855754198933 1.1295190604217593 1.2888114431584339 0.5468974900519202
2.0037285088623946 0.03320879416370335 0.004452633098659717 0.09096865384614806 0.19056474066066761 1.3041796088652455 1.079881633992865 1.2084506534502442 1.0211186449918326 1.1280808352495306 1.3164354996173604 1.3023443992957526 0.989801237564995 1.2410622447973392 1.4232930503779964 1.5490202376202327 1.2119643698869293 1.236977356590389 1.1295331998878146 1.2887921882437954 0.5468977001109715
2.0037172581280793 0.03321269166786916 0.0044485810484551054 0.09097910966704591 0.19056319120429283 1.3041786518516487 1.0798839288114201 1.2084510254869116 1.0211218833731326 1.1280825272266544 1.3164344288997358 1.3023434436222874 0.9898048650211974 1.2410619084636165 1.4232904158866755 1.5490159030951913 1.21196475411119 1.2369773759637115 1.1295347634175466 1.288791438060433 0.5468980501722587
2.0038407896074517 0.03313920932860524 0.004524913716557128 0.09078388034400037 0.19059292665786645 1.3041994559306131 1.079857491570914 1.208452384438249 1.0210820075025517 1.1280650859640635 1.3164569323521684 1.3023641117073812 0.98975929690742 1.241073126883698 1.423335813091455 1.5490863347340191 1.211966163781377 1.2369840689128948 1.1295189892924384 1.2888092444879167 0.5468969580916598
2.0038139280701333 0.03314976768883094 0.004514015784338195 0.09081183460976053 0.19058834281519774 1.3041974679653803 1.0798626336058663 1.208453327809051 1.0210892073383424 1.1280688918707464 1.316454684399954 1.3023621292401792 0.9897673300803118 1.2410725462225738 1.423330105374099 1.5490768790066576 1.2119671103035556 1.2369842181749808 1.1295225135071376 1.2888077018193944 0.546897704600884
2.003886621285216 0.033104450845860216 0.004560953894644939 0.09069207291154464 0.1906073654434982 1.3042091873683457 1.079847565241541 1.2084539775363756 1.0210665601463926 1.1280589699173589 1.3164673929807293 1.3023737593077256 0.9897414904684647 1.2410786908491482 1.4233558532726807 1.549116885879539 1.2119678483475915 1.2369879468455771 1.1295135155679494 1.2888177343405802 0.5468973232507836
2.003882343159749 0.03310704347199674 0.004558270726495795 0.09069892085334923 0.1906062726711518 1.3042085459749657 1.0798484339471004 1.2084539603072566 1.0210678559634492 1.1280595483319296 1.3164666960016207 1.3023731229755309 0.9897429651096334 1.2410783644376213 1.4233544209092157 1.5491146496840942 1.2119678260750528 1.2369877559752143 1.1295140418274818 1.2888171878590626 0.5468973474133475
2.0038030502629183 0.033163837444436545 0.004499374852256263 0.09084906794784332 0.1905827425249914 1.3041927542192782 1.0798654679430624 1.2084517436367712 1.0210941358039174 1.1280702436932009 1.3164496925549365 1.302357460730161 0.9897731834529954 1.241069471335502 1.4233214351614483 1.549064144198566 1.211965479307013 1.236981745216339 1.1295236440099674 1.2888034702115312 0.5468970782237632
2.0037404386957647 0.03320401811758952 0.004457598295540936 0.09095587671096217 0.19056664534803294 1.3041808522572693 1.07987916660879 1.2084503775140476 1.021115106461276 1.128079060690809 1.3164368737280432 1.3023456386769254 0.9897972538030357 1.241062768002538 1.423296212348454 1.5490253466096975 1.2119640846007258 1.2369774872975225 1.129531567666298 1.288793195631011 0.5468973845214335
2.0037210007854074 0.03321158573973096 0.004449728975527911 0.09097614007009977 0.19056363856577488 1.3041788866962438 1.0798831830836357 1.2084508596341297 1.021120852066908 1.1280819624900909 1.3164346982131476 1.3023436786769242 0.9898037172718556 1.2410619574801145 1.4232911564302255 1.5490171551153042 1.2119645841778912 1.2369773160723903 1.1295342383007139 1.2887916106219433 0.546897917198855
2.003788443255466 0.03317919093884186 0.004483389243831718 0.09088979643305213 0.1905766795551372 1.304187663682214 1.0798690440766772 1.2084502282217888 1.0211001445561758 1.128072143569628 1.316444292368375 1.3023524115330596 0.9897802554514101 1.2410661865817412 1.4233118234604458 1.549049905098535 1.2119639367532982 1.2369792344151136 1.1295252643727676 1.288798931448631 0.5468966108381292
2.0038464783780188 0.033137134203153173 0.004527052013395032 0.09077840182615841 0.19059385144019084 1.3041998192238764 1.0798563799749121 1.20845213736143 1.0210804747127893 1.1280642552337417 1.3164573523250156 1.3023644726181356 0.9897575926763503 1.2410731834249655 1.4233369494393042 1.5490882531167158 1.2119659210617701 1.236983990809665 1.1295182122628906 1.2888095149488403 0.5468967952441829
