0.6322392239342203 0.04115941415577153 0.1251313703332075 0.10831901996695711 0.033857199875659647 3.5281824308492276 2.347978933472441 1.4954813527723863 2.349787891393011 2.196207376783384 0.7517857393165878 1.0085241201913613 2.3251066330027794 1.5017105966229967 2.295285144741654 2.4083539744040667 1.8719333808706433 2.441605425888649 2.0691110498097345 3.0773165099218343 3.9087171665527243
0.9369862411224539 0.05546962704146062 0.03230907201896864 0.1763126649708132 0.04812562444901425 1.9993849619220694 1.5798176119869904 1.2741650685651482 1.5848946403652582 1.5360027628182833 1.0012340784573308 1.0905005243198211 1.5852361353870499 1.2843474613706845 1.565227149247762 1.6014827983738056 1.3254337120516457 1.6135241048217104 1.4805951698905733 1.8408472139172884 0.3951434563770716
0.9370054193281943 0.05546852703290029 0.03231170697796539 0.17630960036654603 0.04812485790357313 1.9994777260658185 1.579847596307999 1.274150122155249 1.5849251861232634 1.5360274895549975 1.0011797812925987 1.0904592718285344 1.5852643210290438 1.2843369758326877 1.565254553241709 1.6015164876315564 1.3254265829355962 1.613559659266609 1.4806109757289079 1.840916538008953 0.39514086761589723
0.9369867584163529 0.0554695129520323 0.032308104673964486 0.17631165950096644 0.048126325345123976 1.9993451206382264 1.5798010102756463 1.2741654654290995 1.5848781181434601 1.5359896247300846 1.0012488274205606 1.0905103636945643 1.5852186656424945 1.2843485768592802 1.5652113781597776 1.6014653327354267 1.3254312794012368 1.6135056965365773 1.4805841612073285 1.8408162166278261 0.39514442352129475
0.6081109803378886 0.042167982092460796 0.12473552289866449 0.10948654427177751 0.03374717038897897 3.2652577903293696 2.3069538033612265 1.619124111204643 2.313559986572373 2.192248924706694 1.0184454650497952 1.2206624258239251 2.2996818688065246 1.6160517077140182 2.2669397363039816 2.356362170759186 1.7300633642983088 2.382178685478402 2.0793067625294515 2.8955754293937415 3.6923718737207336
0.7714914450007274 0.045623138669988975 0.06789751669584797 0.13645435889379195 0.041742233528123514 2.596434747595868 1.9491817060227699 1.3887679681018734 1.8853703755113096 1.799497137136178 0.9936193951096077 1.1086585673325033 1.882761007675125 1.388096961257312 1.8479746715061178 1.9062861946740544 1.471047997192794 1.9230690415758174 1.716138221216111 2.292265462556012 0.7915687038154889
0.9365266886259908 0.05545598491266786 0.03239426826869338 0.17625898874346857 0.04809739966357519 2.0019553345928287 1.5810071784462782 1.2743345010049765 1.5860719847876596 1.5369360078023278 1.0005401953424624 1.090119367138223 1.586533777151082 1.2843720616164933 1.566371087028457 1.6027020969444867 1.3257650156740113 1.6148129524871462 1.4814406691419473 1.8428916183572805 0.395100848044997
0.6138176856822632 0.041434995066250827 0.13068016780744673 0.10551468134492559 0.031890530766726745 3.7189814523912306 2.4211130314037166 1.5428020924272963 2.240677520523276 2.2346479703050686 0.7430740999384584 1.0965118726220298 2.398821614359738 1.474352378767135 2.3673683641991916 2.469882173200019 1.678662918028641 2.722893817141604 1.9682468407756248 3.086453638426214 4.3997269185481604
0.9369606855091798 0.05546877516314587 0.03231305737111404 0.1763097303833864 0.048124215639836036 1.999481683298059 1.5798662248509339 1.2741772217107457 1.584941968395267 1.5360384743030369 1.0012174456066258 1.090494150738857 1.5852913609853343 1.2843493139803106 1.5652741967826707 1.6015312201857521 1.325451281304387 1.6135754331934764 1.4806308091212477 1.8409252950797743 0.3951395440759127
0.9369923078891046 0.055469466343635206 0.03230901606308729 0.17631217609286293 0.04812569903472153 1.9993847995362815 1.5798150510169489 1.2741610986776561 1.584892386586421 1.53600141837663 1.0012283647063747 1.0904952924241278 1.5852323300810236 1.284345800431932 1.5652244651879206 1.601480843309623 1.325430156996872 1.6135219974923316 1.4805923966056094 1.8408462398971606 0.3951440187058305
0.9369938650555781 0.05546920572549825 0.032308461025199214 0.17631074745767547 0.04812630962248886 1.9993537816555453 1.579801893799469 1.274161078501606 1.584879353864978 1.5359912423083322 1.001239322098925 1.0905024712311755 1.585218260165844 1.2843468102263909 1.5652119420272976 1.601467142567987 1.3254279771903474 1.6135075141382063 1.4805836247176098 1.8408220372507256 0.39514512660754086
0.9369952842991979 0.05546919991769608 0.03230827624209612 0.17631073609765968 0.04812638485784227 1.9993453001835642 1.5797981562849535 1.2741608837495606 1.584875693894467 1.535988547165063 1.001242001686253 1.090504142966225 1.5852140586883483 1.2843473002925316 1.5652083676126212 1.6014633559455018 1.3254272422210338 1.6135034701611513 1.4805811103147883 1.8408153726986483 0.3951457138676086
0.7919181910807797 0.04890535124350649 0.061280932485229304 0.14599373758307346 0.040553839406783525 2.5133564886488537 1.9725923695126817 1.3735639316647783 1.8802063228564927 1.7915535139614982 0.8899718774243843 1.0373686658790218 1.8762041498924962 1.3438769321499802 1.842473664650709 1.9050072729323653 1.4416880130913388 1.9374986457041639 1.7130888548893513 2.3005534956717204 0.7358516207153032
0.9369955317536949 0.05546922922971575 0.0323079459595803 0.176310777098488 0.048126542614149254 1.9993339881006065 1.5797934446073443 1.2741609964000484 1.5848709985597018 1.5359847968231917 1.0012462003402929 1.0905069503612865 1.5852091360789653 1.284347569248152 1.5652039047792887 1.6014583901151442 1.32542655705662 1.6134982434923606 1.4805779828655388 1.8408065695489781 0.3951459126094361
0.6412778833085488 0.05441810224821841 0.10278382941126198 0.17498067937192094 0.03930822078128004 3.347749380772359 2.276763419173338 1.4862237465017096 2.2804926127933394 2.139821114663074 0.8304485426483019 1.059492413681368 2.267228754542538 1.4886738885953463 2.228002289472565 2.3356713056081007 1.604571861186979 2.4744209114020164 2.017877213327126 2.9664690452674893 3.4430286167824353
0.8146146392559307 0.030279105892870566 0.08153387489235513 0.08711623288747278 0.04597532539344255 2.881503560816474 1.9061913265560408 1.2865019742465764 1.920988635359336 1.8041762867850752 0.8004679155220052 0.9238515440681699 1.919139618722689 1.2805228067131336 1.873184381260054 1.921395676371656 1.3804129580732338 1.98018275726083 1.7054011950462833 2.4596517746120097 1.0166670058360712
0.7670129443832738 0.04873195012951447 0.06202481333113662 0.1488218114960893 0.04193663931344048 2.456947089223625 1.8461745349487415 1.4361143559543215 1.8626262774376292 1.7481367631646731 1.0719074594192202 1.188210817600902 1.8621965881082552 1.4099264406825744 1.8094020514490292 1.8761183125014103 1.5141459158071957 1.8840044850225808 1.7094488024173957 2.3568907062854785 0.683591383033365
0.9369950879284002 0.05546918484902818 0.03230815381145331 0.17631060947195823 0.048126473168650076 1.9993392610400282 1.5797958168583461 1.2741612335304664 1.5848733503034773 1.535986681826279 1.0012446501285577 1.090506011464979 1.5852116492870256 1.2843476496879889 1.5652061649131979 1.601460856341697 1.3254271383954972 1.6135008311426469 1.4805796441058126 1.8408107347336067 0.39514588103955056
0.936989885366365 0.05546940485162093 0.03230846713669944 0.1763114510327296 0.04812618025363007 1.999359479340861 1.5798055523505825 1.274163016728977 1.5848828004178417 1.535993553110471 1.0012401766761614 1.090503773917002 1.585222875438074 1.284347082833312 1.5652155527912373 1.6014705166561507 1.3254300813604334 1.6135111474813608 1.4805865427984823 1.8408268990966146 0.3951442806025553
0.9369928441058797 0.055469220202388335 0.03230848778220557 0.1763107623915168 0.04812630542266332 1.9993558083095146 1.5798029561168334 1.2741613780257033 1.584880362848557 1.5359918944176887 1.00123907177269 1.0905024296379302 1.585219590128974 1.284346654647971 1.565212978313691 1.6014681431742663 1.3254283685672674 1.6135086034238295 1.4805843911912189 1.840823685356738 0.3951448115023391
0.6333152706377722 0.04239247227202438 0.09832447183813187 0.11832148262811129 0.03797297332826521 2.7482693826300872 2.0853911041970927 1.6032327972759732 2.1080223025087137 2.029277091797145 1.1797138354551695 1.310829069482824 2.113175263999047 1.551489382883351 2.062806373144489 2.1246837520665567 1.6935189940245474 2.081330987358898 1.9303394779619198 2.736542787701883 1.9171241190152053
0.9368680694080442 0.05545321267996063 0.03234304008596634 0.17625515338396944 0.0481222589394103 1.9998718426088486 1.5800632744568683 1.2742295288691166 1.5851351907706752 1.53618910026638 1.0011536746211378 1.090471553716075 1.5855132549655102 1.2843654580417052 1.5654660542025867 1.601729673695998 1.3255257041347401 1.6137846499467028 1.4807775200696576 1.8412410531413281 0.3951370450728829
0.9369915447603288 0.05546932408623897 0.03230871279887538 0.17631127854334677 0.04812608523260213 1.999366584273916 1.5798079143939223 1.2741620163003844 1.5848852433436256 1.5359957003758968 1.001236161402465 1.0905007513945086 1.5852249902371172 1.2843466988437218 1.5652177273156145 1.6014732241504719 1.3254296936660908 1.6135139636641358 1.4805878803151167 1.8408322280537162 0.3951444626692943
0.7314220268245527 0.04529406330292757 0.0827024306677642 0.13208471051458334 0.03797224452406449 2.996217866577456 2.051033328731862 1.3784078130315218 2.037017155879288 1.9292101468827143 0.8340444304271641 0.9887346115934629 2.0438560200258253 1.368021696636939 2.003619039377283 2.088357544684494 1.484685213124425 2.256737174750122 1.8306689971971248 2.516624304587532 1.4602985412233642
0.9369942463846868 0.055469274365676426 0.03230829367252212 0.17631105109863618 0.04812630470806262 1.999345938510454 1.579799000371925 1.2741618215955486 1.5848764858209647 1.5359891779774406 1.0012431032277331 1.0905052030783529 1.585215079291159 1.284347911743311 1.5652092163139504 1.6014641204880373 1.3254281425957057 1.6135042570669007 1.4805819454043723 1.8408160676081893 0.3951457844963399
0.9369934082505059 0.0554692242554597 0.03230828101151763 0.17631074589809428 0.0481263967260391 1.9993458553739383 1.5797989533124244 1.2741617522436173 1.5848763985725327 1.5359889002147338 1.0012430991952264 1.090505197329254 1.5852152520748441 1.2843474338851626 1.5652091839454019 1.6014639753421795 1.3254280392701514 1.6135041630762115 1.480581850693548 1.8408159945128018 0.39514538095947094
0.9369843480363206 0.05546962201699388 0.03230962399696878 0.1763129001718234 0.04812529196971348 1.9994038905988594 1.5798260607585775 1.2741657642340234 1.584902975782923 1.536009261269351 1.0012283646728102 1.0904970314496554 1.5852452950863818 1.2843472424367743 1.5652352344411 1.6014915000335823 1.3254356580964783 1.6135332978003427 1.4806009994180243 1.8408621311755708 0.3951428959240856
0.9368793529984507 0.05546879998208106 0.032321230949737934 0.17630835091572733 0.04812123513254285 1.9997436758151368 1.5800004715260332 1.2742138411839934 1.5850719989193647 1.5361331049433364 1.0011788675830715 1.0904830085091894 1.5854500254553463 1.2843477688194191 1.565405200744541 1.6016631529047656 1.3255016540835698 1.6137161500359638 1.4807296670877976 1.8411376300225863 0.39511846266300776
0.9369957268220422 0.05546923381644927 0.03230791802332007 0.17631080246196548 0.04812654996006341 1.9993332412623601 1.5797930718475208 1.274160906892021 1.5848706354631523 1.5359845236726972 1.0012463349674103 1.0905070054148733 1.5852087127437284 1.284347558502247 1.5652035451615536 1.6014580181516864 1.3254264264335862 1.6134978494230008 1.4805777104587943 1.840805967394584 0.3951459478975522
0.9369958386700717 0.055469193396223755 0.03230803959264423 0.17631065355802622 0.04812652153224594 1.9993367425425232 1.5797944296478386 1.2741607078920452 1.5848719969842293 1.5359856097685733 1.001244803407958 1.0905059255047818 1.5852101117639101 1.2843473608509979 1.5652048237440164 1.6014594711258452 1.3254264877811681 1.6134993816721475 1.4805785642524765 1.840808657811301 0.39514587160162484
0.9370500546121011 0.05268680719049194 0.03905071444082925 0.16688368848040194 0.047282853771476806 2.2523988935415518 1.6614690799993344 1.2327505805949823 1.6653415125712605 1.5930520196354852 0.8621439048141658 0.9820211818368026 1.6703586414630236 1.2434244748498207 1.6389631519637273 1.6784179517617186 1.305602687977401 1.7102050544495273 1.568372185514746 2.030536709248415 0.4357038473502545
0.9369877502114422 0.055469498503429415 0.03230960425929666 0.17631228335575078 0.04812547181207807 1.9994116031701425 1.5798269349112526 1.2741618423620757 1.5849040271346508 1.5360100140367228 1.0012200740363448 1.0904901729163083 1.585245709260616 1.2843443499151477 1.5652358437389344 1.601492880807465 1.3254325927193151 1.613534848314159 1.4806004392815755 1.8408673295431968 0.39514218406992696
0.9369944514402558 0.05546920701633839 0.032308126135999454 0.1763106676228231 0.04812647823993324 1.9993385051413244 1.5797957396737468 1.2741616151954094 1.5848732414898032 1.5359865360032785 1.0012454791145151 1.0905066998030677 1.5852116883616276 1.2843477953920142 1.5652061155864558 1.6014606964521645 1.3254274246538729 1.6135006715430722 1.4805796897287675 1.8408102266738726 0.39514581328699544
0.9369934464652223 0.05546926403563162 0.032308357212151084 0.17631098073192172 0.048126295959269476 1.9993478795565922 1.5798000208904721 1.2741621259460687 1.5848774657735523 1.5359898644751973 1.001242871676722 1.0905051691762457 1.5852163023160284 1.2843478794456205 1.5652102083171522 1.6014651052646243 1.3254285394984198 1.6135053140332676 1.4805826977537102 1.840817648993566 0.39514559635658764
0.37056858115323216 0.042397173180319686 0.1306126545180749 0.11280374841368974 0.036195166598894137 2.916245718083805 2.4608351245087627 2.132708387393501 2.4721317643018477 2.459142937983597 1.832427901358223 1.9377586185124365 2.4659711969476654 2.1283189381425274 2.43280909528405 2.459595383814775 2.191907013334618 2.509354649383154 2.360681085818056 2.7533683460516256 3.745723517902458
0.4749630966724757 0.05304819092358871 0.1321805459715944 0.13773685825836648 0.028248511515636312 3.4188740046667165 2.5496399283148348 1.8825673834711076 2.573170324655375 2.4326241350275124 1.3118061912052192 1.4875427436711386 2.538926001147032 1.800090645657749 2.4870978722161747 2.393358678391811 1.9898925736483972 2.615524284376078 2.326643994841648 3.123551468403451 4.790531305244565
0.9369828762549062 0.055469648290530665 0.03230862881932457 0.17631221924741738 0.0481259945024566 1.9993739351376927 1.5798135097248645 1.2741658209784716 1.5848903804022856 1.5359986925909936 1.001239284528936 1.0905042882084208 1.58523267522876 1.284346779465919 1.5652233359083279 1.6014780624654676 1.3254335171040665 1.6135192832782235 1.480592496709144 1.8408387872560208 0.39514238729944384
0.9369841231919377 0.0554686311076015 0.03231285509381995 0.17630983186886381 0.04812429396966562 1.9995059861191522 1.5798660140800842 1.2741604640459958 1.584942950799714 1.5360409440699871 1.0011844743226006 1.0904662466067103 1.5852866431937682 1.2843414121627084 1.5652728845111405 1.6015339726766984 1.3254379236349925 1.6135781994012057 1.4806261804808174 1.8409407006128773 0.39514065486709393
0.9369910039496665 0.0554692715304426 0.03230887033183482 0.1763110278899307 0.0481260820151279 1.999374137727971 1.5798107881402532 1.2741614378821249 1.5848880791188826 1.5359977170926933 1.0012327260830338 1.0904983102341748 1.5852282098897312 1.2843456591095253 1.5652204500859095 1.60147619658884 1.3254296564386252 1.6135171701435762 1.4805895910012703 1.8408380057735105 0.3951437648067231
0.9359025806068783 0.055385613340845574 0.032491528557031385 0.17594665474583943 0.0481054249598644 2.001703568448226 1.5811810290381305 1.27479286875245 1.586223599319903 1.5370274992875965 1.0013301499655844 1.0907830124012479 1.5868496529095462 1.2845832736052452 1.5665771991783366 1.6028129583268045 1.3261642107569394 1.6149253733522995 1.4816847994024873 1.842784500072517 0.39510932010616523
0.5778975073353845 0.039628328519693515 0.13572953920668554 0.10084193584216265 0.035203943497286484 3.196598044186596 2.3516326620378143 1.7052780334527484 2.395607529727618 2.253991820052453 1.1316535439357107 1.3177656950194745 2.3543539984726234 1.7123268522959518 2.3155965518374 2.3997478904066556 1.8071773569527834 2.424301126710872 2.137784504767968 2.954955031362598 4.256492078888797
0.9369584877186589 0.05546653827703023 0.03231569847173415 0.1763011990865492 0.04812438835787379 1.999478544393169 1.5798669681666893 1.2741807658708693 1.5849426830329105 1.5360396947180213 1.001223382270342 1.0904992682499015 1.5852919451066918 1.2843530051298886 1.5652751121785276 1.6015318467699937 1.3254544137600959 1.6135758562666778 1.4806324418741774 1.840923585055647 0.39514267221155336
0.9369951814253407 0.05546920597868671 0.03230804311419649 0.1763106766608579 0.048126516971047376 1.9993364373588414 1.5797945779511162 1.2741611525280145 1.5848721150768748 1.5359856689737084 1.0012455525397799 1.0905065806437906 1.5852103687772692 1.2843475896805332 1.5652049886477044 1.6014595515703198 1.3254268653311712 1.613499467375954 1.4805787841700566 1.840808514569458 0.39514585794065393
0.5389961406526798 0.057044091114886494 0.08943916355237831 0.15708536007259533 0.026578575550194192 3.935593039816484 2.4381829069594656 1.464479591842391 2.3365427294784764 2.191167366575253 0.8756196789018348 1.043649883136573 2.3407667317589382 1.3708056123081163 2.2490559814085587 2.427722881244689 1.6197793906203934 2.4099917994887177 1.7486407383202354 3.2597303115514245 2.8303264910936403
0.5750951490815722 0.04183202495083948 0.12750829688256285 0.10756740702719698 0.03416005316168319 3.1867681768766905 2.332761124173279 1.6663591108133236 2.3396038069807035 2.2075164094276603 1.0619732903991834 1.2701333044558423 2.3354843962422214 1.622309733128015 2.2902658372606473 2.3832165457349603 1.775305180048981 2.404756404236474 2.246026419861999 2.805571069164314 3.8077732897925194
0.936968546043662 0.05546960684135307 0.03231212600836228 0.176312985803565 0.048124264908002264 1.999510636935595 1.5798727247629074 1.2741678135087966 1.5849489054816739 1.536044002698706 1.001193741889264 1.0904751401473023 1.5852966238238573 1.2843427126338058 1.5652797240829834 1.601539228207389 1.3254446572036132 1.6135840529167218 1.480632451639825 1.840945923339423 0.39513759869578163
0.9369873040077078 0.05546929007592873 0.032310207128658085 0.1763120304369293 0.04812511539689384 1.999409806155247 1.579827992604183 1.2741649677619709 1.5849050545540313 1.5360114711955963 1.001224958657165 1.0904944523534894 1.58524661359453 1.2843477196938242 1.565237008552674 1.6014938995604284 1.325435441958968 1.6135356954025237 1.4806021768962647 1.8408665656369319 0.39514396938473606
0.5984602317508398 0.04500819273789296 0.10494593728596394 0.12059289961409266 0.03445422058201728 3.1033823165413077 1.9914913212471013 1.584344404009022 2.2782736807968726 2.121801384537587 1.044128116322219 1.238930652184905 2.248792494918881 1.5426497562061687 2.196670890266797 2.275618911652811 1.7411733412923966 2.306013866778477 2.2822930992635593 2.810272557372647 2.6048804892325546
0.9369036365035652 0.05547031395784999 0.03231702893908851 0.17631412284478085 0.04812201459093543 1.9996850600803973 1.5799658307968403 1.2741979917916881 1.5850386374861036 1.5361084933186997 1.0011765944854203 1.090475500400042 1.5854079604042075 1.2843435837839372 1.5653707691865741 1.6016296828759273 1.3254833290471935 1.6136806586302468 1.480702191392093 1.8410885295271542 0.39512204333305023
0.936982521522 0.055469542987615646 0.032309672039832864 0.1763121398303268 0.04812552604165578 1.9994158008904603 1.5798300996254353 1.2741639686829005 1.5849069435933576 1.5360117452017708 1.0012217672517192 1.0904921033779917 1.5852499848122872 1.284344459456798 1.5652389870046255 1.6014956283034003 1.3254347213849622 1.613537861512109 1.4806030464138393 1.8408710718359655 0.39514115500925906
0.8259949428775569 0.055288447675629265 0.04585221171096154 0.1758213237582847 0.04308289730318143 2.3000236702053667 1.7593126265685732 1.335301340044025 1.7672093331761447 1.696907532930695 1.0421022779229665 1.1585489462977852 1.7449099355682145 1.3411056504873093 1.7525766730021244 1.7963078386140925 1.4655993498632163 1.9059864492555867 1.6270518194167563 2.124133152534187 0.508728431613344
0.9369941345061968 0.05546922813898742 0.032308245591955644 0.17631080117485995 0.04812638456394473 1.9993422288304712 1.5797975175239822 1.27416195957001 1.5848750032136292 1.535987987692215 1.0012446235665695 1.0905062538925219 1.5852135520356982 1.2843480525495543 1.5652078160516518 1.6014625420753164 1.3254280050112635 1.613502594865654 1.480580990355825 1.840813203471447 0.39514587243274607
0.9369942916648536 0.05546923179985141 0.03230809295305785 0.17631076531143625 0.0481264785928986 1.9993389906122512 1.579795901102581 1.274161529280788 1.5848733932718913 1.5359865976230216 1.0012452036957527 1.0905064946164942 1.585211911881436 1.2843476058306187 1.5652062700802494 1.601460846558239 1.3254273730880501 1.6135008482425262 1.4805797602414317 1.8408105883788173 0.3951456663414535
0.9369182767643368 0.055462346417831855 0.032323546988845986 0.17628624157164688 0.0481238571359182 1.9995633814030853 1.5799169457424995 1.2742033876346854 1.5849909027368223 1.5360759837147957 1.0012258384213235 1.0905092381941417 1.5853504801681193 1.2843614253300462 1.5653241794189825 1.6015802584170271 1.325480641467238 1.6136270663617696 1.4806720062618839 1.8409946464544384 0.3951419217185421
0.6018697758698007 0.043548023622908834 0.12627918306136798 0.11363500543101553 0.032393204603775844 3.4261110289144603 2.3546968910222623 1.5796254422054063 2.3567656562012638 2.2117926427254715 0.9515515351277865 1.1696224456182345 2.3413473872156305 1.5667929675553092 2.3024845219141548 2.4023921937244563 1.9076781330892716 2.405583009504443 2.0943234161952797 3.011142703721878 3.9534624321194087
0.9369929798976188 0.05546948252014477 0.03230852378998505 0.1763120954355274 0.04812595453839961 1.9993629608102306 1.5798063032269305 1.274161947631525 1.5848836960692763 1.5359947299494647 1.001237278392113 1.0905014371242765 1.5852229866495031 1.2843472769109534 1.5652161788018812 1.6014716713202453 1.3254294352464862 1.61351225822471 1.4805868298673606 1.8408293745986193 0.3951450125649659
0.9369791655363142 0.05546947427417845 0.03231026378334261 0.17631218768656254 0.04812505330681702 1.9994218100120391 1.5798348434027956 1.2741675996588524 1.5849114998058478 1.5360155018489208 1.0012247453972756 1.0904953614734652 1.5852553836462735 1.2843469794134672 1.565243713723686 1.6015001967908382 1.3254385159209505 1.6135425689242113 1.480607281977074 1.840876510981877 0.3951418393432914
0.9369922516346086 0.055469276311892836 0.03230844167924748 0.17631097289075265 0.04812628664895434 1.9993560583666503 1.5798032407770464 1.2741616507227205 1.5848806137614582 1.535992011069266 1.001239396648891 1.0905027506339757 1.5852200235560683 1.2843466576519231 1.5652132711036162 1.6014683658351674 1.3254286248203875 1.6135088551572359 1.4805846428177387 1.8408239388118721 0.395144645159006
0.43321881364964815 0.055516841233822764 0.14765789143871177 0.14380320531160706 0.025045362893643307 3.995113895124329 2.7533448023876805 1.8917883385718857 2.767395729165408 2.601734920326998 1.1601599583786113 1.4062451127741271 2.7222378863409475 1.829650904837697 2.4607173465204024 2.7976153737941067 2.0262321366366063 2.8412345219578494 2.3736160880833226 3.484411507957647 6.300885568259238
0.5428947164785736 0.04525073634520639 0.14941270086588285 0.11108268285169041 0.028196853834647827 3.7943405042255614 2.611114059113312 1.7122341581735079 2.587152554064702 2.429287946922781 0.9795221704149827 1.2256614190691864 2.5619851419595268 1.7009706157935502 2.484848737973209 2.6511622862678057 1.86027286445438 2.6741566889166863 2.2903707852202584 3.3259671587620296 5.869978417255199
0.9369695311393134 0.055468918940121764 0.032312435305039404 0.17631131108717402 0.04812432279007784 1.9994544422167677 1.5798535819331638 1.2741757028479386 1.58492973864575 1.536029992951799 1.0012246433929382 1.0904982379515573 1.5852765680151424 1.2843513525179342 1.5652620802257644 1.6015187960708954 1.3254481940356322 1.6135620477225288 1.480622195432373 1.8409036861799986 0.3951421531685994
0.5515969942600786 0.045514000448867144 0.10372820602029915 0.11935251975871797 0.029225168975365947 3.7833514044346943 2.400908183783691 1.6046383088767415 2.3357373022684196 1.5525105002751305 1.0586171525955863 1.3783290165433646 2.3487589680169 1.5852604591797914 2.268571898449725 2.3524300342874516 1.725329155987903 2.5103017380839834 2.1345999829936178 3.1245066986831973 2.954835294487962
0.9369925211284515 0.05546937492118972 0.03230819118787347 0.17631136922857282 0.048126306517882925 1.99934736515758 1.5797999143470927 1.2741622554125762 1.584877305591565 1.5359895231351444 1.001243307922086 1.0905055263761716 1.5852164450341943 1.2843475365661667 1.56521013220954 1.6014648702232497 1.3254285959876235 1.6135051220123962 1.4805826169833762 1.8408172779355467 0.395145148993747
0.5684891111621141 0.04045581877931976 0.13780816009015498 0.10049342076419128 0.03363313562264225 3.1438042218913163 2.3493924786658114 1.7709743156926843 2.358874130176755 2.261611571991282 1.2611288230409317 1.4270483977066426 2.347205307588169 1.7752049015443045 2.3183581124452344 2.394304722671676 1.8656987286120665 2.412446793244562 2.160086452915441 2.8432226319310727 4.41382597349493
0.6467175042095892 0.04603555659447131 0.09251425301848835 0.12750671114642326 0.03772040888623965 2.6354898453004156 2.0456731410768016 1.607325195637651 2.053915822953311 1.9704340735320718 1.2235863949570247 1.347585366412062 2.0678132555189572 1.571729740596997 2.026198628511012 2.0810626425590546 1.679330728411938 2.0911934950758484 1.9009160556866362 2.551182607892894 1.7725329944105814
0.7307208909536735 0.04569657940538215 0.07638204814205284 0.13381752857980136 0.040100595256688645 2.642438900568711 1.9540058058623468 1.453361618422452 1.9599820890814967 1.875007337859286 1.0130401371238664 1.1580934863178611 1.9542656092828596 1.4558681262504876 1.9236710849216692 1.9859500136633284 1.5364013363384628 2.009090237255382 1.8034292328592074 2.3814590694313247 1.0800989052727255
0.6690504384097168 0.04582209644508865 0.09411744863874129 0.13192692585366625 0.03575094282087198 3.1921473403952403 2.169848142383573 1.445267511929576 2.1741505787914375 2.0410614268987923 0.8131436152676313 1.0221630418502774 2.1565120412178906 1.352058951358297 2.120452145073619 2.213435208428565 1.928106576247265 2.260343669937015 1.9243085838788248 2.7989025518947592 2.089664311311582
0.9369043917919294 0.055457867281035765 0.03233875478151834 0.1762650327695372 0.04812019301615718 2.000010492404935 1.580100119634579 1.274193669351633 1.5851733378716835 1.5362183636742517 1.0010537021308081 1.0903932139806187 1.5855486671501973 1.2843362992149292 1.5654992447809069 1.601772496515019 1.3255025464909271 1.613830668719194 1.4807918349327511 1.8413416661645705 0.3951232984517948
0.936994184023423 0.05546922440461346 0.032308133414236946 0.17631073678764944 0.04812646690495953 1.9993404609856669 1.5797965122241104 1.2741615065170628 1.5848739971814383 1.5359870563451472 1.0012446539261253 1.0905061267008873 1.585212575396496 1.2843475172012717 1.5652068503496115 1.6014614799722278 1.3254274511427921 1.6135015213663046 1.4805801586143854 1.840811731480847 0.39514559149006967
0.7392662935319568 0.04975691346029439 0.05982585740202501 0.14297117044651197 0.03730361960587682 2.3096552511580906 1.9476114955270611 1.454454771246313 1.8737003766643614 1.7180557848750413 1.1790172299084467 1.3525214331982522 1.896788439658878 1.4091520954922303 1.9025141299177692 1.8190956538282748 1.5863546547971263 1.8969774171527085 1.9999806196019352 2.1290405888085053 0.7028813876054594
0.9369901217847687 0.055469520373437574 0.03230884335336602 0.17631217346841072 0.04812582799658104 1.9993808115019258 1.5798139679463166 1.2741620096023645 1.5848911975941011 1.5360001512686243 1.0012311773428682 1.0904975029076838 1.5852316867756455 1.2843458129501286 1.565223507202275 1.601479433016662 1.3254306530594606 1.613520581286398 1.480591870420651 1.8408433291151194 0.39514351553533716
0.9369137267433416 0.055464223460476775 0.0323282303807461 0.1762946946609042 0.04812093077871478 1.9998706132131485 1.5800380535657723 1.2741889028994688 1.5851119436078667 1.5361703761650582 1.0010964754313827 1.0904192286394019 1.5854795027555149 1.2843399464474639 1.5654390600526877 1.601708346275593 1.3254884779757221 1.6137629056067755 1.4807487983611982 1.841231451375451 0.395127374701759
0.9369906722870107 0.05546947036735074 0.03230918214174349 0.17631241927291594 0.048125571578654 1.9993793286250825 1.5798144652976487 1.274163996679548 1.5848917236625886 1.536001189215878 1.0012343341554395 1.090500232312461 1.5852318370700853 1.2843484087203199 1.5652240543785618 1.6014800037161452 1.3254324598943583 1.613520982034716 1.480592908026029 1.8408425749660249 0.3951450281147308
0.9368514039358893 0.055456531291183 0.03235268153805164 0.1762624465455623 0.048115130356286166 2.0004332108727083 1.5802917723425771 1.2742152326481184 1.585363268065794 1.536367919813491 1.000933858700534 1.09032339917144 1.5857614794864816 1.2843317316366931 1.5656849431478326 1.6019699786967108 1.3255514480962864 1.6140394580623192 1.4809264590946167 1.8416764335034415 0.39510920484882806
0.7149186774268994 0.03735662822303305 0.10303023106781656 0.10426867655460852 0.040781976788061294 3.251107286776738 2.146765002937029 1.3594130528713513 2.1458055726486274 1.9938717492782043 0.7137473091613261 0.9423249435601582 2.136199191691003 1.3640187296638513 2.099872147911947 2.196882817619374 1.4842692329420635 2.231026694079187 1.887881250053552 2.8877190632644867 2.2233408922424776
0.9369355335586361 0.05546627657385357 0.03232036655682514 0.1762989010017468 0.04812283935828678 1.9996699400544957 1.5799492764818472 1.2741824196316691 1.5850239558468193 1.5361015918903227 1.0011583117158225 1.0904573115257026 1.5853822616090694 1.2843439527497367 1.5653536023131465 1.6016165847187962 1.3254687407454695 1.613665854366806 1.4806874976858497 1.8410733997066608 0.39513295267383014
0.9369954811575978 0.055469199263480075 0.032308044544939546 0.17631066238783635 0.04812651842070144 1.999336656089629 1.5797945429480678 1.2741609481788903 1.584872093833932 1.5359856683563788 1.0012451801428965 1.0905062609436624 1.585210285067233 1.2843474837621793 1.5652049441338107 1.6014595495557027 1.325426697251261 1.6134994646729346 1.480578705366054 1.840808641639407 0.39514586353327374
0.93699315966081 0.0554693164378899 0.03230823860918487 0.17631116960048593 0.048126310753302176 1.9993442096006948 1.5797987198662 1.274162536638886 1.5848761521454275 1.5359888243644308 1.0012447607637232 1.0905065591048955 1.585214985031372 1.2843482372477537 1.56520899379724 1.601463689896826 1.3254286605834364 1.6135038139879714 1.4805819448057878 1.8408148711370615 0.3951457095750766
0.9369909026155562 0.055469540804872736 0.032308396889030686 0.17631228960793519 0.04812597731384033 1.9993517342453109 1.5798031631854175 1.2741645974541527 1.5848804621022132 1.5359922521505605 1.0012450069019982 1.0905074628448397 1.585219971507239 1.2843494411504373 1.565213331085572 1.6014680839507598 1.3254310771753834 1.6135084044237296 1.48058551303105 1.8408211714096052 0.3951456938382382
0.6778458317737526 0.042931147823213014 0.09350670808573872 0.12247124543158332 0.04048357716187143 2.6549207182469443 2.041124043270763 1.578179640740896 2.0494244974012177 1.8853520600722362 1.1874896570156641 1.2981997926836732 2.052647208100229 1.550391627358932 2.0189369461901436 2.0767383494796428 1.6635722364030472 2.0898906994691875 1.8902059207639776 2.6510810580180895 1.6668297813382953
0.9369916260874545 0.05546946530314982 0.03230836639094136 0.17631189479218898 0.048126087931348385 1.9993509959291738 1.5798023181760885 1.274163717690951 1.5848796596315249 1.5359915754138718 1.0012440320073737 1.0905065082928467 1.5852189918400688 1.2843487987424964 1.565212479995799 1.601467292407477 1.325430211751074 1.6135075970790727 1.4805846864061867 1.84082041299484 0.3951455627437738
0.7105250864525141 0.04387630644136141 0.09136829919450715 0.12313923456613056 0.03833329497096546 2.956807443834232 2.26785816773895 1.4194476229729847 2.0996275067916033 1.9769209741211524 0.8374031548099112 0.9832925251757074 2.0889801042149427 1.421876009408714 2.05137213634117 2.1398733835356407 1.4932685227714708 2.170088775602379 1.8668340369836216 2.6819277341182066 1.8204566055853786
0.8302195417933532 0.0457900912302346 0.05547286869643946 0.14071109159853934 0.04555496629626639 2.422141733835892 1.7490151003891745 1.3602189399228513 1.758800362847831 1.6862390312762219 1.014895555536303 1.1324723743803051 1.7606873566839012 1.348382664771097 1.7291689813025612 1.7743688346578361 1.4260145434254308 1.7905987860197075 1.6346894930380929 2.0746106086202514 0.5333593455251767
0.9369951678910999 0.05546918133944993 0.03230815600733399 0.17631059880159208 0.04812647308415078 1.9993391149493298 1.579795744919561 1.2741612206802966 1.5848732828631413 1.5359866437477232 1.001244679008683 1.090506024178686 1.5852115543629253 1.284347676143873 1.565206094579146 1.6014607902966167 1.3254271186422326 1.6135007575901938 1.4805795955169188 1.8408106177274568 0.3951459150080611
0.9673616829492674 0.048441216673613265 0.03911747122150342 0.1481745187925071 0.05132746625250239 2.242790401842585 1.722319335913009 1.1946322500195097 1.6116973286584941 1.5421736764077845 0.8648701362308462 0.9730945267956466 1.6219363912880882 1.2004079259065927 1.5912484246875915 1.6367378175341125 1.2602626060391333 1.6536315738393248 1.4711493494470043 1.9728496029237312 0.4163100352292654
0.9369835899779098 0.05546945442988175 0.03231040268944664 0.17631274084322252 0.048124956389886786 1.9994218523499088 1.5798341090453647 1.274166550746625 1.5849109767712324 1.5360157944935078 1.001223033492113 1.0904937958523437 1.5852537450180695 1.28434768764289 1.5652429376703338 1.6014999185010248 1.3254376603364468 1.6135421160250407 1.4806066566604192 1.840876309098866 0.3951430154059992
0.936995366581007 0.05546919850852853 0.03230815704189287 0.17631068917972717 0.04812645701588788 1.999341201947995 1.5797964051419506 1.2741608472815789 1.5848739482285827 1.5359871306831783 1.0012434202428355 1.090505067239045 1.5852122430762499 1.284347299885557 1.56520670680532 1.6014615097846248 1.325426919854293 1.6135015343313825 1.4805799209830528 1.840812167797286 0.39514573612586473
0.9369738008315305 0.055469086268114455 0.032310912067104354 0.17631126722494056 0.04812491580383373 1.9994000712570776 1.5798305308825653 1.2741756991994149 1.5849069003637015 1.5360122597123644 1.0012438797129952 1.0905108441618914 1.5852517469531702 1.2843534568224224 1.5652401272800276 1.601494854754809 1.3254444726055474 1.6135366842087282 1.4806068363341671 1.8408612391183405 0.39514408215626295
0.936992396540442 0.055469359513144696 0.03230808048161985 0.17631125365954242 0.04812638572543057 1.9993416905388557 1.5797977108984236 1.2741625806826455 1.584875103619212 1.5359877930647952 1.0012457839134652 1.0905072696282825 1.5852141470088548 1.284347911117808 1.565208053931664 1.6014625268484548 1.3254284979932505 1.6135026422845118 1.4805812392238717 1.8408129190402045 0.39514535624580305
0.936988543615407 0.05546942420610615 0.03230864256249765 0.17631148445672823 0.04812611969682876 1.9993711837976147 1.5798102830200735 1.274162562189393 1.584887434649276 1.535996813475909 1.0012355021684884 1.090500585676533 1.5852282985738129 1.2843456380353748 1.5652200718941247 1.6014753323990456 1.3254304249275346 1.6135163427896198 1.4805894961914827 1.8408359434436505 0.3951430708816148
0.5899041772687602 0.040586670288707355 0.12559451974468874 0.10407700296425489 0.0369884122815425 2.9824046226569605 2.355879007584575 1.7048971779785589 2.265034821916049 2.1659404315664625 1.2445985358446625 1.4167885539400051 2.2598390887259026 1.69415640123441 2.223406031733978 2.2922748445372454 1.802939108274462 2.2997794434568286 2.0199690820128526 2.7289393149751757 3.5143197444699017
0.9369314255443397 0.05546766426447657 0.03231751461321674 0.17630404125621424 0.04812326670756043 1.9996030519062218 1.5799243409310049 1.2741877425203556 1.5849987450357428 1.5360809805989728 1.0011898777804586 1.0904800456691655 1.5853572735817802 1.2843478966409005 1.5653301989006538 1.6015894968997726 1.3254688859652346 1.6136373353641982 1.4806722134243304 1.8410223153687615 0.3951332588238597
0.8073392497822984 0.05127646330070202 0.06075314768923867 0.17827952236162498 0.052977300012582246 2.288252379491247 1.8725926999901439 1.328642875866153 1.8715920276732279 1.7577491662936977 0.8464922999892149 1.0194797065270569 1.8874519592457428 1.3055449308802032 1.8576093824550737 1.9145052982609967 1.3970064917092528 1.9465238524823925 1.6783911585885658 2.3785037014615744 0.9360890990636526
0.9369956690533224 0.05546922542216341 0.03230795547294997 0.17631076960082492 0.04812653947045406 1.9993344606246246 1.5797935753816024 1.2741608846301617 1.584871134944115 1.5359849097232252 1.0012458722766346 1.0905066940471604 1.5852092530049449 1.2843474950483833 1.5652040230889557 1.6014585440834836 1.325426489057708 1.6134984064805757 1.4805780392664434 1.8408069145028487 0.39514589865185945
0.936976013750666 0.05546993636298991 0.03230947839134633 0.17631358697084457 0.04812529112129071 1.9994157970501552 1.5798326808209884 1.2741680529061459 1.5849091790139027 1.5360129560839926 1.0012277441357136 1.0904975640849766 1.5852539365984863 1.2843459776203754 1.5652417101275067 1.601497527503019 1.3254383831107857 1.6135399365652596 1.4806058263953294 1.840871933804856 0.3951403459771567
0.936995164927762 0.05546919078306748 0.03230815391511741 0.17631064121966478 0.04812646497625353 1.9993394700525715 1.5797958850765246 1.2741612025623512 1.584873421270849 1.5359867465898562 1.0012445293015513 1.09050592007142 1.5852117072211152 1.2843476430116494 1.5652062274964473 1.6014609363583692 1.325427126495004 1.6135009134734233 1.4805796825837938 1.8408108908431937 0.39514588679894025
0.9369916133533369 0.0554694188547033 0.03230852201355321 0.17631166103846035 0.048126086717056385 1.999362056430754 1.5798061405175883 1.2741622513880695 1.5848834713578155 1.5359943148866138 1.0012381026279813 1.090502111506563 1.5852231268485537 1.284347001089006 1.5652160545090459 1.601471345286133 1.3254296022055214 1.6135119731363634 1.4805867628470368 1.8408287418940352 0.39514459904592375
0.9369936882189017 0.0554692685534778 0.03230822152651664 0.1763109594550755 0.04812636420232604 1.9993426022320795 1.5797978228203478 1.274162188479565 1.5848752843175105 1.5359881623610239 1.0012448308177149 1.090506477510348 1.585213959930762 1.2843480966062122 1.5652081217178822 1.6014628081589668 1.3254282339004044 1.6135028841771315 1.4805812500113518 1.840813543633095 0.39514577789362454
0.9369956758751069 0.05546919181853539 0.032308049024563586 0.17631063954924397 0.04812651912506692 1.9993365895720587 1.5797944575535203 1.2741608599078258 1.5848720180252909 1.535985629442814 1.0012450720579413 1.090506156026862 1.5852101591301573 1.2843474708381555 1.565204857121443 1.6014594823425508 1.325426615362028 1.6134993895720255 1.4805786273984622 1.840808570608714 0.3951458995976903
0.9369953516899665 0.05546922547450575 0.0323079661326927 0.1763107543924279 0.04812653779083876 1.9993343669072077 1.5797936739373577 1.2741611071302352 1.5848712191459187 1.5359849623848216 1.0012462251010148 1.0905070070587446 1.5852094043379585 1.2843476143809511 1.5652041285768215 1.6014586117944392 1.3254266822272947 1.6134984772222287 1.48057816646495 1.8408068888232234 0.3951458990673076
