0.34187371068682004 0.012403534005323782 0.19603202181145807 0.19706048580476432 0.008095146372435151 0.7247739018282874 0.7656662744746016 2.4305226617385354 1.6692786443430454 0.26559300897978066 1.4938032076452685 1.5488625581977924 2.1566542485387763 2.095748616965994 1.2784466343659417 2.2667135904786204 2.7583331428347315 2.5237249311734433 1.8883798249033341 1.139783913878638 1.2438020141947774 1.035035036759568 2.1601991170612496 1.9123309218642053 2.1483671439110585 3.9242211852311675
0.24838440150886054 0.014958003477200048 0.17795233133712296 0.19995793991724406 0.00566993090478086 0.6779102498436864 0.7419487000183225 2.5849520457092146 1.7279124929127927 0.05017239868734285 2.072187861067701 1.6241037752196767 2.2805031577067494 2.1821772801460324 1.6014920603729461 2.363482993349804 2.8941188729539826 2.189159873268229 1.9684956323688572 1.1688609330752506 1.2888285948083558 1.050313706311876 2.287217544774503 1.957860865412994 2.233287090882398 4.013731441168125
1.0593469623183536 0.012192424432167595 0.07687074557536651 0.17077540232943006 0.008194846702907398 0.8052888208804405 0.8154509406234373 1.1329746522480613 0.9817374992853167 0.6865791444009285 1.0435783871733277 0.9617533027974228 1.0807089982706284 1.0631735535628417 0.9656979470335845 1.0990135631838482 1.1903250147922044 1.1486312389033826 1.0220504023909773 0.8875186134108107 0.9068999440871637 0.8665864143733131 1.0809305308537303 1.0231615260251454 1.0723682589796812 0.9835569711441696
1.0595256036925247 0.012406418804932389 0.07670171699482316 0.17472849677681124 0.008066197546076334 0.8065601748276976 0.8166725302586116 1.1326339082663186 0.9821435560538991 0.6884097642155763 1.043712379514196 0.9622262057494928 1.080631885613929 1.063166210663218 0.9662146105270613 1.098845472397829 1.1896912556283272 1.1482225709291547 1.0222282202272885 0.888400677844268 0.9076795522726757 0.8675648633605008 1.080848960618994 1.023364814068281 1.0723263522879738 0.98439124343466
1.0593930856961093 0.01248504481783586 0.07662338278807347 0.17618649651841564 0.008022540902248581 0.8067071265338466 0.8168129303739077 1.1325815899691858 0.9821822243412729 0.6886308308154312 1.0437098022413336 0.9622801310753254 1.0806105177707201 1.0631564764281423 0.966260626727329 1.0988128382315716 1.1896042389269204 1.148159568163099 1.02224416420913 0.888496013643072 0.9077636057961725 0.8676735180148484 1.08082738067174 1.0233784080016508 1.0723100279715139 0.984481949887888
0.3601006590408179 0.013123549200757995 0.19790421291114949 0.18064876953069375 0.011783663881939476 0.8822306014524859 0.9235052021116069 2.2103678763471604 1.6048762684854503 0.42691446110136455 1.8414986595419818 1.534403524880406 1.9869915826584275 1.9206993403509183 1.515536132682965 2.0001124269286157 2.4288716858830104 2.2611906890931426 1.7673272524770143 1.2194586240711545 1.2969566386816935 1.1369701398919256 1.9988356255557649 1.7671156185428591 2.034182765763492 3.6543835444294497
1.058991047628139 0.012385898907929592 0.07672224141114038 0.17436822730820734 0.008081251533110257 0.8065347069485547 0.8166496352600798 1.1327119843615547 0.9821713380608622 0.6883581841790093 1.043741883826474 0.9622640766854852 1.0806894332264534 1.0632259480002444 0.9662209347222785 1.0989090627739775 1.189791630429596 1.1483003974939947 1.0222813074803392 0.8883931496358198 0.907681466199515 0.8675541035136708 1.0809078663668341 1.0234053733512378 1.0723831733892455 0.9843655070443307
1.059569114644604 0.012523115275461003 0.07658535225219254 0.17690994633079443 0.008001914917833254 0.8066780576788858 0.816784777087462 1.13257216949461 0.9821648275924381 0.6885905293615313 1.0437025461213658 0.9622556465674544 1.0805994223346875 1.0631417402513896 0.9662476447346776 1.0988027501490152 1.1895970148761943 1.1481529636133179 1.0222249061914634 0.8884746869928992 0.9077423382022471 0.867649795539886 1.0808159279492981 1.0233635040477214 1.0722978495738424 0.9844971254837038
1.0594002842260115 0.012488637906932052 0.07662150013783597 0.17625496797534546 0.008020394429155643 0.8067318789615793 0.8168368890291042 1.132579065511276 0.9821924939712996 0.6886645057359742 1.0437162371454023 0.9622908075249074 1.0806126103584417 1.0631594646565685 0.966273323238073 1.0988133941327294 1.189596626374689 1.1481561238810933 1.0222500057002726 0.888514524366594 0.9077802519255371 0.8676935283432575 1.080829378745507 1.023385229901809 1.0723126516749442 0.9845046046610465
1.0591208674856107 0.012271542407777215 0.07682386163522352 0.1722534495440819 0.008147006870443611 0.8059104150020959 0.816051633884211 1.1329183523802195 0.9819951181551192 0.6874373651499951 1.0437185344319442 0.9620417547295324 1.0807625732051342 1.0632582098542542 0.9659980601576952 1.0990291260714284 1.1901465253805923 1.1485455506984839 1.0222136493697238 0.8879752642865437 0.9073140919669679 0.8670842565806615 1.0809828814602058 1.0233336773864337 1.0724371105994484 0.9840108063909979
1.0585812556110505 0.012086024420198948 0.07702095542728221 0.16890949952405598 0.008260800078569285 0.8055415708238413 0.8157044142899197 1.1332310246598523 0.981993635244268 0.6868285103596923 1.0438357076610136 0.9620081549127036 1.0809639141538645 1.0634295973227572 0.9659498432199427 1.099269396963326 1.1905831702541712 1.1488881266907156 1.0223050268412346 0.8877728240722217 0.9071544133463987 0.8668406256437696 1.0811869132760565 1.0234173516390346 1.0726236749984046 0.983903291380072
1.0540427361264342 0.01043102099530287 0.07785040981008691 0.13949339690156903 0.00950393590436556 0.7954737622393552 0.8058624050136681 1.130830222415139 0.9760035251985657 0.6742647108286297 1.0388753817766556 0.955956225200083 1.0772966746345287 1.0595435212419502 0.959184427277609 1.0960171807652166 1.1896671540909014 1.1467389877518417 1.0176298476400434 0.8793953233163161 0.899328935143823 0.8580624364267261 1.0775085402486484 1.018377735341872 1.0687818561983606 0.977038870423771
0.27598525502241195 0.011384909398942964 0.1686844910871901 0.18597851731402015 0.01216395147781305 0.691320952626015 0.753596327423096 2.5439076539345167 1.7122367329193249 0.05004283675451633 2.0304256556977465 1.6278972379344439 2.2327275234554143 2.142889869106747 1.576672953600927 2.3289653347643617 2.8462872764174003 2.5978646774009246 1.937245681677716 1.167061903039586 1.2817828962846227 1.0501863808086596 1.7644419208684854 1.9556447211009373 2.2004395273010338 4.045392012093863
1.0595017805779285 0.01254589439721458 0.07656186940410287 0.17733880534798685 0.007990007446203783 0.806692073786599 0.8167981443539171 1.1325699410724541 0.9821696252682662 0.6886120992851753 1.0437016401780543 0.9622638473090005 1.0805991960502943 1.0631434161219993 0.9662510369350371 1.0988016147898148 1.1895924353728222 1.148149170842458 1.022229474479605 0.8884834503676265 0.9077506010140988 0.8676600776276957 1.0808158192104063 1.0233662559912695 1.0722982526993092 0.9845086056685599
1.059529129819578 0.01251445460842176 0.07659601375726667 0.17674633493369968 0.008006446164316344 0.8067110403597534 0.8168167732004009 1.1325738725525294 0.9821809169210242 0.6886348765136265 1.0437124796363972 0.9622738201710568 1.080606020182215 1.0631500910792375 0.9662650219819345 1.0988076175982002 1.1895932398019193 1.1481531031701557 1.022237094684874 0.8884997486404416 0.9077655654595516 0.8676768900383487 1.0808225297010576 1.023375633300551 1.0723052256252605 0.984516688871956
1.0595870466970068 0.012557761707162681 0.07655165917157579 0.1775657023424281 0.007982821777738342 0.8067519897055635 0.8168553602198991 1.132539097136903 0.9821812093485026 0.6887019219981148 1.0437004334773334 0.9622768553460344 1.0805837906692672 1.0631308436564868 0.9662710962724754 1.098781033353626 1.1895445711478885 1.1481152331886013 1.0222265894266829 0.8885224922993379 0.907783446478635 0.8677040857055737 1.0807999610187973 1.0233664292669888 1.0722845825152014 0.9845522716704455
1.0560521780841698 0.011712681067629386 0.0773934679399993 0.16245135507192782 0.008509787474547267 0.8047298765536736 0.8149339450730189 1.1337484224635292 0.9818947456429794 0.6855674663945949 1.0439365591602512 0.9618753580747101 1.0812587749239657 1.0636794991549148 0.9657263761769531 1.099639112106754 1.1913513757914538 1.1494540153411996 1.0224119801239664 0.887268235867075 0.9067402549732836 0.8662626265901204 1.08148701816146 1.0234822840051234 1.0728917259324844 0.9837133014370074
1.059164928120115 0.012300388519483561 0.07681884728206913 0.1728156462158479 0.008128846201458062 0.8063459634167102 0.8164721497119377 1.132855881293362 0.982164374322135 0.6880423202769538 1.043808416266533 0.962227325586984 1.080782400003325 1.0632979969580174 0.9662047246174739 1.099020985384982 1.1899927298717203 1.1484635595829071 1.0223085006818184 0.8882928814761684 0.9075991856093579 0.8674308122051467 1.0810013651424903 1.0234402179534323 1.0724674392476832 0.9843376999833134
1.0595044701016962 0.012338367569425203 0.07677192459167574 0.17336682900012043 0.00809397203157459 0.8066900699455753 0.8167967749232699 1.1325874900335662 0.9821781917209366 0.6886029035132465 1.0437141793828641 0.9622709493707831 1.0806136778842246 1.0631567700830216 0.9662590737978253 1.098817307002772 1.1896133988285853 1.1481678132458133 1.0222403056435414 0.8884865312119257 0.9077547585820712 0.8676618024793709 1.080830298968118 1.0233772740553844 1.0723122251732904 0.984415914188857
1.0581148827403397 0.012002649667845951 0.07712151044714695 0.1674805828733844 0.008316567212150506 0.8056073957598658 0.8157723322677781 1.1333570680058158 0.9820921975585885 0.6868738650283652 1.043942293205437 0.9621057997123553 1.0810792675075287 1.063543987787855 0.9660399601331499 1.0993884598334436 1.1907213452190137 1.149016160376451 1.0224128852521406 0.887852249917742 0.9072381723242156 0.8669170423447715 1.0813031523193506 1.0235229657467326 1.0727381486129506 0.9840348175662056
1.0592277431769477 0.012375922542817016 0.07672292015902216 0.17418337542613258 0.00808607627822115 0.8064527586906781 0.8165688126360042 1.1326666554689255 0.9821091749850673 0.6882621416840461 1.0436888411434346 0.9621978164989458 1.0806389122823354 1.0631722905653784 0.9661599691941994 1.098860488021962 1.1897520235026786 1.148257429282025 1.0222227157964479 0.8883213269641036 0.9076113889856592 0.8674794503773012 1.0808570159576762 1.0233480459557251 1.0723315212022315 0.9842748727004965
0.34268136658778864 0.01689079834912449 0.19743416757540544 0.1748655059694415 0.011098213779830134 0.18124713461277528 0.25946975358652047 2.502535402319239 1.4834540269298915 1.9218527939565988 1.869868767775202 1.3759089591687679 2.109045867030258 2.0021397768912337 1.324945786643159 2.0150550741102666 2.8149959750425504 2.545146310259309 1.7671490286515426 0.8284194761812774 0.9695878368120723 0.6882894799952006 2.1358946257731697 1.7505349927942782 1.9543285194972744 6.413457570809033
1.059582996683284 0.012546981700124757 0.07656261892343375 0.1773617779933151 0.00798886551255265 0.8067531004607846 0.8168564291346319 1.1325407170231612 0.9821825442847293 0.6887030192793889 1.0437016002191348 0.962278395915547 1.0805852759881673 1.063132399253342 0.9662722214465412 1.098782562789245 1.1895463127580843 1.1481168210756847 1.0222281571714262 0.8885236294761346 0.9077846554692779 0.8677052300875764 1.080801468030774 1.0233678439352332 1.0722860682771254 0.9845467594575154
1.0594899830445677 0.012559787855271612 0.07654877843790231 0.17760299640309785 0.007982502653475351 0.806753992924969 0.8168573465310893 1.1325462856258526 0.9821853636374676 0.6887046156643287 1.043701581403625 0.9622843654135286 1.0805892543212308 1.0631376874134453 0.9662715848203984 1.0987868333431134 1.1895534805344907 1.1481214946185454 1.0222341217607676 0.8885240636924171 0.9077860252114053 0.8677060543082988 1.0808056783311661 1.0233712264250614 1.0722903045733587 0.9845453461072817
1.058984046384956 0.012389277980642868 0.0767118158761823 0.17439815847642362 0.008077459863560418 0.8065294406385647 0.8166430271348828 1.1326757859735594 0.9821482531150498 0.6883675885339748 1.0437080517088104 0.962247468505453 1.0806571734751833 1.0631969922953273 0.9661962155009807 1.0988750153505078 1.1897506724912028 1.148261226608055 1.0222579776204066 0.8883779246317186 0.9076652048044233 0.86754165416837 1.0808756152897503 1.0233785585912747 1.0723520369914457 0.9843133344824317
1.0593641257269235 0.012435512531208294 0.07667834041129729 0.17527093174619546 0.008050127339456764 0.8066436229995064 0.8167538002614441 1.1326497900643753 0.9821903451688474 0.6885186044594281 1.043744357227844 0.9622788776873787 1.0806579667083238 1.0631967918355885 0.9662625425427818 1.0988678255886521 1.18969570846366 1.1482346297060009 1.022267544300434 0.8884663395822899 0.9077415453566874 0.8676352359020504 1.0808752096966265 1.0234030043559952 1.07235426655804 0.9844690443602186
1.0590182377361774 0.012415187889544183 0.07669171192637887 0.17488638920368316 0.008062981145185335 0.8065756977512679 0.8166883402029612 1.1326828695852873 0.98217435459281 0.6884244993596398 1.0437317264192347 0.9622712832737911 1.0806715266457745 1.0632115122632568 0.9662279725775462 1.0988871624439003 1.1897499498343984 1.1482679115129746 1.0222754675659218 0.8884165970694511 0.9077006818140255 0.8675819640377741 1.0808897576872212 1.023399644250155 1.072366890800284 0.9843819713544649
1.0595027332521383 0.012364231767314814 0.07674564698611872 0.17386063469410076 0.008080739475797799 0.8066886385019808 0.8167953260682165 1.1325858029560327 0.9821765967494932 0.6886016651539727 1.0437123773229529 0.9622695201140986 1.080611997807396 1.0631551661315388 0.966257335289404 1.0988155993542497 1.1896116957350702 1.1481660569870606 1.0222387952335383 0.888484956855018 0.9077532026972852 0.8676602812349696 1.0808286291565024 1.023375649790908 1.0723105688749541 0.9844246415553471
1.0591962698502855 0.012403082957732948 0.07669921574078956 0.17465198961733833 0.008068650490187583 0.8065881534830895 0.8166986908618035 1.1326280863330003 0.9821507194324498 0.6884595840290003 1.0436984257454318 0.9622489754699654 1.0806282229800932 1.0631701553663004 0.9662113613172145 1.0988399859410984 1.1896823322717671 1.1482107609387606 1.022241445503038 0.88841356598375 0.9076930209657824 0.867582553437245 1.0808459650963906 1.0233677275274755 1.07232484881573 0.9843529633358986
1.0595830496051135 0.012556251724749945 0.07655334999536095 0.17753680353501722 0.007983493939476408 0.8067615462494366 0.8168645276081142 1.1325360657031205 0.982184008471846 0.6887158999526852 1.043700969514929 0.9622802851603098 1.0805827888203812 1.0631304636460601 0.9662745911597168 1.0987793183304624 1.1895392974705556 1.1481116195202155 1.0222277352226652 0.8885289461753786 0.9077891325053064 0.8677113297991161 1.0807989283492379 1.023367623319845 1.072283871017315 0.9845564453451788
1.0595804939871374 0.012524765715435896 0.07658241151152116 0.1769408913589383 0.008001164880944902 0.8066466412036138 0.8167545175084732 1.1325780153982108 0.982153446201168 0.6885460082385338 1.0436977585731706 0.9622424544514441 1.0805992483371236 1.0631398190009484 0.9662340038477238 1.0988046693005586 1.1896095595503187 1.1481604677603878 1.022218600623727 0.8884524068162162 0.9077223693984688 0.8676252296931876 1.08081583121681 1.023356824412691 1.07229682769521 0.9844779656822401
1.0595770125150867 0.012546332326344497 0.07656303865711331 0.17735025433083298 0.007989391113576123 0.8067357677647526 0.8168399394151784 1.1325482463275627 0.9821786444899239 0.6886768289242017 1.0437021910704125 0.9622731921740857 1.0805887844390052 1.0631347637937123 0.9662667578305466 1.0987874771296153 1.189558334757187 1.1481254638482745 1.022227543456938 0.8885124530747844 0.9077750052735137 0.8676925251208136 1.0808050480123632 1.0233670408436457 1.0722890281774042 0.9845387527344038
0.34548924339685716 0.016790941126433773 0.196119709981397 0.1950069677582719 0.004880957784329334 1.19538640396097 1.2256082978766432 2.1491807383193002 1.7102495977537875 0.8567683379205708 1.88662175627948 1.6551770167312954 1.9933782646086384 1.9424169430834657 1.6466222292131727 2.042003657329298 2.4047310236550854 2.1895744608209116 1.8296114335967628 1.4290967527113811 1.4874150361201082 1.3716450062229089 1.9980914547132276 1.8289463076832146 1.9699547428932032 3.4527553764854804
1.0595819254121592 0.01254770445335619 0.0765619596536572 0.17737308291477724 0.007987831536658925 0.8067583322887129 0.8168614850190059 1.1325383040206787 0.9821837258484369 0.6887107731660341 1.0437016394688647 0.9622797456214266 1.0805841390842115 1.0631315668895838 0.9662739677005568 1.0987809820129109 1.1895425195943108 1.1481140997366743 1.0222281940566496 0.8885270693095132 0.907787593481361 0.8677091184350866 1.0808002947610023 1.0233680266614553 1.0722851000346552 0.9845504364185766
1.0595028511448368 0.01249054593455309 0.07661470572128366 0.17629367950333985 0.00801997928626095 0.8065924888141633 0.816702686570946 1.1326028084041795 0.9821412355777973 0.6884661665744451 1.0436962545450366 0.9622293921858481 1.0806105337571483 1.0631487690684143 0.9662141717509338 1.0988204643748307 1.1896492249381474 1.1481878357669075 1.0222193072980794 0.888416194292271 0.9076916203816178 0.8675847578865291 1.0808275070667779 1.023354544971922 1.0723066413025422 0.9844242031299889
1.0595837435977422 0.012568680041336253 0.07654076162269947 0.17777510118214956 0.007977381602418674 0.8067615668649207 0.8168645130968514 1.1325349319200624 0.9821834096266338 0.688716325920974 1.0437001662150007 0.9622797440603945 1.0805818422845639 1.0631295708800046 0.9662740504192588 1.098778299734875 1.1895379553262053 1.148110428629468 1.022226984362177 0.8885286794470185 0.9077887971747288 0.8677111380407643 1.0807979797947918 1.0233668792207784 1.072282952551018 0.9845628471080131
1.0595615437938992 0.012518434018173787 0.07659147125038085 0.17681159088672635 0.008002374612069955 0.8067582586580939 0.8168615173105673 1.132542730880778 0.9821859462516053 0.6887096024983671 1.0437039086620477 0.9622824319878351 1.0805876666052807 1.0631351915833585 0.9662753099117736 1.098784789802111 1.1895479063147587 1.14811852163681 1.022231517141321 0.8885277856419844 0.9077887112400148 0.8677096832720038 1.0808038787625898 1.0233708134372252 1.0722885936486328 0.984534325712398
1.0594370105044593 0.01241222081133802 0.0766881576539082 0.17483685540027705 0.0080640531662812 0.8064402076961736 0.8165566560835096 1.1326552300280541 0.982098539222323 0.6882440006643428 1.043686412422495 0.9621797921059791 1.0806290849384868 1.0631591614663092 0.9661560730458928 1.0988506372293456 1.1897391722468162 1.1482484123406842 1.022206685370622 0.8883126481607021 0.9076013545186373 0.867469249755892 1.080846744996548 1.0233376087404482 1.0723208968058109 0.9842970292139613
1.059560177020231 0.01245338169538257 0.07665649575668493 0.17556607675030972 0.00803511549869569 0.8067178930472343 0.8168230522522274 1.132563002829426 0.982178210508422 0.6886478562180063 1.043706934502911 0.962271703970667 1.080598120348569 1.0631428252545343 0.9662639013961388 1.098798705171102 1.1895790921393725 1.1481415340236834 1.022231925364279 0.8885023492574604 0.9077670111325278 0.8676805032839819 1.0808144895538296 1.023370713421302 1.0722976682567817 0.9844826189934172
1.0595826267927273 0.012521183699843421 0.07658880528844689 0.17686463224950208 0.008000788704629645 0.8067599681824583 0.8168630933023566 1.13253943418065 0.9821850801583759 0.6887125966210008 1.0437029036504628 0.9622811277189002 1.0805853552750744 1.0631328011151604 0.9662753968494795 1.0987821848698138 1.1895435570866322 1.148115225437397 1.0222294710957556 0.8885285887954266 0.9077890745715427 0.8677106572103559 1.0808015049208106 1.023369323751792 1.0722863181970845 0.9845378259791601
2.7440501788524587 0.015872185088706553 0.12985096590677633 0.1858108567155394 1.2422701855353785e-05 0.6928598059104883 0.6957002323420121 1.736506156957089 1.2015418401257962 0.25549545669632434 1.4204981718214573 1.193806851006994 1.5845112047958392 1.5458196132944348 1.1991319993231604 1.673225791981496 1.9987851036673705 1.849516199505019 1.4131523078495276 0.9486552339143169 1.0139056402955502 0.8824071609206097 1.61584349565609 1.4137248765259034 1.8415193515026127 3.379713199985931
1.0595965617891934 0.01256571424295194 0.07654338581654575 0.17771937685898612 0.007979044398271984 0.8067458564688064 0.8168493566154867 1.1325392883739727 0.9821784537298893 0.6886935951451977 1.043698764100986 0.9622738352237667 1.0805829667937286 1.063129719886351 0.9662679818129823 1.0987805720311614 1.189545879457486 1.1481157232126469 1.0222247063831895 0.8885179078069455 0.907779255919387 0.8676991102499049 1.0807991573137816 1.0233645047427886 1.0722835993558124 0.984552136341948
1.0588174086169289 0.012324003281050757 0.07677136125694076 0.17325604692054264 0.008119731331615188 0.8062923620980599 0.8164161960972106 1.1327698010516858 0.9820888691333453 0.6880163736823939 1.043703061222169 0.9621756102019842 1.0806966846820965 1.0632229350840785 0.9661121290518794 1.0989332487087589 1.1899053900910082 1.1483687536350848 1.022246468835597 0.8882200044264422 0.9075286736354755 0.8673642892165537 1.0809162078491898 1.023360628786823 1.0723845145419522 0.9841714047913784
1.0593139261534557 0.012248519997367075 0.07685946793748602 0.17164514824421687 0.008140933455071176 0.8066709954230921 0.816778554076683 1.1326094719296116 0.9821797634540683 0.6885748414908225 1.04371468914253 0.9622781718066566 1.080627162083791 1.0631716844693033 0.9662513067956661 1.0988332297688173 1.1896444158200798 1.1481892064744277 1.0222531991931636 0.8884738624971793 0.9077460775476193 0.8676480860398833 1.0808443358894118 1.0233840268584262 1.0723255505983027 0.9843489100418025
1.0595691739648616 0.01253398728337523 0.07657470793261366 0.17711557643255593 0.007996038479544918 0.8067089633862883 0.8168142686812776 1.1325583359383375 0.9821716169759949 0.6886373211230401 1.0437012499074656 0.9622647751557988 1.080592802613629 1.063137248838304 0.9662570945745625 1.0987935916275622 1.189575150991393 1.1481370756943665 1.0222257976711902 0.8884945197780973 0.9077594312438222 0.8676724035006583 1.080809187189495 1.0233646627701531 1.0722922539467517 0.9845166435456687
1.0595545252447724 0.012528922088372356 0.07658060537165744 0.17701955057561589 0.007998668150499589 0.8067229414101076 0.8168278184848343 1.1325586580076283 0.982178229078467 0.6886562187482658 1.0437052451989144 0.9622722320761277 1.0805952785731576 1.0631404582908812 0.9662643386346197 1.098795311156857 1.1895730646725189 1.1481367356130459 1.0222306623426989 0.8885050699506897 0.9077691676517153 0.867683827257615 1.0808116583870342 1.0233695470170754 1.0722950627664898 0.9845240558883072
1.0595682499589139 0.01239793942495182 0.07671095012775297 0.17450647180634163 0.008063604258168825 0.8066512970731792 0.8167593563147795 1.1325888955270094 0.982161405339534 0.6885485722839013 1.0437066748686536 0.9622502177843894 1.0806090776409796 1.0631494163971864 0.9662415800073053 1.0988149117008412 1.1896216015619197 1.1481716261292172 1.022227495862998 0.8884585550432617 0.9077289070161935 0.8676309903990743 1.0808256699947951 1.0233655572943618 1.0723065125640885 0.9844223244242738
0.39554859597074415 0.015550843754471999 0.17203375273818428 0.17099778378106598 0.0056140419739337324 0.6897691663329041 0.7118381051115895 2.2285936002564117 1.430687699084602 0.12501383795156706 1.6761397628046766 1.354213810292777 1.8277778291438385 1.7481674383088421 1.3158024830545287 1.9110307024517246 2.296893991435485 2.1288231711331025 1.5964195218342256 1.010321014126282 1.0823616784497776 0.9412203187446149 1.830072275565672 1.5936871235564296 1.8401319283655766 3.27800239634877
1.0595907339222808 0.012545582061145175 0.0765638472872892 0.1773351165240052 0.007989820991194984 0.8067230108919918 0.8168277078297763 1.1325529659261626 0.9821752323483491 0.6886578910401487 1.0437021614553754 0.9622687255029795 1.0805907305671447 1.0631356962930616 0.9662627208706065 1.0987904133753323 1.1895660704260718 1.1481310797170858 1.0222262329023448 0.888504055953425 0.9077677179147307 0.8676830895317708 1.0808070166162886 1.0233659024389146 1.072290539027399 0.9845330750980388
1.0595854217899874 0.01256930324291578 0.07653992936757502 0.17778706284115736 0.007977095021542226 0.8067601609277302 0.8168631049508291 1.1325339518122022 0.982182206353809 0.6887148491504262 1.043698927861407 0.9622786313348854 1.080580776547089 1.0631285250779359 0.9662727495701467 1.0987772588527278 1.189537071750417 1.1481094422104425 1.0222259156756168 0.8885273300002735 0.9077874921345901 0.8677097790418125 1.0807969161639293 1.023365738689872 1.0722818804307355 0.9845612737333556
1.0592522898568961 0.012219288716154703 0.07685641431336666 0.17130727817717084 0.008179580533256438 0.8056427628168857 0.8157915335700604 1.1329031283961535 0.9818622722314996 0.6870838577046605 1.0436264512702398 0.9619002424999796 1.0807059235265901 1.0631909295199578 0.9658476703431749 1.0989865636698357 1.1901771958784166 1.1485403540146406 1.0221183552596613 0.8877676202578001 0.9071227838029293 0.8668617523893409 1.080926609373295 1.0232327647482355 1.072374989300535 0.9837750987880457
1.0595844096960576 0.01256767555306018 0.07654176833733714 0.1777559606522758 0.007977896037416152 0.8067611600627858 0.8168641221481303 1.1325351242335884 0.9821833226549658 0.6887157110294703 1.0437001824695389 0.9622796316681865 1.0805819379346169 1.0631296385598998 0.9662739302970117 1.0987784308257589 1.1895382555328644 1.1481106498089344 1.0222269796871735 0.8885284196067986 0.9077885743315054 0.8677108407179356 1.080798076586617 1.0233668707089645 1.0722830340235265 0.9845620430962532
1.0595679859255565 0.012518920305585074 0.07659018791286132 0.17682071021683965 0.008002251115003464 0.8067277925839274 0.8168322959126644 1.1325520222710157 0.9821768814721338 0.6886650855053398 1.0437019541281016 0.9622713639114318 1.080590539270912 1.0631361860970183 0.9662638579949663 1.0987899046052256 1.189564335897707 1.1481296079798666 1.0222277763434235 0.8885071158938618 0.9077704913457482 0.8676865617984405 1.0808068483997137 1.023366761619874 1.0722905593008991 0.9845177565983684
1.0594814000589945 0.012523638825331444 0.07658384767484373 0.17691636477068043 0.008001894033284412 0.8066710656070469 0.8167781201148605 1.1325811663311005 0.9821658594450056 0.688580170847471 1.0437028967433024 0.962259130842023 1.0806050460990553 1.0631480573428638 0.9662446908169395 1.0988093095809288 1.1896096081403749 1.1481616436206976 1.0222305164028134 0.8884700616572669 0.907739325927439 0.867644829865348 1.080821799718751 1.0233665407710943 1.0723034432820662 0.9844855840740008
1.0592954758651527 0.012431726212492328 0.07667505158188681 0.17519615193008942 0.008053128602741471 0.8065538223866746 0.8166667664136278 1.1326579619895951 0.9821522852461285 0.6883978587441483 1.0437183619088857 0.962240902388973 1.0806491898689021 1.063185476302922 0.9662142775854003 1.0988645572295583 1.1897225212071219 1.1482455853874782 1.0222466654255957 0.8883981338627704 0.9076803645056509 0.8675619721494645 1.0808668470374583 1.0233773019317434 1.0723437450522213 0.9843860556400637
1.059541278094699 0.012413850172009418 0.07669599710437369 0.17480957801535116 0.008055244249673773 0.8067006966339013 0.8168067082263073 1.1325740727540832 0.9821761048313703 0.6886211540988217 1.0437091355198307 0.962268853978336 1.0806044531542092 1.0631481316386666 0.9662594948413104 1.0988066643320091 1.189595391678347 1.1481536762101672 1.0222341021219332 0.8884918009960744 0.9077583276496899 0.8676683356078324 1.0808209370116124 1.0233721653310814 1.0723034254476838 0.9844546766624935
1.0595224692802532 0.01250630363905014 0.07660508428443295 0.17659376043407876 0.008010940930683651 0.8066741833300771 0.8167819041065891 1.1325986507856165 0.9821774100715677 0.6885757384735128 1.0437206323571888 0.9622666012457304 1.0806209534087234 1.0631619251233886 0.9662581482175048 1.0988260557875995 1.18962901247208 1.1481808699875546 1.0222412952243425 0.8884783891655723 0.9077478936154753 0.867651625686212 1.0808376389727006 1.0233798651051504 1.0723187080636143 0.9845038465320266
1.0595725641341223 0.012541880317749738 0.07656781123623685 0.17726579873900036 0.007991749550091373 0.8067299014036602 0.8168344391998006 1.1325537793695866 0.9821789372462714 0.6886668821514741 1.043704573565549 0.9622728597221181 1.0805924788944359 1.0631379156235379 0.9662663687120792 1.098791825001172 1.1895659144525077 1.1481315328084851 1.0222292936155801 0.8885094301254344 0.9077726736222892 0.8676887902592276 1.0808087833661533 1.0233687649069196 1.072292461173677 0.9845357832063134
0.6117618126776585 0.010435066922736016 0.13274621690019717 0.14005784676699246 0.006765066765799873 1.008651087184321 1.0261313755123613 1.5383558236378465 1.296914044341242 0.9039108441428558 1.3943203029439954 1.2647388222568001 1.4518162908090928 1.4241503089350733 1.2682817249065612 1.481726317431741 1.62923557026607 1.5623993514173324 1.3605421938734135 1.1455676361909253 1.1768287394416992 1.1117994657827048 1.4548484313405006 1.3626254092102645 1.4405134011731644 1.7297753450543907
1.0595743331693661 0.012489867613399635 0.07662005102070571 0.17626501703824266 0.008016891760269903 0.8067401841045179 0.8168442690956835 1.1325503959128114 0.9821817953807015 0.6886821439546954 1.0437048083611369 0.9622765627966605 1.0805912704848608 1.063137393966544 0.9662700276311147 1.0987898552786033 1.1895600997445894 1.148127486546048 1.0222305067373036 0.8885162560774442 0.9077786833511917 0.8676964769911238 1.080807518329785 1.0233699062789616 1.0722915692244135 0.9845115337395387
0.828969573275749 0.00678159070242782 0.11171856658110639 0.07463091773071093 0.012660550747845502 0.7332786501788491 0.7741605256915699 1.4127094694793234 1.1094231782059674 0.5525668628183285 1.2275142796816583 1.0741085668774433 1.3044154954170468 1.2720680609762134 1.0726899133524865 1.3428883499685584 1.5278717116953562 1.4434078022900294 1.193009857086054 0.9180919649646179 1.196030387926875 0.8771831317964863 1.3091771206107483 1.1932457665128913 1.2913364746301368 1.404105547098626
1.0597121262924551 0.01212844186842075 0.07697138104162113 0.16948530891694874 0.008215892685653335 0.8060873124466043 0.8162197363472363 1.1327969975530738 0.9820135523966214 0.6877099289508934 1.0436998840371554 0.9620606450666853 1.08069306686179 1.0631957600103792 0.9660501911910311 1.0989426878319195 1.1899676875201635 1.1484155706554668 1.0221808715720033 0.888086277989564 0.9074035871819575 0.8672104350192992 1.0809114969013804 1.0233150405346656 1.0723727392225364 0.9840503281163799
1.059583829162393 0.012569855996140189 0.07653957013016599 0.17779765273733902 0.007976804788459952 0.8067615163815757 0.8168644615467316 1.132534846323261 0.9821833405176521 0.6887162872114689 1.0437000917524777 0.9622796759579403 1.080581762581773 1.0631294923790189 0.9662739831295755 1.0987782174029537 1.1895378630417657 1.1481103412192906 1.022226910238662 0.8885286203597198 0.9077887360284006 0.8677110813164949 1.080797900075283 1.023366805740651 1.0722828737432726 0.9845634343291088
1.0595813687710662 0.012543216329352572 0.0765665904234304 0.17728674170245853 0.00798990524944314 0.8067620121357673 0.8168650221241748 1.1325373947987267 0.9821849379880119 0.6887160641244032 1.0437020468228535 0.9622811744188385 1.0805839749001254 1.0631316136551638 0.9662754715129037 1.0987805606598686 1.1895407848601107 1.1481129898307723 1.0222287804673387 0.8885296260985943 0.9077898639859865 0.8677119541898626 1.0808001172068085 1.0233686595259366 1.072285037619326 0.9845502302527916
0.3014202368463046 0.017378513006518066 0.1779465419855194 0.19999850645349912 0.00869814208598392 0.688232570237853 0.7484988751494827 2.4503241865032526 1.6554530477768485 0.0500088308361862 1.4279484561029034 1.557692317595381 2.161484404086999 2.0730599000926166 1.5377889368372095 2.249857944897707 2.744045506963244 2.518765567372755 1.8782391674807029 1.1473114711989583 1.2558401595023576 1.033368159532292 2.184150334402467 1.9561336303561991 2.128503234017135 3.947664164210898
1.059332222355883 0.012425868208925 0.07668933993397223 0.17508952501432273 0.008055403866911882 0.806575413221787 0.8166892425324743 1.132695737495686 0.982183808319173 0.6884095174568091 1.0437587917471292 0.9622660289509356 1.080685541060774 1.063218885790863 0.966249196008304 1.0989018877823176 1.189762171585303 1.1482859192414414 1.0222757778504399 0.8884265205760441 0.9077086813749726 0.8675883096576532 1.0809031433503942 1.0234107849820164 1.072379220469694 0.9844465017371157
1.0590948637486184 0.012369250701338874 0.07674096319231034 0.17405228005521756 0.008089308705854106 0.8063999812969933 0.8165215643191618 1.1327783283037356 0.982146048277089 0.6881481525935439 1.043758818065046 0.9622228158878449 1.0807246012350071 1.0632492540058716 0.9661883944994093 1.0989556085551044 1.18989297539617 1.148377701765366 1.0222784642442921 0.888310798001774 0.9076104113436255 0.8674582475597842 1.0809433413418492 1.0234053677690107 1.0724132374168625 0.9843223998359663
1.0595838517161817 0.01256979507507429 0.07653963073104111 0.17779648456924554 0.007976834783652976 0.8067615061341719 0.8168644516054445 1.1325348458241309 0.9821833355170112 0.6887162734118283 1.0437000886383494 0.9622796703587877 1.0805817605832968 1.0631294898625896 0.9662739778042586 1.0987782159808912 1.189537864288411 1.1481103412546647 1.0222269064402385 0.8885286126074945 0.9077887288282496 0.8677110729090886 1.0807978980552235 1.0233668019876687 1.072282871474534 0.9845633921494295
1.0591948165597092 0.012242734166993747 0.07684333166413275 0.1717623589094085 0.008166225934200832 0.805880536038971 0.8160207342099417 1.1328641210755774 0.9819513177660968 0.6874185573687562 1.043667216792969 0.9620021802127379 1.0807117715767671 1.0632094984295255 0.965954069249101 1.0989768569414258 1.1900882818889416 1.148489241455122 1.0221691776148532 0.8879378820563302 0.9072757411572672 0.8670488676224309 1.0809318784158828 1.0232869406186422 1.0723870732812473 0.983937182245598
1.0595208884059437 0.012394628764132155 0.0767140999126589 0.17444094132141733 0.008065187123399513 0.8066812188756849 0.8167879417557212 1.1325795402490313 0.9821698154831738 0.6885937372366504 1.0437059947744207 0.9622625163824348 1.0806056098610677 1.0631486225157873 0.9662506799337874 1.0988092454048144 1.1896055880875855 1.1481598870240437 1.0222320878581665 0.8884778839029607 0.9077461746260451 0.8676531080833555 1.0808222098714673 1.0233690256890349 1.0723041314298491 0.9844296695816181
1.059121474527857 0.01231172858135487 0.0767932494298289 0.1730523586019689 0.008128557207950447 0.8064965933751476 0.8166122930191193 1.1326960165141193 0.9821453866708316 0.6883110126575246 1.043722215616884 0.9622349145001579 1.0806704614249367 1.0632048255439819 0.9661962737707721 1.0988913378747145 1.1897789770506202 1.1482861162289881 1.0222568095697357 0.8883615774302785 0.9076507896729504 0.8675206583654297 1.0808887092607393 1.023382310123469 1.0723634824222892 0.9843087345488233
1.059570402894253 0.012479791132830797 0.07663034916932782 0.17607196589837587 0.008021752414551327 0.8067298679776246 0.8168345001867848 1.132557259603483 0.9821807484470036 0.6886657212409246 1.0437068623413128 0.9622746233176585 1.0805953612581596 1.063140681055082 0.966267931345155 1.0987949285187957 1.1895700582378248 1.1481351456085498 1.0222317050914795 0.8885101993628678 0.9077736773504391 0.8676893545140973 1.080811661777029 1.0233710179628104 1.0722952642801133 0.9845035019750137
1.0594110220254822 0.012468569508231388 0.07664355968490005 0.1758846132079737 0.008031692189348743 0.8066761830602104 0.8167842800875207 1.1326170450205992 0.9821876965862666 0.688574183524353 1.0437303122841706 0.9622792980242062 1.0806358813637638 1.0631775711152558 0.9662643415803011 1.0988419908016196 1.1896510974165548 1.1481989887148343 1.0222561104911618 0.8884828946677181 0.9077540254171912 0.8676557562964835 1.0808528591595898 1.0233921818395457 1.0723336142522428 0.9844869273681162
1.0595587497501722 0.012463572541577152 0.07664647751943722 0.17576103762766598 0.008029908669048253 0.8067372125227309 0.8168414987470949 1.132554609387093 0.9821825972118787 0.688677011425036 1.043706312134039 0.9622775404124083 1.0805941943745982 1.0631402224513742 0.9662699196200789 1.0987932082606198 1.1895657273551155 1.1481318679444468 1.022232651294051 0.8885148108356166 0.90777777623692 0.8676946851514413 1.0808104923625108 1.0233716100962695 1.072294378318016 0.9844966591195904
1.0594685498517233 0.01246991088619715 0.07663441637179781 0.17590636343607693 0.008031399620216307 0.8065724608249943 0.8166834826003544 1.132611388832062 0.9821363418791071 0.6884370708610063 1.0436948876971215 0.9622245131980212 1.0806141444351942 1.0631516679175044 0.9662062489011751 1.0988257145539577 1.189663259102256 1.1481972454626346 1.0222193507677484 0.8884025072614176 0.9076799741130028 0.8675695870475256 1.0808312714780064 1.0233532497561597 1.0723097527573116 0.9843992897430517
0.3970989941391007 0.017041770227100503 0.18067595666808858 0.19923891173830932 0.0037278873856706604 1.1661195298672151 1.1906688628189859 1.993919008338031 1.6044835962757018 0.8711275313686024 1.760396697384323 1.5548592849663443 1.8533164004267626 1.8083759874412686 1.552400585930608 1.8991616962099191 2.216682781098868 2.0331893314980496 1.7085364710585698 1.360891756088994 1.4112052802587223 1.312967870100499 1.8575950972417972 1.7087307025936096 1.8331784368127373 3.1064669957941273
1.0586937824982205 0.012011609833175611 0.07707867330135769 0.16755979433123325 0.00830776440340708 0.8052412205928032 0.8154138691818562 1.1332497386191838 0.9818644766207205 0.6864172220589232 1.0437613111388027 0.9618649278518181 1.0809308321915316 1.0633819994173879 0.9658004696578081 1.0992541960568176 1.1906594267382098 1.1489205096353607 1.022220721957213 0.8875498538160256 0.9069515352202613 0.8665983383677608 1.0811543740815877 1.0233284165158159 1.0725834588639547 0.9836788236275696
1.0594997684229446 0.012469784856684502 0.07663847284412596 0.17590638342666834 0.008031244748976527 0.8064977819802167 0.8166132131192295 1.1326688107662384 0.9821336611769665 0.6883127202254528 1.0437200461850453 0.9622112382531843 1.080651066209608 1.0631808441816717 0.9661985788452205 1.0988701317337293 1.1897437200271925 1.1482619088893287 1.022231188849837 0.8883623090244445 0.907647188077648 0.8675205240454996 1.0808684603837881 1.0233671376362812 1.072343315902466 0.9843967428654936
1.0584478765566734 0.012213805686232012 0.07690607161288975 0.1712919152552012 0.008185922613709684 0.8062460189215028 0.8163786733039498 1.1329803968903547 0.9821829849498362 0.6878738985882513 1.0438490245507173 0.9622508618531258 1.0808666322253315 1.0633795175750265 0.9661921230628737 1.099118062447814 1.1901620637212804 1.1485928725072914 1.02236976532446 0.8882396826107699 0.9075633199119741 0.8673673433528113 1.0810873123313642 1.0234864150539604 1.0725483276106411 0.984284135575694
1.0595388953487814 0.012520477345393674 0.07658817737085173 0.1768588187800385 0.00800327389260968 0.8067026185871173 0.8168082960472295 1.1325653380675436 0.9821722819782206 0.6886269657298322 1.0437032008309461 0.9622657778900753 1.0805973966646154 1.0631416706866363 0.9662560171770089 1.0987989643933649 1.1895847745939885 1.1481443654321286 1.0222289777828517 0.8884909897379727 0.9077569123343489 0.8676682447697196 1.080813888773159 1.023367004742141 1.0722966512483447 0.9845053413148901
1.0589225999157679 0.012388217079912039 0.07671929026984561 0.17439525152468482 0.008078736349237448 0.8065889170191162 0.8167013355928251 1.1326930869300003 0.9821854644400068 0.6884407639580442 1.0437391863674659 0.9622854013195076 1.080681516514159 1.0632229330425969 0.9662365576845365 1.0988970376154812 1.1897602681570625 1.148277083890768 1.022288267781907 0.8884277015241119 0.9077121484451479 0.8675938167793747 1.0808999389638463 1.0234103472695248 1.0723772535580793 0.9843780898470947
1.0587170489579698 0.01224873305375441 0.0768455759313876 0.17190833019502888 0.008165994739888344 0.806074737160958 0.8162088572707217 1.1328764900930794 0.9820461408435688 0.6876838545922649 1.0437182324119092 0.9621163818882124 1.0807509167572278 1.0632621237028854 0.9660488902354717 1.099005856427428 1.1900706855268657 1.1484900716499418 1.0222472791970028 0.888082073257742 0.907410855855526 0.8672064749649506 1.0809713784182708 1.0233585042626119 1.0724314693452466 0.9840644132033571
1.0595571179687853 0.012457009971651802 0.0766530171795591 0.17563538765980327 0.008033222667450697 0.806736556948743 0.8168408710650538 1.1325550140706444 0.9821824931298696 0.6886760491684375 1.0437062982894587 0.9622774740992669 1.0805944067118265 1.0631404228845835 0.9662696815249208 1.098793484019754 1.1895663410565505 1.1481322933442615 1.0222327595917144 0.8885143735528624 0.9077774202335537 0.8676941979112912 1.080810710148098 1.0233716398927946 1.0722945745560888 0.9844927117334876
1.0595944322158088 0.012546237870090276 0.0765631105814075 0.17734812193141328 0.007989421435726483 0.8067291464087132 0.8168334032047042 1.1325491407529398 0.982176012743046 0.6886675668730315 1.0437010673211888 0.962270058017023 1.0805885206282047 1.0631339679335052 0.9662640483796747 1.0987876412093054 1.1895604213104087 1.1481267961070563 1.0222257421436352 0.8885077476724674 0.9077707154275365 0.8676872834060174 1.0808047826080798 1.0233654339367193 1.0722885632969228 0.9845352426124357
0.33154329409532224 0.01977305983623406 0.1990667055359706 0.1992485934131709 0.00483182219814026 1.2598104875934852 1.2918274335980633 2.2383280946258846 1.796939414559891 0.9137517851399576 1.8213302753481257 1.7402419831315008 2.0855682700890705 2.032559689305839 1.7212357678374863 2.1368798188552076 2.424633674223771 2.2966353829305297 1.9199572428459397 1.5034431233618524 1.5661433678073748 1.445487675995548 2.0949743925247755 1.919830548867386 2.0661283772339076 3.557668513385959
1.0594860974416427 0.012522668258865803 0.07658744978250855 0.17689936332613923 0.008002054753358231 0.8067432973357426 0.8168475314637125 1.132561700769553 0.9821888955085323 0.6886841626716047 1.0437105163160596 0.9622858862283856 1.080600587248591 1.063147540775505 0.9662740603859606 1.0987996815028354 1.1895734682486325 1.1481383295827103 1.0222405382100495 0.888520164769831 0.9077835948273535 0.8677004044699993 1.0808170821214953 1.0233780242419512 1.0723009889683222 0.9845298612943744
1.0592905400844226 0.012419894020321261 0.0766890878867206 0.1749758903462658 0.008059534498170524 0.8064260530945045 0.8165456121593305 1.132734653003102 0.9821352469472839 0.6881957697278674 1.0437406313727162 0.9622109513237891 1.0806933714514937 1.0632191094696142 0.966186590357878 1.0989203344432124 1.1898355873541129 1.1483323518264674 1.0222549199245492 0.8883219804235691 0.9076163597615112 0.867472769216607 1.0809115575646104 1.0233859213079226 1.0723830705737636 0.9843466299981466
1.0592985990350585 0.012369487759499004 0.07673450392027664 0.17403797387760087 0.008088384283005672 0.806184146108287 0.8163139939809297 1.1328200648517377 0.9820696423024847 0.687838042256212 1.043733668389454 0.9621286556970073 1.0807259259129383 1.0632362125350183 0.9661012161197929 1.0989713963312782 1.1899798442383989 1.1484325757598988 1.0222331708309091 0.8881606982647295 0.907475262848769 0.8672913026113527 1.0809449442956975 1.0233614931384165 1.0724082056006263 0.9842021147789196
1.0593034095217186 0.012415286634479779 0.07669612810022834 0.17489245516842988 0.008061927306900793 0.8064320522333552 0.8165518834465015 1.1327459036639083 0.9821444186015722 0.688198702624258 1.043752490884937 0.9622182392803751 1.0807041153017551 1.0632289667665842 0.9661967490903922 1.0989313987065243 1.1898474692735752 1.1483443706587855 1.022263465800602 0.8883300967759082 0.90762448480253 0.8674802511640897 1.0809222891091337 1.0233957390417974 1.0723935522923802 0.9843626455469663
1.059591075474264 0.012465243337839988 0.07664384246577612 0.1757935917143733 0.008029164386076058 0.8066955220460768 0.8168014776392324 1.1325648610042651 0.9821690242848057 0.6886163622422323 1.0437029646014069 0.9622604879246642 1.0805962733346175 1.063139465033861 0.9662540170725719 1.0987982043381064 1.189585120180849 1.1481447396757212 1.022225403809469 0.8884863263424642 0.9077523300234188 0.8676628293470395 1.0808126391180533 1.0233645860509673 1.0722951826742686 0.9844762006069233
1.0592119856479987 0.012264572142499862 0.07681980640902956 0.17214455177545487 0.008152706904714258 0.8058844490309733 0.816024002881706 1.132849049503056 0.9819448834959901 0.6874295245626232 1.043656946662491 0.9619971353077706 1.08069970930779 1.0631984551581775 0.9659485413678519 1.0989636827881906 1.190069858127143 1.1484731681422435 1.0221606007155455 0.8879368879725851 0.9072736590492948 0.8670491221516937 1.0809197321770614 1.0232781406006226 1.0723754527122056 0.9839328343449412
1.0595468217109671 0.012518816808760802 0.07659068900520033 0.17682836547089353 0.008004107086875253 0.806705888001874 0.8168115901421383 1.132567981075925 0.9821753584934447 0.6886299459697511 1.0437069098858762 0.9622681947845523 1.0806002942307429 1.0631443176370166 0.966259697527347 1.0988018306262155 1.1895871703889351 1.1481472044065881 1.0222314172040028 0.8884944469134167 0.9077601990722036 0.8676716087884387 1.0808167630725551 1.0233699941844103 1.0722994977515952 0.9845114542831276
1.0592968964351201 0.011940562448170855 0.07715302546391241 0.16579420159461503 0.008308978119207769 0.8061239646988801 0.8162540115913279 1.1327837266844898 0.9820204570157663 0.6877753153421583 1.0436805848519066 0.9620857895722078 1.0806842019248843 1.0631961598404407 0.9660455518641964 1.0989310609900893 1.1899491126697859 1.1483949669605096 1.0221934856007382 0.8881026848407861 0.9074200703118069 0.8672330966661894 1.0809031877779267 1.0233154320817006 1.072366464740238 0.9839615485910164
1.0595834591412758 0.012566336400060512 0.07654314429276787 0.17773018433097076 0.007978546171248308 0.8067613360294661 0.8168643026609357 1.132535338975777 0.9821835227514292 0.6887158680847489 1.0437003952782125 0.962279822826107 1.080582146220336 1.0631298445239632 0.9662741277106954 1.0987786412516343 1.1895384769112507 1.1481108660518216 1.0222271798089657 0.8885286077566611 0.9077887638584218 0.8677110259755957 1.0807982856527238 1.0233670724053947 1.0722832417379762 0.9845615892448556
1.059547291792753 0.012537758467194241 0.07657104649557342 0.17718630980850278 0.007994053199323767 0.8067213201749689 0.816826123561703 1.132555908412044 0.9821758798766699 0.6886554228540341 1.0437020651961146 0.9622705247884543 1.0805925812518749 1.0631380531707415 0.96626156372555 1.09879254208065 1.1895702293453456 1.1481337434430392 1.0222286302444792 0.8885028796882344 0.907767021701883 0.8676818217381755 1.080808978069901 1.0233670626644533 1.0722924454783338 0.9845235059867642
1.0595835130121924 0.012565266104634511 0.07654422325824473 0.17770962179513938 0.007979055265348573 0.8067616149559798 0.8168645697904562 1.1325352486042224 0.9821836023300148 0.6887162782525935 1.0437004084215262 0.9622799212702478 1.0805821156601458 1.0631298311606956 0.9662742311842618 1.0987785901218594 1.1895383202837824 1.1481107592001114 1.0222272110639594 0.8885287953911027 0.9077889286784399 0.8677112361402392 1.0807982535640057 1.0233671054561027 1.0722832193294787 0.984561126455028
1.0584039494320052 0.011718410568487363 0.07736316139249787 0.1623852994449487 0.008501960001004574 0.8046457718620129 0.8148449653482802 1.1334982482309042 0.9817233963460424 0.6855251756622683 1.0437677280664397 0.961683692419294 1.0810421013716922 1.0634550586457365 0.9656044762033628 1.0994133278415201 1.1910606070658079 1.1492060919365072 1.0221950727697329 0.8871605518119647 0.9066150131745256 0.8661577265129089 1.081268132130859 1.0232930864327858 1.0726761249299466 0.9834183866642451
1.059560524719169 0.012503212257456561 0.07660688230536514 0.17652026957685565 0.008010163312101906 0.8067548757044556 0.8168583472663656 1.1325461702830337 0.9821862310656572 0.6887038119374186 1.0437054138443855 0.962282363877787 1.0805899983538059 1.063137197939064 0.9662752081473859 1.0987875175271482 1.1895525679773098 1.1481222723308677 1.0222327149083072 0.8885260878526557 0.9077874304363134 0.8677075600132738 1.080806231499852 1.0233719601534432 1.0722907728704958 0.9845253126085645
1.0590402767865656 0.012393612488826889 0.07671459435214267 0.17450131639492572 0.008075901816742457 0.8065813248855961 0.8166939507733173 1.1326851881206446 0.982178463752382 0.6884303645649966 1.0437366560631007 0.9622742459655799 1.0806746771817468 1.0632142687866541 0.9662334427249243 1.0988901454960427 1.189751390819081 1.1482705103252684 1.022278084152102 0.8884220702667063 0.907705691741688 0.8675873764564042 1.0808928482895683 1.0234033271196048 1.072370000063956 0.9843855044519065
1.059582657957078 0.012554321837582596 0.07655532217192697 0.17749972707612868 0.007984437941251392 0.8067619102964992 0.8168648865586943 1.1325362151216884 0.9821842584282748 0.6887163358048509 1.0437011857858818 0.9622805406887572 1.0805829731853005 1.0631306572395411 0.9662748570747632 1.0987794914798465 1.189539408433669 1.148111760544419 1.0222279532927512 0.8885292597632041 0.907789431877433 0.8677116556997725 1.0807991120910658 1.0233678450572907 1.072284060342343 0.9845557118864106
