9.999999319743436 0.008841395511765453 0.056809340114430465 0.11448545571136282 0.028166128164196787 3.9998956457255455 3.022386741045879 2.7644926529478338 3.0882707124831876 2.6409831120588314 2.736564389030523 2.8378177643206155 3.295731690284711 2.3993782648531305 2.5431228396089223 2.8989339222429122 2.8655744778496355 2.8911060149283228 2.998911139053848 2.894221563494786 2.7836540838786443 2.6200899373034106 2.802275745220712 3.1587502320679546 2.518179961011175 11.352929171651061
9.677540838918981 0.010597623595279718 0.05754895325702636 0.14446086487127097 0.027997888757685784 3.9973589730018255 3.020782621132647 2.830987914005887 3.1390895968993684 2.699549274151763 2.7963233009245663 2.895743143717739 3.3231107200338696 2.4881889730260305 2.6218291338125974 2.948691115156353 2.9202721158735696 2.9478550404005532 3.054005800769962 2.947542385429844 2.84295642873857 2.6915146987274463 2.863904004276993 3.200619976698105 2.598503759161088 11.393174939928928
9.769571763272623 0.01264139311167284 0.05565707972356025 0.18002779894748727 0.026432819334952985 3.9908694268070164 3.0226847015606313 2.8341996869525654 3.134267363558202 2.7143348094816764 2.802114713802463 2.8984117299484633 3.3237699971934003 2.496094669112487 2.6280528490758637 2.9564308822808107 2.9257061341163615 2.9503627119451012 3.051238381081043 2.9528720837258264 2.850527008827196 2.699891303813946 2.868570335568943 3.1991890369196994 2.6066592315352146 11.539325935440658
9.999936378720863 0.00963526331532597 0.061254960716546646 0.12916901289029759 0.027119586044727268 3.9999999660451993 3.0820698647210354 2.8931670000724408 3.191948484415674 2.769977356990801 2.8628940434426275 2.9596111362990514 3.3659504898870933 2.574720332680233 2.702154559795723 3.0135172276827653 2.9858720023202414 3.012641122200087 3.111924067174034 3.012892502679033 2.9140322474668707 2.770613830303167 2.9343853917577016 3.253752097572304 2.683347913539877 11.367610159565208
9.999484013782128 0.006867468484678608 0.06750610709335317 0.0862103919236657 0.02665053815795649 3.9689826877413314 3.1518673935882067 2.992713574031789 3.2422302853341325 2.8842473853328254 2.954268824056024 3.0387789005956884 3.4048282466162734 2.698725817547396 2.813294129784331 3.0985890781942493 3.070420211979018 3.0907142520120905 3.172829866178071 3.0955516500287192 3.008666643352923 2.880104672598043 3.0238529681515907 3.301871254127985 2.801170422172086 11.368856675167494
9.98644147133263 0.013629694612979963 0.04786024175841738 0.1936461554004899 0.029106234006176245 3.9999454786066404 2.902354765057102 2.618552507435956 3.0534845187968824 2.493315768919419 2.6303917222050193 2.7534357061770818 3.273360408582481 2.1948339713906306 2.395858665350792 2.7990027186814617 2.7688253109680248 2.8061059734833425 2.943361193592908 2.7991809380312707 2.660633675343691 2.4668325623235807 2.699108044819521 3.121977580403022 2.3474771621251254 11.565848188226468
9.916471220822038 0.008041824392555783 0.058866368499908395 0.1035149555464605 0.029098431050599637 3.9982554907480803 2.9937639194615495 2.7987270852888497 3.110773614987875 2.6742164696552875 2.7677061121509565 2.867085253249465 3.305585995945243 2.4497060018620123 2.585954371892257 2.9233152428577607 2.8927076460569867 2.9188733789570795 3.026698246524814 2.9201563810282662 2.8138025628782066 2.658080022218622 2.8331708874910966 3.176175275828378 2.5616433922592616 11.297803366386495
9.99882222734924 0.009905840977248755 0.058992271327866545 0.13634621530255003 0.027892931653080523 3.9865314885321794 3.035850684918901 2.8501699821098567 3.1451150195464286 2.732539336067261 2.817743379993869 2.9125877458790312 3.3321186116131876 2.5168919259969202 2.6469557419704097 2.9713900483391686 2.940546265408496 2.9645298370436577 3.065195779802741 2.9675211287882215 2.866954323955801 2.7185583202919257 2.884388584974237 3.2095407047816042 2.6267465535686627 11.400077738655577
9.97238284072252 0.0061835217291182935 0.07019103895776188 0.07620756672037617 0.02681056076591911 3.9658168404875367 3.1843636048410606 3.030400600484452 3.2675637318890915 2.9380500673802312 2.996803790124813 3.0751488694053513 3.4285203058753906 2.7508758918559004 2.8601568791354386 3.1381743156094863 3.10867722366255 3.1251629480116576 3.2024017092854082 3.1328960152695693 3.0507722159029282 2.927091266917233 3.062783198983486 3.326569159354627 2.8503858307116685 11.41979536973557
9.994937454240832 0.011121335153481356 0.05653899021161061 0.15496560288268374 0.027865610418388306 3.9995861012319542 3.0109873350939145 2.818783260512685 3.1287013360321168 2.693614852175747 2.78628042093983 2.885012687691447 3.3177499671202475 2.4736079059663547 2.608272896825399 2.9410474501094592 2.91091777802204 2.937094448360878 3.041232105371855 2.9382912753668773 2.833332420270798 2.6798606386122135 2.8527745149519967 3.191294023374506 2.5849756577786698 11.427010106300749
9.997889850084674 0.015522751020646082 0.04483787551179154 0.19932313699850582 0.02674929847747495 3.999987757989573 2.641195127029826 2.8729726306226584 3.108581893674525 2.417951819962102 2.5896957103073723 2.734265394212704 3.3526020634153784 2.105223092121802 2.3032200369995013 2.767136295406293 2.740387429887003 2.7895487099134293 2.968234231859942 2.7730717228796697 2.6065433247624354 2.3718512549272095 2.6526982097589684 3.1813457435484076 2.2357695496197594 11.631756829644711
9.974852450676035 0.012929713812363146 0.053674215401453146 0.18313699254198365 0.026481063409972746 3.9999798882184328 2.9880003200032634 2.7906808457020618 3.1084006516338745 2.667384927632544 2.760690673803567 2.8603455522960806 3.3027157031418057 2.4397769826996467 2.5768831029774444 2.917452503211176 2.886234172007787 2.912203931409971 3.0181512411782854 2.9138998383900536 2.806888245148102 2.649785171732859 2.825952190127424 3.171550097329465 2.552328389970423 11.528865547110927
9.999177877927227 0.014713251661632395 0.03704413813629976 0.19481409850987638 0.02936584031144512 3.999936156979203 2.696551428515322 2.424472795136591 2.8879084058674884 2.2663936009512273 2.4159947147274496 2.5502551703000305 3.1352501296965185 1.9403666373749404 2.1315139164225383 2.559579894673629 2.557410946676365 2.591573318656133 2.756883001026378 2.443748099576097 2.4151496449916205 2.195508739508544 2.4525536205656446 2.944146954566361 2.019837461490215 11.781938752898073
9.999973055199689 0.014416869486559125 0.04033019161298502 0.1817513771095238 0.027024223269148037 3.999999015995449 2.7562245406237214 2.503579399946485 3.0102993058293595 2.3040836648035956 2.4824975887670435 2.6182594721270434 3.2113281981569477 1.9968994605700006 2.2122680476006558 2.5938734882406096 2.59503284807302 2.6550649665494497 2.734684973891307 2.616359938818234 2.449415542222378 2.245268902261751 2.5063049194004576 2.972077172677657 2.1131900328304405 11.687500537565183
9.994127082147502 0.010360871416560558 0.05114267544926584 0.13631046733790103 0.031239556080459138 3.9999638066155963 2.9262849956921104 2.9174469431968 3.1063059956333734 2.4708744116830674 2.596143615570269 2.756398356727694 3.3413923319620356 2.2070825626155286 2.3878001528898474 2.790819351003359 2.7749415094427987 2.8195427856455284 2.9713452654393127 2.7990599727912997 2.650113609139775 2.463240354915293 2.695325856394733 3.1561140117918707 2.3263927080957303 11.26368897711125
9.996992075685434 0.012608790884277505 0.052893369188485376 0.17966295461176257 0.02833077792125781 3.997087399471547 2.963421408146838 2.762269417060418 3.0827010092631166 2.6388722643579006 2.7339865425123824 2.8347201011740064 3.2850262066022333 2.4050331694549367 2.544671379581541 2.8919251603014717 2.8601822593804735 2.8863862260663677 2.9943508296617907 2.8880096523694565 2.778854528980102 2.618449397315033 2.798077584454347 3.15015471928483 2.518747271899512 11.501134802202412
9.999986014529377 0.011746854858940909 0.03960219671346508 0.1484766520228101 0.032013575170666 3.986985458798107 2.6412584608387815 2.403993623057258 2.874277245874191 2.2476474783687417 2.3994496929207423 2.536060642987446 3.125467278784006 1.9196942136646395 2.112016336809794 2.552741281000439 2.5255558782134355 2.5762788055865253 2.7566595260512385 2.548375728170621 2.362888397246385 2.1716539713136513 2.427802818125439 2.9288785819324037 2.0309519897869994 11.721994632907421
9.999999999999932 0.003082739619342066 0.0594037247515025 0.02069025071071168 0.03160971168379371 3.870700304285148 2.8858448482761214 2.6887443335826684 2.994723342541272 2.572151331603782 2.6660617072077106 2.7628577558233913 3.2028762000520907 2.3394863320941393 2.4752373581554385 2.8170191517553134 2.7865226060180315 2.8107574666944415 2.91493880089692 2.8129137018567603 2.705049603672133 2.546393403580526 2.72327790721964 3.066351995314061 2.4480862064231674 11.282642876060295
9.974596906300523 0.015849922271092824 0.024503989542227513 0.1992105639535828 0.035208221751859066 3.9996501465110823 2.449054084067224 2.152691254909095 2.8170244735181984 2.024432984826576 2.1921786688278373 2.3381487706925435 2.950095999224899 1.6029061084708534 1.7969906413024734 2.219166275004722 2.312130957811211 2.351004759042975 2.5184825579324803 2.24949220570638 2.0469956433995735 1.8546006837646634 2.13178839056746 2.7277308268312335 1.6168613777342729 12.243822669810564
9.999999999999998 0.0046239513019851325 0.07690344612763751 0.03900122395580627 0.021804183682190066 2.2695443425007786 3.530381124903684 3.162146839811638 3.999941797358849 2.811621115323158 3.0093477252906826 3.211524200640796 3.9920309937632616 2.467167529715816 2.720549590482687 3.3327439282034677 3.282590035603121 3.357829638540743 3.4846542543910903 3.3454401310201742 3.1355204500110605 2.848175144686478 3.1905943502413345 3.9998886489760674 2.6552787998340626 13.991740944402153
9.323954653400934 0.01176466842761781 0.054998873672521056 0.16408767821289078 0.027867284710596803 3.9444312416902845 2.981399766430075 2.794098048193632 3.094604016866491 2.668792288256909 2.7638942327503675 2.860665753832166 3.2816225738871805 2.4588369993574792 2.589966620075067 2.911241782961763 2.883526875998713 2.910243661076333 3.013178998120145 2.9099134297661724 2.8070274851528287 2.657989617287367 2.8273510416516046 3.1583266740860654 2.5664290684760003 11.491636014973784
9.995779562893457 0.009762712727295425 0.05510997615250892 0.1310149743224263 0.02904396925465203 3.962510483000489 2.945052768784613 2.7473027095622884 3.0614025322895606 2.628470446629963 2.7209050130400723 2.8192185524968654 3.262660253267378 2.3971643821544713 2.5341001007674735 2.8759977137397574 2.8443267829708496 2.8694650044468126 2.974919212918073 2.871546837110638 2.7645614134837064 2.606843383516672 2.7828310508750045 3.128275406182383 2.5088905875323513 11.398562201577219
9.999999279085912 0.012994376711879472 0.05143922540780679 0.18514649151945572 0.028508627420687566 3.9813602073840166 2.93789163866939 2.73586726145713 3.0575642113609125 2.6138784405191986 2.709504339728425 2.809969546827819 3.2619660465616858 2.3782172761020983 2.5181007123081565 2.8661991844444166 2.834518152507173 2.8606374064523767 2.968965366655596 2.8620898343559715 2.7525273989824344 2.591471376442671 2.771646862135127 3.1250113571743676 2.491312589385528 11.525049725365111
9.87446934775908 0.010591983231760785 0.0549185228906177 0.14517200858879403 0.028555135119532393 3.9871901148273907 2.9645808995233467 2.76190206702087 3.0851436979018114 2.637835120360263 2.73331051746255 2.8347690740388654 3.2889395176789624 2.4016033479408283 2.5423185685717486 2.8929771934548034 2.8606090355221783 2.886806888297099 2.9953738097751375 2.8887323844782484 2.7787652672191117 2.616869588847146 2.7978588846496106 3.152789771645771 2.51618294718177 11.423710185575793
9.925548128199464 0.012789321145710268 0.0500692472776741 0.182679164394512 0.03021049503461003 3.9770335737006977 2.9030941116993563 2.6955896027037047 3.0274058138807485 2.5712252566194893 2.671301656529446 2.773960369080119 3.237108670943617 2.329366317576188 2.4727138574373853 2.8278415737904825 2.7965614359306636 2.823877958298841 2.935993241769604 2.8241089852335057 2.7111510352475325 2.54587870708661 2.731336058751141 3.095069766745233 2.4429151947438275 11.518569682861795
9.942736740064786 0.01221659200160429 0.05365955957535824 0.17317365689439726 0.02815247584765621 3.998250725676352 2.971621727248918 2.772441494704048 3.0901467357165227 2.649565832245484 2.7434199726229465 2.8435005154646964 3.290620808896831 2.417834152277395 2.55629038034499 2.9010990253220705 2.869279842797133 2.8951493251570266 3.001917337814461 2.8970632770293876 2.788947545197057 2.629865553504334 2.8078207618482725 3.1568900799671096 2.531046291333592 11.488640690277597
9.984330149661917 0.012239466478826557 0.0513231164395468 0.17427450688116317 0.029847612204908773 3.9540462331881816 2.9159387042040654 2.714379905666169 3.0342773522976625 2.595823240184332 2.6900304171610125 2.7892549979474164 3.2402445574686047 2.3590626141582582 2.4981229274544496 2.8457410520699193 2.813677070952765 2.8390353700246966 2.9464065617254294 2.840995197184703 2.732104780436086 2.571452488287568 2.7504721235935956 3.102054642054566 2.4714901707733494 11.508947332652703
9.477104459037776 0.012256200691044288 0.034378824091401854 0.1489144793092616 0.031724714427404724 3.9998872381294173 2.5869289385381373 2.2339969922887613 2.887427939792878 2.1531629784736483 2.3226456492820526 2.487424615974371 3.010174757831878 1.7676127036836364 1.963726309156535 2.389832229498171 2.447342679625128 2.520037511178043 2.9495364756594427 2.4910469004243083 2.2368781086509544 1.9885136418649882 2.2653974749138652 2.935806442748667 1.7486910224305923 11.826059831915593
9.994330548515855 0.014916325013080312 0.04798004850403546 0.1837848080012259 0.01881361158230603 3.999997562323153 2.967527338553439 2.999466641176233 3.15256920068118 2.4803876455594036 2.6490555438783234 2.8002629027966206 3.3534522769108834 2.223491138305234 2.3618524225312054 2.8388737224726315 2.815448062080012 2.8365016842856927 3.0178685562424237 2.843148096476107 2.680780624931437 2.4885325300367707 2.731878986904462 3.199031147860928 2.355181087619214 11.700603298768783
9.998053408450211 0.011926281383586413 0.053088490381795694 0.1672664135837165 0.028614662949010255 3.996251812740023 2.9528378129450745 2.750811488552147 3.0746046720383733 2.62434858611716 2.722424406720175 2.824231467267518 3.2766720471876707 2.391272704935809 2.531726123711433 2.8788417703417704 2.8481065769694878 2.8753402827810612 2.984931933627844 2.8757394507522607 2.7654480803865793 2.6043483526034206 2.7856747643025543 3.140981922160474 2.504307773345534 11.462876954675966
9.983480434953004 0.010244069307296 0.054591599161932 0.13938772536529434 0.02891541728464178 3.987312850630648 2.947333828261123 2.7456077395069802 3.0661787043691957 2.6248957908817836 2.718760871755516 2.818843417245661 3.2708953361093953 2.388345453406693 2.5279323669075797 2.877315297831068 2.844611282855874 2.8700134799586823 2.9773586859530314 2.872470660005053 2.7634487748185608 2.6023668010713923 2.7817732507601796 3.1340468702909656 2.502162948074158 11.415983993827785
9.996932702046985 0.00967479079113842 0.05829084003708363 0.1318519172731493 0.028232267747369828 3.9992450181221493 3.0167167572023175 2.8254526510913953 3.1295731648392953 2.7058579176311985 2.793981218781306 2.8909966277329726 3.3221506424218457 2.483168019427403 2.61673470113044 2.950256792244836 2.9186548133619783 2.943205356730729 3.0450705636586033 2.946109402150122 2.8425317893233046 2.6896340142096817 2.860337994369574 3.1951394984587655 2.594845649182617 11.381467824725792
9.93564941455334 0.00904501448174226 0.04421758268321656 0.11589152673409556 0.03644594861392559 3.998998589492682 2.7540857567771564 2.5156861435292885 3.302261342679635 2.268479134598494 2.473208281069559 2.642856204400727 3.2788140149253704 1.981591998498351 2.191511542564263 2.5820912342514433 2.6250445763666876 2.690309625345882 2.8872343695369507 2.64685508784906 2.1706216158593663 2.2624360121206006 2.5309433317223236 2.8134646570060493 2.1090835416584857 11.318508213216516
9.999497712113897 0.012610201880048423 0.056078897230202936 0.1765407452949892 0.02708231348629179 3.9906483518218634 3.0335506774579373 2.847024958728589 3.1482672678688246 2.714887156337833 2.811100331412815 2.910515770654129 3.330035018487201 2.509263796204235 2.6407747001702493 2.962124287950675 2.934162697993736 2.9616359745057945 3.064775583486768 2.961287829561671 2.8584514953459617 2.7096303444502667 2.879336462634333 3.210715995681432 2.618560283108265 11.47173615266279
9.96898875754244 0.006338312001985721 0.06936899800180159 0.07839822190973254 0.026559639665839425 3.9867704043547247 3.182029786988172 3.0198487075481046 3.27191074522262 2.915180201981877 2.9830643848323586 3.067255664059169 3.4386582495223035 2.7233331426831016 2.8391267720509537 3.1304171477929947 3.1008467377937774 3.1201592443349564 3.203278741879463 3.1263861863946 3.0387200348235166 2.908141619759751 3.0530567977988055 3.3342575233959364 2.8275046235830295 11.38195593135007
9.998683709041957 0.012998286238874166 0.04089663310780085 0.19449008454077674 0.043180412844008746 3.7397998588632912 2.84541787001234 2.427318194124513 2.9241149012867362 2.31299234751832 2.4341333695322347 2.587527079203811 3.1491444889997395 1.9955387440102825 2.181067041442484 2.3932003021866004 2.5905681420056794 2.6345390620057807 2.7890498218620827 2.6169880308385687 2.4687014763819444 2.2600284999669715 2.503270068459471 2.9776699747844195 2.1112426534816597 11.728459816623518
9.999983826539843 0.003335181525078362 0.07599012303553787 0.029483111888424347 0.02745282858815418 3.999998588690382 3.2491123753622473 3.0989093582911225 3.3297335979311127 3.0113389316317454 3.065006622770592 3.1411510088802 3.486148350318027 2.827941493730071 2.9339604849810135 3.205369474597173 3.1758805017045613 3.191743761693689 3.26628386596389 3.1997518579510915 3.120500722653024 3.0007163785521462 3.1315496488581696 3.3880557443781734 2.926115127588888 11.405044490065194
9.98625482994136 0.012485938228808674 0.053318577620085586 0.17811151101813366 0.028537514350053653 3.981386172368136 2.971571139303707 2.7691933512596947 3.092226667868925 2.6432339852458866 2.740023285197707 2.841864760478517 3.2944438805202596 2.4093137670567466 2.549985310748065 2.89860751456477 2.8671819179359876 2.8940632518057106 3.003280352397111 2.8951824038300766 2.7850910332510694 2.6238317774467586 2.804987915106208 3.159781035115915 2.5236198777542205 11.490299871929611
9.988690929184209 0.012233656330983844 0.05401961203526502 0.1741257637999354 0.02815334267550125 3.979369438567682 2.9819215121888947 2.780962498081012 3.101060091600036 2.6570787989748084 2.7512760904695766 2.8522223511923492 3.3027058590778995 2.423182879956925 2.5628937240645495 2.911068184991468 2.8787603958071664 2.9047589546544756 3.01231616400643 2.9069185208824493 2.797960400332817 2.637491035197891 2.8169172428192715 3.1686423414251097 2.5377278155415626 11.490268151204289
9.997356355074295 0.01235262731375009 0.05151817146566104 0.1753223134960505 0.029151108335392507 3.9355570620479305 2.920441971279959 2.722728948827087 3.035363751601627 2.6075455699086865 2.6986063554687982 2.795694124007895 3.238715451962933 2.374520771137963 2.5108288847386766 2.852865927707008 2.8207241743538103 2.8450825696799904 2.9497310087010313 2.8477396003696334 2.741292355823988 2.583711493320592 2.75878801033893 3.1028631120045373 2.4857441384311914 11.52396422297032
9.999825244208289 0.011268727923726385 0.05245996436891174 0.1561192870109141 0.029134584558425197 3.8262641821413004 2.9036577371871353 2.7220133740705963 3.00514014880067 2.621309262375366 2.7013143204921457 2.7891485841849817 3.1973109877371133 2.404652819794795 2.5293184756868183 2.8450730904218515 2.814259168448572 2.835169106339217 2.9295081515125623 2.8391966874773638 2.74248221596499 2.5981373826217986 2.7572317745444943 3.0704505898043353 2.5086745053852213 11.527260193997206
9.999999998336108 0.004539243211677182 0.05918032330671565 0.037535491409208865 0.02787272382123802 3.8371397565985457 2.9744139539924794 2.72847346485739 3.194006985018248 2.5433056922729587 2.6878342926682426 2.814721974772166 3.354425841895797 2.251612304843979 2.4377775370811996 2.874876948662088 2.837401986782355 2.8739236106403605 3.0150289357129503 2.8716491546124954 2.734052975632632 2.522541672309387 2.761558267490877 3.0623690471139065 2.3826433984170894 11.321783598300424
9.999999999999858 0.002630489190554846 0.06444243250531875 0.016753876781525096 0.03138076139556991 3.8952043984703844 2.969976898881536 2.8156758884684425 3.0904854300812024 2.7165050400461634 2.7902533415527255 2.8667831052064336 3.2327623320216463 2.5345682356514385 2.64626360808969 2.921349772798923 2.8951782058224294 2.913440675165876 2.988790302104452 2.917852491694749 2.834401850366386 2.7087555773917753 2.8482753320997904 3.1231393882395877 2.635929483568078 11.220887794736987
9.608982233596413 0.014113801591633819 0.04598931992387282 0.1755505858740285 0.03093730900314832 3.998990405480167 2.828154252802901 2.7359041647265894 3.2754647620522115 2.3558142744144206 2.6459577740828117 2.8333757458073294 3.006448310472597 2.2070710959639084 2.4200890593229176 2.750845760952238 2.688785712525079 2.8864730967706955 3.046236642105656 2.614923400939212 2.640915255375909 2.541025937082292 2.7610853631955954 3.243642911517475 2.3976861974943247 11.143975961834954
9.999985084426244 0.011863450046013215 0.05391471019242196 0.16659945747965932 0.028255526416885147 3.911042249836521 2.9583825727259736 2.772125288941481 3.066468231983082 2.659610329116276 2.745930521214528 2.8389357555757218 3.2576295551681955 2.442197178281112 2.571428565206129 2.894030610731173 2.863975441720976 2.887563416560923 2.986585551116322 2.8899217349116797 2.7893805346208396 2.6411163486242395 2.806588860108058 3.131299505792789 2.5493716636750228 11.50041379293937
9.995843539525515 0.01220347356860231 0.0557534167272173 0.1716938540492791 0.027219671971522003 3.9992269857876535 3.0180476150248596 2.827268522712824 3.1337290795696555 2.6988935875338598 2.7934596863154084 2.8924878562870058 3.321953839946788 2.483549941775049 2.6175784995686313 2.9469273198076364 2.9177133080882967 2.9446257947304137 3.0501357646372558 2.9450137465467052 2.840383502915099 2.6881540985677495 2.8605977637906603 3.1978016781501744 2.594344351506617 11.468721374051738
9.837655664266363 0.014672625848706405 0.044429460692965037 0.17725661589405786 0.029280113317445053 3.9076704954855157 2.8292319806200146 2.591159925889235 2.9862144101433716 2.4280372320090535 2.5792354362542205 2.6983708420285266 3.2037103281664363 2.1810794602873953 2.3431138943123093 2.702349630067634 2.691261436473504 2.7381039368602833 2.8862774410257557 2.7158540148627353 2.577019555042148 2.393538194225128 2.618933078384405 3.051368142886139 2.282255629160489 11.49663287072131
9.99957397279831 0.012809097799039774 0.05365107653839191 0.18313356401856334 0.027215958108698077 3.9889027798858128 2.9827616303749664 2.7870918511875615 3.0977097734320655 2.667936260771981 2.7580808695339005 2.856079416260836 3.296022464749484 2.4389346017776288 2.5748765028935217 2.915238826462587 2.8829787037232313 2.907660310643536 3.0115789259505874 2.910598963767925 2.8048767252421003 2.648534902535558 2.8226671248748154 3.164480219540429 2.551447186276446 11.533228276022497
9.999710781985105 0.014836421298638063 0.0453914877222987 0.19680785856562036 0.029471170023187256 3.8483821475095223 2.8591722364712693 2.545129637807241 3.0222108697777252 2.4551059940358275 2.593308932324199 2.7174000514336316 3.23453150310338 2.1946902203334933 2.3602122186749965 2.7444163639915664 2.7251869579130403 2.7682359155857865 2.9129060656722756 2.751788441414755 2.6134274776155135 2.4259399987058483 2.6498825188080595 3.0827911882201158 2.3099111920070037 11.587442638522553
9.999829309126689 0.011212838375724447 0.037948772523947356 0.13462238668364418 0.02984343375034299 3.9960377460330676 2.604996597231365 2.369347791604999 2.8252169172087616 2.178967072402712 2.342164870320542 2.484020033676323 3.088482405848198 1.882154400551796 2.0686327521549406 2.4777173977907516 2.4244764961999565 2.5225423283335022 2.660137548200385 2.4751526184348123 2.3162967220616064 2.104485493410942 2.3802715697697083 2.8898921052801407 1.9232577006742422 11.85444753111812
9.999984809385989 0.008218926111927241 0.05690645479831895 0.10534285927869531 0.02917060113197918 3.9989996739213827 2.9546040368484814 2.7519823660861484 3.0742895428843084 2.6301557657443397 2.7244360838927686 2.8251537004016405 3.279485570847624 2.3927408234305307 2.5330106353977313 2.8842595751820683 2.851271415650143 2.876804118964393 2.9846160378821156 2.879358349678313 2.7698022550645547 2.607912309132307 2.788199928808975 3.142295673383493 2.507196277057462 11.3307130251268
9.999413940700883 0.009399154557477805 0.048865261576953395 0.12289828714933614 0.031088718152243747 3.999883120829785 2.798622477053978 2.5858514538275994 3.0049200778289293 2.404901811915883 2.561887905384393 2.683116969068183 3.240248047234982 2.1192416933681932 2.3018054147464597 2.719831182870141 2.6271721685235403 2.7324738833001585 2.8821425409151433 2.7091566877546054 2.5853705200409114 2.3842646824583524 2.617238273289235 3.0739769804406563 2.2273387075968794 11.443907570981784
9.99999957141475 0.012682231070588135 0.052370535265657166 0.1772784205146331 0.028137867446617604 3.9391973836217598 2.9598177905954364 2.748305137465107 3.0898720123094887 2.6107738311928697 2.7184221496121497 2.826000654695184 3.2960837468752335 2.37166396204869 2.518894938667547 2.8780221303249434 2.848238419937684 2.8786942675383775 2.995877713091804 2.876709163433234 2.7602334270171633 2.592225341837773 2.7835586114702897 3.157279195157011 2.487788180024837 11.480842279767474
9.922141902021568 0.004889274859435102 0.06341291198010633 0.052614128650002076 0.02997845168746484 3.9858006491214204 3.0222357561674658 2.834145941244133 3.1364001403902924 2.712060969922429 2.8014902714721384 2.8981814598068913 3.3227286293112557 2.49622045124033 2.6280749052898926 2.9548241394139114 2.92480588292699 2.9500394753889947 3.0531204448934663 2.9518056688416854 2.8492810149368863 2.699022280256784 2.8679254767988964 3.201146763151703 2.606175046332333 11.189538389135825
9.999991996764983 0.00616376520658431 0.06274313866997488 0.07308757243835588 0.028958817631382295 3.978256620109372 3.034425445320348 2.8491820560778587 3.1441216502050158 2.734351165050761 2.8175934628875745 2.911521260692511 3.3322246454000495 2.5174554741483584 2.6468957780030262 2.971577564639084 2.940093418140327 2.963273527498441 3.062883728909571 2.9670222659428176 2.867049586076916 2.7188891292020037 2.883683464736797 3.2090968100033774 2.6271001861943386 11.24711223756764
9.95194059149682 0.011480805035858046 0.05735634838235018 0.16348085127587997 0.027640045073620334 3.98536150984439 3.034555318720911 2.848401442257628 3.146284271552085 2.7302159355187916 2.8158841525494123 2.9110179620548795 3.334006596740263 2.514191356375415 2.644572410034706 2.9697081458882915 2.9389101512082796 2.9630252072012127 3.064155542862747 2.965943297618832 2.8650410452665636 2.7162258518821853 2.882586410674231 3.2110263860648907 2.624127700779896 11.473699752986027
9.990656067144657 0.015460335205360106 0.037369806851631306 0.19997910958202342 0.025607299555345308 3.9999999761795952 2.776424216551417 2.49276466555585 3.137688337351911 2.2711468838837288 2.463565412814986 2.617018219132396 3.19572186958789 1.9153502457760387 2.1203618575384677 2.588248382905802 2.5879194572988222 2.6491533754348096 2.868162671651194 2.6132379895519544 2.420552356735539 2.177812499836752 2.420880922394868 3.0370939861597894 1.991250456296016 11.708777787832105
8.64526815429849 0.015391090221912835 0.03146348019025597 0.1994863351962284 0.03202314316786456 3.9998668106333835 2.59993017355401 2.308748972704417 2.8221318894224776 2.1462394456804708 2.313559012947363 2.4597550568122584 3.0693064972938675 1.7646017754782102 1.9795422759921595 2.4254914519697053 2.3847860225143167 2.490252699180139 2.6804902295964035 2.4489591915367077 2.2256632725117367 2.0571410644665318 2.27595098646738 2.853152431147714 1.8146048452966377 12.046855933634106
9.999855528009716 0.006440193373810383 0.06845271811533298 0.07966938612251158 0.026847878799885153 3.9910041878215887 3.161492315499997 2.9982741652255624 3.25090607814144 2.894241206315167 2.96180480908901 3.04643835267709 3.4210815149802114 2.698474929577216 2.81554825186077 3.1104997781257087 3.08026596912187 3.0990333066253823 3.1820535751233323 3.105890600645252 3.0175387075886766 2.8853290174927166 3.0315897103374096 3.3140228485120207 2.8036514690012715 11.368758103313446
9.9671263507594 0.0027971621046869173 0.06212158454500038 0.02219739674580104 0.03330419968992638 3.9491153263979046 2.9538163011697978 2.7430254426703287 3.0771008521801684 2.6010085718407066 2.7130929744427776 2.8230283237154734 3.28891653790744 2.363325001891204 2.5140862922757536 2.8693342628787812 2.8412052659816265 2.8731994454563163 2.993002825889239 2.8695818532978925 2.7523686051333334 2.585111161656813 2.777322735598804 3.151780922304232 2.48133394830076 11.153926750391529
9.93448563038411 0.014043119514201927 0.030789638926798663 0.17801593113959105 0.03372995863640559 3.9933054510168957 2.519299441496755 2.214625474112738 2.8557618650839305 2.0913934738478677 2.324031502230285 2.3695088548135126 3.0117253221054274 1.6892458134765636 1.909307868106141 2.36290334331307 2.3618226358112997 2.411797585896166 2.594828004218693 2.375703729559551 2.1988869396946518 1.9767262752687822 2.2489043135566695 2.776392848719646 1.8115181956782054 12.107073646108775
9.552418952970022 0.0062037018775280535 0.06421054791881847 0.07435929633627045 0.02862071021444449 3.9999464467475225 3.0688349721059733 2.8869296758203298 3.178606310791491 2.768295883807628 2.8519462493717436 2.9462095837195967 3.3586841926415913 2.558235079795488 2.686454232056091 3.0053985903475002 2.9750740079637366 2.9990389347080106 3.0974753935353667 3.0020011895776753 2.9031473752320744 2.7575642262145075 2.920667844753382 3.240205858272419 2.667650986644161 11.260776202335299
9.999573002789635 0.01297063044506916 0.0539653133231392 0.18458389120936772 0.026295977400051233 3.998657570718737 2.995137698006658 2.798601467732454 3.1138432956032287 2.67769770024171 2.768968909975388 2.8678301840038496 3.3079475001592913 2.4502586442372682 2.586508115020455 2.926242140912607 2.8946278376626964 2.9198987094615685 3.026951467743615 2.9223436018535014 2.8161087341390014 2.6598246607894303 2.8344996381429532 3.1773379440986065 2.5628337612041245 11.538840305256448
9.999941557794255 0.012163516475575242 0.0445397976349801 0.1706149194591899 0.03417276908996116 3.9995566886012877 2.782002454617757 2.489915035890567 2.9413750841584694 2.3861447642700044 2.5188334174873646 2.6409295031188478 3.1770777985808056 2.100548651976773 2.2714483748094323 2.6729408213891985 2.652175692465897 2.68793254421219 2.8285318212268957 2.6766277688464224 2.528653409100617 2.342421872090106 2.5685299103356756 3.0071975796761348 2.2020988745351606 11.592216129250474
9.977066077688589 0.009403008770667805 0.06085436100842633 0.130240079016071 0.02821494877465254 3.9576086722608377 3.060432479355715 2.8843545509434168 3.1620437312721617 2.774094039398278 2.852272420138649 2.942212184029948 3.341052188457838 2.5683999631997856 2.6918791943470257 3.0012047963989943 2.9710414748303715 2.9931014016827335 3.0858935455695633 2.997062931745746 2.9022328308431335 2.7616825836206744 2.918155636951868 3.225045973924007 2.674837385372804 11.409535292483014
9.995248155829948 0.011960147291280154 0.05733741651097318 0.1706588528269878 0.026867877775519577 3.979171283108907 3.046297173272968 2.861156266867568 3.153529586683132 2.7435124986706936 2.8279589274665784 2.922062206419077 3.3382581335939725 2.5314633869966565 2.6600500146820054 2.9803288636580514 2.950019307060532 2.9739285506751076 3.072944648505796 2.976805262367602 2.8774131015318525 2.7309287871245234 2.894853590370956 3.2177600327054043 2.640399664570737 11.505325130140667
9.9823627337519 0.010888497888582418 0.05282315845765988 0.149843827916469 0.02934263752849225 3.896837763264944 2.911910547720638 2.7194424993007638 3.0225138212979314 2.608883922809539 2.6966293068765927 2.7907217566110534 3.2223665553613894 2.3813897776261266 2.5139063468413556 2.8470480227736568 2.8155284271175764 2.8388607585482224 2.940251989738328 2.8417785117427035 2.738432487484301 2.5852102088524473 2.7551555485611234 3.0892693842392505 2.4900841532074054 11.480334792744252
9.981442140654854 0.01213769617018584 0.0423120773220044 0.1531580325026865 0.0278149051861135 3.999458672355065 2.760305822172766 2.5373960197538143 2.9324925501840795 2.311731721828602 2.472241223834334 2.6114094410388957 3.1928155728370737 1.9966238945883885 2.1868024004303868 2.6015175022802306 2.57624262348681 2.6534015312973214 2.825666536772538 2.627115736683293 2.4613084179649087 2.2478197199659427 2.505313505139459 3.0110199992957716 2.099614499508383 11.62072016717764
8.14097026364785 0.012322643880924314 0.05178588914882746 0.17359122568624763 0.028963652491650626 3.9862537319036466 2.9259607987758978 2.7212695326303717 3.0488200834800585 2.5994473797312696 2.696118147436929 2.797720057987213 3.2564366711672927 2.359498418886846 2.50124814552325 2.8548967850894154 2.8224696316318627 2.8486880231295633 2.958371294947791 2.8504177431025766 2.7393134312657264 2.575700983993531 2.758381309022616 3.1170021687609673 2.473795841532032 11.605418769671738
9.999999999991845 0.003918678586277562 0.07822392476139539 0.02780297826809918 0.022300365544656656 2.2496472141702877 3.5442066736131013 3.124120672629279 3.9999999989215183 2.824547976698122 3.0211181402958878 3.2238906186300733 3.9990924752750616 2.480672817565364 2.7344934230725264 3.34851477700924 3.297395891777328 3.372671920794588 3.587564484540561 3.3611201483361794 3.1507868931648235 2.863119334737675 3.2058155564833184 3.9971644569095774 2.669850970304179 13.990072195758376
9.99880011621869 0.011503089499496447 0.045789688846905034 0.13441067616716282 0.02931661489105408 3.9999939069494124 2.865177110182119 2.9116306772273326 3.0880358772689145 2.3872759091698352 2.552423084163136 2.6966406629404456 2.9831081081490085 2.0688982414558823 2.264961597400184 2.7247667121081607 2.699036645698478 2.745536562310361 2.926730335738436 2.73119024755715 2.5684357487220555 2.3089141127226465 2.610406673486126 3.12716683951953 2.20216888980958 11.387138522113235
9.999054954257577 0.01077394164671207 0.05605508208386465 0.1479744458986737 0.028080975258597176 3.9999969494661918 2.9929649008141146 2.797550375347145 3.110965327507828 2.6706601698178405 2.7660029933682724 2.866055552641473 3.305110919715645 2.4473312472496644 2.5840025130151405 2.9210298297827095 2.8910170121030725 2.9178526777946474 3.0241017050991985 2.9184655553470744 2.8115812218324785 2.6552880394137466 2.831610799264624 3.176049324212024 2.559191536878953 11.406599131489152
9.999999984875918 0.008589030625156351 0.06681905701221011 0.11840178151525939 0.026186936772275474 3.9999859989825306 3.1776633732195463 3.015018674072397 3.2707527723865346 2.9058134738376116 2.975965821511386 3.0618407829062115 3.4342285779182595 2.7172809510244975 2.833381328953889 3.1223789152177064 3.0938654534291357 3.1151627347292954 3.199581046106662 3.119371678302987 3.0314198048274 2.90148100368992 3.0469410757747357 3.3312336418474024 2.8214973548929803 11.474495489841132
9.999992036799544 0.002605118795778437 0.06596890677907015 0.01772571065796395 0.03131984947424685 3.9318113177004843 3.0199210727613552 2.840854109115586 3.1221256664714 2.7335172332540463 2.812109552688394 2.9018720122272987 3.3065984149395957 2.5222074634899707 2.646883191249978 2.9611562583440345 2.9301289437988363 2.951670297160044 3.0452238747772182 2.9560518916062386 2.860058672821508 2.7171488413124307 2.8753666737481605 3.1862448133478405 2.628582972566058 11.19087319394381
9.998596640394378 0.010295268308105433 0.05500680458241274 0.14030957345691997 0.028796593501050873 3.994159586516018 2.957941090353752 2.7572494363787934 3.0764737334577568 2.6355571095428005 2.729570953770519 2.8296742474136316 3.279323201916716 2.40119852432814 2.5403529220345016 2.8875279768652296 2.8553686488799697 2.881058924604944 2.9882580542600072 2.8831425380654716 2.774458667593082 2.6142916523518327 2.7931517825489176 3.143988719335805 2.5147274580616807 11.409051903249452
9.990285172657691 0.0050075148742206015 0.07296269598989029 0.057230627111484814 0.02686380234740382 3.989402809708309 3.2252939208938307 3.0696973694084053 3.3103319212250173 2.9745383400242784 3.034488021145542 3.1142019142230115 3.4705553085533682 2.787748888371204 2.8980040063006807 3.1779631561001485 3.148473875225197 3.16591361310409 3.244363291404334 3.1731072018396387 3.0901998212362094 2.965780768951485 3.1026877136486957 3.3701725708468313 2.8885912536561347 11.400761728237685
9.983943799224031 0.009629835775184033 0.056375406464101156 0.12997688416136938 0.028899838780693146 3.8038209629948785 2.949121668853322 2.7799585252085897 3.0424050599534036 2.684785591242706 2.757835870857895 2.840475584827846 3.2217922039389073 2.4832837872306333 2.5999177241891727 2.8954714400713444 2.866163903322235 2.885512806145201 2.9729641035922425 2.8899925257679033 2.8001420379341324 2.6658611227393427 2.8138171972480803 3.104976798506588 2.582893662111907 11.461895264311032
9.999978332871912 0.0062681785363129065 0.05987074370027074 0.07410030774386551 0.029788152989891032 3.994282609135661 2.9756557263549244 2.7778050562140253 3.0922878576041395 2.65738541062471 2.749069318593701 2.848072982116797 3.2925448358087013 2.426021448755904 2.563397043431104 2.9070853982762865 2.8746958913149365 2.8997403506000463 3.004966940866624 2.902428127490179 2.795402370029701 2.6373079522256857 2.8134950450096037 3.1593357917364484 2.539091167271812 11.251758420567425
9.987112970201421 0.012709379960954429 0.05284282933875393 0.18000675692792467 0.027750690526423417 3.999982036003503 2.9649714790539767 2.7644601450559243 3.0851917832024336 2.6393944806591647 2.735456481742795 2.836503583784525 3.286128946583514 2.407300803515571 2.546771687731719 2.892582711677562 2.8613572152141606 2.887980250320029 2.9961966998741567 2.889093999082085 2.779892125708223 2.6198691848506885 2.7995171184487164 3.1516670642398554 2.520481797811774 11.50401503608257
9.999986806962283 0.007333214709073776 0.06833564696843115 0.09721238893042453 0.026788353955913675 3.9998419176848543 3.18022233002218 3.01810895240505 3.272880981996506 2.9094460162136033 2.979039233064968 3.064801184215477 3.436064767856987 2.721435979724233 2.837149487210351 3.125327216911768 3.0968311693107324 3.1179190223298194 3.2019703354664855 3.12229341790401 3.0346310979960216 2.905078136778627 3.0500100801644177 3.3334806483205206 2.825285584979383 11.411883948494625
9.999999999122608 0.004867423383405622 0.05900712924318376 0.04530309422548124 0.02856918397086886 3.7863836404195155 2.974207090096074 2.7151467745912754 3.1608241860541084 2.5158122004086962 2.6752174457701114 2.808212558686433 3.3634105628499045 2.211986651060821 2.4024810826067635 2.865892670827601 2.8298704070761853 2.8697552586548722 3.0180569510381337 2.865196042848471 2.7188603348714513 2.4924806118728515 2.750004162843136 3.205761531323138 2.343151977692485 11.371332351147345
7.492046820049257 0.002242291187693554 0.057951407321800395 0.010552161524389427 0.03410065941050732 3.8684549665224024 2.8054495105543817 2.612390335523063 2.9262479258923437 2.5016523760471383 2.596994223821122 2.6913174839284606 3.1222076837073556 2.2832792551565615 2.6258880154127042 2.7357720310538785 2.7111397869028195 2.7364836326757476 2.8385546028001842 2.7351044046467132 2.6280783954818228 2.474335599343825 2.6481490381845765 2.990047662756511 2.380024885625765 11.436165955818996
9.412372449335887 0.015116618689570415 0.034609758186381956 0.17142711599626442 0.026625736926326287 3.9948542578914705 2.715831828720389 2.427760305914267 3.0142956995744155 2.2357362156987444 2.4064206297935673 2.5673138874397914 3.06105234180787 1.7991573346718759 2.25656429323367 2.4861080093129164 2.5431295724602383 2.6025581700338054 2.8032380696587444 2.392133460210164 2.2927252066141732 1.8782927317630962 2.452344616442449 2.9946858377260708 1.984794692714379 11.706976675626334
9.8964640910552 0.012585309846661454 0.05117625231751924 0.17849594861177437 0.029202399181369448 3.9471169614873984 2.918751094697689 2.7192372039893393 3.035873056128487 2.6011386430762844 2.694840318169242 2.7933265592491603 3.2397165927721714 2.3673931455770454 2.5052038657560995 2.8488397329240263 2.817441424803491 2.8428096894978983 2.94935294118584 2.8444527326278815 2.7365283445092072 2.5776293724094876 2.7550405135113203 3.1031852178873147 2.47884825097464 11.525398429303001
9.999999999984048 0.003101460306199972 0.061436353503660356 0.018669348391702586 0.029886185964892543 3.8231843185456817 2.969660547616022 2.739199607124827 3.1139147758775345 2.562700950049015 2.70259326605888 2.820809265653416 3.3216541832481457 2.288346112019513 2.460375239489127 2.878986867197086 2.8443161400894867 2.877895120281916 3.0061092009804375 2.8764447015410948 2.7477275769940155 2.544070287178203 2.7728672469132447 3.177725275897019 2.412506347859882 11.268265279265558
9.99999981589924 0.005407514520741771 0.06194987239895698 0.06047849954230764 0.029785747521384687 3.9503671945306564 2.9965707626503897 2.81000283643581 3.1042213747066874 2.698062378707458 2.781639922300156 2.8748803148934843 3.295509952130023 2.4784475760539832 2.608077276451006 2.9342000435348643 2.902493955058157 2.925276091325832 3.0233319903573976 2.9291211870294647 2.8288345272981728 2.679871335189748 2.8450952296204597 3.169696053698777 2.5875187024628596 11.239999338839516
9.768494241734796 0.006354605276218071 0.06255288599617873 0.07557833469122177 0.02849838790134002 3.9200588569395176 3.024763032563604 2.8484845486751933 3.123725360946405 2.7459450510803567 2.8207676121441105 2.908284111600284 3.3071924846982004 2.5357074882082133 2.6581196690067426 2.9691424818211365 2.93746499349612 2.957671934334028 3.0486511844123196 2.963197688557755 2.869309929825831 2.7285665923551226 2.883395114449171 3.1879983487351016 2.641326248185644 11.310006755752168
9.73138132069971 0.016911665759567374 0.03092177309847821 0.18545586266099867 0.02487387189749885 3.9997939331021297 2.6417271495931938 2.197913179330685 2.8829113759561933 2.0391215810645615 2.3434322468589097 2.500482494829164 3.0392608057876696 1.8542591017927386 2.035292150284638 2.391817799525275 2.473426425610173 2.532207107447725 2.7301522596182637 2.2431371166818073 2.3080010806649605 2.054810643035542 2.361421799099244 2.9175794749654553 2.0174959066353173 12.05717190186882
9.999999569620028 0.004690494383786199 0.05607305158085473 0.038371461533891794 0.028350235343247817 3.85857413341675 2.913669367375598 2.6535511333036435 3.183874777393275 2.4652856811359523 2.6186430535712257 2.75109818030081 3.318305025018609 2.158913092818646 2.352369437744689 2.8051169617898015 2.76835935689441 2.8076663911296342 2.9588212186912823 2.802637497926646 2.6567663454189767 2.436768982053005 2.6869002049386 2.9920919283062273 2.2901975510303876 11.365883678492974
9.999999998511221 0.0030314091858408645 0.06334762850859785 0.02184490182065533 0.030827016142286633 3.8371461209183573 2.960843474103702 2.786825449532402 3.055436585215914 2.690693504995395 2.7638863905645086 2.8484134663033074 3.241126092919261 2.481605300112927 2.6012135812715953 2.907402632307418 2.8759071923026154 2.8950551501731305 2.983946564381865 2.900922315724909 2.80872188890799 2.670071126089489 2.8217208242067806 3.120669119398775 2.5841246066574657 11.262612291406763
9.999999235496006 0.0044342067573954315 0.06118979449019539 0.044407402986473075 0.030664056837415462 3.9062405166300995 2.953367520650545 2.7666094118537394 3.0599554960876825 2.6580287772328823 2.7416204542762417 2.833664110480108 3.2538050697871244 2.4372420339752554 2.5662529177633684 2.8915335153286885 2.860003973476458 2.8823838447231633 2.98018194554364 2.8861054139811095 2.786026574874298 2.6372072192533333 2.8019274371841716 3.1258856785176974 2.5449020850309396 11.245608282003406
9.999999998861638 0.003633284703017004 0.06273103649384511 0.026150365035194443 0.028565755669777024 3.825546105036739 3.0192512387385486 2.7851981016072256 3.1790794873503487 2.599767838660028 2.7405147941475017 2.863990684226157 3.371154079791568 2.3211645624812727 2.499843899903128 2.927210751499587 2.8904937472612375 2.924994833580145 3.055664304980894 2.924279976135667 2.7929836372115773 2.5864403156454436 2.8184844847449413 3.2299183391593784 2.450277781236899 11.264938303261593
9.99253644612562 0.015713468289812973 0.03256179523068365 0.18704170811461907 0.02614277038406437 3.9999172990758827 2.6124392113015777 2.671462738909809 3.1259512643505283 2.174742775282885 2.3377109327822505 2.497919350799107 3.020595248421284 1.7414922663656087 2.0728088427093843 2.4337654854521342 2.4552209537558194 2.5169419115863003 2.7030996313967877 2.5318629047422663 2.3015488277743916 2.0638370123876832 2.3507084183830917 2.805177437992911 1.9673075158122493 11.872850829299713
9.999999999999998 0.005844362239725628 0.07511635305019285 0.05855320086961178 0.02077329756764552 1.980097710298554 3.5758158207087005 3.3067167677514684 3.9999892231671836 2.7450263748902213 2.974922385821992 3.202948694186093 3.999189191587946 2.3529228993254736 2.642428326893029 3.3341650732654355 3.2787857526288886 3.3681706834863485 3.672048277058888 3.3504676258132604 3.110799178131323 2.7820449045788305 3.1767531092777035 3.985282505167751 2.557061100936208 14.401004927818953
9.979036422142935 0.004950290747622907 0.05996652455388953 0.05282157945885033 0.03078370134665552 3.9572357488892766 2.9443525840752187 2.747070913683027 3.058948526935376 2.6312655356427803 2.7213300323041194 2.818618878355913 3.2613849033756463 2.3986974918158794 2.534933232308397 2.8776927888469217 2.844908206211015 2.868981488742251 2.972993833453114 2.872251911708047 2.7661124963530086 2.608635965878885 2.783289252774212 3.126621703602088 2.510734427999266 11.244833854023897
9.999999999999835 0.004091021538667551 0.060257783149040775 0.03324739648343272 0.029027633202365143 3.871040678172939 2.996749943731045 2.726134976876001 3.1808183517640316 2.51185180965873 2.678872126752263 2.8204193248230562 3.3969668477653383 2.193571420142249 2.396158444360237 2.8836818216239943 2.8448288238156985 2.886702930303943 3.0418606165285578 2.882442513974398 2.7295386494423317 2.4913120260338135 2.762237256306964 3.2244613053288713 2.333015526922925 11.343837831836568
9.999999999999998 0.00579791357886662 0.06343991171054496 0.06598657750507202 0.02834772516494278 3.833500497741262 3.0199175421688644 2.858163193893967 3.106482706850633 2.7704535822070615 2.8345765096902085 2.913080612501295 3.2792313048153123 2.5740575203681986 2.685602113977629 2.972878252603203 2.942176088001738 2.9588907936754363 3.040250239013064 2.965927560980464 2.8810853170087536 2.752343809161037 2.8923286635524 3.168233975518894 2.6725500298627822 11.335799060302525
9.999987514978313 0.006649862832223517 0.056315690766231795 0.07435747032697083 0.02838547371015876 3.7992843123691378 2.8970248711711406 2.7045487123143332 2.9979364934630213 2.5828704054525904 2.6812538506784556 2.7758845929192164 3.2036649660807783 2.3492596971044377 2.4867839135156378 2.8317104976445107 2.8000612141311247 2.82360143282468 2.924721015100104 2.8263869642855335 2.721688596795081 2.558880767754905 2.739315487890685 3.071928494921419 2.4575510219193473 11.391531344040672
9.999999975183957 0.00301686293067556 0.062078356060198604 0.023396256962037464 0.03187532990952941 3.7335126867644357 2.9197031404428357 2.757432441579869 3.0055681943056123 2.673395622522645 2.739058735018954 2.816058136033179 3.181984339937807 2.4761221595096568 2.586918248668351 2.872603806811103 2.8425460110881886 2.859033288917548 2.94065881232553 2.865455217714481 2.7805680513877147 2.6518728422197744 2.7916560727548574 3.0676884517870717 2.5721348713404733 11.31596590186707
9.948988157432376 0.008102174720348623 0.055955015886907815 0.10384277227914147 0.029916503512223316 3.9165052187668836 2.92110058339396 2.7267198839864983 3.0328645721451055 2.615016699728234 2.7031683776007847 2.798233242230192 3.2343033252103077 2.3849917068660442 2.518834449978976 2.8561035822690903 2.823813420134035 2.8471673661049235 2.949302273378423 2.850506627188993 2.7462216577798566 2.591303877856198 2.7628517209389125 3.1002439393209102 2.495068638296196 11.36831116384371
