7.367332364977997 0.003464638249929628 0.1470958969889801 0.07260331728633934 0.007951458893808255 2.7299284893752764 1.8992145488419159 1.684843124466396 2.3339215869266456 1.9828470295475704 2.612591297397328 1.9923160608240256 3.5478880441754064 1.9675376447996487 1.7775083832128564 1.6673748677669042 1.9384329808495289 1.8097216144971928 1.4089469590639594 0.4775770419200863 10.682289044084488
8.18691240229225 0.00600809874716824 0.11269856717719456 0.17808664304024402 0.0004439648297486507 2.34673339852396 1.8846707034220485 1.6703981378172637 2.3078319299058134 2.051187730632784 2.3947126372633307 1.9683876436682404 3.9993868386242672 1.9273236481512968 1.6652249587380175 1.0774100287770707 1.909110854644132 1.7279776900840027 1.6442010438918784 0.7023994742457107 8.525037234620791
7.490476633789104 0.008431710794116217 0.16072390222709432 0.1706078135726219 0.002181332818723346 2.7203687673580315 2.0359347744319565 1.7970137776486954 2.3524622887852886 2.0935195784534244 2.659530905767373 2.1237801640544074 3.474441351123048 2.1076444173767963 1.9293361214520621 1.8736489788010353 2.0319696091790123 1.9327266066094142 1.5752246914184598 0.8827449955630571 12.786246991341148
9.541662305648783 0.00961701170633207 0.05130968975962154 0.1967521070540088 0.00025527495345136717 2.0486308919407863 1.7881325390308493 1.6791294544981088 1.9104449656914024 1.8115256978633205 2.046595200476478 1.8154349838374337 2.358966495347247 1.8035207637902702 1.7315879865934967 1.7103904677037567 1.7829633727417742 1.7451131459461613 1.6127580974339175 1.314552945395765 1.0258321118018146
9.3623381206929 0.0074723159828233784 0.06934250510616163 0.11712715871463229 0.015242255973245659 2.4659003628021154 1.8191480537409468 1.9127409715368777 2.2114899144583102 1.8956385621402612 2.1948821531350533 1.95718044754521 3.012053704754095 1.879156993685241 1.7903164173354538 1.6967211675991694 2.3442099636821747 1.8162502715317415 1.520384747957387 1.473240888229064 2.704082292289343
4.039507776179818 0.014683041972669612 0.1289353000782095 0.12820084761365524 0.004965906241072265 3.4264722801286007 2.443924204847103 1.9800671133463663 2.7556203640321875 2.225345501142559 2.949634856377686 2.022609224390617 2.908362956184475 2.311244511598431 2.2771208944294385 1.9953200052770401 2.330575732064756 2.5397581328166416 3.7386589468276847 0.4489264232376833 13.086411212394097
7.412195235877986 0.003868035305440711 0.06295887329594427 0.10564410984457548 0.0003853566024937659 2.0376259981224627 1.880599584240775 1.8045679624715454 1.9509321451236687 1.892854913432658 2.0375587821054784 1.8968703581190303 2.2306721271972654 1.8919761556591876 1.845556360276958 1.8333225614032838 1.8774455635320781 1.8542620615046999 1.7731141948413087 1.6452658263863762 0.9477209093541397
8.537756299946516 0.0040994027370299165 0.058708630939125775 0.1780865730895963 0.0044406648545657805 2.0113655874858556 1.8285937719284462 1.7416139849929557 1.9114498701169358 1.843990730554014 2.011505830978905 1.8481086221749878 2.2338493057218813 1.841487953203967 1.7881360494794758 1.7736197395963988 1.8249757082867615 1.7981089007783528 1.7037454902831528 1.5531578422390024 0.991047527853332
6.5606346211343425 0.009145703210999738 0.17150060264813413 0.15416434703102866 0.0010366441752426927 3.073181024943768 2.2449229023575508 1.9854801007968677 2.638263757326683 2.326345619755312 2.9840565178355054 2.3982285467645696 3.962729529213409 2.407787794641588 2.1850340229904806 1.17894902926327 2.302856615804653 2.19223968751752 1.803956084525445 1.1785417169204746 15.420486530025313
7.499654579713543 0.013209447325418226 0.13409801722876413 0.1919043846380074 0.0006850912997099896 1.6860758889232932 1.9407107869583677 1.7308718868204516 2.5863783693117357 2.014629004790442 2.5845874387957046 2.002321747868229 3.517096367780134 1.9541129216366748 1.7672460622180097 1.792683009604822 1.9332065194194763 1.8570774278757842 1.3095149157889663 1.0236565698363407 11.06426346599401
8.706145601645163 0.008089950254999957 0.12220829477817621 0.12435122504467756 0.016397512939536386 2.643962084836996 1.9908614689662516 1.798337833584272 2.204744957030786 2.0482097702835356 2.549760505316752 2.079470877072088 3.5185316914337164 2.022959943483679 1.9360893520320905 1.5549656508764458 2.020755053936618 1.9253970007404493 1.5939806413385647 1.1212074909349572 8.66610834281353
9.994758283879793 0.0029797067085902767 0.0616064752369723 0.0671852411672735 0.0008046698590849844 2.015327565627583 1.8510956539449244 1.7736908228235306 1.9240952417606632 1.8659896650523415 2.01591696494749 1.8705677362622866 2.21387027003218 1.8657988117704023 1.8165301428493286 1.8039314639531403 1.8491499510392935 1.8251217771391457 1.7411090377346554 1.6071366372772256 0.8355144883117671
8.867023211931366 0.0037429300506654556 0.053337223289641966 0.09040305767844674 0.00017538544869739512 1.9166457419035197 1.7603001694797558 1.6842733143836632 1.8271834651559227 1.7740852093288886 1.9147223992628835 1.7778707861901861 2.107230324197572 1.7709741023407362 1.72444537859788 1.7117221185010414 1.7564175772606325 1.7333765931948453 1.6529111239049576 1.5240127994768928 0.8125946465553381
9.256478921217512 0.009249384668313241 0.14764423158766163 0.16399587646935032 0.012289465985961843 2.8173661449616336 1.8602497892262617 1.5909823933876164 2.328677029004828 2.0325848572679237 2.584934602442056 1.902666083273517 3.775273687768445 1.9318178082370632 1.7356208847545502 1.6542765797501071 1.8350120223709703 1.7092090121253143 1.1951063193763691 0.47461027148024726 12.257783751037405
9.632065291073346 0.008758884433115522 0.1551862833819495 0.09155869034726531 0.0019092288657038621 2.8208879326045353 1.8733753853956048 1.606964886175572 2.363986579535469 2.005835968505474 2.622164347466581 2.025680854460806 3.7667195806072673 1.8661160030536101 1.7686127471191257 1.6809597210633014 1.9703053525857406 2.104270343973085 1.1308955273080714 0.5028628248170383 12.42914136734704
9.704303336332638 0.008860800064876087 0.16005457211734297 0.19640085118704945 0.004512805556559531 2.77022167374006 1.9019741830670949 1.6573755524544989 2.3611695920257256 2.0660371910530784 2.668561091811741 1.9760559062197067 3.700008129042409 1.9961015539521372 1.8253960734126098 1.7193637873792949 1.9403566899191749 1.776725793519967 1.2983598427532068 0.7139665069547488 13.50365040754012
9.638145059796306 0.0024170690436839115 0.06297464369498512 0.04754261537961247 0.0009044957216577593 2.0156888927734826 1.864056891100553 1.792051247414882 1.930872821175098 1.8775781417609396 2.0163448216716 1.8820311272393566 2.199316937452669 1.8779154138374443 1.8320066248014588 1.8204540654924801 1.8621598497158267 1.8399435637583776 1.7623373226073404 1.6385955748990755 0.8492782224360916
9.629232602291099 0.002463186344778152 0.06293014882822903 0.04968464066262719 0.0009772398224176498 2.0158712637824796 1.8640222430955191 1.7919152619075127 1.9309455710476362 1.8775589787074678 2.0165230404593038 1.8820132434101828 2.1997626073963996 1.8778855688118166 1.83192093799333 1.8203497727588138 1.8621189645942184 1.8398705541527711 1.7621509277176606 1.638228109602104 0.8483782731931583
9.638145410512392 0.002417069048053581 0.06297464342641171 0.04754261552316373 0.0009044957147314192 2.0156888906478074 1.8640568872337215 1.792051242992413 1.9308728182175643 1.8775781382377026 2.0163448195691136 1.8820311237362408 2.1993169372421746 1.877915410248889 1.8320066207643535 1.8204540613204587 1.8621598459824613 1.839943559799558 1.7623373178319957 1.6385955688245637 0.8492782161285587
9.986994904246275 0.004568892575997539 0.06516565723448503 0.12857981182181694 0.00025294806943000126 2.061030686944701 1.8369504399665941 1.735887331255281 1.9438582921330267 1.8591231831539072 2.0675003392060587 1.8638485049815008 2.33327875504259 1.8551500146372857 1.7929956806387333 1.7784063676345958 1.9501247878246628 1.8068233964653764 1.6970883016415632 1.4072482989967043 1.152913156502164
9.638144318244056 0.00241706904456542 0.062974644600568 0.04754261521167962 0.0009044957201311729 2.015688897974455 1.864056900784187 1.7920512586283033 1.93087282848217 1.8775781506422355 2.016344826834688 1.8820311360823554 2.199316937657963 1.8779154229422328 1.8320066350419415 1.8204540760862953 1.8621598591293809 1.8399435737698768 1.7623373347535973 1.6385955904641658 0.8492782459866555
9.638144772681192 0.00241706904663193 0.06297464395861037 0.047542615482841 0.0009044957183244615 2.0156888941146107 1.8640568948846903 1.7920512521554737 1.930872823732715 1.8775781451718432 2.016344822986118 1.8820311306032824 2.199316936010642 1.8779154173395145 1.8320066289479708 1.8204540698221425 1.8621598534094017 1.8399435677874514 1.7623373278296632 1.638595582017938 0.8492782289446345
9.638144644442008 0.0024170690534473004 0.0629746440389475 0.04754261567875535 0.0009044957114956177 2.01568889438624 1.8640568954837418 1.7920512527795407 1.9308728241157886 1.8775781456707084 2.016344823258707 1.8820311310912634 2.1993169359756783 1.8779154178251438 1.832006629532466 1.8204540704368672 1.8621598539409976 1.8399435683577101 1.7623373285246624 1.6385955829287462 0.8492782313694168
9.638144672168208 0.0024170690330243107 0.06297464421031553 0.04754261489750407 0.0009044957355071674 2.0156888953665204 1.86405689610009 1.792051253231802 1.9308728249007407 1.8775781463349286 2.016344824241972 1.8820311318018028 2.1993169373635175 1.87791541852022 1.8320066301079017 1.8204540709922494 1.8621598545718183 1.8399435689326722 1.7623373289288413 1.6385955830602834 0.8492782354926464
5.554791220118274 0.005034671408352859 0.13958848031666618 0.09709355679067772 0.0032118300316322113 2.5584542445666614 2.226348045551704 1.937553988226462 2.3650297609766486 2.183083951173378 2.4059613404946303 2.1883634765007214 3.4180475440895663 2.187444060824355 2.0931047208035 2.0292547111014216 2.1771484294314174 2.110525398698802 1.8018131537378028 0.5426267296245152 9.845062862929424
5.444594669104544 0.0051088845197269665 0.15624644919206426 0.1992319706463069 0.0076283014560792235 2.6006475017687904 2.0578962887150167 1.7589664325973653 2.3148082660910108 2.0455191490376987 2.58074916229501 2.0769058219596177 3.485238077458844 2.0499312544617307 1.9049903104479207 1.8564528436732612 1.984485314888571 1.7012815193270627 1.6102863031236592 1.0798393980213017 12.709431557013477
4.496699913575996 0.0018858358195626215 0.04992392425304953 0.13352585306517176 0.00916472544582506 1.8772102766915089 1.5613781793959878 1.4196631784673341 1.8281799125463476 1.542111232881405 1.8429605001027585 1.5413057195279898 2.1909140726017466 1.5372359127749782 1.4500897881645483 1.3904462292719344 1.4021217497176777 1.4429705869996514 1.3055882416769318 0.8187645779997978 2.0274561091235483
7.666499100464892 0.009314442642520319 0.1285999239957634 0.1946787573891967 0.023476010840475344 2.697407630651739 1.9851533376230242 1.7650704344618418 2.296134809546525 2.0703406863551637 2.5946586860976555 2.090633457210598 3.4373477237989327 2.0060619919042493 1.8512119174506343 1.6315211407933725 1.9732265394628952 1.8783054952723988 1.4921739531782432 2.7424677702468783 11.056453636791732
9.638145075736585 0.0024170690426036008 0.06297464374792336 0.047542615313376994 0.0009044957229587256 2.015688892536692 1.8640568911391393 1.79205124763103 1.9308728211182657 1.8775781417908675 2.016344821434683 1.8820311272375796 2.1993169368730308 1.877915413853674 1.83200662492277 1.8204540656313049 1.86215984977714 1.8399435638625907 1.7623373228591557 1.6385955753893622 0.8492782238873741
9.690839950598724 0.011802729783860636 0.1473397673858609 0.12246877373420431 0.006081637882445809 1.5306412665272093 1.880679668900253 1.6190293027238765 2.313633336319112 2.4210608977269947 2.621505934814367 2.0005887850372868 3.7306127950422696 1.952639406006714 1.7726001668487321 1.6883743665359445 1.843440705330523 1.7392732057862617 1.303431648579596 1.0613244386292875 13.189632909514497
9.638144750730696 0.002417069047683164 0.06297464398377081 0.04754261547746576 0.0009044957168626406 2.0156888945909723 1.8640568947649399 1.7920512517091074 1.9308728238823119 1.8775781450928675 2.0163448234740895 1.8820311305517037 2.1993169372191486 1.8779154172392811 1.8320066286870336 1.820454069516439 1.8621598532638928 1.8399435675548361 1.76233732727583 1.6385955809685269 0.8492782298400978
9.592138787293676 0.014927655539463309 0.16317620554710516 0.19927977398096583 0.015734537553720337 1.5784266028070517 2.2142742684711547 1.7678946578460641 2.4526078198288364 2.085410273129854 2.777859958714925 2.1217082902567377 3.8534358983110892 2.1092003595664384 1.7226077352110736 1.8363838126879743 2.017045762463098 1.8943094406519432 1.4380645059086303 1.3877696259264256 16.218499563487494
9.63814521925157 0.002417069046234749 0.0629746435695537 0.04754261547259796 0.0009044957185679685 2.015688891139235 1.8640568891845486 1.792051245518442 1.930872819461634 1.8775781399653166 2.0163448200439245 1.882031125417458 2.1993169360798626 1.8779154119659514 1.832006622923947 1.8204540635849307 1.862159847877973 1.839943561895462 1.7623373206346453 1.638595572754921 0.8492782194033451
9.638144806343671 0.002417069041860716 0.06297464388856007 0.047542615317204995 0.0009044957230874435 2.015688893955399 1.8640568937492863 1.7920512505359465 1.930872823018784 1.8775781441388104 2.0163448228429703 1.8820311295955607 2.1993169370187675 1.8779154162982823 1.8320066276114586 1.8204540684049477 1.8621598522599725 1.8399435664989454 1.762337326035964 1.638595579432104 0.8492782271621632
9.638144294751777 0.0024170690343536796 0.06297464437521899 0.04754261502222817 0.0009044957356478187 2.0156888967500537 1.8640568998573388 1.792051257855417 1.9308728275242608 1.8775781496828137 2.0163448255953176 1.8820311350729766 2.199316936091642 1.877915421893743 1.8320066341472145 1.8204540752057767 1.8621598581979204 1.839943572883868 1.762337334010902 1.6385955899402451 0.8492782387895452
9.638144707551493 0.002417069045714727 0.06297464400374347 0.047542615421849115 0.0009044957208877041 2.0156888941476785 1.8640568949372962 1.79205125220663 1.9308728238138873 1.8775781452016562 2.0163448230184438 1.8820311306160418 2.199316936052363 1.8779154172858257 1.8320066289764967 1.8204540698436646 1.862159853441164 1.8399435678209324 1.762337327853382 1.6385955820410063 0.8492782300587031
9.63599467838004 0.0023843601529943926 0.06300955512743607 0.046482462719493856 0.0009542822757627483 2.0157043893719218 1.864084121201519 1.7920822787687283 1.9308938106134796 1.8776031450399875 2.016360194780127 1.8820560678639302 2.1993194467415726 1.8779410249996924 1.8320351744207781 1.8204835586379444 1.8621862677614156 1.8399715337104265 1.762370823686146 1.6386379161348628 0.8487262555742816
9.638144769718496 0.0024170690351334773 0.06297464401089534 0.0475426150507895 0.0009044957326223546 2.0156888946721745 1.8640568948356655 1.7920512517892948 1.9308728239658428 1.8775781451743188 2.016344823553485 1.882031130634259 2.1993169372985766 1.8779154173207182 1.8320066287700123 1.8204540695996214 1.8621598533467156 1.8399435676419016 1.7623373273603893 1.638595581054181 0.8492782300564344
9.2280367174494 0.010474048642423439 0.16636025087601874 0.128396232158823 0.0023794992938567174 2.885376367571216 2.029621778276047 1.531164155265258 2.5429948142360264 1.7319916885322741 2.938440171240558 2.199270003261345 3.891732277712553 2.0918474294988716 1.9047103417457434 1.8997199003793583 2.236123024646457 1.554164199796757 1.7240904414503548 0.569966502492886 14.603194937749151
8.48611894185679 0.006752293776497372 0.14289145079985713 0.16965149448255493 0.009666770173611481 2.9881666043341824 1.9366135986722939 1.6568026443122574 2.3724656950677696 2.0152689279132385 2.620090620133237 2.0841278072870835 3.519982117549478 1.8455096977235013 1.8418896415174975 1.7586478491858073 1.936740060734518 1.8200432734655607 1.2824380679346166 0.3942284540387596 11.291688714964671
9.638144921867182 0.0024170690411087284 0.0629746442885656 0.0475426150599968 0.0009044957202149054 2.015688895301863 1.8640568956029984 1.792051252766821 1.930872824745492 1.8775781460142709 2.016344824176676 1.88203113146602 2.199316937662853 1.8779154181885944 1.8320066296994073 1.8204540705519303 1.8621598542142128 1.8399435685314414 1.7623373283753627 1.6385955822706004 0.8492782385344594
9.63814477777213 0.002417069047928613 0.06297464466139566 0.047542615082345106 0.0009044957104939137 2.0156888970703473 1.8640568977011704 1.7920512548446912 1.9308728265317914 1.8775781479982079 2.016344825959198 1.8820311334926678 2.1993169391199805 1.8779154202871942 1.8320066317992734 1.820454072698385 1.8621598562350836 1.8399435705761966 1.7623373305611332 1.6385955846919342 0.84927824948781
9.116266542890195 0.00551182211813121 0.14725803124134065 0.18883788329317064 0.015392268314414316 2.837849754959513 1.9170883017879345 1.551378994988345 2.3120893465271797 2.270635744503613 2.4167750934362506 1.9653884360924592 3.7363233697799396 1.8967220909927613 1.7375721070849417 1.6053718273267736 1.8074877769205486 1.6533476801086806 1.0987155868193077 0.30936211451701084 12.612185978988686
9.638144919690994 0.002417069035803019 0.06297464373158058 0.04754261513745203 0.0009044957336259519 2.015688892291648 1.8640568917098954 1.7920512484819695 1.9308728212618962 1.877578142208158 2.016344821182452 1.8820311276254604 2.199316935746522 1.8779154142545593 1.8320066255625 1.8204540663228552 1.862159850276221 1.839943564470515 1.7623373238459479 1.6385955769736866 0.8492782226855871
6.4178827460375505 0.0022369616538805578 0.05876377911112695 0.03890483165737545 0.0012158436157506916 1.9980674892252253 1.7976190138860506 1.698739196676596 1.886644237438284 1.8119593614413811 1.9983269034494722 1.8163411116719803 2.2458537867589583 1.8085717218950266 1.7489398854173648 1.7326047665220174 1.7896397635739938 1.759643416048703 1.65424902457388 1.4860913506279512 0.8734392676920245
9.636994703706083 0.002343433121155767 0.06305035021351917 0.045581063136921035 0.0011101491251080812 2.0157050172601947 1.864083256134678 1.7920814823751854 1.930893942943472 1.8776029397684264 2.016360817201731 1.882055867134092 2.1993211795745222 1.8779407849110805 1.8320346895915796 1.8204830096092643 1.862185973333343 1.8399711001362904 1.7623699138276143 1.638636247987158 0.8473088609251453
8.94786710657704 0.0024718245902031564 0.06262705066265674 0.05695442959014302 0.00126924080871074 2.0342508367184284 1.8583554655017158 1.7838232632298985 1.9288065465487916 1.8721154433994667 2.016418214075304 1.8763511153685168 2.2066334488278767 1.8713892557621041 1.8246173529549352 1.8124373185427607 1.8561208543982175 1.8330442200292794 1.752314869473399 1.623832520150422 0.8425610030739936
8.022259267450757 0.0025504301003340182 0.061008162801560094 0.056745741317569244 0.0005693083715132113 2.002092757742627 1.860475613876136 1.7919229575960802 1.9227143978891708 1.8720787726676713 2.0026290195510095 1.8759763395411695 2.174896672949775 1.8717002903191131 1.82900682926523 1.8180641861204103 1.8577198486683917 1.8368937442114524 1.7638393400421477 1.6472448919245455 0.8196054938264886
9.638144437275544 0.002417069037372952 0.06297464473529814 0.04754261486970107 0.0009044957264581579 2.0156888985923564 1.864056901054901 1.7920512588611108 1.9308728290078572 1.8775781510127802 2.0163448274469475 1.8820311364563294 2.1993169386027254 1.8779154233023911 1.8320066353427034 1.8204540763731138 1.8621598594709092 1.8399435740666712 1.7623373349139038 1.638595590409981 0.8492782496857452
9.63814427093421 0.0024170690357693996 0.06297464436217406 0.04754261509581235 0.0009044957343655654 2.015688896896369 1.8640569001325005 1.7920512581714476 1.9308728276927591 1.877578149932608 2.0163448257469176 1.8820311353178207 2.1993169360946534 1.877915422186934 1.8320066344358839 1.8204540755012866 1.8621598584649173 1.8399435731712313 1.7623373343539395 1.6385955903777933 0.8492782384087112
9.638144522686279 0.0024170690389362574 0.06297464416833609 0.04754261518813544 0.0009044957283661876 2.01568889605188 1.864056897269282 1.7920512544641098 1.9308728257074466 1.8775781473669064 2.0163448249383404 1.8820311328564485 2.199316937559588 1.8779154196352743 1.832006631265369 1.8204540721843565 1.8621598556543324 1.8399435700784066 1.7623373302768135 1.6385955847355573 0.8492782341779853
7.713478085760239 0.003035661346126833 0.06203592572321853 0.06707150176902121 0.0002022015747419993 2.000663133053862 1.8626173368243255 1.7953409929318855 1.922393252096537 1.8738685522568872 2.001460972699203 1.8780978803205823 2.16945768163265 1.8744768360595039 1.8319939835796184 1.8214355641093132 1.8596728829668465 1.839268492247893 1.7680185074046493 1.654418209803419 0.905226691232529
9.638145475912987 0.0024170690520933413 0.06297464329126566 0.04754261568437765 0.000904495710829835 2.0156888896271625 1.8640568858147355 1.7920512415021026 1.9308728171179128 1.8775781369088693 2.0163448185291024 1.8820311223718877 2.199316936649759 1.8779154088264383 1.8320066193081637 1.820454059811516 1.862159844605045 1.8399435583773736 1.7623373162239306 1.6385955669192909 0.8492782125695376
9.638144451162912 0.0024170690338959403 0.06297464566772873 0.04754261415214558 0.0009044957226801317 2.0156889017173434 1.8640569044061555 1.7920512622191482 1.9308728320394715 1.8775781543453267 2.016344830605065 1.882031139885196 2.199316941450794 1.8779154268948546 1.8320066388306748 1.8204540799165292 1.8621598628339509 1.8399435774355462 1.7623373384253604 1.6385955941803783 0.8492782769455006
9.638145709559172 0.0024170690458995845 0.0629746432670906 0.04754261540239092 0.0009044957178241391 2.01568888831109 1.8640568837034763 1.7920512391285648 1.9308728152978938 1.8775781349796172 2.0163448172600247 1.8820311204850784 2.199316936196981 1.8779154069345172 1.8320066171588532 1.8204540576101658 1.8621598425690447 1.839943556227245 1.7623373137209295 1.6385955638481016 0.8492782125993974
9.638145304407821 0.002417069029714406 0.06297464353044284 0.04754261489399123 0.0009044957413369375 2.0156888913248245 1.8640568879081783 1.7920512435677614 1.930872818810019 1.877578138853314 2.0163448202478294 1.8820311243528733 2.1993169379857895 1.8779154109084717 1.8320066213761887 1.820454061920443 1.8621598465980231 1.8399435604057497 1.76233731840466 1.6385955693559486 0.8492782181548324
8.904764380742975 0.007061870050570516 0.10965693939288891 0.15960502103722246 0.011452696071354008 2.606336963176719 1.9158813251193316 1.662695160423784 2.2568125668457837 1.9745654990659232 2.522277175326148 1.9869372246891996 3.36246229509242 1.9507219565272524 1.5942570278401091 1.7687556006624343 1.9185310847176518 1.8176259786121265 1.4751847946458763 1.1821527535072467 6.9272163080693065
9.638144148151547 0.0024170690398268137 0.06297464447744398 0.047542615185815276 0.0009044957300701407 2.015688897769407 1.8640569010376165 1.7920512589092548 1.9308728283666918 1.8775781507478224 2.0163448266397452 1.8820311362133575 2.1993169370232177 1.877915423087225 1.8320066352552855 1.820454076336123 1.862159859273092 1.8399435739679506 1.7623373351294558 1.6385955911235932 0.8492782419457149
9.638145085865315 0.0024170690373892206 0.06297464372292838 0.04754261516673107 0.0009044957293897554 2.015688892582286 1.8640568911556084 1.7920512475863202 1.930872821096665 1.8775781418035347 2.0163448214794153 1.8820311272850465 2.1993169369606984 1.877915413902729 1.832006624925403 1.8204540656346804 1.8621598497785439 1.8399435638620292 1.7623373228416286 1.6385955753442871 0.8492782229993238
9.638144994741815 0.0024170690477047824 0.06297464361052357 0.047542615565531625 0.000904495719856183 2.015688891862388 1.8640568905586632 1.7920512470251004 1.9308728204519021 1.8775781411592507 2.0163448207577757 1.8820311265916083 2.199316936147524 1.8779154131945746 1.832006624292953 1.820454064998339 1.8621598491461429 1.8399435632377155 1.7623373222565495 1.638595574816419 0.8492782200773
8.30123046852969 0.0004587557764963439 0.13873245062517012 0.1633795007625703 0.028321726424792498 2.6239089982572303 1.7499267675981758 1.5317774355772635 2.329902921934649 1.8883924843520048 2.5578121311186486 1.813753669038906 3.6920257469805606 1.824911764132628 1.6497080285251684 1.5537553147912846 1.7494096379443367 1.4801516858816068 1.2226988952708715 0.35553454217407593 12.811065841829144
9.638145546060063 0.002417069041430178 0.06297464331514403 0.04754261531047856 0.000904495724084864 2.0156888894711207 1.8640568854569024 1.7920512410799712 1.9308728168126563 1.8775781365943442 2.0163448183885633 1.8820311220620962 2.199316936714861 1.8779154085406675 1.8320066189412627 1.8204540594329723 1.8621598442626441 1.8399435580034478 1.7623373157609274 1.6385955663137182 0.8492782130388928
9.54344522365809 0.011709557722434502 0.14167915408785317 0.161213166576211 0.013484111832903772 3.1458724639253304 1.9566277163923458 1.4776270966128224 2.3468007269743034 1.9783928457379398 2.625188139044113 1.997277117460272 3.648253267556452 1.9522963174160255 1.2887733424115169 1.6774973583489896 1.8522128865931082 1.741870428734643 1.287956184588195 0.45973059912724984 12.428814540827611
9.638144535523459 0.0024170690383375796 0.06297464531523841 0.047542614459405996 0.0009044957192690338 2.015688900366861 1.8640569020682 1.7920512594750053 1.9308728301367446 1.8775781521349584 2.0163448292688897 1.882031137680556 2.1993169412552973 1.8779154246327487 1.8320066362957637 1.820454077301328 1.8621598605035832 1.8399435749718862 1.7623373354669212 1.6385955904115599 0.8492782674301961
9.970357812682062 0.0039063002771757655 0.06001337995383996 0.09770960936868482 0.00011934459962010613 2.0063928441788383 1.8429495416218853 1.7658352144813196 1.9155784772687912 1.8577653494274402 2.00708250700913 1.8622876994059967 2.2042210790017 1.8574648945466752 1.8083964999076472 1.7958265173848138 1.8408690050140177 1.8169434591797906 1.7332627312720592 1.5998133955278184 0.9116465529971356
9.638145058653304 0.002417069064297844 0.0629746437895749 0.04754261599602994 0.0009044956942381871 2.015688892537747 1.864056891310739 1.7920512477868669 1.930872821063417 1.8775781419209698 2.0163448214560686 1.88203112741465 2.1993169367104612 1.8779154140566883 1.8320066251040974 1.8204540658254225 1.8621598499106795 1.839943564015592 1.7623373230861192 1.6385955757397663 0.8492782262850739
9.638144069571622 0.0024170690252968735 0.06297464459753416 0.047542614681297696 0.0009044957477958502 2.0156888986439014 1.8640569025826759 1.7920512608885624 1.930872829919822 1.8775781522246158 2.016344827455239 1.8820311375685492 2.1993169370768575 1.8779154243852512 1.8320066369378256 1.8204540780429561 1.8621598608584338 1.8399435756554718 1.7623373371647983 1.6385955937013599 0.8492782437938777
9.638144745134317 0.002417069050736761 0.06297464412340197 0.047542615504292195 0.000904495711346274 2.0156888953994048 1.86405689546936 1.7920512522764518 1.9308728244667746 1.877578145787117 2.016344824296698 1.882031131286401 2.1993169381658246 1.8779154180948323 1.8320066293610062 1.820454070197584 1.8621598539435595 1.8399435682097989 1.7623373278755452 1.6385955814851727 0.8492782342660123
9.609661606153955 0.005241447320496951 0.1272618219543721 0.16813572628116658 0.017689964954129528 2.8568175486897625 1.9596719973775998 1.6692219080322253 2.2764183785750496 2.0604635407596805 2.5266905291049917 1.982447119775847 3.4015587195445236 1.854457616975577 1.3231104351724994 1.733297101289531 1.8796446522485453 1.7269222559105093 1.4939397213336958 0.916880196796878 9.609364476220069
8.1060360642322 0.0023058456454706036 0.062017808269951326 0.0439398178935249 0.0013030091435466834 2.0202917019242492 1.8533288135292232 1.7739838052099017 1.928962651866956 1.8688560089055481 2.0198934122678622 1.8734424840279416 2.2207056598309514 1.868280025319434 1.818849117070469 1.8059783111493095 1.8505710026286533 1.826266471575452 1.7415153565200403 1.6064547672300653 0.8299302334256816
9.638145157588884 0.002417069056300608 0.0629746437383144 0.047542615757698595 0.0009044957046827534 2.0156888920901457 1.8640568908241166 1.7920512474228738 1.9308728207139103 1.87757814150165 2.0163448209883326 1.8820311269655143 2.199316936232322 1.877915413613038 1.83200662468034 1.820454065403865 1.8621598494969247 1.8399435636058101 1.7623373226922812 1.6385955753595005 0.8492782244603329
5.751727171318637 0.004130486362214034 0.11304252148271181 0.19031093592373896 0.034749112897228374 2.7864228051878235 1.868493215629579 1.7156186853783038 2.3302011632867576 2.052356074242619 2.542410425442892 2.1051647519092347 2.882287111235302 2.043998707639358 1.8785738883171492 1.9114460821613692 2.0826771210369253 2.443948034340044 1.6104594844184612 1.2514573872442534 7.735317357748877
9.63814569665983 0.002417069066397473 0.0629746431202884 0.04754261616634638 0.0009044956900677919 2.0156888887347715 1.8640568835531348 1.7920512387016048 1.9308728154438959 1.8775781348716043 2.0163448176737324 1.8820311203723064 2.1993169373037826 1.8779154068184067 1.8320066168691582 1.8204540572748387 1.8621598424036037 1.8399435559834714 1.7623373131761761 1.6385955628215467 0.8492782092503596
9.638145489291405 0.002417069042813256 0.06297464347426614 0.04754261529720328 0.0009044957208303018 2.0156888903163916 1.864056886772985 1.7920512424982797 1.9308728177940142 1.8775781378238012 2.0163448192443725 1.88203112333883 2.1993169370368397 1.8779154098648867 1.8320066203242953 1.8204540608734623 1.8621598455470691 1.8399435593380877 1.7623373173291654 1.6385955682475999 0.8492782175957511
9.638144420521957 0.0024170690357024445 0.06297464420169355 0.04754261510268064 0.0009044957348685492 2.0156888954314165 1.8640568977892293 1.792051255462382 1.930872825680332 1.8775781477340239 2.0163448243078568 1.8820311331677584 2.199316935634902 1.8779154199847121 1.8320066319650072 1.8204540729757155 1.86215985614217 1.8399435707270397 1.7623373314843649 1.6385955868318023 0.849278234610643
9.63814431843922 0.002417069048407107 0.06297464435786738 0.047542615481863455 0.0009044957159607056 2.0156888971908793 1.864056899789289 1.792051257506218 1.9308728275404714 1.8775781496566375 2.0163448260566557 1.8820311351104346 2.1993169371434727 1.8779154219704512 1.8320066339694672 1.8204540749878688 1.8621598581114156 1.8399435727210964 1.762337333585206 1.6385955891023951 0.8492782392743168
9.638144398988723 0.002417069041373902 0.06297464424555718 0.04754261528537546 0.0009044957281855091 2.015688895880491 1.8640568986168962 1.792051256631109 1.9308728266664414 1.8775781485532448 2.016344824693682 1.8820311338866438 2.19931693558816 1.8779154206220225 1.8320066329058062 1.8204540739051556 1.862159857031587 1.8399435716828747 1.762337332648327 1.6385955883187493 0.849278235383214
9.638145105082756 0.0024170690242785882 0.06297464586623533 0.04754261344902962 0.0009044957257190652 2.015688900731572 1.8640569008631003 1.7920512580018193 1.9308728299021127 1.877578151387317 2.0163448296465973 1.882031136980925 2.199316943163442 1.8779154238951898 1.8320066351987068 1.8204540761172046 1.8621598595887006 1.839943573854475 1.7623373337134656 1.6385955876724643 0.8492782842292954
9.635739894602255 0.0036798012197444426 0.060159023582171886 0.08663823831703493 0.0002195865249604112 2.0283403925077077 1.825085920040296 1.7297420605327143 1.916722086264182 1.8432113314293241 2.0284388077982953 1.848293734734591 2.2738961827264648 1.8415152088915956 1.781732625501219 1.766025681811867 1.8220890742556368 1.7922946433322382 1.7548747576600405 1.5211022323953711 0.8727589544175969
9.638145182945681 0.00241706905646571 0.0629746436641216 0.04754261577020471 0.0009044957047553381 2.015688892035395 1.8640568900158085 1.7920512462541494 1.9308728202771752 1.877578140773867 2.0163448209357187 1.8820311262583245 2.199316937070148 1.8779154128401876 1.8320066237221049 1.8204540643855351 1.8621598486841122 1.839943562682972 1.7623373213841782 1.6385955734397273 0.8492782225526806
9.638145005969884 0.002417069053731386 0.06297464374937614 0.04754261570764405 0.000904495709660558 2.0156888929171757 1.8640568916846174 1.7920512481641386 1.9308728215323359 1.8775781422773885 2.0163448218158173 1.8820311277338324 2.199316937098194 1.8779154143730878 1.8320066254528797 1.8204540661756599 1.8621598502787882 1.8399435643839666 1.762337323446416 1.6385955760798814 0.8492782242812352
9.638145196265508 0.0024170690421286673 0.06297464364590348 0.04754261530259539 0.0009044957227192849 2.0156888917945426 1.864056889727512 1.7920512459227118 1.9308728199647085 1.8775781404887855 2.0163448207076984 1.8820311259726543 2.1993169368929615 1.8779154125916717 1.832006623417148 1.8204540640845308 1.862159848383672 1.8399435623776352 1.7623373210534772 1.6385955730695865 0.8492782215209161
9.638145615559432 0.002417069054827277 0.06297464326817738 0.04754261573992949 0.000904495707667784 2.0156888888082807 1.864056884466857 1.7920512399777468 1.9308728159585904 1.8775781356761185 2.016344817738045 1.8820311211621494 2.1993169364081084 1.8779154076053268 1.8320066179274503 1.8204540583947755 1.862159843302157 1.8399435570004556 1.762337314608732 1.6385955649207165 0.8492782126455052
9.638144829693722 0.0024170690387692916 0.06297464405999731 0.047542615101467636 0.0009044957279898484 2.015688893783842 1.86405689410608 1.7920512511983806 1.9308728231529466 1.877578144464706 2.0163448226758445 1.8820311299132686 2.199316936201571 1.877915416594847 1.8320066281124376 1.8204540689502424 1.8621598526432188 1.8399435669575805 1.7623373267772062 1.638595580624851 0.8492782319326765
9.638145243048108 0.002417069057853904 0.06297464355041486 0.04754261583940688 0.0009044957035910834 2.0156888913332565 1.8640568888247457 1.792051244883647 1.9308728193457252 1.8775781396588025 2.0163448202385923 1.8820311251257464 2.199316936932526 1.8779154116959393 1.832006622450952 1.8204540630634218 1.862159847508196 1.8399435614446793 1.7623373199011823 1.6385955715727147 0.8492782196072249
9.638144948951298 0.0024170690317912927 0.0629746437809196 0.04754261498220991 0.0009044957390282798 2.0156888922671277 1.8640568917672207 1.7920512485505204 1.9308728212430037 1.8775781422652291 2.0163448211597976 1.882031127717142 2.199316935616971 1.8779154143497616 1.832006625650821 1.8204540664243374 1.8621598503422592 1.8399435645479933 1.7623373239666928 1.6385955771711644 0.8492782240473422
9.638145309450751 0.002417069057345663 0.06297464359225162 0.04754261582350223 0.0009044957017774368 2.0156888917687676 1.864056889454528 1.7920512456801536 1.9308728199212504 1.8775781403073375 2.0163448206760135 1.8820311257823013 2.19931693707906 1.8779154123406472 1.8320066231780514 1.820454063818658 1.86215984818784 1.839943562158904 1.7623373207404698 1.638595572607429 0.8492782206805249
2.158805419922027 0.004279972892070301 0.042306598775871895 0.1127855059476954 0.0004211481926196207 1.926926638798001 1.510410645863631 1.4840520608758978 1.546776879626369 1.5192410174780755 1.6951889069111123 1.4764809682325475 1.1372468284321104 1.4972898283671543 1.5398453397545646 1.4116529294008722 1.5079885251085234 1.4380638237227805 1.356842401576547 1.5230505729437072 4.851745988831481
7.959012708601589 0.007517999288347209 0.08900975444764724 0.18771080647532218 0.007021339133449196 2.533466747088792 1.8946789751816457 1.6349788845052575 2.1766942871516575 1.9268695143849162 2.4296064891921723 1.9325910509866882 3.0422404723869003 1.876536129895364 1.7764977289856894 1.737693595403195 1.8769113106333803 1.922323004289754 1.430122984980408 1.09498019724957 4.234049284954983
9.638144694045018 0.0024170690250223726 0.06297464415358228 0.04754261469493117 0.000904495744533379 2.015688895494881 1.8640568964165658 1.792051253686526 1.9308728252115457 1.8775781466498005 2.016344824363495 1.8820311320694139 2.1993169372370143 1.8779154188398648 1.8320066304810891 1.820454071368736 1.8621598549158709 1.8399435693164203 1.7623373294152664 1.6385955837121777 0.8492782332539375
9.638144745507667 0.0024170690509303532 0.06297464399836514 0.047542615527425426 0.0009044957066827523 2.015688894093631 1.8640568943164264 1.7920512512652116 1.9308728233404056 1.8775781446369386 2.016344822986588 1.8820311300851758 2.1993169366798235 1.8779154168000611 1.8320066282411158 1.820454069071535 1.8621598528018064 1.8399435670994115 1.762337326842538 1.6385955805706662 0.849278230713662
9.63814444107919 0.002417069055955718 0.06297464482573106 0.04754261539552793 0.0009044957027206296 2.0156888982565335 1.8640569008559749 1.792051258709839 1.9308728286817145 1.8775781508014981 2.0163448271304385 1.8820311362511992 2.1993169381215965 1.8779154231096942 1.8320066351749145 1.8204540762181491 1.8621598592649395 1.8399435738721384 1.7623373347917721 1.6385955903998846 0.8492782533791117
9.638144531704135 0.002417069039877061 0.06297464434674953 0.04754261516011902 0.0009044957247450558 2.0156888970605484 1.864056898906301 1.7920512564313726 1.9308728271167617 1.877578148953597 2.016344825931998 1.8820311344197038 2.1993169377845976 1.8779154212504825 1.8320066330690776 1.8204540740451614 1.8621598573338023 1.8399435718467763 1.7623373323817935 1.638595587376779 0.8492782389933394
9.638144975062133 0.002417069059251557 0.0629746437112177 0.04754261590399646 0.0009044957042256074 2.015688892397591 1.8640568913442936 1.7920512478923192 1.9308728210816746 1.8775781419064608 2.0163448212969426 1.8820311273671502 2.1993169363951917 1.8779154139785068 1.8320066251226141 1.8204540658426498 1.8621598499230174 1.839943564050753 1.7623373231912265 1.638595575951693 0.8492782234318885
9.638144430887673 0.0024170690461423738 0.06297464420322284 0.04754261542609778 0.0009044957220582006 2.0156888957566683 1.864056897687275 1.792051255240346 1.9308728258967522 1.877578147695002 2.016344824619444 1.882031133100041 2.1993169364425436 1.8779154198657353 1.8320066318025934 1.8204540727679015 1.8621598560719022 1.839943570592733 1.7623373311455863 1.6385955861599197 0.8492782350355951
9.63814476882593 0.0024170690542921684 0.06297464415905199 0.0475426156223643 0.0009044957072359309 2.0156888951812535 1.8640568958608303 1.792051253061545 1.93087282472959 1.8775781461517196 2.0163448240667114 1.882031131594615 2.1993169371850163 1.8779154183343245 1.8320066299216198 1.820454070802716 1.8621598543861815 1.8399435687529897 1.762337328744702 1.6385955828716847 0.8492782350700961
9.638145507646916 0.0024170690588385616 0.06297464329232218 0.047542615911120543 0.0009044957015667929 2.0156888894786427 1.864056885698623 1.7920512413812435 1.930872816858077 1.877578136789109 2.016344818407993 1.8820311222795192 2.199316936471387 1.8779154087630896 1.8320066192021496 1.8204540597259633 1.862159844480964 1.8399435582520227 1.7623373161193738 1.6385955668413592 0.8492782131489176
9.638143435732891 0.0024170690288058 0.06297464533919442 0.04754261463677635 0.0009044957425300288 2.015688903266153 1.864056910590522 1.7920512698505953 1.9308728358456375 1.8775781595620376 2.0163448320832487 1.882031144982399 2.1993169379940976 1.8779154320918883 1.8320066453006891 1.820454086702218 1.8621598685840346 1.8399435838128748 1.762337346905388 1.6385956059925835 0.8492782636384059
9.638144601780045 0.0024170690279768014 0.06297464416883229 0.04754261477204403 0.0009044957438389873 2.015688894918939 1.8640568960945632 1.7920512533932975 1.9308728246588303 1.8775781462538461 2.016344823798707 1.8820311316821374 2.1993169364324405 1.8779154184296005 1.8320066301440519 1.820454071044723 1.8621598545308953 1.8399435689559287 1.762337329160479 1.6385955836183619 0.8492782338882877
