9.903369897345677 0.004685057786104238 0.05166842326020078 0.19997181246746348 0.003143156853707032 2.52271869623965 2.7686834208922564 2.529021847966591 3.1085478616967217 2.0395604078533833 2.666800079135296 2.5529662875227697 3.93276110161243 2.084886810434672 3.3646809943222813 2.776897217735289 3.0586546363004894 3.488422576956847 2.6956481641163688 3.98992712792782 0.585231053987152 2.6774155937148874 3.5506972562797867 3.0117185745603345 2.535561269732341 35.38253781466837
8.325022297142858 0.008955348735250546 0.015601965508069984 0.18860032406118732 0.005846881400552239 2.0493727191501017 3.0599001199541407 1.863617343637572 2.7934550695031772 1.5809311141850537 2.2891700651885216 2.1606246226590637 3.9225213379606623 1.3301288269342035 3.1505593677642683 2.5219154057537208 2.8655369595474287 3.415593797014658 2.449832356844209 3.994595106098321 0.05495353726402412 2.3770062911845327 3.154457580619716 1.0737471679432822 2.119940814611199 42.08364605868416
9.998475706566062 0.003529615094044242 0.0539973359372149 0.16544662730033585 0.004686632637755059 2.5555832687170508 2.80093260537958 2.561724405234715 3.138794738459909 2.150717396673019 2.6678486022938466 2.5881502026977263 3.9999999996847984 2.1161876125106467 3.3985907115943648 2.7987582252217056 3.0867717826938788 3.519742215854511 2.730160051039456 3.9999998012327573 0.6219731927079547 2.713455273129256 3.5837683110442704 3.0276029241063216 2.5704648740143896 35.313324072789925
9.999951588359075 0.004609597396408179 0.05268642238934245 0.19999960029903693 0.004972195237096077 2.5590081510861027 2.7442935403591204 2.5589408044604145 3.1212621229057644 2.1530964913484403 2.691655263212004 2.5801923997205862 3.9744511794090553 2.108239279531237 3.3710179864547785 2.786461167575244 3.070954329197399 3.498309689096499 2.7292609135412165 3.9999998531698178 0.6695090825727248 2.709901689539721 3.560547858164271 3.01368475922269 2.567460048121577 35.36662946673492
9.999995865396187 0.003613569050757545 0.05729840392469707 0.18337509517840483 0.00573893861469782 2.7059440171642937 2.9199131922210264 2.7079782634047116 3.209934983564868 2.34249807458012 2.8244299257010668 2.722781303167923 3.993268135383492 2.3101964614281827 3.4154547376090747 2.887693755831213 3.15131662512823 3.5629232158037123 2.8832762967445644 3.9999938005038524 1.0069290420939776 2.8609407013271326 3.631350964998786 3.0939538419101624 2.72559499949584 35.47314502808213
9.962905772436297 0.004223012072586101 0.053986696947763105 0.19808194136768803 0.003921406552138067 2.5853949623081185 2.8269017262982907 2.5902037555038464 3.159794790498105 2.187031802554243 2.7274925349847257 2.6170434583521915 3.9966945239308194 2.1420685374347115 3.411003218672262 2.8226876704793047 3.1047864815742128 3.536076937046215 2.756394045025335 3.999981385439407 0.6612024614053326 2.7406707858103965 3.6045856011934574 3.0441004267515126 2.6008733793434344 35.31126352883394
9.99999141403107 0.004276678615601847 0.05520953602415421 0.18780634991167305 0.003902065368957398 2.6452750784556676 2.8718679929345114 2.6490112288671828 3.1804566066460564 2.2649191116776533 2.7735198472770057 2.667582758685403 3.998955746579433 2.229103755311407 3.405790321107422 2.8501349596992007 3.1209904068258414 3.5455035919876767 2.8216702841347834 3.997646836436973 0.8486988635499866 2.801667097926672 3.608649763914504 3.06602045396617 2.663922730197861 35.38091732741136
9.968425198943793 0.003749163556305477 0.05526055810260288 0.1937267165249072 0.007547504087398812 2.633781408626432 2.8622187814480484 2.638291432810803 3.174407651882662 2.250723794961478 2.75889017198779 2.6574573892864883 3.9999988066996233 2.2133470193000684 3.404570722009425 2.8428831104130126 3.100567981266587 3.540164955481274 2.8091156148562804 3.9999995173232907 0.8194366472823167 2.7895924358553406 3.6087964213178934 3.06135932509734 2.6516284306289113 35.41799680249425
9.99683792406823 0.002178060135611361 0.058113023371721716 0.08667693959894894 0.005557968808978113 2.678912811338466 2.8993365503339734 2.6817680853156167 3.1991534705713858 2.3063261810206237 2.802227741502924 2.698164908125208 3.99997435032525 2.2722432645989565 3.413621652780415 2.8706609202648594 3.140072831836016 3.5586571145584425 2.857961160999482 3.999999274309613 0.9303520580985355 2.8362179745994043 3.628600526336741 3.080782423604392 2.698899522292648 35.42809579822684
9.999681126976675 0.004103648695026493 0.05625342101761182 0.19874170449691214 0.003924385204043458 2.680572440083516 2.900305446835465 2.683427236454693 3.1999798043710452 2.3086135604080926 2.803713972301286 2.6998209732936136 3.9999999921357094 2.2736641956360994 3.414253085204036 2.87209870679022 3.141246952900788 3.5593505461691635 2.858413216677383 3.9999999994916884 0.9338523510934897 2.8372142846789354 3.628490609274958 3.081243959045812 2.7005328565040605 35.41762120790948
9.973806158232899 0.0033577500373173576 0.05342426705922727 0.16868461818251407 0.00770414213213018 2.533754924295107 2.78508663416521 2.5229464728081212 3.130996216675146 2.1242734333169864 2.684223390599246 2.5714515210349984 3.998270077643332 2.0841619948969647 3.4019961271174455 2.7938222866681377 3.0797231995036785 3.5146365629771057 2.703281354563063 3.999965682633532 0.5418585458036383 2.68865877617274 3.58047810467993 3.0251872423021218 2.547148725542415 35.332732494209544
9.99999999973292 0.003917591874384039 0.05444433930222822 0.1847342991948494 0.007493701514916079 2.584665180889833 2.8193282184856563 2.589225084992864 3.139141620666806 2.192297832084727 2.7301764213654414 2.6105325390184526 3.9664927757593484 2.162683794215139 3.381676948757798 2.806281515622469 3.087373937969736 3.5146797383686885 2.7609701926454187 3.999995745533514 0.7343031681191157 2.7424175018026897 3.58043111417952 3.0263518294413663 2.603520930350932 35.41984683981829
9.904955143028797 0.004398449609596365 0.053214708981506084 0.19926384293090382 0.006601210128465077 2.557123771411661 2.7978377786996487 2.562737085222755 3.1299185588347003 2.154965381547155 2.697036923576914 2.5857040989678515 3.9998341307155583 2.125115057025122 3.3803252837278674 2.7909514517055145 3.0760330598986356 3.5088537088531115 2.7323250005075126 3.9999683760897318 0.655356170111429 2.7154412787635573 3.578135462368574 3.015151131496226 2.573343301405108 35.37389469859511
9.999849479608987 0.004126156678563818 0.054218768702574145 0.19963990438135026 0.0048236818613600465 2.6025736987579253 2.8377094757152506 2.60825792586605 3.1603366010169585 2.2148329862544474 2.738546186413388 2.629761692133392 3.9997524043242234 2.1751777242891306 3.4019712987636486 2.8266762485545254 3.105831684382206 3.5310486692317897 2.7775999840422454 3.999999995997744 0.7452996106902503 2.7590080841216134 3.603719448824446 3.0286796582280457 2.6191464760424874 35.347391072554515
9.97676794667353 0.004290400513616433 0.05487189732285037 0.19747346160813137 0.003620901454862789 2.633976478296119 2.862228875515733 2.6382266842478423 3.1795847052210524 2.250910913586201 2.7641109816359313 2.657486086082039 3.9999995024423627 2.214752840015888 3.4048939978109773 2.8431984854978576 3.1183270258805207 3.540207116562034 2.811148428639458 3.9999973020421766 0.82298386088633 2.791063364741928 3.6088212981871584 3.058515564039518 2.6522980831991774 35.3686436691894
9.296299019013468 0.0020474877283755306 0.05519944657176296 0.07615340461917451 0.005630800918467427 2.56022415150544 2.798101200557966 2.564353110388597 3.125564766192862 2.1619975217125926 2.698691290216029 2.5822684400519536 3.999880862439637 2.1315960213018106 3.3744714239058133 2.7922060918585307 3.0738894264590693 3.4724276980216424 2.732861854703752 3.9999624922406176 0.6823504684833887 2.7133053375031935 3.5541461639733263 3.020669057152177 2.571431429518527 35.36286335350449
9.853267166180055 0.0040156333152569145 0.05494270924098124 0.19773595307362724 0.0055823619603011815 2.603793628161978 2.8360464210337097 2.6081602198734153 3.15397388054385 2.214476128526996 2.736597569335246 2.6284024361332925 3.9999994750832673 2.1841262842250306 3.3903888655602823 2.820956113635905 3.101028654206855 3.529772552789163 2.785501660933599 3.9999980666549746 0.7664711696105438 2.7656898095564397 3.5977302564122673 3.0090818012681138 2.623546860824419 35.39595141181757
9.86058606280978 0.0035935419958851773 0.054309628854538085 0.18073350464808716 0.00595366930257981 2.5698196930880974 2.8072139702852676 2.5757274679969253 3.1355793886799868 2.1750742206494817 2.7074178820364585 2.5997330014401943 3.9999819505459513 2.1432183424637556 3.3829083753992326 2.8005324819284705 3.081548303319601 3.5077734096852393 2.7449900008780395 3.9999969805219404 0.6982979653489573 2.7268960608761312 3.571034484906555 3.0225635768212893 2.58566860435915 35.35132530890553
9.999998470888432 0.0041567131457707395 0.05686389413479405 0.19565533331320195 0.0049112967543081705 2.7138797372965002 2.9266224953423556 2.7156004179781754 3.2148657516728343 2.3518542738684256 2.831185799747237 2.7298789547437705 3.9999999999999813 2.3207178644229938 3.417853127395621 2.892716602899401 3.1555187197394683 3.5641894266227805 2.8917647129899944 3.9999999999999996 1.0251051030935967 2.8690911829310854 3.636121167024092 3.098161994185945 2.73429768711052 35.47148766535663
9.999999928986329 0.0038848802489540395 0.05596451782153602 0.19661704606075198 0.0062462665484945105 2.6565155400448117 2.8806938711628582 2.6604412560746855 3.1857495744955506 2.280553063485898 2.784187904992866 2.6733823751649517 3.9996037716681507 2.2440492242634895 3.407497910003822 2.8567486325358886 3.128760515910063 3.5492160959251478 2.833241178348892 3.9999997983361424 0.8825107555623616 2.8129634279368885 3.6179263754330115 3.069209024322052 2.674906286353118 35.4165279404877
9.972303490101076 0.0038744010204900727 0.054403337395180155 0.19235226085449955 0.007706817561421596 2.5991613425453655 2.8328231618745647 2.6060607278141745 3.153100520629764 2.2076016114375765 2.72899469795032 2.6241373923692652 3.999983068053333 2.1741970103741015 3.392600731944427 2.818970745400432 3.098498337624005 3.509228798545801 2.7737373229860385 3.9994028093212677 0.7440368809576305 2.7552478636767987 3.5869956343413287 3.0411532208600036 2.6161864921237927 35.39389440051824
9.998403993628369 0.0039457444741241516 0.05398542197161098 0.19212114219541024 0.005999837349928766 2.591212472880212 2.8278951722468064 2.597299545860665 3.1523764661970057 2.198474505795875 2.728558618538261 2.6198812805356115 3.99999883810559 2.1600179922177185 3.3995690566419046 2.821095686110784 3.100769811053235 3.524830427257974 2.764056053490827 3.999997661104411 0.7146504724585512 2.7462061415313634 3.6026843451880968 3.046372250235144 2.6066764865113194 35.33793658060352
9.979332628760877 0.0037902112728735787 0.05640658577094098 0.1907797175989762 0.0057121067014797465 2.6756653537484874 2.894753407167118 2.678466214065383 3.1922562459731307 2.298952432611968 2.7981604215249734 2.6947139939137394 3.990807733273549 2.2715586944442068 3.4066140643801806 2.8661531344947844 3.134596478318743 3.550907239359901 2.8537575353651783 3.9999798543858116 0.9347008891974381 2.8319918626115617 3.6196783595029443 3.076806509126855 2.6951707634316833 35.4425586264154
9.999990752644662 0.004300171067880681 0.05582325408282697 0.19899713064688984 0.003991001221313247 2.6684179471097655 2.890691039324079 2.671773946145617 3.1929776637892777 2.294188773543346 2.7857847086579226 2.6890065232213396 3.998914145022044 2.257965182593155 3.4108471902245907 2.8642699680812416 3.134838206948577 3.552741397471429 2.8456731360917686 3.9999999984386023 0.9064810965363067 2.825177721548849 3.62363281318918 3.075177666273931 2.6882050625415017 35.40631783121428
9.684320887305573 0.004104648110310682 0.05341754463761976 0.19629344122791373 0.003963026470898247 2.551613536521248 2.7941226158557178 2.5578942958015913 3.1273171227960743 2.145957040396365 2.692567905234052 2.5441212320552453 3.9999991360757736 2.121757401210031 3.3788920871727277 2.7864121632361454 3.0732114930735617 3.510111371615658 2.733904515232956 3.999999997491077 0.6433048121125424 2.714361658897474 3.5696459169927257 3.009505650776583 2.5685596234278134 35.35590376064137
9.99332200450223 0.0026315389489073504 0.056102294531575614 0.12883520025490677 0.007256115606480075 2.608014384151966 2.8456026101381764 2.6146319212993223 3.163938812054341 2.220839636381814 2.744952371871382 2.636180767274814 3.9992888837653857 2.1799235353247375 3.4014325400687793 2.829060563177882 3.107993920359854 3.5345376757372438 2.783840884722969 3.999995749092589 0.7627734077229439 2.7656421293816797 3.6003066579050262 3.04829965457361 2.625885705578322 35.368673592465015
9.999979466105898 0.004136573069600102 0.05523730691225456 0.1941173073677208 0.004787167140195251 2.6379478675432715 2.8661625361699112 2.6423451858466507 3.1754481338790264 2.256558987741439 2.757901943652812 2.661091684098847 3.999999995865284 2.2201242400937597 3.403418937397863 2.84461680463073 3.119289714704845 3.539572272532056 2.8135152920015214 3.999998825272323 0.8358158125173423 2.7939816444152163 3.6078969031079997 3.0595099339210354 2.6558018632091542 35.37701870181232
9.999947946854217 0.003703734023804728 0.054592713881253876 0.18375932671321335 0.005642251763941279 2.590809751349434 2.831763210105587 2.5963703584176825 3.1537606123630084 2.179370149113067 2.725437846383221 2.616966271902647 3.9999905108960165 2.1587880689530747 3.398909790199683 2.818058622051755 3.0995059235152915 3.530314301631038 2.7663843227519895 3.997261541935427 0.7174485110822322 2.7482277474338437 3.5958795325961486 3.0398630558179485 2.6077442163574673 35.34299414591986
9.999926316297602 0.004132573166490177 0.05661879080760224 0.19480360057841217 0.004473534461083711 2.6971283997495314 2.913497673867142 2.6994540047848727 3.2072229665339904 2.3302724049109216 2.817312739267584 2.7147261427910694 3.998208345920916 2.2969084752131597 3.416066478514441 2.8820529825862806 3.148082758093661 3.5628716494456554 2.874968730602532 3.9999999990623984 0.9794525092246747 2.85328334021912 3.6321398256554183 3.0891913913698033 2.7176257298408397 35.44323470670728
9.974212504005072 0.004351574714061056 0.054399783601299025 0.19999462445527638 0.004259813455267841 2.6172250427521604 2.8507381936882212 2.6227528992659845 3.1712000372211246 2.22248643456145 2.7534392178787876 2.645333755375892 3.9946158179189104 2.147228180324418 3.416630055744422 2.8441568936849464 3.119013892498006 3.5400222425780936 2.7853354910423924 3.998497530252816 0.7429168985382113 2.7686912889990483 3.605284931260679 3.0644345846896925 2.633677203156601 35.31297012737644
9.999768425669618 0.004160612283067455 0.05504435804871068 0.19943670028960025 0.00387068327533979 2.6373998845331497 2.866400627010197 2.6418728744939046 3.1789026970499976 2.253608071306051 2.76780162096157 2.6609536552615105 3.999994562055038 2.214767536593771 3.4063511954509904 2.84534687577642 3.121350728618456 3.545878360805225 2.8125934548922644 3.999998760846237 0.8227868425423592 2.7931843009640756 3.613666139800055 3.062161061115217 2.6551116787923386 35.36455059534419
9.999987464806464 0.004008083088281632 0.05679268240903674 0.19138210839254202 0.0050182676644552745 2.701796738614537 2.9173270181499 2.703968386118703 3.2097022652051845 2.3360618997543012 2.8212712218256675 2.7189649080764213 3.9999343412710977 2.303878028850861 3.4165558243928404 2.8850498957000092 3.1503119212649655 3.564328106202737 2.8804433782378283 3.999999999999985 0.9919534700415811 2.858079091575621 3.6342233662712498 3.091603081189268 2.722487941467234 35.453538215525754
9.997505739428421 0.00405301976355444 0.05394617529436073 0.19663542591458286 0.004299509007139622 2.566281473008639 2.804497823978149 2.5723846292092105 3.1350524297735056 2.170791555052615 2.7044889876327876 2.5945413345067063 3.9999981475288764 2.1404381731036506 3.3813615221858515 2.79724111511856 3.0793268747629794 3.50872079561135 2.743466336999275 3.9999895941716135 0.6920549745321218 2.7251828304526335 3.573495111606229 3.0083333684312814 2.5828634310519933 35.34778775193225
9.998365256150468 0.004187117052111785 0.05598050732066443 0.1962140380718894 0.003020946022755857 2.667376603616267 2.8897570017881056 2.6704524604657642 3.1912615816342527 2.292079812194507 2.7915834686621506 2.6866757894077486 3.999999987033645 2.261405038577462 3.405913893669104 2.8604229325390884 3.13155977143983 3.5535359635111305 2.8475326112246973 3.9999999992023367 0.9114922242277288 2.825375206207642 3.622705940598429 3.0717090541891485 2.6874961539942763 35.42557483551986
9.999561721474349 0.004107957476296404 0.055331528518064124 0.19992325661211305 0.004055336285738965 2.6404732182923336 2.8686165455101995 2.6444116351786615 3.18154538582931 2.2570042426829406 2.770556549862088 2.663711817181256 3.999947232773286 2.218735513408274 3.409952420048913 2.8477985363682254 3.124349675066998 3.548637357256874 2.8170911439933506 3.999996096066359 0.82507951179647 2.7976017772018063 3.615314479925598 3.063489253793385 2.6592404495470428 35.36727034431453
9.999509948563182 0.004386834438349337 0.055728986598021384 0.19542197339961925 0.003450719080000025 2.6714699851317096 2.892568542432715 2.6745730984051606 3.194790913623154 2.298756817233334 2.7963634741219145 2.692430745264325 3.995399522360332 2.2603587774419984 3.4129260083623985 2.8683778985281476 3.1374832265546506 3.553429074342526 2.8472930626819037 3.9996867649991175 0.9105084138686385 2.8269618132925927 3.621892531863238 3.080861497515664 2.6907496310592665 35.40513178655263
9.999151993020801 0.0041868328390101 0.05459646662047172 0.19441509395393688 0.0038292983934530146 2.603832679227142 2.8353406529782226 2.6088647786006005 3.1527317524865324 2.2169371981550716 2.7373791369240363 2.623433996856643 3.993372688039793 2.180260787668998 3.390782568717964 2.82220396039436 3.0999751509135733 3.521905829929083 2.7770896905815654 3.9995796576490203 0.7693291158837197 2.7592579560249053 3.5909175539146845 3.0401590349316554 2.620790553944486 35.35938068562988
9.999835312709585 0.004802384040896661 0.053272086490191675 0.19804124791255487 0.002596588492591773 2.5748911156588057 2.813341167237806 2.559986422051357 3.1416589361729317 2.175749681773516 2.7128327712928972 2.600425084142724 3.9954103354836614 2.1294152697469357 3.3896125048686576 2.8037904199887507 3.074538257454484 3.5174468438705744 2.7472568733307536 3.9999688124864403 0.6834973421601771 2.7310761075426724 3.589271072696106 3.02699717141239 2.589890983410987 35.36801350876718
9.999995543000232 0.004350333388985259 0.054048830345302924 0.19403780675670548 0.006325590733267567 2.5926926524731617 2.823705077787535 2.596690632258408 3.136981616535876 2.202511884908493 2.7240536217555986 2.615900618424009 3.9911464580076994 2.1752983187930357 3.372340414720014 2.8072379016796773 3.087010563488676 3.5113164215071073 2.769059591353483 3.9993713455799456 0.7546616448011888 2.749624838551849 3.5760280190188825 3.029025206133238 2.609326546631047 35.40773926967969
9.999987017358583 0.0035032084952118154 0.055529599893201366 0.17124729326618823 0.005509174442395331 2.623866201246899 2.8534448124074365 2.627920931306979 3.1665522358020604 2.238489557067032 2.7540055403344983 2.637601688934077 3.99999999767051 2.208398435491789 3.3938257922276156 2.830333148484682 3.108344685911915 3.5360941980722553 2.8060192646081843 3.999999948821999 0.8133515924891017 2.7849147634031093 3.605581546120964 3.0453603343886426 2.643366279964563 35.39137301164978
8.935282189654252 0.004154436803124772 0.05434635418971966 0.19809427953213293 0.003926571559476436 2.5949036213751633 2.829525290965426 2.599527160416635 3.1537747740770694 2.2023316461414177 2.7323275287802566 2.625036948180438 3.9999998233807124 2.1649918367807874 3.3967580703490805 2.8196745823417384 3.1001133756736476 3.5206040942542334 2.7711778728512626 3.9999867224028716 0.7349326451746778 2.749958212692133 3.595663742026136 3.039446403862439 2.6115824186112815 35.368777741206124
9.999995828793317 0.0033093293494134007 0.055236800540209297 0.18002614145988174 0.008994250341139827 2.6097265777428875 2.8428966041448183 2.614805295645848 3.1613873613209247 2.220683621071678 2.743485287059779 2.621892808819122 3.999998634480941 2.1836914557412315 3.3988495105272203 2.827299829392041 3.1057680915347374 3.5330118466233507 2.786074401087606 3.9871788853416907 0.7621539115140612 2.7667874279468663 3.6013863743628574 3.0489039557331834 2.626933510658389 35.427292867476446
9.977015096705834 0.00382167984723849 0.05584369217893004 0.19279655806314164 0.005516383923851677 2.6530742598166652 2.8798187164124607 2.6577191385540964 3.1895719239549636 2.273996729016421 2.7824844570738345 2.676141912370525 3.9999981088877234 2.2339805447856382 3.4162484133364144 2.8583088830472243 3.1324531462035874 3.5540555489914976 2.828739419264248 3.999953878883684 0.8520807080655276 2.810268632013097 3.623144324712978 3.074442680733971 2.672103042170359 35.381193169813216
9.999994570095673 0.004081921773438261 0.05518289110465353 0.19912155096096873 0.004214743893931192 2.625166314868908 2.8529589773455872 2.6506232328402164 3.1627465133028116 2.2402086650637356 2.752625878988814 2.6450091469040484 3.999999921301425 2.217948723631371 3.3850553910676124 2.8256913372278682 3.1035032172571153 3.5332552871293266 2.812580950610204 3.9999999941494733 0.8300451469426919 2.789396468554307 3.6040849914868116 3.0390355534734304 2.6458017417829827 35.40992538027549
9.999999426359258 0.00411133590768286 0.054249740468406686 0.19987871742134972 0.004257824643318969 2.5871476427858777 2.8231435902854747 2.6224951282943954 3.145455365535459 2.1922381086953444 2.721495895120629 2.611189466153967 3.999983183139369 2.1685848664794247 3.38068943354626 2.803122354288973 3.087245795056908 3.5228159092965226 2.7739592055721447 3.9999999998890394 0.7339073005869463 2.7523822798313775 3.5930958775000525 3.0210342221481943 2.606548340124284 35.37409343101943
9.990520956412865 0.003546701741063573 0.05462369007613859 0.1676807195842858 0.005918016465975377 2.592078455568415 2.828062351489888 2.5977420140652927 3.1495029448927507 2.199504047304169 2.7281721734889 2.6189233885367353 3.9999955309418413 2.161508677887184 3.386649057529041 2.7987251279390186 3.0767272792319176 3.5167987429088794 2.7643178127420533 3.999987745480008 0.7225931430446704 2.746841386900351 3.592001665351536 3.0314689604580547 2.607694422117368 35.36665420682395
9.999977371130177 0.004287190278512862 0.052877203919755214 0.19920553023788032 0.0036674915966310095 2.554168940037743 2.798842336123337 2.561186668660328 3.135756483088135 2.147831249178364 2.6978641375105905 2.58589137833749 3.9999936990748104 2.113721681452104 3.3930357037057357 2.7981578701087457 3.082187629431214 3.5152591825900044 2.7276974096974542 3.9750413568769183 0.6176671948864889 2.7105440077250136 3.5821001393356653 3.027423002218466 2.5680093357015874 35.30833706352322
9.99972560386296 0.004011051430023088 0.054791685133267286 0.18518574404814622 0.00489182174805378 2.560187966514015 2.8407677221961545 2.6136443551162065 3.157565727765614 2.216917938245844 2.741581618921553 2.6329254669703217 3.9868301718286263 2.185808207682851 3.397635061182361 2.8290300099749492 3.106122319008799 3.5283238993982398 2.7842998161012487 3.991825942786756 0.7654792571694016 2.7653695186224594 3.5908060815567167 3.045258199275279 2.6265112117009535 35.3594220503979
9.999999999998703 0.004611408661850511 0.055820041075690635 0.1997416023358938 0.003026782928080095 2.679069923231246 2.8985401058833413 2.6820332953806103 3.1969710153440927 2.308360092277476 2.8019894610810345 2.6983955152596826 3.998700579229249 2.2729820544040304 3.411400448359195 2.8707655866843638 3.139172836737874 3.5557671827170987 2.855835735392297 3.9999999439393 0.937337007672664 2.8350265857238104 3.624304847510971 3.079827977916699 2.7005603119111186 35.43180762497836
9.997579109948374 0.004029621275160192 0.0540478558986559 0.18619496917522813 0.0046979177622979195 2.590349634165829 2.829335607291318 2.5997557135052514 3.152263525997925 2.201734856005057 2.7004085657024812 2.6210850920681596 3.9999897003115077 2.165498161740163 3.393964279128274 2.8167177056717296 3.0969232986786 3.5269697950080836 2.7677078642446147 3.999998623317814 0.7340045894472437 2.7475720069549348 3.5869644311733935 3.040244526385082 2.6100099234721785 35.339680208820866
9.894835283043463 0.0032848294679387402 0.0530741607958331 0.14400812592758463 0.00491808240257774 2.5439627459203216 2.7805582451951483 2.54979585324421 3.1038005692464887 2.1489361607339625 2.681308964153632 2.5725039776624317 3.922746336510606 2.117721628447223 3.3480203486019975 2.7705017607082554 3.049767391486967 3.4784933841144996 2.7189653318406655 3.9762671483847987 0.6673654131214664 2.699401612642837 3.5425595365804967 2.9896191242363788 2.5582399497003965 35.399813329104184
9.999995851367814 0.0036022043114352807 0.0538708572951759 0.16877655345581283 0.004598631374501493 2.5519415420102765 2.7993921928854797 2.561307611719331 3.1378723853286616 2.1803430588534285 2.6989088640527257 2.587506229623802 3.999376268771722 2.1021502657550086 3.397622370201294 2.796211239572688 3.083600904871188 3.5186758008251804 2.7246463756439074 3.9992364238562157 0.6158994184242419 2.7090960076975925 3.5836463849619267 3.0166021838264876 2.567462439512711 35.307109545738996
9.999438528236299 0.0038324568078443783 0.054795538012054806 0.18440410428680942 0.00445815728832567 2.5954311529428877 2.830343653034492 2.599772009911217 3.1511012195222823 2.230821216731889 2.7266860652726876 2.6189839140731337 3.999584807934954 2.178380878864426 3.386357543402919 2.8102447745318524 3.0932760712270992 3.5276789804235045 2.783083478622076 3.999999985341817 0.7480347628425634 2.7609506692990093 3.598188531968887 3.027356675303967 2.6152557739828675 35.373218153349264
9.992583539748995 0.004006618458215702 0.05426038083798044 0.196502480650029 0.004681131027747155 2.5866350815536325 2.818758894713501 2.5905127403464703 3.115985090706881 2.196225931798238 2.717842891169706 2.608909298643735 3.999993513568314 2.1745158326814904 3.3659503238624207 2.797684490367324 3.0782972781997526 3.5101073855796905 2.772678867511665 3.9990086987500986 0.7608116962896606 2.7502972668932673 3.578881453704991 3.013697453226399 2.6057450173296814 35.39753012217307
9.880496447425731 0.004311783492597483 0.05418140718725597 0.1975272804682363 0.003946880911315138 2.5910579452116385 2.6684767994052088 2.5983609265294936 3.1618883853004704 2.1953640605536022 2.732907095792388 2.6232835623809585 3.9997889763213044 2.1449633033100866 3.4207040414317613 2.8317848379283044 3.110240030633152 3.536749526354452 2.7594763369913093 3.9999746083582295 0.6610771034096606 2.74454957212117 3.6040058868986153 3.050175018054751 2.606730795356886 35.33165967356616
9.999933010870423 0.004197185114171779 0.05339043551655077 0.18896675350288777 0.003697695059422961 2.5503910374269076 2.7959971977901183 2.5575581043648814 3.134674282708216 2.143787852772161 2.695077466583405 2.582167233680075 3.9997540598288017 2.1045638460560627 3.394775627730183 2.7981502375459932 3.0829064188430046 3.5156240366307667 2.7191893896513597 3.98950112790877 0.589182145246926 2.704488707868385 3.58128805350073 3.023555999525585 2.5514850436094525 35.306299049005766
9.964231413721086 0.004101214792476962 0.052249275591050824 0.1894380060799626 0.003983575862707372 2.539772137855709 2.7835005083706363 2.5463757690099666 3.1169848365268225 2.136809934140566 2.682954591763789 2.568765003390005 3.999324444836435 2.1051170485733333 3.3737834500955657 2.7824881394165137 3.0650084423689417 3.4955666605516424 2.713429888686005 3.9541683798904126 0.6057591492976718 2.6951228744108553 3.560074233285224 3.012254347190524 2.552731351062589 35.31445143282215
9.99839745049514 0.00441592068553206 0.05410502477159369 0.19715540108575885 0.0040872629337780925 2.6030232908862807 2.8356039924721337 2.6067417980585574 3.157092408176361 2.211218549470673 2.737178465786126 2.628256260588964 3.9938871051423854 2.1776980173035483 3.3963015867378354 2.823091216402726 3.102523449842901 3.531530083753537 2.781317613549775 3.9732000873584594 0.7404259495431165 2.7617522213220207 3.599860899151136 3.0451630433864803 2.6206041813635053 35.350742859140226
9.951890442130392 0.003746620699147411 0.05387267298261595 0.17443889165030213 0.004321971060575212 2.566151450523677 2.8093926947953145 2.573303494435028 3.145084982992234 2.1640889023041163 2.7092212341646085 2.5977254268227146 3.9992984984110045 2.120262297566893 3.4050648717532472 2.809912083303878 3.0929653150558245 3.520901383751234 2.735284887453496 3.9999685524044635 0.6389181227801441 2.7197490073424775 3.586441465183902 3.035402015962685 2.4743383466854003 35.289598183331755
9.996384193822943 0.004254246260041559 0.05678841680158111 0.19972476068628864 0.003592338347072651 2.7097962922428978 2.9232481449947865 2.7116389571306323 3.2126269679611363 2.3468467869937606 2.827704765093075 2.7260749552941275 3.9964382811731984 2.315048052550547 3.4164578363717455 2.889783804248183 3.1532446601228528 3.5654355991870554 2.88779224015831 3.999999999988468 1.0151977748504166 2.8655751778997236 3.6350147772147308 3.094759779216075 2.7305935128253456 35.464867773127274
9.949930166984764 0.0037041862083347305 0.05638712415690668 0.14691381236343512 0.0035095295842403336 2.6687103791689815 2.8884368357168424 2.6709129831998664 3.188881742136719 2.2944257081617097 2.7918896451863637 2.687378024868639 3.9987711626181817 2.2617856612741893 3.4054719815285126 2.861188831664733 3.1317122613627792 3.5419577162580667 2.8446150877693275 3.9999949428828367 0.9163884445394165 2.8237108385200327 3.6149378103768295 3.0740775028055563 2.6873503890231194 35.42802628525971
9.959469552314163 0.00436525181673677 0.054237088565698394 0.19920083480416262 0.004527940140523794 2.5996492179758475 2.835262127380629 2.6049158196884927 3.1574762728639736 2.2061989700692113 2.735412195734684 2.622963481466729 3.9999997597434582 2.171691717718183 3.3963858156656013 2.8204703841579115 3.10140440034094 3.530883161663424 2.772396036164056 3.9920235529196835 0.7379046563901457 2.7556563810977597 3.5981836825214177 3.0400834877141176 2.617220141626374 35.346898298990574
9.84615411668603 0.0034896229245937435 0.05568341771721946 0.17322212246625732 0.005663853547475981 2.624849887057761 2.8542132860804363 2.630260301204414 3.1683701512735256 2.2410033539368017 2.7562763674720108 2.6493243516395593 3.999636610494588 2.204938647794868 3.401171762182487 2.837429582251998 3.1132569937769876 3.5364747538533026 2.8011366413355887 3.999998510535253 0.8087012337515436 2.7817785274888203 3.602952343249091 3.0535203435410856 2.6426756231909745 35.376012389075235
9.691029296241227 0.0011561110900229184 0.05635142130766796 0.03509812645004769 0.007360442560041166 2.5513645772093594 2.7910323638993586 2.557445189757885 3.1224429407442957 2.153094713583139 2.690653454696118 2.580073474296581 3.9998699152242603 2.1254468705090215 3.3741648965791624 2.785954321988347 3.06912450580419 3.497479485256386 2.7281058885426366 3.9999305896014246 0.6663009941343283 2.7096945934251413 3.560260346983553 3.0086471463331375 2.5666296368515304 35.38137526538883
9.989939225504461 0.004223949107539614 0.05571990325847663 0.19570208586270502 0.003956555317045602 2.6620711867755547 2.8850415084361227 2.665573132004195 3.18951285530554 2.285766578452628 2.788317918474846 2.6834734990311713 3.999968887160121 2.248306412580836 3.411005934163075 2.8613040331282176 3.1325050372948464 3.553286658985069 2.837755611842402 3.9999989379573138 0.8873925525152754 2.817714419497815 3.6188064672708498 3.07345942881299 2.681289330649888 35.39153632923212
9.986438744856432 0.004368628943799313 0.05317978090045474 0.19993883538635115 0.00488336457922332 2.5896097786217673 2.823309745701639 2.5917494402414785 3.1474390790166447 2.1913435906325134 2.7226988031863106 2.612740994813433 3.9999999023249484 2.157705700967662 3.3906504436018094 2.810689446486632 3.0918233098025008 3.5198780216264995 2.7630455677466244 3.9999993614621956 0.726714358582034 2.743558641652221 3.5658233436663966 3.03694862599451 2.6023981412641812 35.33702263219672
9.999831715136935 0.004468263890894847 0.05504694476326219 0.19841177536571117 0.0033898924346359932 2.6361275622631117 2.8651862992937707 2.641303845542871 3.1768676711710726 2.254314886571271 2.766764481720198 2.659902328883283 3.9977348208033336 2.219706352582275 3.406138608607205 2.8448065140201284 3.120207280405536 3.544774445851553 2.816310494665334 3.9999999950970238 0.8297913266518411 2.796043511558004 3.6138307232352105 3.058520530302338 2.6564584919335292 35.38239847267727
9.921439923802735 0.004229976954600285 0.05270062258241402 0.1710735511497479 0.0031690199250549956 2.5597876611469363 2.8055208646182312 2.5671932147783716 3.1437317830196467 2.1543938109175245 2.6972298403998067 2.5932725538283288 3.999999785725412 2.1135825702199873 3.4032633236402403 2.804372411827214 3.0897854249374332 3.5206917064009926 2.7311023803981165 3.999999910227536 0.6174644410856129 2.7143756155741086 3.583992191283354 3.0345693390973536 2.5712279417530626 35.319261521056426
9.999991594161147 0.0042293309778063575 0.055789348487443643 0.19791022011458798 0.003639273276803406 2.6690785031855375 2.8906987718557824 2.6721152552822325 3.1922535607736835 2.2948328884589078 2.793357944040621 2.688819830088251 3.999999560123586 2.261158335986078 3.4087850043420413 2.8633762776935012 3.1337656828867724 3.5533330414101774 2.84755923362811 3.9954422477578446 0.9111932316069961 2.8261888284353778 3.6224925951608418 3.074861178137931 2.688671744002745 35.40938488821225
9.999801745801697 0.004484718093322368 0.05383837259657687 0.19962228719791475 0.0028919795244756238 2.610119219521634 2.8414781088415877 2.615276650743085 3.1652167760330703 2.218958801295294 2.744976439435676 2.625288292989384 3.9999997209128497 2.183171818864868 3.4044263392006067 2.8301585199793666 3.109308196680504 3.5315784119174842 2.786754257409906 3.999979873277534 0.7488151448089202 2.7675739279462808 3.601601896856469 3.050304022115726 2.6274365069464496 35.35179878547081
9.999999968815771 0.004091512013639748 0.054885233537592476 0.19174090264286903 0.0051439344668239625 2.627840030462531 2.855285464148561 2.6252898867882326 3.167486137272507 2.2414549093197893 2.756773996229141 2.6500776409976563 3.9997355152441645 2.2066374371918225 3.3976998951497044 2.835905760044388 3.111706545455958 3.518564888194421 2.8011969087847914 3.9999984609234995 0.8152400461793611 2.78162546039851 3.6043198911292764 3.053960252841505 2.6429409014487537 35.37323160726193
9.999683056580347 0.003891830057203311 0.05515870551494961 0.1906305694243622 0.004913423508445588 2.624177252113831 2.850410545947194 2.6300408069701104 3.1703843680729125 2.231145044097521 2.7555056038409664 2.648774700457695 3.999999918214863 2.2006532033564126 3.403001295228067 2.8373465560999445 3.1093829127954913 3.5374429749062224 2.8000096040283955 3.999976616750968 0.7957069522297031 2.781125206039098 3.6056937669014753 3.0547981606663464 2.6422762746790736 35.36273680532651
9.006502930506635 0.004084621139760628 0.051096461620689475 0.19605296627822122 0.004517147157636503 2.455651999316546 2.7092017714442798 2.4726831443548383 3.0626705837398225 2.0356482172761465 2.6051179790906565 2.4892575121429625 3.9982628922787247 2.0339030978325923 3.339701998040281 2.7214054482043704 3.017277105058354 3.452716221067972 2.643204812140406 3.999981404003451 0.4945912649482587 2.62226366514403 3.517299837150781 2.95114415125445 2.469258640093969 35.38072920541254
9.995416819036503 0.003978450385390602 0.054410308412621455 0.1979490926063332 0.005432360714946365 2.6039149893946316 2.83740675069498 2.6087222581473664 3.155483339038099 2.254101858950038 2.737628064192255 2.6291377187928533 3.999606660450647 2.168559171208457 3.388785594065515 2.8192042324041493 3.099459319122524 3.5286924192500053 2.7857980277577923 3.99855243554568 0.7572280281108352 2.764623639038716 3.5977668820065363 3.0393585528494365 2.622020401627848 35.36120907559934
9.999999999329518 0.003136517641374087 0.0578621651811335 0.15504704292318647 0.006070913508162637 2.7077426579167145 2.9219763961730254 2.7096817780985956 3.212444848184719 2.3436789804654885 2.826196980476227 2.724349261454719 3.999988985943687 2.311652056471532 3.417608319978095 2.8888760594149976 3.153016887482217 3.565732535346287 2.8862987000848905 3.9999968767612315 1.007890349577784 2.8639143317418534 3.635498049646912 3.0948578133758575 2.72846243466152 35.4717190077833
9.99983818042034 0.004342419041860241 0.05211562801528641 0.19368286245972546 0.006412480041625427 2.4986603479077303 2.7527559447690306 2.5077528877176745 3.1033473914607685 2.0798666693971164 2.6498417134614587 2.5350696300818276 3.9952089128960817 2.0566787373637734 3.3829147588930657 2.7657931760785885 3.0570493531265686 3.492909095689011 2.672537732882866 3.9987325427174767 0.5139508251223365 2.6772148773839763 3.5549220506364696 2.998855206644542 2.512638944905686 35.34874800549483
9.9999997874948 0.004218896477489514 0.05450489867875308 0.19781640327288885 0.003785466249574902 2.5967263456575425 2.8310751405918646 2.6008796756049586 3.150802007959861 2.203255645074741 2.6136787353341586 2.619963517254091 3.9999993751009377 2.1774003373869983 3.385457152194663 2.8115232616217214 3.0930859848810837 3.5275108868284732 2.782398459078798 3.9999999993756155 0.7515184189877764 2.7613670778766655 3.5986104468833253 3.0285129945418516 2.6164318711449286 35.40331648925594
9.999613591778168 0.0032742004374048416 0.054798829236547705 0.15850084720493635 0.005790818819079076 2.576072311010233 2.802789641496595 2.5831610111079697 3.150733812555462 2.174994208384362 2.719502147307855 2.607128532092091 3.999194479148016 2.1395620953656174 3.4021509585776535 2.8118833366619835 3.0960609304005007 3.52886130270908 2.752223373026217 3.99993017881002 0.6625463414540247 2.7346950473860234 3.5965052059196685 3.0341595393938703 2.5923727579370874 35.327442680641646
9.999292543045147 0.004293965119320165 0.054868333243120626 0.1967179703931267 0.0031897948238777483 2.632909623227214 2.8619929794212173 2.6374306330039246 3.1752750630933964 2.248763889985958 2.763637598907113 2.6569666503184437 3.9999971736381337 2.209586215823738 3.393274995467629 2.8424737938872386 3.1184477178208594 3.5433125705872137 2.80883001213198 3.9991170724954 0.81163365239792 2.789228940119924 3.6123149966109054 3.0593906040484247 2.6511528644116398 35.37330739553605
9.964871481162946 0.004487184323916303 0.05299016335004178 0.19957130650354338 0.0036576740057427115 2.551066130855899 2.794193429538084 2.5552543006983552 3.129890887483066 2.151094497593392 2.6942154188089953 2.568672890745757 3.9978537890263426 2.110491318411759 3.389647444196678 2.790939114162495 3.0759546050662028 3.5108179737452394 2.723844259032575 3.998653860394006 0.629321388240636 2.7076550269528505 3.57661953552398 3.0144156465888976 2.56611261399929 35.3281879623953
9.999991549816531 0.0037852699281446475 0.05528489164516261 0.18128613549871522 0.005174210912565689 2.618412304716288 2.8425729731935494 2.6218845252722325 3.148045656120266 2.2391442361483707 2.7445633453651417 2.638148753707168 3.9106906244043587 2.210092472632373 3.373173762501243 2.8197679277318546 3.093704380453391 3.5139570835973846 2.7946396951427888 3.9999997537607253 0.8298147121592284 2.7746038476050563 3.580789051663624 3.0318690805059965 2.63692011001001 35.459781242568354
9.98755609769747 0.0038710159707329313 0.05291216074417816 0.18971383191081118 0.005228747736830222 2.5140296543162095 2.7579158250283484 2.518164869960697 3.0876119829823563 2.1057079891599852 2.6540591851722284 2.5396168468750786 3.999938998751023 2.090784475596986 3.3457052775804614 2.755644249887029 3.043950747707926 3.478320659806144 2.6910751155584123 3.988741111046806 0.5978344805349984 2.672999451101845 3.540407359750641 2.9919170099779824 2.524842756976342 35.34940743757991
9.99999821576131 0.004546354950474584 0.05639714323769575 0.19782498843351193 0.0024220870215679764 2.708145659381357 2.922300597626024 2.710078966556878 3.212694242836005 2.3442250101714293 2.826542475854339 2.7247011483282177 3.999958218132705 2.3125976349853468 3.4174844143834004 2.8890486847181274 3.1531773857860816 3.565897770178142 2.8866380206765423 3.9999999997096767 1.0086890987898025 2.8641433402866916 3.6356540242609467 3.094776927169328 2.7288838430313334 35.47852480929323
9.999976082219092 0.004403960865115993 0.05381532023862222 0.19844303129723911 0.006413634974350636 2.5768220767834693 2.819535672454249 2.5868576807886545 3.142401571365223 2.168443611519002 2.71766782524038 2.6023016488777975 3.984157659701818 2.143922728955236 3.381463105519232 2.8051143477636566 3.0855212422433196 3.518027691507258 2.7526524068392226 3.999999986401554 0.7070119484536954 2.734546855656043 3.5797317894222402 3.0249600663198204 2.592783203985516 35.38755373159755
9.99984591542598 0.004647862457082996 0.05278812743991362 0.18968771289725342 0.0027853631398647802 2.544040734603983 2.7887148478737367 2.5496095061851074 3.1118406362468853 2.139216538317708 2.6856869343353127 2.572707976759769 3.9975935726271965 2.1185922969486977 3.3721015815134447 2.778710590763602 3.0669119839544727 3.506820733146592 2.7271684813376793 3.999971015791836 0.647699067165393 2.707436562181949 3.5652457195818057 3.0035252968174344 2.548553838851262 35.37198705217967
9.999907715543182 0.004089507407955761 0.054296719194224324 0.19900987723104963 0.00432207994297751 2.585849625536446 2.825556206287193 2.5922211555822487 3.1552987287906555 2.1881554592449604 2.7255010870279133 2.479848340571631 3.999992455591558 2.151630750629073 3.4076811507943208 2.819028100702201 3.101589406912736 3.5318328530911143 2.7634002136858045 3.999999820074085 0.6949486707419583 2.745186292360045 3.599632251653963 3.0392361544893354 2.6029434302292236 35.365407449508254
9.999798848808439 0.0031650446612022987 0.055781193365174626 0.17036235726492757 0.00870847771014866 2.620861962295917 2.8495392021187937 2.622034979984625 3.16790019710429 2.2279834996133796 2.750871622593154 2.642285246067808 3.999465892799555 2.191283148456798 3.4040746510599624 2.833910729706526 3.112196819381441 3.5372688902663723 2.793446566935927 3.999999350010131 0.7767800061858341 2.7744834158480995 3.6057756032531048 3.0529768880274113 2.634227441720154 35.41953787209824
9.999921580515961 0.003960070983850603 0.05594269706013541 0.18861673958294395 0.003799974753620927 2.660601516162383 2.885007579589 2.6636953306444067 3.1907869487645777 2.279455598713188 2.787307920526475 2.6806422621682566 3.9982772315355626 2.2479075436571225 3.410870151557214 2.859946338667528 3.1323873393793717 3.5536316171805735 2.839532244069208 3.999999944427418 0.8816814627820483 2.8185945386886284 3.623162494466986 3.072701580407356 2.680324882401212 35.39628788266
9.239081141635179 0.0046928946644242036 0.053120959620737415 0.1977426054406266 0.0031604491604134977 2.6269435655360764 2.8575590711239456 2.6302590807116673 3.176230161095725 2.238863555625211 2.7615813067628854 2.6549280407001605 3.9999999499289145 2.197751548031643 3.417727306072705 2.8492434246826983 3.1230402658464667 3.5420157259989153 2.7996453705263287 3.9997834649302177 0.778987364569333 2.7802622724558748 3.610564903740542 3.0802977636627342 2.6420202451519144 35.357657109452795
9.998967279361688 0.003770903687672044 0.05511461125382492 0.18974702484854405 0.005512085908551892 2.6073753537704283 2.843675897770745 2.6106820482280084 3.1675290508244527 2.2067294525132155 2.744364125063009 2.6343596796854034 3.999637431478144 2.1770806599231327 3.4090331059228713 2.8332961478517045 3.112185161554517 3.5407865035401445 2.785019035392351 3.999995831499786 0.7466867909045687 2.766733919704174 3.6092072933517487 3.04988039208866 2.625720363195078 35.34767796640862
9.99998511208632 0.0041839969045144925 0.05687495500505358 0.19948709238526288 0.00359358902318141 2.7105616275610482 2.919541793051625 2.7110758684062106 3.201304963981196 2.3517290970711446 2.823842765770132 2.7232186101659264 3.997406647272789 2.3314816381776904 3.3959444389309574 2.8811613477629137 3.141783135574362 3.550126241379744 2.8923095318437233 3.9999999995460294 1.0548045373979729 2.8680538190972666 3.619096185395635 3.08387542710446 2.7321349453501207 35.517233299466795
9.999996634567884 0.004132883143637809 0.054087848822783724 0.19723790452539244 0.004126303918644275 2.5802960384381763 2.8182817008449583 2.586460290270962 3.1423676152911693 2.186160733655158 2.7171866358521375 2.6038105655378696 3.9999948173057414 2.159726965338974 3.381330743444557 2.8020017429529456 3.085720333232564 3.5203711832711884 2.7656278279149733 3.9999999894879905 0.7180142160080621 2.745138279966823 3.5895670756114573 3.0203243537652305 2.600074622680081 35.36425456735214
9.99613234449715 0.003709589514757642 0.05201160689225365 0.17554362390835174 0.004745401552728137 2.4633513103272775 2.726457510081853 2.4823506629800316 3.076846086245418 2.0602735412355284 2.621955598943712 2.5066539963425307 3.9986412098386266 2.0541420014933762 3.341137232057236 2.730106513825355 3.024547349701862 3.4693862253810455 2.663339030457069 3.9873632664655383 0.5328885652934735 2.642438913089994 3.5248806062446634 2.9565756656248046 2.4905699526427396 35.35648750253923
9.999964964325049 0.00466781977567064 0.05227029164624273 0.19958975539720275 0.0031594152334255875 2.5489532316452554 2.7680848947020396 2.531934854045436 3.092556152660921 2.126069101947029 2.666986058350739 2.5546838889132086 3.9688698844281975 2.112399997921999 3.3492138576488264 2.759900920407931 3.048391524227885 3.472704681116647 2.7062420950387422 3.992707550503316 0.6411277868001257 2.6877675994939163 3.5310846928244355 2.9895066709712688 2.5439387723083606 35.385384644932046
9.999975635659705 0.0044511606178749335 0.05356693719143531 0.19999999973838892 0.003672957415230651 2.588835550603141 2.821858046290294 2.5917822994938606 3.140062964368954 2.197455836792274 2.716306345885172 2.612327139412376 3.9999614652337776 2.1714281681157486 3.3753767329495425 2.804949148801002 3.083117069345726 3.504414934161994 2.7650859054281014 3.96757754136486 0.7385449737722414 2.7435367610789685 3.5703854388037204 3.0268510627166445 2.601757790590194 35.357888282103616
9.9999942054351 0.0045137203954098174 0.05246273064896614 0.19806442253205975 0.0028458890280054928 2.5295268424770616 2.78176357624873 2.537810611299999 3.12914484054559 2.1223890839601007 2.6785096995142648 2.5616747216232785 3.9999999459064903 2.0839956415951675 3.39734187480588 2.7894938853123525 3.0766267232699285 3.5118856446600772 2.7027149278751152 3.9999995413850495 0.5648548684362088 2.692994406212307 3.5778965212460845 3.0230743966862 2.5225855904606527 35.31036735415209
9.999999998260284 0.004110068571084798 0.056200252482284455 0.1999968467284665 0.003937597675703337 2.681021411886078 2.9011845181434657 2.6840218322083618 3.200446686054185 2.3092635161903146 2.804250860939199 2.7006470531808673 3.999998303539499 2.2742940925612865 3.4145043127713133 2.872404994073984 3.1414553606123046 3.559566279761883 2.8593682134314937 3.9999980107961246 0.9348058684214124 2.8379128419072215 3.6292478903538297 3.0822159454731213 2.701022896994954 35.417729148630755
9.999704435261737 0.003805131013955466 0.054860736725955275 0.18359501392164024 0.004529879514047814 2.60079827228421 2.838174498243038 2.6067123734169333 3.163123671129285 2.19457464837571 2.7383744581459766 2.6287706016406753 3.9999839706283886 2.1696248998201315 3.40539608263104 2.8263093957498278 3.1074715539355093 3.538704531446284 2.7791522692376596 3.999999906159181 0.7239603154340768 2.7603577706385503 3.6076742884206263 3.0458044714293857 2.618510497049413 35.33807961212049
9.999347636941325 0.004015598613047059 0.054682277362667515 0.1967267482850745 0.004347241226246225 2.6039302142234884 2.8332497758349198 2.6078228755936648 3.1421310997622918 2.2184359567561134 2.733724891964362 2.626214866397355 3.998366909874859 2.1926114055266357 3.3754716529967834 2.8133972834317174 3.0903086176030006 3.51649571955669 2.7861565172271217 3.9976196337897796 0.7948374491320649 2.764700375140025 3.583639404929432 3.02777614360065 2.622761367486176 35.3931381401729
9.997664222846627 0.003985864172837368 0.055217692368375884 0.19397104565764353 0.004218027591658981 2.6218780165556863 2.8514738977229643 2.6258467659663056 3.1644024643395188 2.2266493123555273 2.7518653862736433 2.644251791792061 3.9993795758507824 2.2078615878358048 3.3920605375672874 2.8292044638334986 3.1066288899677823 3.5349415745567194 2.804121974082638 3.9999999710979113 0.8145155165121838 2.7824561602058258 3.6048286476077873 3.042475883239776 2.6401283196619407 35.39009844739876
