4.309098533326789 0.004784611329120227 0.04054190405153012 0.166150569088367 0.0003220129081835017 2.717719133666672 1.648858159544435 1.0715608469166524 1.5683844704631502 1.3983566390699143 1.491575679909082 0.6715471748364513 1.286081840696507 1.2490451135932266 1.2655377649123074 1.1926061660639407 0.6801571796895975 1.120451483663832 0.9586568432176125 1.1189558540251585 0.7350105620497459 0.9745112733248079 0.9664541274151566 1.1660404181634745 2.916906689306306
2.7827293696048954 0.004529737635422373 0.05233191990783876 0.16829154357080495 0.006903058243077853 3.764172488140144 1.9368531956663595 1.174693373607243 1.89015369431474 1.5796175651983966 1.7305148329138733 0.6453209542854895 1.451384045710882 1.4131587247691069 1.4475135078228567 1.2768635043671202 0.6245399485306649 1.5612105700855914 1.0394414670043657 1.2329880823826658 0.6948467807441957 1.0424803954269963 1.0119459546735334 1.3134212651568113 3.3678682128205697
3.7844730655989274 0.0030696868376046903 0.04716556240858403 0.10272990885020651 0.0031522172876418935 2.7138503448843174 1.6428787410367724 1.1040182045929774 1.712511464557914 1.4180515328526173 1.522340756490083 0.713408415288254 1.3115875169329074 1.2794195617145947 1.2990129497178171 1.2162348664379898 0.7120883289944769 1.1506824803180864 0.9934900211476021 1.1468359211074586 0.7698182269879574 1.0085655578545447 1.000417480513835 1.1961189806122647 2.9821538885524026
5.0205500308061985 0.00415768959732412 0.04479532397908901 0.13448362711726247 0.0001487635139392036 2.7929627318879393 1.6840474922645605 1.1050411650563297 1.6208432596218645 1.430858879437628 1.5286563869020433 0.6942380687746649 1.3189014470044853 1.2828035326866747 1.3013130850335741 1.2245293610206835 0.7003246005717303 1.1511673785197698 0.9873981273652457 1.1509884900604865 0.7573076645571177 1.0035387848987452 0.9954305338199164 1.1998731377488216 2.949833887733147
4.989399267874316 0.0031838801790742078 0.04609414869271832 0.0834974132588371 0.0007147343955326652 2.7709128829898333 1.6786630313302895 1.10692864582569 1.6171258022527077 1.4296877682255282 1.5262746524225144 0.7013186251894891 1.3192669732974063 1.2832755734350163 1.3014900573053791 1.2259878645039182 0.7080386794805612 1.1523867302140582 0.9912575902101558 1.1533466955814844 0.7648579878815877 1.0072106416907445 0.9994399263022122 1.201068393361579 2.9496253118538984
5.486190883261404 0.0029366495224578703 0.048001309136705916 0.06738712672268433 0.00030054892922195875 2.6706528983766677 1.658001551893463 1.12171646612281 1.589128349521131 1.4315108531273424 1.516882177880184 0.7372753033055807 1.3244111398639886 1.2886993207721729 1.3037938152740252 1.239680455654401 0.7511578874537227 1.159871689819365 1.0124743683264066 1.170627384067544 0.8075099255628182 1.027893249166787 1.0228846128755464 1.2104239287041383 2.995014430866613
5.521161009022596 0.0028034495778441427 0.04808452383485271 0.06147639092891898 0.0005374159749182949 2.672576937037017 1.6584603061713201 1.121412436636636 1.5888035142668138 1.4319381152949169 1.5170801600980468 0.736164708781848 1.3244151064515104 1.2885325463723765 1.303554888714522 1.2396097385220406 0.7503063697546611 1.1594448959306323 1.0118227217409879 1.170365357787456 0.8067442716413661 1.0272900678440093 1.0223068990108688 1.2101323249624427 2.996590420448861
3.4234801717861743 0.005868225881470736 0.053998698824487074 0.1951353305747836 0.0007502995962869666 3.1777127392554454 1.9019048457517786 1.1874410439841276 1.805058051195827 1.5677350457559827 1.687246628954017 0.6963071327100273 1.4459741839104097 1.4073569005470434 1.4331934912708952 1.3402280201912433 0.7091960195675502 1.3657938044150937 1.0584130825093507 1.257464899580307 0.7785782604431488 1.0773200906166003 1.0700799344260945 1.3178542175942158 3.233101802708068
5.596331244118604 0.002685335292270348 0.04832039279514651 0.05154163924175359 0.00020202803851851437 2.6587444856226954 1.6548660600077534 1.1229863104537805 1.585777308721557 1.4310894024826772 1.5152743448138994 0.7411726944696067 1.3244145104162142 1.2887779614666321 1.3035876906392216 1.240468513159234 0.7556198180964219 1.1607404785327422 1.0145823165002856 1.1718437034089089 0.8117187389635306 1.0299513490994696 1.0250816355347407 1.211077106374141 2.9963064100810817
5.590906361535401 0.0022347921301782876 0.048782935428431956 0.027638116271733598 0.0008182467239098314 2.6597397627761503 1.655176375493299 1.1229651342916664 1.5860183983664207 1.43126837746313 1.5154891084491875 0.7409124034239272 1.3245283512278743 1.2888650972653868 1.303677535440841 1.2405497445151454 0.7553808331770764 1.1606847375945455 1.0144757367275634 1.1718783643074273 0.811523047687571 1.0298489002673303 1.0249951263597685 1.2110878380779124 3.0009110174030864
3.5239056887103115 0.006473246833435468 0.04318913943429516 0.19297834228934754 0.005315637626657773 2.5362882170469514 1.619861061702687 1.1028406032909612 1.671217532475214 1.3964969635446585 1.4864014709314382 0.7718158858468133 1.2974169358979561 1.2618593007566288 1.2714797806750224 1.2138989391542412 0.800877567046016 1.134036986837982 0.9976242899554149 1.1473840370893194 0.8091327918540454 1.015409722471478 1.008032871458209 1.1847866591817255 3.0779486155905404
4.803536832729056 0.002051583527566301 0.04686634026810733 0.026759944370009975 0.0025019489713997557 2.768200000796037 1.6756740430513697 1.1037864728621993 1.6190479788821937 1.4252628522631365 1.5242722232846997 0.6982840910223226 1.3158250632152915 1.2806723377912428 1.299468788635409 1.221712466984494 0.7034333941518014 1.1516788704196248 0.9893428480443046 1.149281469782232 0.7596189014778401 1.0051996898302444 0.9963198048787658 1.1985264231741217 2.9498407331134744
4.36579835771341 0.004456125610827881 0.039471108158514775 0.1513401959249692 0.0016909324738097111 2.981830810321486 1.7364432203444853 1.0614903608353286 1.7756040384088938 1.41269004164309 1.5427169557366334 0.5762323243513133 1.292189908965163 1.2560787917363965 1.2828110000344284 1.1724043722805035 0.5630101410824752 1.122349558173615 0.9159807963539593 1.0884656131837946 0.6183938508136663 0.9322044996510565 0.9148926962579375 1.1602449600110625 2.858020178733215
4.186507905015593 0.00252556506652139 0.04054609002175854 0.03513986890276709 0.00041041744475838463 3.1020715004204247 1.7870412863526304 1.0618174349398872 1.7073674062312933 1.4186400256704372 1.5550482251260742 0.5580048243893176 1.294799939280715 1.2592465190342126 1.2887996703682694 1.1675056670215225 0.5306631778233789 1.1416816575296127 0.9127034564748745 1.0799426704775124 0.5824407083163834 0.9304998364307677 0.9067371171698129 1.1663808922349783 2.8172116054869494
4.515354775629362 0.0027772608031905294 0.04684633095855444 0.07355310392763628 0.001959388293018281 2.765978975883141 1.6777318588670285 1.106038638731047 1.6214054428124567 1.4282015475430667 1.5267179898974281 0.7040391745092107 1.319104092376273 1.2837379790100962 1.3023050579299655 1.2257656408182385 0.7086688649574092 1.1529850265145003 0.9923163846370171 1.153586978564573 0.7654451614791431 1.0079809006430516 1.0001300119473164 1.2010762384850056 2.967913740791404
5.448629265569918 0.0029554093532288225 0.04804462139056688 0.06796522488465606 0.00015317847722271733 2.6654516884959913 1.6567156635899092 1.1222593114174126 1.5893629498766333 1.430213790958898 1.51612828002864 0.7397281374063903 1.324079905723726 1.2887641337563795 1.3040339907956442 1.239372465972892 0.7529615604307707 1.1610992672452716 1.0139005341550578 1.1707570378927763 0.808940068052568 1.0292550350395748 1.0240166391475238 1.210957853727324 2.9924794698543273
5.5687301283269415 0.0024649249610261903 0.0484376621729049 0.03880810297174723 0.00041024067125432293 2.66517769220103 1.6563806391532163 1.12205745048191 1.5868231846993324 1.4314486127343122 1.5159613266418395 0.7385001510921958 1.3242588409513252 1.2884657005407887 1.303345195583069 1.239920365615303 0.7528830670011382 1.1598829717851333 1.013016636710762 1.170966028358784 0.8091608898862167 1.028439330393543 1.0235304235420217 1.2104039199042735 2.99526745242204
5.60872041718258 0.0024814808226877143 0.048588959846058315 0.04067353356316421 0.0003647365054974508 2.655673226441149 1.6542041485993266 1.1235100012354755 1.5855559135858017 1.430831566605189 1.514997392812139 0.7426526075717274 1.3245165352439454 1.28900682932519 1.3038237798937902 1.2407237381880982 0.7570103434238868 1.1613402942871258 1.0154876796491763 1.1722918048695452 0.8129860074041693 1.0308244372834219 1.0259353791212593 1.2115062944586912 2.9982695297536583
5.605728774451865 0.002520792323228124 0.04861939657650666 0.04021331668144195 7.99015017696802e-05 2.654708777741877 1.6542215116386072 1.123952918714635 1.5850450115563965 1.4314572508051377 1.5151890451808667 0.7431879350403989 1.3249934408728186 1.2893800426375752 1.3040677409261427 1.2414248348004355 0.7579269717780883 1.161413857349327 1.0159050100823839 1.1729768791853337 0.814001781367463 1.0312421835101586 1.0265023033245482 1.211845957174058 2.999368538541955
2.8255049034809927 0.004748013767337308 0.06732510467464856 0.1907308975624221 0.0031601799794421666 3.1912761094921547 2.056516670360457 1.261990740195627 1.87097109514674 1.6335512831388124 1.752600043488507 0.8348696216913215 1.528998162232664 1.4970468240635404 1.526358407881487 1.3177858461729144 0.8396787072407528 1.362557725472749 1.1792466208652606 1.3611742999456118 0.9093383221717739 1.1987033022410534 1.1910367605864436 1.4186954624604209 3.633097538878696
3.3301155198739556 0.0019295061669245843 0.059960349034589445 0.10890431185091158 0.02096057506759707 2.708179955621107 1.748596658966283 1.2044745522157123 1.6797986909355334 1.5095775375325229 1.5960367379636844 0.8267693871621884 1.409075795154637 1.3739948358747078 1.3886720410321087 1.3294434923389233 0.8486784643458805 1.2400065114665133 1.1506777804988197 1.262469443121856 0.9075074646173144 1.117002546851521 1.1150311890997413 1.2974410613793284 3.613617882956349
4.624406953910639 0.0056616069160753115 0.043120420149320625 0.19956354004474916 0.00018277357296700902 2.6616248196432215 1.6496303298916692 1.1021872443345402 1.5690607127727745 1.4168453759132205 1.5025220695914472 0.7182325025032108 1.3090242815398745 1.2724770677259472 1.2871343605862466 1.2228126962510786 0.7322826149957911 1.1448405585676251 0.9945751162417285 1.1525317903416983 0.7878162199992897 1.0102156786832885 1.0045302722237583 1.1935789799036494 2.9924049921029146
5.461206379270115 0.0025898215727480256 0.04815450851760848 0.0541124393955458 0.0005568984556179346 2.6695201058578877 1.6565667170113219 1.1204960138403488 1.5924309938820131 1.4273690480563161 1.5155568089822196 0.7377764948433508 1.3221641636764443 1.2873774464657826 1.3032699788865334 1.2364008771166999 0.7491599517258747 1.161168391571708 1.0124250056182427 1.1679116932462181 0.8046856859498687 1.02776606185823 1.021820247521089 1.2096659480280418 2.9850773414418943
4.981462037866632 0.0023169111867035064 0.04892496277525903 0.029681168630103855 0.00048515060279006456 2.681190740196799 1.664775113026538 1.1234778360656406 1.5947641353262771 1.4340236624736746 1.520683916905446 0.7380885238124372 1.327218917634056 1.2916728186498316 1.3071427467291745 1.2419595476590706 0.751349961145314 1.1630064926290016 1.0145594140894902 1.1728224180578726 0.8077920701109501 1.0300360072028245 1.0247694187240612 1.2133536564902976 2.9971935638084113
3.9578470197630184 0.0026179793808500432 0.031791417853399326 0.028508483780604162 0.0008013214534839686 3.2473650845775914 1.7630380160755876 1.0024133387245373 1.6805152617320194 1.3743414081610157 1.51415801457381 0.47841734549921044 1.235376077450794 1.19416493732452 1.223793819949088 1.0928525226323922 0.4275563845870306 1.0684348808116129 0.824301157583986 0.9944188599974942 0.4886884120982731 0.8397405810823253 0.807707724918171 1.0782840940410527 2.752526334347477
5.57038708519176 0.00250893483334582 0.048436003353813824 0.043643047991123514 0.00046714556642135256 2.6621478228274182 1.6555403166940805 1.1223638615068032 1.5869780734435184 1.4306694123361103 1.5154908540822676 0.7399146660203851 1.324044899612744 1.288482141864255 1.3034621464344562 1.2397432324657296 0.7539212278296651 1.1605042744009988 1.0138051943628337 1.1710436401912079 0.8099957323224929 1.0291820291381126 1.024163989406184 1.2106727717317756 2.9955609243233123
5.614148225879087 0.0022740571916308574 0.048926477503316294 0.02609690911237191 0.00031280091863623806 2.6524411229869695 1.6537850839172479 1.1244155967807015 1.5846734131715887 1.4315211103811578 1.5150666974050992 0.7442624283926726 1.3252123005301788 1.2896339243795716 1.3042744941961129 1.2418249141257447 0.7590983978041437 1.1617736911988827 1.0165845674261744 1.1734849034236172 0.8151352134898703 1.0319018160684181 1.0272077795219754 1.2122008684498555 3.002873794938891
5.105547819757524 0.0028105345396635456 0.0474472518603461 0.0659371735914286 0.0007933798588511975 2.6812337001277924 1.658901953530049 1.1170673846316879 1.5960459130162852 1.4244959940335387 1.5151796164496671 0.7319180969148025 1.3195635315457688 1.2850879934978001 1.3016980004620011 1.232129580688195 0.7414873544716047 1.1604421092076749 1.0086667467557795 1.1633418703622793 0.7965832048463796 1.0241203922569029 1.0172858145555175 1.2073752773467623 2.9703979518245034
5.610575233792441 0.0022314191159626467 0.04889913236606101 0.024703481328253306 0.0004845183803848385 2.6547109959145354 1.6541100362971324 1.123852364822359 1.5855302337610178 1.430979624345357 1.5150724042132495 0.743305790431097 1.324764482065455 1.2892745063404394 1.304068121599495 1.2410770758268068 0.7577231254191549 1.1615898553731248 1.0159455409151152 1.1727034589829248 0.8136983727540382 1.031267197163894 1.026420202095457 1.2118003834572142 3.0009291917333396
5.607674902982729 0.00241882428468806 0.048677569320800106 0.036913416737888435 0.00043006358459221844 2.6556460418338754 1.6542493470448687 1.1236104288464595 1.5857315923766906 1.4308457411482152 1.5150737730077883 0.7428359051419489 1.3245998993693753 1.2891144911386219 1.3039453701938182 1.240810415001945 0.7571554120469314 1.1614484777687728 1.0156315211739848 1.1724029675065155 0.8131274465072197 1.0309606387015937 1.026072886280301 1.2116165511639216 2.9989814691975307
5.601486797609187 0.002450923605223733 0.04866057490470606 0.03716096723168222 0.0002707194801068439 2.655751346022438 1.6544301617927482 1.12374990054246 1.5851831719541165 1.4314645502580905 1.5152562399625904 0.7426896594527864 1.3249123972363779 1.2892744977376196 1.3039767110328897 1.2412697286449976 0.7574071390247704 1.161240477905452 1.0155942138855845 1.1727655702095292 0.8135049936076527 1.0309413950715636 1.0261866835202544 1.2116845256096844 2.999632056896768
5.60094997178047 0.0025853257682501313 0.048588867378344024 0.044254514079206636 9.558810772941397e-05 2.6546360619499407 1.654356334779055 1.124146275820438 1.5852015750787016 1.4315932465176096 1.515332123607568 0.7434427185532417 1.3251746201188344 1.2895712919898736 1.3042586330043153 1.2416323132628582 0.7582139183483959 1.161592815570908 1.0161411555102395 1.1732017181773255 0.8142922265987933 1.0314752122993391 1.0267474453643115 1.2120494357603073 2.999816474859685
4.46208006622831 0.003960063280750715 0.045519767784312604 0.12394595330109924 7.255583640540438e-05 2.774888916504521 1.6816670378339142 1.105254580546007 1.6258586577451364 1.4264818484103157 1.5276322628209247 0.7025642157972894 1.3181880196735056 1.2835691536067215 1.3029092311168848 1.2237733642818607 0.7047700631186783 1.153765088042861 0.9915796690435345 1.1517029039630653 0.7611121884204093 1.0074245161714341 0.9989186149415491 1.200723065969807 2.9463077818327745
5.577932907058684 0.0026816661181692397 0.04826717779091336 0.053963849340448886 0.00024498903955208706 2.661513129762805 1.6553597527593542 1.122420481642036 1.587276830025469 1.4302911155301736 1.5153649958471485 0.7403202218144616 1.3239141580432305 1.2884663393190934 1.303525047671621 1.2395476991598027 0.7540761478778085 1.160805998435574 1.0140488456916839 1.1709455529563606 0.8100482869719565 1.029412565714846 1.024303593694971 1.210766918218828 2.993971455671194
5.405537074859662 0.002567813082372165 0.04829647803029581 0.047705263639654924 0.0005689352751659342 2.6678532606476044 1.6573727799209943 1.1213270019926342 1.5877127121599122 1.430829793289223 1.5159006855785002 0.7372613577381381 1.323695471845932 1.287972060675009 1.303007806387626 1.2390237399924215 0.7512184016131054 1.1596988324098851 1.012181854546602 1.1700088404774864 0.807437775565159 1.027621090317507 1.022529938379455 1.2098758796106481 2.9942836926768797
5.61378786789656 0.002274087512582826 0.048925555085675705 0.0260980056823209 0.0003127893543148512 2.6524992496097988 1.6537998587392868 1.124408015225254 1.5846746239040752 1.4315315110433582 1.5150742844757776 0.7442352868309808 1.3252139404471248 1.28963211439219 1.3042716048414578 1.2418248623019148 0.7590759108288525 1.1617623421694994 1.016568873385063 1.1734805973004743 0.8151159767825784 1.0318868678902258 1.0271941858192957 1.2121946637998686 3.002874301634108
5.4894764367390945 0.0024399834460650666 0.04855146475003443 0.034045336068104316 9.620517682079597e-05 2.6694601828277738 1.657854805849071 1.1220771302484895 1.589085301262382 1.4316050469382111 1.5169162068368212 0.7380197040561984 1.3246338533885471 1.288958444052207 1.3040395076522642 1.2399978762923622 0.7519311327462022 1.160211168615956 1.0129930522445303 1.1710150519628852 0.8082512411388673 1.0283980172765228 1.023404934549136 1.210739882339894 2.993733977541384
3.9701263113018426 0.002082785805916649 0.048465130707375785 0.02772324517020543 0.00149485401526427 2.8409316064721892 1.690211327820235 1.0935622648311114 1.6767891926837943 1.414050009973675 1.542714256572718 0.6822577726592952 1.3192997641615234 1.287705494255401 1.311331455906112 1.2139208084314217 0.6726224304303078 1.1525152649764139 0.9778041608648346 1.1402780392338743 0.7283194756382936 0.9963379163200204 0.9847564152345232 1.3427397359742972 2.9444724276837047
5.167939371126281 0.0025598374976251743 0.04825499139789993 0.047862411940087016 0.0010362087959942068 2.696337414792926 1.665840570584145 1.1193654980275582 1.5998729929028364 1.4306092420765533 1.5206288175226244 0.7306475612808769 1.3241145035197506 1.2889324938629354 1.3052334773459031 1.236934010695017 0.741629249431087 1.1604589520698618 1.0093953688503867 1.1674189405784512 0.797875556356226 1.0248708149207928 1.0188747553499822 1.209970707721922 2.9858627838688645
3.811739349824634 0.005376319165186272 0.04675843275833823 0.19796952749247773 0.0015110006884499864 2.901347279328093 1.7515477002679751 1.1278392439139608 1.6648997396447973 1.4658377477564717 1.5681997401147307 0.696420800149059 1.3509617545463717 1.3136223775927547 1.3334855479430643 1.2539381795033553 0.7037305837540149 1.1752181813387057 1.0041067040934415 1.1775525360944938 0.7639607339960217 1.0212126705485383 1.0132144125376468 1.228639414463571 3.0615894523772424
5.492748974607835 0.002545471582386416 0.04863234024223287 0.04428913092164044 0.0005042420120054279 2.659533747801911 1.6556459570839759 1.1235944020370412 1.5879100515872295 1.4308756347950637 1.5159370194771973 0.7424362508874718 1.3248983983958236 1.2895510632281233 1.304589081274031 1.2407980631021012 0.7562500264056747 1.1618223143096225 1.015639381437918 1.1723918564700195 0.8122417090222717 1.0309520058291748 1.0259577427561537 1.2119387742101275 2.998417823678877
4.939574120920044 0.0028665235406860213 0.04646925612326843 0.07034350794770386 0.0015207420949246812 2.7735193843939348 1.6799433715636576 1.1076913669952768 1.6170015643334033 1.430405437858788 1.5271248049451651 0.7013414195870553 1.3198526885546968 1.2840855474594581 1.3023241532919108 1.2267189797300122 0.7077937199249581 1.1537486760058975 0.9920794442694962 1.1540237734121193 0.7644951558856874 1.0081731460939474 1.000117428558036 1.2021896922070476 2.9575292381703604
5.074296444839214 0.0031051753624626336 0.04715217132302216 0.08600631303404285 0.001128187283658684 2.716105550558128 1.6690960026434647 1.1153129357200933 1.600677411667168 1.431639997088706 1.5215580254646928 0.7206008569529477 1.3226180155437948 1.2866655000731917 1.3029998663132154 1.2344011435224442 0.7318821448000098 1.1562408260404142 1.0029304027423003 1.1636281546167904 0.7887329077294388 1.018617302788689 1.0125928266122164 1.206515646484614 2.9870703801618737
5.614051625079833 0.0024720001713871053 0.048724779315053146 0.03689734296789464 8.342251392123992e-05 2.6524945935445703 1.6537865819380067 1.124392468281258 1.584662303067611 1.4315166783079705 1.5150600008573814 0.7442160780270077 1.325196977429397 1.2896147046626072 1.3042541342735814 1.2418055941989128 0.7590545323839096 1.1617474370850018 1.0165499655642272 1.1734613240159593 0.8150947357777301 1.0318687059414788 1.0271757045414425 1.2121830203748376 3.000911600723138
3.5005918371066964 0.0024277571863408724 0.041517642519679245 0.03177025948218848 0.0006699819312739016 2.8300196494418413 1.690905365413631 1.0660608040641797 1.5933801563024106 1.3982965306834139 1.4994281858260194 0.6264806049263585 1.2788418024555044 1.240579424103293 1.259278826283384 1.1764955967221618 0.6301074018973734 1.1063367273077531 0.9312120366011583 1.0979434703141686 0.6864114931955229 0.947507875241813 0.936063015740427 1.1517983903934492 2.8886122230545674
4.793283787433159 0.0029594994090021342 0.046423206728624176 0.07349929180616503 0.0008073078354802401 2.7990438494739585 1.6921608607673333 1.107981941544194 1.616447024922671 1.4392515887356423 1.5332212267312695 0.6933371001318318 1.324217626094948 1.2867763593065717 1.3042658458114134 1.2311837271448425 0.7030205461635799 1.1510107169311456 0.9886619223530244 1.156691889067801 0.7616047159716895 1.00497050478999 0.9981734928692667 1.203265666946614 2.9655813415180776
5.260822089552304 0.002000860138208268 0.04856697904078503 0.022093197819204168 0.0021027941921690336 2.684332559712779 1.6605853818473375 1.1185716538451003 1.5951375427254504 1.4283714164570844 1.517321601372161 0.7321138545858824 1.3220725709994405 1.2869476919969092 1.3030598989021553 1.2354432743101746 0.7433068822303323 1.1593437929286583 1.0091804279922092 1.166234245937645 0.799225786534444 1.0246293004596518 1.0186133864218838 1.2084700087262361 2.99277185960851
3.7262590951615824 0.0022565127667032348 0.04826060636179759 0.04553664399430831 0.003029552568783929 2.811469978893842 1.6935779784174365 1.1017138262886825 1.744370224525238 1.4243305776818824 1.5428604942975395 0.6892889321106717 1.3216630957067053 1.288154986113642 1.3097185589192433 1.2195508828908548 0.6869064230490675 1.151213537528216 0.9847581657627319 1.1459914501019444 0.7447738453241779 0.9996296843764869 0.9903663693159659 1.1992396872946627 2.961720291626646
5.602362931750186 0.0026590919758514796 0.04849872185416273 0.04899445525323784 9.047926636030184e-05 2.6542799230094416 1.6541851500832843 1.1240597237281285 1.5850315522551262 1.43145626316316 1.5151782668409164 0.7434303232485336 1.3250432519893547 1.2894434508053612 1.3041296667165614 1.241503457872515 0.7581707720395259 1.1615128765534306 1.0160638988006363 1.1730812193564333 0.814210894400285 1.031397100058438 1.0266617223629821 1.2119406912376054 2.999449949678744
3.5955919420683276 0.003831739372776067 0.04163377859742827 0.15209695298134604 0.010744191651538053 2.6115937690114204 1.6166947551115727 1.0669246889565567 1.6939904717840146 1.3779669489996746 1.4797621764228719 0.6946574168866145 1.2751661426606669 1.2395959291075882 1.2555651245473574 1.1796791958906652 0.690618421641315 1.106203355685066 0.9505393587661565 1.1078166669600171 0.7425582427942766 0.963869788423619 0.9598457622047386 1.1512669486326963 3.0407410875279197
5.474869908581703 0.0022038601614896218 0.04856991198011705 0.023457526008984875 0.0005179987073830258 2.676047115216029 1.6589819182252994 1.1205771681032424 1.590694269297217 1.4307555287269829 1.5170676420265041 0.7349756389174483 1.3236411727772939 1.2880489521940173 1.3033823751201592 1.2382922318783907 0.7481936488011287 1.1594539527403116 1.0110358404290423 1.1690823871677525 0.8044525669673337 1.0264882995529252 1.0211828679534034 1.2096031121619628 2.9906045709091744
5.454851849663118 0.002774882844602821 0.04813902847958586 0.05865679267659848 0.0004048102907321828 2.670467317861767 1.657979808052894 1.1216252470833594 1.5895338317552739 1.4309723687806128 1.5167263312176933 0.7374611578349352 1.3241480233979903 1.2885800446112614 1.3037953169014789 1.2392531711646566 0.7509932658178694 1.1602398719827425 1.0125968547430901 1.1702953263243063 0.8071902383729408 1.0280134478513132 1.0228428381138934 1.2104413881871536 2.993051738608377
2.99505433031707 0.003087885733589004 0.045768370827775705 0.09324567536143319 0.0022130525607496794 2.7453058944340416 1.6587307672102882 1.080118690131947 1.721970031926758 1.4050228809095477 1.5200791844912458 0.6885972736277226 1.3058712609710377 1.2714867554196672 1.2913508070283144 1.2057855117277676 0.6864154856827746 1.133800926010883 0.9728965117315507 1.1327649991408608 0.7436577317114704 0.9876284213535296 0.9794183060576549 1.1807338077974034 3.0019722934715807
3.0268537934105297 0.002564885148485502 0.05110930980755238 0.0735595243727519 0.003275179865225047 2.761116255347988 1.727476119703464 1.138728560830374 1.6644573410146872 1.458200551176344 1.5530835725946794 0.7291542569641632 1.3498208779042555 1.3135318407466094 1.3306084447377482 1.2595848125020406 0.7419869265808161 1.1765759730547425 1.020980304015867 1.1873305038255644 0.8015849679243767 1.0369622331135577 1.0314609366439897 1.29445483521496 3.1109959534332683
5.61525617387143 0.0023566671561970685 0.04883784369258798 0.031071530247006412 0.00026591197272110567 2.652413518826752 1.653746748782536 1.1243795483650982 1.584708750898008 1.4314352564170636 1.5150249912794715 0.7442535610835249 1.3251547259577152 1.2895917655987121 1.3042461076732375 1.2417487679104822 0.7590441922975686 1.1617800321114782 1.0165645226082798 1.1734184447291043 0.8150662501682017 1.0318804815914449 1.0271698064009345 1.212173474121354 3.0018518293609153
4.09170429600484 0.001617525938240401 0.04178740605347906 0.005230874712810798 0.003857204648310914 2.82981180564708 1.681371528912696 1.0629585599160927 1.5963240110583743 1.3961990608535322 1.4984869749175174 0.6230726080376807 1.2767513248678657 1.2389894443772884 1.2583230756733128 1.1737243022499215 0.6256091453033654 1.1097219064196981 0.9285062987336106 1.0951349611057937 0.6802545786257481 0.9449249804553033 0.9331615704093937 1.1508761209557463 2.8902711183396703
4.037902957080863 0.0050201612785425245 0.04277370445217671 0.19611844647113935 0.00027388766252449756 2.996299274593542 1.7539522054031904 1.0927299924461926 1.689294684290225 1.445987909375372 1.565211240054613 0.6202915275318327 1.3269388819101495 1.2892319227527624 1.3126143908868486 1.2160458224372743 0.6238378967816623 1.1459465487479221 0.9555248766331272 1.1333491706047674 0.6824900968734038 0.9725130282643829 0.9603081251301351 1.2746116344446647 2.9482568424458506
5.612887789892428 0.0022738636526958007 0.04892499964581154 0.026087859699733994 0.00031315530085500884 2.652737686291782 1.6538625753171743 1.1243842775829032 1.5847607692864376 1.4315263341830877 1.5151062092353182 0.7441671127003807 1.3252100645906257 1.2896315506015417 1.3042806291003481 1.2418006318381005 0.7589852517958893 1.1617562232575942 1.0165339578887649 1.1734510881250317 0.8150263165399333 1.0318524684185897 1.0271530888229974 1.2121855615917052 3.0027826098532064
5.217129184034953 0.002888004795005235 0.04758511227967165 0.07353048432705712 0.000681039391332785 2.6924807250967 1.6624998882282527 1.1173383425258698 1.5953414252055966 1.4295922037550874 1.5180831551410845 0.7282874539033134 1.3220238532786917 1.2864331246025513 1.3023979581791856 1.2351820099652824 0.7399623739133089 1.1577458209886167 1.0068062064513283 1.1653918472202869 0.7963111867547249 1.022331159696032 1.0164422534161341 1.2073639284952304 2.9854962168881047
5.6017923916338885 0.0024289626252988325 0.048617474518514135 0.039089907132367076 0.0006805376721076379 2.656906504838061 1.654451901158928 1.1232954394584846 1.5854087887795072 1.4311057405807128 1.5151274682661888 0.7419521516540089 1.3245382264316123 1.2889219406074806 1.3036885988887044 1.2407386993814233 0.7564868490958371 1.1609570946595258 1.0150505423524017 1.1721940684823433 0.8125618599194642 1.0304041077924504 1.0255756373111828 1.2112958236255964 3.000403525435136
5.570295160394739 0.002428167568634996 0.04868898820051004 0.03355402677651077 7.1861578953996e-05 2.658956460286247 1.65525223386721 1.1234404146370707 1.5865527784869922 1.431304844761199 1.5156995963060922 0.7418780872026877 1.324859058067527 1.2892977353564592 1.304152306353867 1.24093627275387 0.7562180949357235 1.1612007036532697 1.0151827198741226 1.1723873775577967 0.8123261718639756 1.030525616626779 1.0256764305495198 1.2115865359332967 2.9977520035822716
3.00088780784507 0.0032428328405968493 0.03360361675357713 0.07302626134388474 0.0012956657318559728 2.8729115256093376 1.6806337046414477 1.0152513360115747 1.5650918563214373 1.3534055259133642 1.460907478169305 0.5507187961951084 1.2252517203376219 1.1854715520744534 1.2052096633976057 1.1123216530486593 0.5376731054985957 1.0528498212205357 0.861401894171729 1.0279646584596105 0.5923708918343474 0.8770259869617668 0.8620232000122928 1.0871753605412589 2.8554109209488434
3.8799792539179787 0.004232398883581105 0.03167263264670679 0.1623907287660922 0.004289113463953208 2.7242338841624436 1.6078349859819279 0.9967782498563417 1.7686804569874126 1.3277349971595158 1.4344448947466735 0.5692432129129988 1.2059893038151475 1.1669507460507138 1.1773923376209687 1.0959473733641472 0.5689136601072702 1.0303135084587884 0.8509589099774195 1.0141090865402365 0.6168305411658197 0.8645837553737352 0.8533553853337482 1.066696122615719 2.813231141755838
5.34551556574131 0.0022166451053530073 0.04887557915319185 0.023355442651716865 0.0004150910818645601 2.665529801241124 1.656864275135971 1.1224755256664718 1.59288819538069 1.428599038201621 1.5163718687686902 0.7412503124617081 1.3238223640963485 1.2891081609836124 1.3048800615517184 1.2385981760832838 0.753002744475551 1.1627574058101584 1.0150484380378828 1.1703881638547593 0.8085683508375371 1.0302400648260062 1.0245949460205326 1.2116180496676843 2.9897112893233087
5.02057862816019 0.005825414391671042 0.04480567777374101 0.19986355118754076 0.0005139125571907236 2.7262377315381014 1.6769714680899606 1.1173231674110036 1.612147011149623 1.430701007021246 1.5254782884857399 0.7231590888862169 1.3244282868612245 1.2895966631563618 1.3070826337361703 1.2347236316138066 0.7313705273602084 1.1607309638359764 1.0059309391950346 1.164503290101015 0.7877450650578464 1.021564526081443 1.0146409490497637 1.2097997405222616 3.007532699120936
3.6009819309433007 0.0022352862517313185 0.050137495926176494 0.049778369623807356 0.004133598313673196 2.8377572127398327 1.7373253276497425 1.1314609252379408 1.6452551327011702 1.460950137404887 1.5572594253162086 0.711670931160894 1.347838358094226 1.310712122780804 1.328939262503748 1.2549918345179831 0.7221050133429227 1.17466363964862 1.0111899616537035 1.1807554371119602 0.7817358150840347 1.0279069141309403 1.021124542757358 1.2278371449899301 3.071181368374569
5.611825442195009 0.002269810301001425 0.04891788251157859 0.026354123370350015 0.0003804631338774317 2.653081468913552 1.653921274409925 1.1243043779361903 1.5848348722666175 1.4314901098401895 1.5151146208140822 0.7440027383274753 1.3251605917587623 1.289582366464377 1.3042437051817743 1.2417169477802195 0.7587904072003232 1.1617077877593363 1.0164270719734327 1.1733539786963463 0.8148317694189906 1.031748143108851 1.0270356491075092 1.2121242086691888 3.0026710173190376
3.567039643510049 0.004667718105938388 0.03731667159510926 0.15465727786514194 0.0003156967217462649 2.932012731000922 1.6465561342088721 1.0037673401998166 1.6487992487478822 1.3601517111283798 1.6048018064272433 0.6008485836927285 1.2701737966831668 1.238179461531263 1.26756342963895 1.1537132124329912 0.566756274573577 1.1367444351423521 0.9171096104187236 1.0730313546287444 0.6197735818572716 0.9364221328014617 0.9162967434754759 1.1517633923362223 2.852393872910903
3.845200952240611 0.003550840473325427 0.03699964071447209 0.09965895834021574 0.0019475986087005993 3.0058434464793686 1.8709124782870978 1.0306402845526603 1.6596025065396367 1.3754765447377781 1.5232680983362665 0.5573101133222786 1.2694135935964748 1.2326432860180703 1.259261446147158 1.144794547982822 0.535463792492813 1.1071390746612404 0.890150154194087 1.0581666384235482 0.5857028271646698 0.9064051461902892 0.8872027393140859 1.1332970997455414 2.8340497077774662
5.493192291504025 0.0031422889570397426 0.04767143910076355 0.08431810086234229 9.164927152932764e-05 2.671589000371377 1.6578222710507327 1.121047304768398 1.5894203178569013 1.430654434266849 1.516483638704554 0.7364384701720134 1.3236754636280215 1.2880702877443502 1.3033073730408147 1.2386522101600856 0.7499008045107962 1.159695756408515 1.0118121253876127 1.1696105046885568 0.8061099476972018 1.02724272578822 1.0220311598068879 1.2098620676493037 2.994008096599469
4.939714937836564 0.0017007248192959404 0.04841316855149608 0.003451112527253261 0.0021214234814910743 2.7307180359281857 1.6704755864476752 1.1125105983821668 1.6093033605606248 1.4293872328345312 1.5231193447224867 0.716048324780249 1.3212367188961092 1.285852779528659 1.3031509289762981 1.2312609652954805 0.724737414413083 1.1557592066499238 1.0002617107633969 1.1602995750573626 0.7814282802239406 1.0158494954470225 1.0089912121665177 1.2049877462175287 2.9792005234081644
5.611437123444601 0.0024881338315237604 0.04866612022691851 0.03808521978565612 9.485198892980102e-05 2.6541023399486496 1.654035336547643 1.124019514850294 1.5849500286810891 1.4314005149118012 1.515111017839465 0.7434218420608082 1.3249923276334068 1.2893942742040296 1.304075745073937 1.2414627056863479 0.7581636851196685 1.1614601808887528 1.0160284377150486 1.1730463120999914 0.8142260126750606 1.031357692075057 1.02662677559551 1.211882738428859 2.9997703381813188
5.577381048593098 0.002749194279999649 0.04834511010778693 0.05721369649907621 0.00030571831160537097 2.6585755936748785 1.6551009932771366 1.1233475783428106 1.5860293607165 1.4313889522065568 1.515546251264737 0.7416866945222459 1.324783442791727 1.2891501088613926 1.3039451131053663 1.2409154448655757 0.7561948984078746 1.1610046528024864 1.0150081857845046 1.1723248560624162 0.8123309029068783 1.0303642085974842 1.0255504219644784 1.21144066049453 2.999492445319325
4.76589933130723 0.0025188730446680067 0.043159257974600185 0.0753121069695014 0.003974079440495591 2.7624976128516763 1.6644219773772821 1.0830170701513384 1.59641237425746 1.4065790323826728 1.5033764704618018 0.672280986415297 1.2926764348146136 1.256454868228414 1.2747609477362676 1.1962077867786245 0.6754913542540081 1.1297844586215449 0.9624323251124951 1.1220685827062766 0.7293055102829709 0.9797365404219278 0.9690440653661884 1.1739193344623169 2.9291246571214846
5.597927231090447 0.0025068356600437113 0.04870993973048803 0.03874124629729062 3.56730842903505e-05 2.6534974263340576 1.6542580695351088 1.1244901094615936 1.5851141208065809 1.4317058947289374 1.5153536509245134 0.744158341931187 1.3253847297589338 1.2898068828830125 1.304474895460004 1.241940811164726 0.7589479069517127 1.161902654600535 1.0166207208653133 1.173577281496707 0.8150052147153674 1.031943414442497 1.0272363062012937 1.212350061202505 3.000794815212876
5.614230309092992 0.0023361470287196224 0.04886240931861976 0.02945071389495848 0.00023882357781777113 2.6524785570059417 1.6537869773317275 1.1244022129954598 1.5846641603221279 1.4315232253687078 1.5150649140993644 0.7442322840088842 1.3252057407136646 1.2896239776072138 1.3042631162019247 1.2418168501141462 0.7590725177050738 1.161756034921397 1.016563058694925 1.1734731860541905 0.815112141318136 1.031881135591605 1.0271885021425087 1.2121890412260425 3.0021587959872216
3.9728344554828547 0.002518786446497948 0.045474246678088394 0.04334819173824757 0.0005319406441513207 2.9234474317359425 1.7284565452711367 1.0921526631837224 1.7763451445196163 1.418268414420078 1.5510849522504557 0.6530204841245144 1.3144924958068085 1.2827619104830894 1.3094319940500423 1.202806596675301 0.6402626794309743 1.1485323621474184 0.9647746645594618 1.1269348229791498 0.6956756543951212 0.9804634416496949 0.9667217075157938 1.1902241313802042 2.862411517098693
3.498744345424174 0.003125466784102051 0.04202584413562033 0.0972950074545949 0.005149507222780391 3.0459359849225205 1.7852933683806613 1.074496487286658 1.6706047359157568 1.432364201728936 1.5498479256394588 0.5961853988960022 1.3059413068365915 1.2665142189379466 1.2897391331317314 1.192218016608919 0.5905949259531178 1.1246650135303713 0.9270322513199506 1.1069899151698643 0.6481142575322635 0.9436018205133464 0.9310713873605352 1.1712217827881117 2.9701885639995136
5.485575086810109 0.002913930047683795 0.04784704159598255 0.068054534224785 0.0003565924467411065 2.6753855761337726 1.658732920168058 1.1205340742452274 1.5910396342093616 1.4301758844063643 1.516842855245379 0.7353346696999029 1.3233058763756569 1.2878962905855613 1.3033689203596381 1.237884972480937 0.7481850227690101 1.1598055464675934 1.011228618653961 1.1687967889003632 0.8042974375627912 1.0266729210730612 1.0212245716345794 1.2096460839748258 2.988989335593905
5.583494086878878 0.0024297409177603093 0.04852883363761793 0.03729227637599451 0.00048755944230110876 2.6614896566379813 1.6555164028841354 1.122582328718258 1.5862208474697947 1.4312328314670815 1.5155595626734375 0.7400219705865778 1.3243375646215825 1.2886352346092795 1.303476446985139 1.2402196879959166 0.7544380674396904 1.1603806334006108 1.013907720172614 1.1714523174217424 0.8106079231376936 1.0293006836514296 1.02440863708797 1.2107811384372666 2.9968990251728274
4.309775634060678 0.005045191536433292 0.035523503352789976 0.14980709580236068 0.0006936458213203183 2.9145568556431827 1.6885635066250073 1.0405820371120358 1.645346216611493 1.3808403831274447 1.5061814485181524 0.5827944769426977 1.263671130656413 1.2292680842693327 1.2553444454317804 1.1448426388441049 0.5769600420780969 1.120870678185366 0.907843448763209 1.0631162866971442 0.6220528378000618 0.9249919065360585 0.9042218066210975 1.1415778793526508 2.7803810746616326
5.565631934473313 0.0023904842302731916 0.04842614538603538 0.03832405594554149 0.0007737820521209137 2.6646544685493323 1.6557499896846886 1.1215147752734091 1.5879365056344543 1.4297480805078289 1.5152955363934986 0.7386380050181902 1.3232666864791185 1.2878389350249377 1.303032666574674 1.2385458775802212 0.752040699307491 1.1602704040406608 1.0128994509436695 1.1698139097309863 0.8079813502279195 1.0282873820668776 1.0230204637866345 1.210028710501205 2.993163218538335
5.614379940545469 0.0023864810669190556 0.048811232905024114 0.03219201960258623 0.00018018679468056995 2.6524746933313046 1.653781724469191 1.1243974417590465 1.5846596148703171 1.4315183581105988 1.5150600538783092 0.7442269313108517 1.3252003640935524 1.2896184976016754 1.304257572402092 1.2418109373273583 0.7590665949688455 1.161751308182202 1.0165574532719428 1.1734673115228966 0.815106177004655 1.0318756995257525 1.0271829838508677 1.2121850653389636 3.001643966340441
5.613787583623305 0.0022740874958978477 0.04892555445512969 0.02609800434142271 0.0003127893876996809 2.652499285522062 1.653799868088554 1.1244080101791185 1.58467462983246 1.4315315123973487 1.5150742881837733 0.7442352717156727 1.3252139394706761 1.289632112631824 1.3042716033592998 1.2418248591351522 0.7590758951609139 1.161762337689581 1.0165688643579243 1.173480592174806 0.8151159622145805 1.0318868596714699 1.0271941771563566 1.2121946602510743 3.002874287618884
4.414411957761058 0.0042835462941966575 0.04203347010302291 0.14700000033708954 0.0001822158290230073 2.62175380569769 1.6280319169150153 1.083999962573535 1.544931977373018 1.390658794937678 1.4753561743239574 0.6983673109995732 1.2819941931084728 1.245644740179513 1.2600253643895754 1.195674253062819 0.7094751933535215 1.1197770275746366 0.9705304179679255 1.12558041190398 0.7641825694769648 0.9856622473148657 0.9785261502232327 1.1668260951423413 2.939434524538716
4.7954479569217145 0.00374045208346641 0.035473427047109776 0.12752340264660408 0.00040955690888151773 2.441475278158617 1.6535506318487407 1.0234520336130695 1.4891536995899282 1.332950638601799 1.4226284378781302 0.6379486412910128 1.2142548662565356 1.1765257346972093 1.1893630970776095 1.1269797763465619 0.6475617060485643 1.0493741504732408 0.9027071545009799 1.0554335964312596 0.6995484740641043 0.9169369362707512 0.9109406242458277 1.0938835577581065 2.8595274824283345
5.6137858781926555 0.002274087503697199 0.048925556319620124 0.02609800461710021 0.0003127894031862752 2.6524993502421954 1.653799906544656 1.1244080223545299 1.584674654645569 1.431531535416122 1.5150743122491253 0.7442352714920293 1.3252139590653618 1.2896321307017768 1.3042716218734327 1.2418248774049185 0.7590758972513131 1.1617623503601702 1.016568873615145 1.1734806083185336 0.8151159665061188 1.0318868695310566 1.0271941875181136 1.212194676334515 3.0028743234015978
5.49411447495877 0.0025504387306272943 0.04862638881818541 0.043725148006098384 0.0004280337944900867 2.6593824070182253 1.6555924387866747 1.123595650828331 1.5879071995147018 1.4308224750927863 1.515902199807843 0.7424883881073764 1.3248723942890954 1.2895365974018786 1.3045804361267257 1.2407698670624498 0.7562795018877262 1.1618462726781393 1.0156629354212723 1.172374596335683 0.8122583409013313 1.0309739907224995 1.025970881806096 1.2119374378249377 2.997656673914836
5.613788857088566 0.00227408750931356 0.04892555387176249 0.026098005496070966 0.0003127893455714895 2.652499226853059 1.6537998403825533 1.1244080073149163 1.5846746103398777 1.4315315011976772 1.5150742732074378 0.744235281491795 1.3252139303304455 1.2896321042998162 1.3042715945117223 1.241824852670748 0.7590759052874605 1.161762332757444 1.0165688652783564 1.1734805881427957 0.8151159704070048 1.031886859854703 1.0271941774855085 1.212194653953592 3.0028742831116513
3.5503542047025145 0.0031326516515987218 0.04181001422563909 0.08736113827396841 0.0026888607465652263 2.996993044102645 1.7446063371708638 1.073292557867694 1.6547315166864505 1.4251382352094455 1.538975295386782 0.6067778471185981 1.300413007011768 1.261368690456565 1.283839163186156 1.1903728582054505 0.603186919092752 1.1231916413573435 0.9278172459830708 1.1070840909793906 0.6605308226441158 0.9451250781513504 0.9354627441990266 1.1678130737790289 2.9211348857736974
5.847449990526057 0.0029717967500845635 0.03149547719539303 0.024407484081681217 0.0026777366611576833 2.9114699025920405 1.639453556655576 0.9984480737574977 1.5732884710921613 1.3408676160001762 1.456827530130764 0.5466051300388067 1.2131603926916046 1.1764765605265284 1.2005656049665214 1.0854454193724623 0.5160294274667309 1.090256749115495 0.855660352773602 0.9958822285651605 0.5496740671026241 0.8717431823016779 0.8429292784617957 1.082079573052526 2.717829901236254
5.613790076102622 0.0022740875119483966 0.04892555256455309 0.02609800586932015 0.00031278932964902737 2.6524991792987835 1.6537998126282407 1.124407998858111 1.5846745903795012 1.4315314864756177 1.5150742564171615 0.7442352812861137 1.3252139172139201 1.2896320917446527 1.3042715810455618 1.241824841220741 0.7590759050029464 1.1617623237452315 1.0165688584784998 1.173480577584317 0.8151159691684907 1.031886852628282 1.0271941705547138 1.2121946424547532 3.0028742629533234
3.605461971740514 0.004459621960448696 0.04286403976021243 0.1631299208026054 0.0011672803095776605 2.9789986021536423 1.879694177365461 1.088191572095407 1.685630475980549 1.4309725409519642 1.5530789853403155 0.6305317138024648 1.3159117322816436 1.2792063269287373 1.3018591673050768 1.2057558150828172 0.6240433337756222 1.1360061008514506 0.9495766411111901 1.1250870752818696 0.6834397870308154 0.9660329864263875 0.9549493564176206 1.1850816596665759 2.954517100230141
4.25356591685699 0.0023307532833787494 0.04047551067559943 0.028741263126112745 0.0006949116438623917 2.327490790415152 1.5900805524568025 1.0525891970119583 1.5041815753483019 1.3504189186774274 1.429317510096357 0.6951226446991022 1.2385568912740579 1.2001886951340874 1.211386552347306 1.156766646383059 0.7092724919794199 1.0763263189766221 0.9427407748452883 1.0888759065783586 0.759748027058692 0.9564958703766063 0.9525830953753106 1.1217916492329016 2.911837821488639
5.614024887605981 0.002345311688889612 0.04885328807508802 0.029948250050678346 0.00022805955586208552 2.6524893132511833 1.6537917586679831 1.1244025470012917 1.5846677109151939 1.4315250823236647 1.5150674668732447 0.7442303597710598 1.3252071180343554 1.2896252258084933 1.3042645394537107 1.241817656286358 0.7590703653669977 1.1617568057521672 1.0165627230076486 1.1734736617653747 0.8151102710402516 1.0318809187217173 1.0271882078472787 1.2121902429701479 3.0020629720034484
5.61405658332088 0.0022996640911286627 0.04889944739463528 0.027476140154898063 0.00028208257602503725 2.6524867493022097 1.6537924452811794 1.124405086624305 1.5846687093703058 1.4315270411714751 1.5150691364645066 0.7442342304433347 1.325209628779596 1.2896278639763241 1.3042671450214804 1.2418207766712115 0.7590747178810513 1.1617590566657632 1.0165660947421937 1.1734768651321519 0.8151144966154082 1.0318840925654245 1.0271914481013373 1.212191560147146 3.0025673340599406
5.614097921433387 0.002301956952055728 0.048897113949701795 0.02759995776089901 0.00027934486949831384 2.652484326093902 1.6537913396477395 1.1244049195936994 1.5846678412662294 1.431526532974863 1.5150684685633538 0.7442345409594646 1.325209200271222 1.2896274578500506 1.3042666956638642 1.2418204498931509 0.7590750541823352 1.1617588093447824 1.016566039616824 1.1734766227353755 0.815114779166698 1.0318840274869951 1.0271914037696102 1.2121913107237339 3.002540882056057
2.943974141064962 0.0031042157620254918 0.038885512544195935 0.08094425415103318 0.0005764752889399062 2.242707932905938 1.8146026210458546 1.0339883618604295 1.5781739155467285 1.3744168563660966 1.4682700228050958 0.6181484793670123 1.2442739469841573 1.2001287113726062 1.2125501884082288 1.1522951712686054 0.6317654097333094 1.0542282085033157 0.9015533306752342 1.0737611267989593 0.6915113048072818 0.9170233501868039 0.914173501993359 1.1094860874709673 3.05783609922371
2.8284763112413107 0.003564063663767835 0.06430907949523494 0.19187797405974266 0.007059698331950283 2.2434399954109527 2.048875461983902 1.2244275899643444 1.799428480783747 1.5794077532475628 1.6771707815217651 0.8080166583234792 1.453542535978168 1.4091205131817524 1.421978898071513 1.3713922790939 0.8359306420686918 1.2534178269860479 1.108575758112101 1.2947824636606122 0.9034755059897356 1.12486199975303 1.1265334621394618 1.3221918568733655 3.918437436591328
2.999710941376617 0.002727460104839846 0.03159089289620119 0.047449482493107924 0.00016378607370336694 2.322683765974604 1.855914238682665 0.9800562630072074 1.565560221942062 1.3217073380606057 1.350120201510306 0.5445137659056563 1.1857391543888296 1.1413089237933798 1.1544041574887884 1.0914525734150984 0.5517892227789436 1.0004350407957574 0.8378421242385948 1.011100641280582 0.6108609709709695 0.8533099185543456 0.8480027836594812 1.0481459159775552 2.9537596766618437
