1.8827003974655039 0.010114124481514775 0.1456583322648187 0.1767517614547764 0.012240376033292913 2.960274196328765 0.9337107755392682 2.0230660006450947 0.7738606640415807 1.9701629468730988 1.7699799905859088 1.1098157456345488 1.332571832190855 1.1666143448458 3.044028913347168 2.542416426981819 2.1815602006047885 1.9124293333662323 1.529666786653194 3.9995699406598546 1.9973472063288447 0.6430251891616158 1.098220688001681 1.2928572310896629 3.148681322939895 2.07375892341021
2.456907257826438 0.012233785675146967 0.12628283345487765 0.19951051664228173 0.010546498394056084 1.9765817491435271 1.100718683217229 1.7404434555768449 0.9853389025110191 1.7107659620536908 1.6106851481877251 1.1971765492582653 1.3479018498063913 1.2240982134911766 2.0084216364824896 1.9496354456320644 1.66549583726614 1.6740479588279364 1.4970100529074293 2.3621497451210045 1.7308985537841006 0.8980398102945003 1.2263855679686084 1.2842596792712233 2.0055347457205728 2.0247041085849986
2.2956571709188633 0.010325679413783708 0.13726272389910743 0.17638121833958512 0.01040912218995497 2.2454892013344967 1.1409348382135949 1.9391660080910575 1.0043048521487092 1.901389147133096 1.77394341613788 1.2608631152268184 1.4465066752002063 1.293340908162894 2.283630713139886 2.207101649016998 1.8461611924175811 1.8552188643148806 1.632094951757663 2.69415467029264 1.9260068867720048 0.8995237872179166 1.296190211596392 1.3674419421404296 2.27346872488442 2.033564911472344
3.0206597452371864 0.01366730317511468 0.10939987388151654 0.19993751996665515 0.011487756077317812 1.4964132462319055 1.0662852941797298 1.3857722935754078 1.0013749602238606 1.372507949247425 1.3242561738255443 1.1146465707175195 1.1913125186544942 1.1299750600653633 1.5084900270310735 1.484057647795466 1.3476177382697085 1.3537610935204836 1.266518782265684 1.7107649707845987 1.3871845702126568 0.9563610445582599 1.13315951537677 1.1580989485943032 1.5033036057129452 2.0192628747883132
3.004945826351273 0.013642770830027143 0.10955811651132008 0.19982034304448218 0.011547887044996446 1.5030990959948596 1.066090449636335 1.3905104167987032 1.0003656508490595 1.3770085536347498 1.3279476163098287 1.115159061362308 1.192944615505993 1.1306874159098559 1.5154164767022964 1.4905219832282148 1.3517436886344218 1.3579619190691665 1.2693069716770289 1.7215418092526096 1.3918655431227707 0.9547481239425446 1.1338905324336395 1.1592501095720582 1.5101800505314316 2.0192650386533244
2.761552253758768 0.012811597677836807 0.11681940729904745 0.19283245917996608 0.010898566329366718 1.6216790489669874 1.1168713727957968 1.4922549948406822 1.0413154838802547 1.4765185516422212 1.4198688560724075 1.1743238661056166 1.264428495784848 1.191954648961689 1.636224453185139 1.607302821765837 1.4480187104188436 1.4546970911074977 1.35253519992426 1.8667647451012936 1.4924550274634525 0.9874691271037339 1.1951280787968934 1.2254968034685867 1.6305022260201094 2.0197536360312136
2.9652208086684433 0.01353414541029304 0.11110541598690166 0.19892218599709294 0.011374083798750618 1.527444615436412 1.0753648690692716 1.4128146675020354 1.0068180654158196 1.3988102760540393 1.3482145783213015 1.1274128467774822 1.2086781969934337 1.143377687898003 1.5405566574602236 1.5150102573174997 1.373371693647592 1.3793615339763456 1.2879217717143374 1.746001549600326 1.4131866401802173 0.9580894923679096 1.146255619474175 1.1735589818926293 1.5354529919916458 2.0186787466869425
3.0348626008975654 0.013773443967635012 0.10815214902192773 0.1999983021801529 0.011689905643896046 1.4742447801715426 1.055342654970716 1.3666150981228211 0.9918801378284879 1.3537347301985863 1.3067710206171674 1.102407428321416 1.177153572010447 1.1174140669260417 1.4859169157280876 1.4622188934544114 1.3293750641254423 1.3354413065630957 1.250457996567037 1.6827560941674604 1.368209389441467 0.9480310451022905 1.12059851028151 1.1447513871321313 1.480773037404277 2.01929524451683
3.0405561210440823 0.013742489474249539 0.10815511532072938 0.19997152987741446 0.011775635187005551 1.478628266159958 1.0516689784777733 1.368773625568971 0.9873341695871737 1.3555973987907075 1.307693570944423 1.09969865828176 1.1757706799950947 1.1148883617560357 1.490671137702803 1.4663834585034388 1.330922655302898 1.336994479648961 1.2503943126223387 1.691476165953798 1.3700706854676918 0.9426231193694207 1.1180001260516614 1.142800357735015 1.4854919374299749 2.019191337152943
2.979923509585583 0.013574405194113235 0.11037883218785993 0.19997069854469443 0.011406570446483646 1.5158902210705176 1.0746670733436399 1.402222764430698 1.0083269816208345 1.3885818377466324 1.3390487160089262 1.1242386328306673 1.202779024918814 1.139901088608413 1.5283270695869018 1.5031806915999133 1.3631117328237417 1.3693650073173802 1.2798712887470314 1.736273160095543 1.4035252077444886 0.9622327183127405 1.1431154272209545 1.1687695540653487 1.5230800081726867 2.0192851667691736
4.784906976485145 0.012829741382079578 0.11396852137442942 0.1950334698460371 0.01107164259891428 1.73317780078638 0.9501924023316632 1.5368301973470415 0.8457219338927566 1.5114730525201054 1.4218641743056184 1.044762759871996 1.1842587908836675 1.0692060019350693 1.7598592426068624 1.7148665355755928 1.4730762623447264 1.4791081702136593 1.321175158875868 2.0627312773883886 1.5280170372044843 0.7648370237831446 1.0693503823033068 1.1229757880441538 1.7566578957637886 2.0235516041414883
3.2514700097699 0.013166030180521 0.11617427600023125 0.1909552483463944 0.012967375224499466 2.0178621343264114 0.804010724152795 1.6259563423785914 0.686887447519141 1.5606376348031208 1.4258630654319189 0.919532548865037 1.0980333810478962 0.9463218544227266 2.0550871917365137 1.8788469464160078 1.5288663239938103 1.5164303807947574 1.2788906876690311 2.3615765674067015 1.5768369845431267 0.5959235672903889 0.9475758821110687 1.0245701068261877 2.0825183332158477 2.0378880671140225
2.693776696323291 0.012755023775026037 0.116256195946079 0.19137617812451851 0.011312497506510708 1.6526378255855763 1.0654549705875545 1.500611002087014 0.980420596765933 1.4818553730652337 1.4154681086919352 1.131865306612882 1.235508087380837 1.1517161516525531 1.6704083377114858 1.635789298961777 1.4492720173660036 1.4564403403760182 1.3374752757899737 1.9430309399955212 1.4988056720520309 0.918420901133312 1.1545989878146066 1.1906670314761763 1.663918482685305 2.0199440781130704
2.3141162512396125 0.010746767573150618 0.13502805204487534 0.1822897954527338 0.010112614732727222 2.129039189983107 1.1940319681011085 1.8698854297774303 1.0717162471698836 1.837857030741631 1.7332709276861773 1.2952716761247303 1.4535112611201615 1.3246917422521345 2.167405081954378 2.094340018153025 1.790714078760899 1.8014528935087648 1.6134399032188833 2.561973831047858 1.862505385212351 0.9806241712299109 1.3280262217193894 1.3863453150109848 2.149635292123745 2.030008524940261
2.9637801358019003 0.013514252954829015 0.11079711975388243 0.19991573900677706 0.01144741634137321 1.524156514690064 1.0748256585759042 1.4090071897894154 1.0071343464700815 1.3950794404703661 1.3447248429650698 1.125891192941836 1.2061689005196095 1.1417461215758402 1.5370160114357638 1.5114150174724625 1.369547806835437 1.375655621258826 1.2846898556923414 1.743681160718968 1.4096758109111873 0.9593945868905975 1.144754334409988 1.1714498609422266 1.5317177737260654 2.0188608075669605
2.9257333412902953 0.013542920106967999 0.1116792847002634 0.19913855783807097 0.011649813364883549 1.5275291834022815 1.0691691448400946 1.4093440719688866 1.0007728305293448 1.395122508837694 1.3436219620033119 1.120832666579448 1.2023221528036112 1.1369429070362795 1.5406972026355523 1.514417345851593 1.3689244364672224 1.3752307520871327 1.2822919022489503 1.7556631382320758 1.4102207661048767 0.9529541889365588 1.1400841705929647 1.1670555171321784 1.5353772328112132 2.0191780850823715
3.0563795670559575 0.013692480627862848 0.10866268448728188 0.19967091053980618 0.011658640400676904 1.483514130404711 1.0583048776388086 1.3741797932356818 0.9940933092217686 1.3610815986632998 1.3133954043363731 1.1061444481217386 1.1819589041102347 1.1213109567267776 1.495458546821638 1.4713222150309986 1.3364747756591457 1.3425541285694242 1.2563118563650353 1.6952721578642416 1.3756073275407747 0.9495694606816497 1.1244599489593843 1.1491036145352576 1.490292326880299 2.0192572357319554
3.0609154627416393 0.013743490829613585 0.10835635977212114 0.19996346094502862 0.011644204483450903 1.4777293302305123 1.056337844799683 1.3694431349881595 0.992596779093822 1.3564728953641716 1.309225578264618 1.1037445157660042 1.17891729324312 1.1188011123833963 1.4895334871426833 1.4656503519913349 1.3320480479680854 1.3380978048767027 1.2526273704876931 1.6874151933051262 1.3709159769812505 0.9484398120159765 1.121947751328223 1.1463352318392275 1.4843922090612205 2.019254127304793
2.1811437825608015 0.0104296468114101 0.13856758279108944 0.17995363259541405 0.01009247740598896 2.307676710928475 1.1513420129638878 1.9905601044958243 1.011195617435076 1.946762598631046 1.8133262335520852 1.2755809405749297 1.4688073711654999 1.3085058785608406 2.3499804427929525 2.2687925468323744 1.8891492240001828 1.899503125891336 1.6648291594279918 2.817326900534515 1.973030884449494 0.9055384809258851 1.3114271702910882 1.3869666224365245 2.373604008990976 2.036371719001073
3.0252879025821002 0.013738936070945828 0.10850471179661714 0.1999787104611436 0.011657990185892003 1.4808212024254626 1.0582752284255745 1.3721930887013902 0.9943301043697841 1.3591934314213079 1.3118098004518892 1.1057241826716406 1.1810860550347546 1.120847914035403 1.4926048235761842 1.468679009047525 1.3346293916509395 1.3407424583409902 1.2550146138403067 1.6913417453429032 1.3737882221289481 0.9501477935274586 1.1240550870585457 1.148420775782781 1.4874305888374868 2.0192954783215837
2.0719618585820245 0.008486516303870357 0.1459111201196128 0.1495166088084685 0.010393925851478377 2.3027298817786637 1.266645234068988 2.0253929554380123 1.131528083491604 1.991631992119609 1.8714470437523356 1.381115656146898 1.558683935614904 1.4141718715516272 2.3417915144219577 2.273547723753604 1.9375271739492852 1.9481807720111193 1.7371967924663625 2.7921504608645598 2.0158096541911195 1.0302287134962242 1.4169235316405393 1.4840211533280583 2.3658446379855476 2.0352618240329177
3.056166510725468 0.013762647507686795 0.10818226028848672 0.1999985733513226 0.01167006699602486 1.474596871518267 1.0552010040901671 1.366862851054529 0.9917111918322776 1.3539586059167446 1.3069413996295387 1.102388776942767 1.1772273753633902 1.1173861458788064 1.486330908319935 1.4625784116138363 1.3296344009235672 1.3356653014161675 1.2506004829894601 1.6831811007777937 1.3683494718198241 0.9477423397074156 1.1205291314749357 1.1447885838470093 1.4812056123382136 2.0192565976051204
2.6858555430142026 0.01262923613560072 0.12153439765394272 0.19675018420878246 0.011064289570118558 1.8745771821001955 1.0227005419753414 1.6661626757950092 0.9060261877999796 1.637649757417714 1.5450384737924439 1.123703765624791 1.279205717167337 1.1506195902068583 1.903049127872615 1.8561687160843183 1.5934460436753488 1.6015685042422578 1.4265329594489649 2.2071764822152256 1.656617009507513 0.8143356387527881 1.1526361266194067 1.2118575241196199 1.8989032740989373 2.0225647196704255
3.062768184677542 0.013768076131618163 0.1081451528643662 0.1999694097038529 0.011661518964487607 1.473618367948835 1.0548290576452495 1.3660474066697614 0.991417830764781 1.3531647459249503 1.3062182737180548 1.1019504674611535 1.1766861634540648 1.1169303358793745 1.4853311505974645 1.461618462153483 1.3288719345926758 1.3348977237081645 1.2499559893768812 1.681875413442104 1.3675445820256895 0.9475101068312888 1.1200721271662748 1.144290731166991 1.4802074911045822 2.0192627142580504
2.2480663345384118 0.012364864945102538 0.12539501098584752 0.19519664742174395 0.011872616369154997 2.0659074397248105 0.9619214335531638 1.7160638215363524 0.8366521552305829 1.6801846508127716 1.5720798061732784 1.0810047597907195 1.2660205364885841 1.111915525387872 2.11818135408693 2.0186777493597927 1.628110270983883 1.6372223877399499 1.4327167904388762 2.2829240902980414 1.6976030722887776 0.745287041640082 1.1110744919262932 1.1906111089611104 2.111549365524629 2.0238627966226033
3.0300351572247872 0.013776498475004196 0.10811148125893055 0.19999841760926387 0.011702107271552936 1.473352886339824 1.0550789581454474 1.365898777637168 0.9916934652841299 1.3530393100075422 1.3061484835500887 1.1020763470585566 1.1767185074741378 1.117064555046189 1.4850034097540021 1.46134689333405 1.3287124821514924 1.334772398767548 1.2499171537114426 1.681508685978562 1.3674974914685056 0.9479015485255158 1.1202473160012836 1.144360945246368 1.4798641760400073 2.0192969988833696
3.0253812728423526 0.01366900664776668 0.10932719726960288 0.19991563535202775 0.011497588784591678 1.4936178745572959 1.0657847851560407 1.3837136416159703 1.0011495680104223 1.3705196229300918 1.3225498105577076 1.1140192467773384 1.1903497183914622 1.1292563058129015 1.5056542442932124 1.4813656333867338 1.345835142746011 1.3519007063334192 1.2651614321552815 1.7060928404774962 1.3850053864638028 0.9562030419764852 1.1323777741520584 1.157285871335764 1.5005156762518985 2.019201223923126
3.0354215192785645 0.013653316775707284 0.10908839717197699 0.1994357860305546 0.0115713567503439 1.4887714994509629 1.0624764189792213 1.3792963899584658 0.998055795055344 1.366152987182577 1.3183591894735982 1.1105599207616608 1.1866307351101386 1.125744344878342 1.5007853524424533 1.4765832773974914 1.3415626557853682 1.347602497466302 1.2611760517928634 1.7004072506182586 1.3805738288664648 0.9532413665200242 1.128845465925486 1.1536731938930012 1.4956504538729434 2.019211521328016
3.024808591652561 0.013649145059569144 0.10969335057679667 0.19939353879515082 0.011454949802149783 1.5029048886846619 1.0648513469997827 1.3901678562401303 0.9990042962971497 1.3766268966531785 1.3274652242731237 1.114214299083414 1.1922347407239662 1.1297344464881787 1.5153348736342815 1.490355421902284 1.3514311466590554 1.3575751115014831 1.2687566552701934 1.7210508779992733 1.3913032618459826 0.9530774564781582 1.1328521915914662 1.1584432561649565 1.510119294854616 2.019187423202688
3.0562639296702216 0.013743012363287696 0.10845392297414516 0.19995410351616813 0.011610999546249905 1.4789926457613993 1.057493196545286 1.3706990767456033 0.9937275489469284 1.3577237875704453 1.3104665810565772 1.1049286403706804 1.1801300184699108 1.1199868660926873 1.4908037943014951 1.4669147991817777 1.3333025081857353 1.3393470810883172 1.2538599594815132 1.6886467025431415 1.372150813150197 0.9495367391720329 1.1231287815760866 1.1475374743735751 1.4856685572444437 2.019249048352107
2.8151380331523077 0.012574779547535416 0.12108154529347026 0.1953230115784292 0.012730072395353202 2.0848390915557915 0.8722557754386007 1.652354412049314 0.7467582124395403 1.6108194755303233 1.5040924971584582 0.9837557490762038 1.1662527355202525 1.0168183939704 2.1130808682393396 1.993091159679634 1.5536603681157022 1.5637730534180847 1.3425713147086524 2.4373778402054653 1.6317107827884798 0.6445674925644231 1.0189140851204646 1.0949162235849268 2.1774642877321626 2.0325597442787275
3.0327829762065592 0.013762996907711829 0.10828028006094113 0.19998270710974864 0.011672137483913566 1.476677300859531 1.0564314099329186 1.368679024944068 0.9927948292435493 1.3557537767073793 1.3086348223609918 1.1036404309894343 1.1786128588494644 1.118688400634683 1.488393283507583 1.4646092216112436 1.3313220055853934 1.3374030953112808 1.2521460311938393 1.6859307101085674 1.370266980910339 0.9488202108681042 1.1218787486865833 1.1461141620712116 1.4832399047872684 2.019294063213261
5.351461189501453 0.007897622332443255 0.1477689002002056 0.14621034288574997 0.009855109270138544 2.9705005451539717 1.0692118968076607 2.302760246297896 0.9048435942386001 2.2383165581827855 2.0106242592730634 1.2330376618025038 1.4932945870860417 1.2772547655008815 3.0365890663489825 2.872613012579621 2.1490715857868565 2.163061234647027 1.7814182689605564 3.984700027275941 2.278811193579002 0.7874694650947199 1.2806667058219385 1.3832315693278545 3.0529858765340094 2.0877642775045517
3.0289700089018314 0.013677675495072813 0.10918983595061547 0.19964018681434706 0.011505778890461164 1.4925703826319074 1.0638146305944138 1.3822560757187508 0.9990955287263488 1.3690469314637186 1.3209530488490826 1.1119899877035448 1.1884044966134921 1.1272894794246784 1.5045919848239042 1.4802533272014804 1.3442026773646296 1.3503553490270712 1.2633781762745293 1.7063503270863163 1.383743062176082 0.9542791394327597 1.1304880142410578 1.1552929866285064 1.4993859276917327 2.0192972712963426
2.5336578722546355 0.011837342984432132 0.12647643899831656 0.1932317778585127 0.010854013027774853 1.9776251884111862 1.086165051783826 1.7287941521838002 0.970416688763626 1.6995813025082198 1.5975156077763852 1.1835240029607395 1.3322892221755605 1.2104814853846235 2.0059183484001673 1.945667145215302 1.6533110036623389 1.6614025168042117 1.482876948663408 2.3594812148374777 1.720297573916865 0.8820018262810762 1.2130631212235874 1.2682527754248976 2.0028150836545167 2.0247815672325657
8.259664289022657 0.008500276343556467 0.15210490638387192 0.1629799767042657 0.008130258420945223 3.3863217047885374 1.0924093300532183 2.5546571822657413 0.913692075694227 2.5127694002695264 2.1918505990298076 1.27732637010434 1.5996502132016732 1.3247265867055504 3.64929017502999 3.227834018359252 2.3120403141180828 2.38361709919984 1.9708832659597506 3.9998643615364795 2.5096715232517406 0.7863272514190726 1.3285322016081744 1.4581413283136853 3.479517602313543 2.1068534077862062
3.03348447432461 0.013769749469352721 0.1081574161200617 0.19998044211279115 0.011695621756469335 1.474195877527755 1.0554763689197106 1.3666189723172795 0.992032128121195 1.353745792686504 1.3068043531025995 1.1025222312515726 1.1772399026436475 1.1175249918131158 1.4858604124115127 1.4621762267552298 1.3293951968086763 1.3354607566131083 1.2505147608423333 1.6825966607015233 1.3682203503572394 0.9482008276811082 1.1207106655210775 1.144850033486205 1.4807166559862528 2.019297958959533
2.522743795593754 0.010970199672735888 0.12762965076454733 0.17294058792569325 0.010639925782653813 1.7645722978998923 1.198619850543213 1.6242961302623036 1.112474198168884 1.6064121050973965 1.5430911235488056 1.2651189517408405 1.3681429657102258 1.2849138215707778 1.7815022741252717 1.7498190098644033 1.5752973818390674 1.582149535502461 1.4678341612022625 2.0201388025512896 1.622452963400044 1.0502176524488724 1.2879493276688638 1.3238735261915584 1.7757539291563604 2.02207427271761
6.245422459499558 0.006119444981005381 0.14577067989470313 0.11334649207330878 0.012850022941714324 3.0666739885057233 0.8940681934945921 2.232092772978947 0.7417506871430241 2.1611407517799868 1.9084101766428228 1.0811224730152718 1.3329306732444486 1.1051288636636454 3.1857288425698522 2.9403446554799055 2.096245254016953 2.0965717267574493 1.663708371504452 3.952409456091492 2.1851131299602136 0.6287914725386894 1.1118928386172178 1.218928054964735 3.16767030547557 2.104918284932402
3.0230135363160078 0.013694327638984007 0.10860575307007071 0.19989249951191068 0.01177266059650995 1.4907558454443193 1.0517643114282633 1.377619628703526 0.9859725115532003 1.3640218611734862 1.314713911684933 1.1011491460116034 1.179232424025897 1.1166665735500947 1.5032503532076464 1.4781544237438928 1.3387623657249268 1.3449127934358873 1.2558763683903074 1.7101700743748423 1.3786693801145533 0.9400398232819341 1.1197589193174005 1.1454013706716841 1.4980292647202373 2.0191198342779284
2.675233932669041 0.0083856377926011 0.15186355995215622 0.15835640632747713 0.009647893148890854 2.9785184327732623 1.165018122299049 2.365667282005329 0.9949010073914971 2.3027897866159734 2.086390175607103 1.3232159332397677 1.5800488983030965 1.3674676366839709 3.0361158198775042 2.8876663723158136 2.215485194512774 2.2314019083402883 1.8614090505894658 3.929790151772666 2.3455486813287183 0.8747532432030116 1.3725656090793765 1.4711350916408175 3.0509627049777377 2.073912096095653
3.0529475096030376 0.013735862504856793 0.10848456122883782 0.19998060609206375 0.011623886566363203 1.4800378989736203 1.0577468863100743 1.371540034613908 0.9938850589708447 1.3585356494782554 1.3111879127866282 1.1052860163682883 1.1806251666348415 1.1203626070313943 1.4918843427784212 1.4679400748174847 1.3340874226139017 1.3401301021492251 1.2544872548870158 1.6900511729860392 1.372960701116353 0.9495984478313909 1.1234965425293844 1.1479752492594153 1.4867514244599798 2.0192332772143895
3.053892364598843 0.01376439873476806 0.10818003657290473 0.19999854837060738 0.011671958444758181 1.4748320084089732 1.0552306805927814 1.3670205510611622 0.9917060646469825 1.3541130799849423 1.3070699467096552 1.102408735734941 1.1772740424341717 1.1174220196275095 1.4865551145511755 1.4627971323329017 1.3297518511023187 1.3358024836917421 1.250686774688248 1.6836433770581833 1.3685534385802733 0.9477561463289339 1.1205841926613864 1.144821925962786 1.4814169312723324 2.019273483550432
2.9275105975886135 0.008775265742284792 0.1475761727706888 0.16274235693161054 0.010190476960501396 2.949995103613658 1.0733585776313423 2.2983919808144333 0.907214824609516 2.2285842144261454 2.0032991270208274 1.2326607744314948 1.4909098502800489 1.2763869257428337 3.0159143510528397 2.8476073669795663 2.139790081544187 2.153554796447479 1.7766659202856057 3.999550405343514 2.272703387059746 0.7892865997106503 1.2804008289306248 1.3822449277017659 3.0333325537912295 2.0799334068633186
3.0417294469599034 0.013775751159821454 0.10803189975642188 0.19998530302795262 0.011715622957035671 1.4721083478042765 1.0543168451955662 1.364781613017022 0.9910008316483356 1.3519394434703134 1.3051049220125468 1.1012652288258564 1.1758240423067887 1.1162375117661443 1.4837460370845366 1.460118619992602 1.3276419933980061 1.3336952342792918 1.2489386488100327 1.6800060258960696 1.3663826721427272 0.9472575091479267 1.119416196523044 1.1435014713327682 1.4786083267046908 2.0192977939411456
2.463743661262022 0.010569918024772123 0.14146701860021002 0.18393717022650805 0.013020618822522041 3.4748294571937897 0.6697006259508268 2.5391272811315604 0.5229508178199863 2.9906546649888 1.7339769005019687 0.8556877963084524 1.249110254774995 0.8811417627392302 2.9344658359730786 3.3542156830667245 2.20766204861735 2.0262110299528726 2.5430190284578185 3.684546601473563 1.6277467674619759 0.41729270543899966 0.9795753582251912 1.0385406555896004 3.7195509921664924 2.19224375674942
2.09753214630986 0.006626990389797413 0.15304158607512233 0.12847789812450625 0.012969686185672256 3.534038086785872 0.9307476800920397 2.3830274824159208 0.7597628283143081 2.3157855290284184 2.025811311728293 1.1097377077874178 1.4050441358904195 1.156584764581417 3.5623007021384994 3.2756534884364803 2.2314511083330015 2.236513527732095 1.7559868839811454 3.999624392910024 2.317736868620618 0.6369066001283555 1.157210726657376 1.280170789194837 3.5976353280111257 2.1041495748124963
3.0401102009295085 0.01377258428354196 0.10815204405130742 0.19999738910379902 0.01168542388551267 1.4743418838707045 1.0552973512888788 1.3666708087123867 0.9918190212610565 1.3537861753268459 1.3068061543971012 1.1023778859110196 1.177147012340935 1.1173885535581916 1.4860196084713821 1.4623118129709372 1.3294198015719403 1.335487326232516 1.2504749751663935 1.6829373615955363 1.3682651572436328 0.9479586046998503 1.1205731377341441 1.1447347737192355 1.480873941058832 2.0192949784497833
3.0541272181974883 0.013710131242961223 0.10858215228928011 0.19998931147146973 0.011658468498666596 1.4850251781669275 1.0570455418654086 1.3749955749047298 0.992512216159957 1.3617929362688228 1.3137902443792824 1.105272303160717 1.1815751559156864 1.12049423728463 1.497104717045489 1.4727725541487586 1.337109523161432 1.3431681309493837 1.2563862644820825 1.6979264326391845 1.3762499214931907 0.9476090291749801 1.1235926016203188 1.148515412070821 1.4919548300192607 2.01916341411015
3.0717853451658126 0.013728990385872745 0.10849965562172052 0.1999998619090827 0.011589223870105855 1.4809252505734425 1.056997752401248 1.37190617040698 0.9929412723494194 1.3588568422749066 1.3113150036221923 1.1046472892563017 1.1802319216551342 1.1197885985261373 1.4928020789829521 1.4687586027679722 1.3342765399268086 1.3403691814168612 1.2543725155120584 1.692182422732957 1.373411492364059 0.9486001492591323 1.1229593433572178 1.1474694083258274 1.4876236457923937 2.019268914928174
2.7382591804646546 0.013113259375463242 0.11625279103609107 0.19670842787458714 0.010922955127402267 1.6339612066433034 1.1148046300793693 1.499848620051807 1.038134206990029 1.4836327691370237 1.4251774456920798 1.1734570236032844 1.265546992809633 1.1914509190972304 1.6491197296157403 1.6191546502105751 1.4543277110229824 1.4611884935479198 1.3560114343941043 1.8898633469233819 1.5002663016268323 0.9839433726498723 1.1947430377842327 1.225832208060675 1.6433298806899095 2.0198575904504903
2.902775600429329 0.012993754168862816 0.11346671334570935 0.1925803032534388 0.01157459291744809 1.591921529167945 1.050557034340036 1.4526204156319615 0.9711710833692806 1.4356174361097973 1.3746279318411039 1.1123169048735022 1.20850944206791 1.1307753256627788 1.6082492223326965 1.5767891158815064 1.4056258333434615 1.412315197037079 1.3027031223402517 1.8565729788789038 1.4512057974678763 0.9134905473055026 1.133545286487326 1.1668765858254573 1.6022392813299224 2.019021367043607
3.0057577013149444 0.013643851004698192 0.10959449941621016 0.19974992271259398 0.01154194378180715 1.5030849371409747 1.066282843751021 1.3905942806504699 1.000578695039772 1.3770955345537288 1.3280631301176287 1.115376625828705 1.1931464151344204 1.130888170031545 1.515413940375035 1.4905267498318706 1.3518770957787634 1.3580694837749345 1.269471100579075 1.7211970179726181 1.3918833480914072 0.9549180375365505 1.1340682011506646 1.1594622828755314 1.5101952243758072 2.0192434279445934
2.6180586238090586 0.011228518690448538 0.1244130019657077 0.17644350677648346 0.013073277120530585 2.1285732995928464 0.8868879257368175 1.6821146983906943 0.7594329415280477 1.640575420629346 1.5122497684118892 1.0122964075176188 1.1926583454852273 1.0385545505794762 2.1588852945833854 2.056684527551334 1.5902642934887756 1.6051201238841968 1.3748735012404463 2.468408028775712 1.6701917780244788 0.6587648477198079 1.0379848098863498 1.1158630494796626 2.1802093971883547 2.033539333242243
1.068682509205803 0.006843317741925484 0.14668731321041523 0.13105751057072146 0.014857678512354687 2.72462319202219 0.6502357859952774 2.1101555554648983 1.4298731356643672 1.8204581750192828 2.423903955570531 2.058027999141629 1.5204842955309117 0.8283658079420818 2.8769296590306994 2.1203518096176053 2.039864281237424 3.4598487386514027 1.3589573730094207 2.625906829517128 3.0955528835213415 0.4229901439441137 1.764107203543952 1.0788638217363524 3.06494241509549 2.3512615011605833
2.4261845395736925 0.011872058357641919 0.12488134943525084 0.18866748624782445 0.010441828837514123 1.7632235932446583 1.184111283626505 1.6182557077649127 1.0956709094659747 1.5999117612837146 1.5353711330089854 1.2518495147457278 1.3569948214872904 1.272025011971194 1.7801492929697462 1.7467423637507393 1.568122660314607 1.575112466890411 1.4587104711443242 2.010590817002492 1.6161552393126173 1.030966477626859 1.2752910044446948 1.311984471158536 1.7733580279444565 2.0206222248245487
1.4351924202545512 0.008982414085027932 0.1492429632654001 0.16622367720831668 0.012882480547170155 3.40294634708879 0.9095074979883212 2.218965274796107 0.7443384185430678 2.3312032247503227 2.077118357952103 1.0742545331616693 1.4168093460802913 1.149956778311687 3.442211583436246 3.1796895327071164 2.007379466863812 2.086760325401258 1.682146384062757 3.9992163962412657 2.1183583780888884 0.6232292399209908 1.1523933253240635 1.2409956137602105 3.492142014436807 2.111705535762167
2.423825129722464 0.011058930547568941 0.128477415137882 0.17914886601262764 0.010538586068455742 1.8456771897917135 1.2088479692983205 1.6807182593944752 1.1160216351294352 1.6606271625158264 1.5890074479829295 1.2812756687163527 1.3941414020873173 1.3029052811311912 1.866457890297763 1.828321934091068 1.6258036178021327 1.6335801847960494 1.5048901470177118 2.1441904391202455 1.6795851350027522 1.0489412238380535 1.306414879274887 1.345738224701276 1.8597144800481014 2.023358716164467
5.3561977705551325 0.012729554502580334 0.11640326813299291 0.19800263427941536 0.010543542326507055 1.7816455493498138 0.9780396723426423 1.5852121205207386 0.8682503077262728 1.5591858337585847 1.4681734345815844 1.0755108478905504 1.2225952507256583 1.1032092667647426 1.809496660713131 1.7634096992310797 1.5225778770945693 1.5258331805151366 1.364252796193886 2.103350188394894 1.5762545689290905 0.7819002842300936 1.1031421597687574 1.1612491816866655 1.8046620952798103 2.025039267182257
2.2796857407162125 0.009733062499523258 0.14357186390728013 0.17680650890885805 0.010790017017204138 2.7958473725738755 1.0384443350513977 2.2035839587940993 0.8774736768042541 2.1367419782877968 1.9259091284709922 1.1896169936513272 1.4369110560431544 1.2313972574012608 2.857847131083076 2.706214343422624 2.050205799394589 2.0642528689832904 1.70922930840166 3.9923584266058345 2.1753872845441387 0.7630339126082716 1.2353864918168027 1.3325159756629452 2.872413756113758 2.0798278275949396
3.149923336214427 0.013497133512651735 0.11430781711730285 0.19346813082002662 0.011964666940474237 1.7988593465356413 0.8692322091830508 1.551704703875085 0.7547258545155134 1.5383167853937294 1.422326406665388 0.9791829374261751 1.1370918112893122 1.0027702927661828 1.8289226872294908 1.7828004879096202 1.4854480055881478 1.502043900440864 1.299380993977944 2.0820540311694864 1.5601853882136167 0.6619281778636416 1.0044669004141829 1.069831503117456 1.829503104879341 2.027290552392993
3.317229777398764 0.008683454927030957 0.13668048268540967 0.15463106997613318 0.014075404034104398 3.2302450811846337 0.7636682063762118 2.0472427096833186 0.6153887704659782 2.0708602685290707 1.7818750645892423 0.9292234613168087 1.1981701707797097 0.9698970599443322 3.3311288030507353 2.998049579728441 1.8672728349195238 1.9562955308321113 1.5096171087992276 3.996193752857975 1.995615485978967 0.5076763824755592 0.9695377755007105 1.0862178298757352 3.242831888097117 2.122757691410392
2.925832223269145 0.009187832635427058 0.14540176235908878 0.16969612553098343 0.010598678498184395 3.1504536832931755 0.9869727170516472 2.339377804185214 0.8208924352276807 2.2516846180949277 1.9926346594125333 1.1534360260530552 1.4244387195289483 1.1977345494313751 3.2228510463977984 3.029234880165323 2.147140308919616 2.16556217979102 1.7310549078825095 3.805455234867049 2.2501591166170893 0.7020705082342823 1.2003543639138934 1.3108524227141523 3.2602354652030052 2.084532855707074
3.061911106274825 0.01376945951381247 0.10812715021367673 0.1999830444250059 0.011671131365337319 1.4743138598471026 1.0547253766886189 1.3664818203261255 0.9911944385535325 1.3535804311355266 1.3065379474860666 1.1018699401407865 1.176724916584947 1.1168936332080108 1.4860175155385946 1.4622693254992096 1.3291934091810493 1.3352627914359307 1.2501403260684005 1.6832323192983396 1.368068653991614 0.947289464384306 1.1200746876089005 1.144274746391265 1.4808649410424384 2.019292879739186
3.0472191179026122 0.01376451000511681 0.10817684301659176 0.19996739092422844 0.011682267347674451 1.4749459017621722 1.0553109635206581 1.3671102473007175 0.9917675851083487 1.3542053006030554 1.3071569287313343 1.1024621703674076 1.177328531647731 1.117487031931345 1.4866502594457374 1.462899959985168 1.3298155132628953 1.3358842546397274 1.250753352438497 1.683865101708963 1.36868851768203 0.9478476779182775 1.120667579761394 1.1448745272342271 1.4815016629017483 2.0192913716294996
3.0604904836164 0.013753736946553166 0.10826160737248575 0.1999966372590139 0.011653979796719484 1.4759014507947608 1.0553495787765264 1.367872741795386 0.991728753475331 1.3549276305077482 1.3077794853580915 1.1027044019607588 1.1777451107111032 1.1177237966894042 1.4876953749243107 1.4638581144498197 1.3305742860516105 1.3365945015831162 1.2513062287218335 1.6849529588524668 1.3692941715055065 0.9476030035448157 1.120844678876091 1.1452207604971922 1.4825715271873279 2.0192291249648378
2.1814868118581043 0.009726424214611127 0.14132824905437122 0.17494205105691424 0.011926991258346618 3.065596224145426 0.932648950808907 2.1741358253000014 0.7740836140753473 2.1689207020630525 1.868830262219433 1.0892821509986368 1.3467951813085006 1.13096058115351 3.0387821737577165 2.6765544910009154 2.059486949664461 2.0138002681098217 1.657332212096546 3.8910980524200114 2.150277510834487 0.6600585419482856 1.1328444427865956 1.2378042546258252 3.0532689735496836 2.0882181910813298
3.0456892327075886 0.013764528422139785 0.10818410968370663 0.19996278525608263 0.011681470545183648 1.4750259438989992 1.0553916415852014 1.3671915972960313 0.9918471463945225 1.354286491041117 1.3072381666007036 1.1025427438271043 1.177409502049811 1.117567707494328 1.4867299281029256 1.462979949615038 1.3298964319020072 1.3359652297517122 1.2508345163637802 1.6839418733966545 1.368769492592668 0.9479262656816765 1.120748425283487 1.1449554481430317 1.481581766475455 2.0192916641591476
3.0577587325161355 0.013766446010508145 0.10816963354245894 0.1999975541816018 0.011667290554908054 1.4749985471314164 1.0551365409484095 1.3670947656800225 0.9915685513512045 1.3541834547689964 1.3071091449194656 1.1023115769954905 1.17721383334055 1.1173432422765774 1.486711497172382 1.4629457241311616 1.329782269577621 1.3358538041649526 1.2506761036261853 1.6840599178202427 1.368676241435471 0.947633785572563 1.1205247458859982 1.1447438482511536 1.481558809081517 2.01929049206806
2.9786709183731914 0.013487339246623993 0.10924593706651198 0.19934979215252924 0.012053661563873013 1.4937372055171736 1.05806833330834 1.3815336200407589 0.9925898015313734 1.3680820190537684 1.319182708346491 1.107074222538497 1.1846345025747362 1.1225343966638806 1.5060587983666294 1.4812223550513872 1.3429486522726886 1.3491180691525049 1.2607526217318568 1.7110191758896467 1.3828087855584068 0.9470682816047342 1.1256997727697333 1.151048000940225 1.5008859735154858 2.019255486314702
3.0756318066826163 0.013784810885091906 0.10785197305120842 0.1999991028706302 0.011713878044391873 1.4697447809172615 1.0522763195418046 1.3624830723661443 0.9890274856237086 1.3496547068335383 1.3028574386824878 1.099189165737564 1.1736825774254125 1.114148674617733 1.4813781633986856 1.457765461071738 1.3253794565514803 1.331427979830855 1.2467357123432652 1.6775268727359045 1.364091991056559 0.9453341880269386 1.1173224637428565 1.1413852044089816 1.4762345423374539 2.019299487906154
3.07998290948407 0.013755040880436534 0.10815093844753265 0.19997665057970462 0.011656372771570434 1.4746766122817037 1.054042615594654 1.366545236030867 0.9904074193043573 1.3536086720909974 1.3064458111632422 1.1013159935813055 1.176339881863486 1.1163627038074144 1.4864323591269513 1.4626053919285769 1.3291863588234598 1.3352551254108211 1.2499232067325048 1.6841819693547622 1.3681012976598483 0.9464016206772511 1.119533211363435 1.143815649657006 1.48127011761849 2.01928394533145
3.062123852912493 0.013762057739385963 0.10817586792907462 0.19998471337912546 0.011667027279144872 1.4745738982873522 1.0546473129795613 1.3667053835914793 0.9911101587949536 1.3537812721985123 1.3067040751461325 1.1019234163014187 1.1768537039326736 1.1169255669458524 1.4863436138560633 1.4625466346496614 1.3294545245770133 1.3354727546886813 1.2503086516514759 1.6833444069700727 1.3681392494820326 0.9470575301973981 1.1200485178689843 1.144375875422413 1.4812212970974512 2.0192363947851324
2.7126176947705214 0.01285660570761966 0.11791877553931854 0.1991274425621835 0.010921950037295848 1.6623800487746216 1.121823774738023 1.5229980600350852 1.0423631850025534 1.506059679542684 1.44515933684926 1.1831428979689127 1.2791186356313216 1.2017701934743776 1.6784004071126675 1.647150047110469 1.4758271855857015 1.4827616340817062 1.3733026249960945 1.9250826382849984 1.5229390759039945 0.985890290950494 1.204975817304091 1.2377833999222818 1.6724567550778588 2.0198671202034055
3.031436914628746 0.01369254133724762 0.10907343840894033 0.19998230827846541 0.011531456813524656 1.4900641135590504 1.0632319217333293 1.3803079916148921 0.9987506551865042 1.3671557360734738 1.319282028329487 1.111217907924153 1.187320056182163 1.1264492154407169 1.5020272798528622 1.47780756873349 1.342426830858961 1.348543696924441 1.2619660095747673 1.702692652297376 1.3817656388763178 0.9540735147599093 1.1296308259208276 1.1543448787691035 1.4968552960580546 2.0192644790389904
2.194475167097806 0.010136242826802965 0.1513090680564762 0.18283541885044063 0.014623059364143948 3.0672283423270805 0.8734388301820945 3.0002983604229545 0.6954591817579165 2.0128066336178843 1.7567200729362187 0.9944617249473543 1.2252922041388972 1.0872206177867876 3.211523733920178 2.236397799830306 3.049889909437095 2.2295502952260025 1.510344387991551 3.9796088632000997 2.0890598745681204 0.9648755652289747 1.0390123712417283 1.4679825234403443 2.861358949379577 2.1551494273682135
3.720557046714303 0.007767717701529254 0.15742779134768928 0.16003015982942873 0.010019062563023574 3.4758695994458626 1.026212980975049 3.0210577863066286 0.844460821731785 2.7019217693730537 2.06784878577161 1.23952169664136 1.6284857945328342 1.3423568800210248 3.7889610488332623 3.4917357979981962 2.9075931343203707 2.5170297740283263 2.6005317675522566 3.495402545206789 2.8122852332416075 0.7150507973491034 1.2656119561369683 1.4697540678542766 3.6694642880928696 2.123500705174744
3.0468947093913386 0.013770145999483922 0.10808407663809305 0.1999914608845458 0.011706412972472555 1.4734203069688354 1.054664791752865 1.3658237109606737 0.9912322132801575 1.3529494425408835 1.3060032748711503 1.1017177044689164 1.1764359526868287 1.1167180020477696 1.4850916369206952 1.4614001680551618 1.3286029073709464 1.3346652991103205 1.2497125472759274 1.6818631672635596 1.3674153806402136 0.9474008236376162 1.1198982033596312 1.1440450744713 1.479946791378995 2.0192940449701053
3.0716683630913497 0.013703489262190236 0.10876319849907465 0.19998519870645395 0.011524671622404191 1.4846671271594594 1.0581563486705388 1.37494746261927 0.9937833518495583 1.3618112520888406 1.3139750475021468 1.1061170858087659 1.1821410396767793 1.12132810119475 1.4966540018407937 1.4724340187601328 1.3371252459928986 1.3432277690705294 1.2567124433616532 1.6972776473442428 1.376399779970789 0.94917922824369 1.12448778212364 1.149188595529807 1.4914531688759605 2.019256654183663
2.8351737555257546 0.013750263606882142 0.10867869491761202 0.19996994777025423 0.011669899052647972 1.4853389183084695 1.0560025090454623 1.3751566647061657 0.9912112105018704 1.3618534568208864 1.3136878963948013 1.104479268660598 1.1810912652647367 1.1197138805957636 1.4975099211023042 1.473084705731223 1.3371671318296352 1.3431745715500591 1.2561464910688669 1.6981935150388883 1.3761256168863834 0.9459141350313366 1.1227508769570664 1.1479120735847201 1.4924281176548075 2.019150296305223
3.0774537844774663 0.013733773500735154 0.10835197950964248 0.1999127761200961 0.011580966200797549 1.4792793362660122 1.054642407862473 1.370156832405417 0.9905403518217409 1.357077291639259 1.3094652033132483 1.1025206017453073 1.1782614359766692 1.1176428030518153 1.4912622078850375 1.467141370345192 1.3325808943904995 1.3386018658421208 1.2525018505536794 1.690311075523012 1.3714684652218518 0.9459716963863379 1.1207299641035857 1.1454403462216156 1.4861196940555594 2.0191798598946864
8.684611903649726 0.009159452199791453 0.1579379623110004 0.19178755653215146 0.009897719615863696 2.556208006948901 0.8401112435045196 2.1120589601963378 0.6937882891176255 2.1287706275195784 2.737456416852236 2.3296035777241317 1.3309053305729788 1.0061934221448015 2.8628970642385627 3.8213627252482767 2.3375629680325996 2.0069013332940964 2.1968037745653017 3.2024187882161326 3.378966299785613 1.2280345261354524 1.3711876978825497 2.449950422869774 3.224621162113029 2.258188580545834
3.0641258889158394 0.013758713329414687 0.10819408736609203 0.199992322416324 0.011665067896904217 1.4750960855416362 1.054418121159982 1.3670204468208296 0.9907950075082463 1.3540710171780015 1.3069064068768896 1.101780236229364 1.1768345199925982 1.1168021116058793 1.48689674860053 1.4630480532085848 1.3297078809222072 1.3357305039772165 1.250414015054871 1.6842718162878703 1.368438038553835 0.9466674719209467 1.1199224455202519 1.144302786612272 1.4817680824494843 2.0192292626969923
2.424842513703949 0.01119082214914672 0.12805051075179566 0.18114538014466983 0.010485422716977786 1.840969912440582 1.2091244048728744 1.676256819749823 1.1168776615295237 1.656452599423026 1.5856364509967074 1.2808760282117795 1.392722741458092 1.3023307439799585 1.8594320441847536 1.8220561047172967 1.6219216582228149 1.6296542279246264 1.5023624539203346 2.1331264111759096 1.6751646826594184 1.0501267238228895 1.305874863140056 1.344723720766486 1.8526086905745693 2.0231637466175
0.4814087225063764 0.01209643081209535 0.18054613951363088 0.19513689640006562 0.014588671924139079 3.1703887731164166 0.9878776396605881 2.2153060903068416 0.8010107613731637 3.597552489736809 3.527834204344653 1.061566659291824 1.6197494652006 1.1230932321155565 3.8562755440758694 3.45570495580503 1.761943765925228 2.578795873200618 2.8797117728678843 2.6212044422539313 1.124782341082611 0.4889194944293923 1.1304666179998977 1.2305422945644748 3.4506662371045045 2.3436916963895484
5.80199697775706 0.012918384060541396 0.11023664117019608 0.19316491345901493 0.011839445518722505 1.6882751617264482 0.8860323749996077 1.4905764262611667 0.7832790587041629 1.455778083502733 1.3624860644288508 0.9797100963031622 1.1215254395464425 1.006402768024209 1.7160412419817221 1.668191211366526 1.4162036810483447 1.4220082663663098 1.2605078980229991 2.0907694255118487 1.4729952409845695 0.7022211496164112 1.0058788321839467 1.0620401239420445 1.711098264114894 2.0294009498834074
4.358875537213799 0.011855349117607319 0.12627887181798822 0.19937449816849998 0.011602702345468716 2.6066974622218857 0.8395508070832148 1.9324005398887332 0.7004462714374646 1.8691337743719338 1.664098589876825 0.9802657037191105 1.2069655071073182 1.0173875565307358 2.671884309496111 2.485756249039227 1.790774054019854 1.8011726222032014 1.4605489219416892 3.4196947096988968 1.8984685646536967 0.6000096349652904 1.018578650137999 1.1101155995410799 2.670775174009488 2.0795089336922303
3.0434719202559615 0.01377095893469942 0.1081350541564115 0.199989463786039 0.01168855980506519 1.4738990469650814 1.0551467771511973 1.3663144635505342 0.9917125925107272 1.3534380966073958 1.3064925918453751 1.1022096825252614 1.1769316538249994 1.117206765017012 1.4855758979457536 1.4618825359947454 1.329099573408598 1.3351559841962402 1.250207041281914 1.682294290339095 1.3678903752489564 0.94786527499526 1.1203821144000323 1.1445403059979635 1.480436917197454 2.0192892211728517
3.478864838757408 0.008962229868543739 0.14589054289276038 0.1657161666218755 0.010037280378894764 3.064165614791846 1.0388736303189345 2.308654459536504 0.8733899276467693 2.260697232948452 1.989799857423581 1.2018415177493011 1.4650579737908163 1.245815946031396 3.1117984210814136 2.9117036867967454 2.1400742422565364 2.1589852633710653 1.7601302186036378 3.8408170082796165 2.287674631697537 0.7554264801363869 1.249184743051237 1.354419078311855 3.113686300025799 2.0821851674321787
2.2860321230572866 0.007197749532236646 0.15207233975539233 0.1367986263894989 0.011234935448513986 3.5588660210524248 0.9941861311149804 2.6409291995440833 0.8210427649581475 2.6363153617398414 2.0495564010167153 1.1703927788660808 1.4759822104412397 1.2166889595932637 3.192881581161707 3.1783129544312287 2.243873871702171 2.4633224941409013 1.7957694143782579 3.633077049384344 2.5570441157381807 0.6962392151609336 1.2176142522086197 1.3372669979212204 3.3856230366858893 2.110826029445913
3.075969836791155 0.013735800978603614 0.10840663204986518 0.1999887934815364 0.011602054742604366 1.4793459667715678 1.056093683841698 1.3705080831173606 0.9921297613144829 1.3574814563878081 1.3100174300268954 1.103671011521243 1.1791398111690397 1.1187906714430953 1.4912023750675127 1.4672006514421259 1.3329387705508666 1.3390232677377474 1.2531640372714596 1.6902384179255983 1.3720156311071434 0.9478543213804197 1.121957208443175 1.1464262440643884 1.4860274685627846 2.0192690570319707
3.050576581748904 0.013718554589665647 0.1086393212866969 0.19992919886601485 0.011615426658249082 1.4830223820075228 1.0587388616956088 1.3739728995290217 0.9946243209260215 1.3609016009892598 1.313323134552469 1.1064923907124058 1.1821647082842948 1.121628403306719 1.4949363749100353 1.4708618371172397 1.3363496862801707 1.3424121148155228 1.2563635232885364 1.694149156282015 1.3753777492357329 0.9501490127034858 1.124767345906114 1.1493719110766571 1.4897871828112144 2.0192327351880786
3.041138975679333 0.013776993990623718 0.10797703130870964 0.1999999843276206 0.011727818640901262 1.47110938656747 1.054376332602822 1.3640728905478687 0.9911660506804076 1.3512728000402798 1.3045634853173613 1.1011896103820507 1.1755750109739218 1.1161438809674329 1.4826900765665638 1.4591463637904498 1.3270066450213853 1.3330673680490406 1.2485201034176339 1.678446708981928 1.3657366871407528 0.9475469818973771 1.119339894112516 1.143325581078083 1.4775479817350015 2.0193157691797317
3.0798641649932597 0.013753449062207386 0.10823979172642204 0.19976175568027968 0.011628932137594916 1.4762003107558994 1.0547993067027088 1.3678571398135084 0.9910659632730527 1.3548961335309362 1.3076462048132698 1.1021574882902503 1.1773106366371302 1.1172289738766072 1.4879806269055886 1.4641055988923886 1.330434355870058 1.3365124721216417 1.2510248645795927 1.6861149913539764 1.3694124678706814 0.946989514249004 1.1204022353564764 1.144732010286227 1.4828126646432953 2.019297142758446
4.218667239070848 0.007399896048637596 0.1283056512614276 0.12641325904129352 0.011302588438072145 2.7520262251415337 1.2128324205224736 1.9415888398226273 0.659428698282214 1.9987323174764564 2.8640503864849887 0.9710924389837462 1.5932996109027342 1.0129330213905205 2.438683024590855 2.3373803252407077 1.9998954747711934 1.820861240262305 1.4904079538212143 3.3377111733298754 1.8998338935572863 0.5559378240406244 1.1311362003877454 1.0413283453358142 3.5194717506793927 2.1612896009890674
2.29558137106331 0.005395055860097809 0.1593721040870718 0.10663757095025721 0.011708417393964379 3.284041293494116 1.1149414831247193 2.4794716470293143 0.9380185589384794 2.407993891254364 2.147457697656883 1.2886515667659106 1.5700616194837234 1.3366178247933487 3.361030220001469 3.1514842721074596 2.304680365607426 2.329228617042594 1.8872781496996995 3.8804778587659983 2.443612540028165 0.8123837792566003 1.3389467088588878 1.4509965849034516 3.357836054371355 2.080904346330575
3.059032003215177 0.013769079367405972 0.10811478488351656 0.19997795311872435 0.011677112346499515 1.4732845590384371 1.0546809282629548 1.3657683269611556 0.9912961382571954 1.3528901779414426 1.3059651235090464 1.1017887435539153 1.1764944282824934 1.1167602557022187 1.4849931780439982 1.4612902701397545 1.3286132613728783 1.334632654564182 1.2497313166218182 1.6814118703424623 1.3672504675749693 0.9473963969323437 1.1198960691102535 1.1441127254127135 1.4798751145944773 2.0192570536310237
3.0596558501768643 0.013770799311624417 0.10812697409902275 0.1999713384773766 0.01167165522094384 1.4742278617435054 1.0548048812152877 1.366443496253977 0.9912918777673351 1.353547629668874 1.3065244550432138 1.1019311708832267 1.1767595342214472 1.116950586995426 1.4859245646672745 1.4621881701627502 1.3291681563661786 1.33523650790297 1.250147747051264 1.6830487876395244 1.3680328696951798 0.9474013929586741 1.1201321852172137 1.144320935507863 1.480773434113401 2.0192944616368935
2.2439172090458017 0.00904257126671697 0.14195068926272195 0.16380850899941654 0.012694817843103579 3.081834563437993 0.8923960255525586 2.1951380763089468 0.7345055894806467 2.1115445347019945 1.8576380762526872 1.052744567282809 1.315938298613465 1.0949690952986397 3.1417274377802973 2.979458352709477 2.02740401375149 2.037635823734324 1.6158181860547578 3.7121343366315673 2.1491433087895757 0.6208161706453236 1.095987882471458 1.2045718035801114 3.1837951804078752 2.092680589392337
2.3009138373198215 0.010340681756011903 0.14193636475934468 0.1876277635542832 0.011488315907517501 3.3871156436914243 0.8752635776237454 2.5159040805074406 0.7119492951170276 2.1401582977500575 2.091678977492389 1.0433506545927749 1.3217024020108887 1.087053952392148 3.4421769829195843 2.6835878929614814 2.2649900350015924 2.0938764885929584 1.6434441462917961 3.6457893930788634 2.5222959337978543 0.5943323957989519 1.0885010933903407 1.2051899664764525 3.5258707268612937 2.1224641273266056
