9.999753945261396 0.007536606502439154 0.03150530100030507 0.15912275820272315 0.017699565730430637 0.3492456644319383 0.23444488121929433 0.2969300576942621 0.3859430636211796 0.3170688688744034 0.3260057986735657 0.4289565595313507 0.6371528945745447 0.4764014830369786 0.5780875065609843 0.4486608193597641 0.4848228152237001 0.27800712075607265 0.363679462594973 0.3694268783597655 2.02541323543199
0.39180340309779504 0.006573704913683613 0.09319163525806394 0.18449239754591465 0.0054878134894203205 1.1374146861599812 0.8987326391632798 1.0404754300772774 1.2066162899969999 1.0823919269619597 1.0960333267360003 1.2785506052336613 1.7773080608138476 1.3593656422667115 1.5319121306941472 1.3068705478008282 1.3811233927060305 0.9993691935775163 1.1650799454251977 1.1763599651772307 2.0828075283801253
9.998652040230267 0.007203890783610632 0.03215315428560202 0.15233838914215303 0.01784226888922907 0.35063265885905615 0.23395014814147233 0.29737581276665487 0.3881484324086976 0.31793429116682786 0.32698930390135916 0.4321248057819199 0.6464236073911477 0.4807685748244706 0.5854453747791186 0.452341692268524 0.4894440544514948 0.2781661851639787 0.36538444819890087 0.37126132487706204 2.025428121319017
0.5011885125792783 0.005507512895562573 0.08284164138360144 0.15574507174265084 0.007165413233245589 0.9035190360454541 0.5956819358559025 0.7666368434062 1.0029204272098295 0.8186807298173033 0.8413015615244729 1.1170840226175809 1.9322106956843093 1.240983688890589 1.4134484477418159 1.1664793843776011 1.2679828071311359 0.7153271101014635 0.9410234144340751 0.9600030903023492 2.1030459654657623
4.154580606331328 0.002268322422724994 0.09157466197673679 0.11496567304093568 0.006574712230463749 0.9735267683384903 0.359296512953446 0.6345647450221573 1.2554525531164225 0.7245292194746282 0.8055895383176055 1.5453127119851926 3.669881173326722 2.421192118257147 3.7909793136617966 1.9906730280572773 3.3273245456582217 0.556794660672055 1.1220393193460219 1.328619548270707 2.393315739783559
0.3455223649408349 0.008095963918862345 0.09902737236300597 0.19996899136564675 0.004765144253950859 1.2507112767335087 1.228171130730683 1.2410031456478743 1.2572847588102771 1.2454448894782508 1.2467509886956365 1.263657313676496 1.2925023917721556 1.270353538206224 1.2836998618697903 1.2665450612791354 1.2718802733646837 1.2370302407191427 1.2532623546821426 1.25432540973283 2.060110898041236
9.99976555858581 0.007705831827783479 0.031224249505160655 0.16229039362482292 0.01768498218602775 0.34922576867875504 0.23450788984158583 0.2969612906719436 0.38595210100565736 0.31714455899879523 0.32602553716717503 0.42890400223905045 0.6372614968492267 0.4763321502932729 0.5781226125869573 0.4486120803179916 0.48481642083514137 0.2780568374997512 0.3636577349852503 0.3694131687060095 2.0254316478236096
0.34161062305658363 0.008157952820527056 0.09996909511076048 0.19999999997308043 0.0046700401603300525 1.2699122461447556 1.271529438843786 1.2705561318751217 1.2694842745265262 1.2702579001595566 1.2701730245126135 1.2690844662515177 1.2674808569406413 1.2686699640712706 1.2678734568660548 1.2689039132458135 1.2685749970349203 1.2708222614942275 1.2697456351371057 1.2696762011045812 2.0595932175753666
0.22944905112592132 0.007826239296595974 0.12962067019274648 0.19999996631713 0.003593015233434853 1.6905018649082038 1.6800545356780339 1.686263526848037 1.6933399617057328 1.6882153970970768 1.688778201575812 1.6960199734323531 1.7070407299573493 1.6988143446301534 1.704242247654722 1.6972318552333192 1.6994546328992235 1.6845219541705438 1.6916053456138114 1.692065403467071 2.0681217522578117
9.999989522098135 0.007589890195231912 0.031139556019283223 0.16004822336511915 0.017935756177463732 0.347891878024006 0.2327533505024494 0.29540346139245943 0.3849051209817273 0.3157322745279578 0.3246168568253506 0.4281323259427773 0.6386682976475682 0.47595513391418903 0.5788210915212686 0.4480191316593517 0.48454747639518225 0.27643457595021065 0.36242587700564316 0.3682266443451271 2.0254383417464825
0.2987368989868866 0.006483255639387648 0.10600183151460478 0.1828913773035659 0.005075466987725799 1.2714927970901304 0.9598626840801483 1.1449361117404608 1.3645599938426567 1.1996361387654846 1.2185112701713041 1.4587406359232014 2.1211188669199115 1.5566411909978868 1.7446440191700174 1.5011012796580077 1.5830711841589804 1.0899561450510367 1.3085898454186862 1.3228716063601549 2.094379606432074
0.43391418025365003 0.00844278111108959 0.08706075733603842 0.19999891300064337 0.005505413919598768 1.064700363962143 1.0619490830265066 1.061926638163623 1.0667394338481235 1.063229041978631 1.0635500132461293 1.0694796794110397 1.1008870540053193 1.0727880814321933 1.0825492430868175 1.070974808917229 1.073489295081187 1.0608350184982973 1.0654904030628278 1.0656440694820397 2.053620304873259
9.999924545272522 0.00778127952951494 0.030840096590020488 0.16378099729902765 0.01785213002189485 0.34766271408586147 0.23314985761667878 0.2954909779660196 0.3844151858030272 0.315695869754509 0.3245266849967808 0.427311317826558 0.6359069989092585 0.47473832219637785 0.5766613528659891 0.44703340143451 0.4832660335479174 0.2766204068134417 0.36209231667559666 0.3678530141040657 2.025449217597744
0.40377050080587096 0.007208694086617358 0.08959267599063758 0.19067888095749727 0.005754598692083669 1.0635876717808874 0.9269935006173713 1.0043355913641188 1.1072144966645476 1.030120499147424 1.0376462938101219 1.1551611927040608 1.6183872520033795 1.2132483851857667 1.3530597691508495 1.1798607493908628 1.2190188177466676 0.9814858968847439 1.0812046609109554 1.088271892868554 2.069570591116683
0.48280567976703137 0.008685527608170875 0.08228584077429338 0.19995184852347625 0.005851816024718 0.9930724727511641 0.9993076122756359 0.9956554133982259 0.9912500917771867 0.9944890898527468 0.9941472656717143 0.9894533312145002 0.9808694028744892 0.9874977964716585 0.9833556925678489 0.9886176338644527 0.9870391815189474 0.9966878487088296 0.9923729688690361 0.9920784107894091 2.0516148518638695
0.31874361844057925 0.0072451269727602545 0.10124427685718888 0.19997917693809641 0.005101294884179898 1.2413911099960666 0.981666987262219 1.131164087311482 1.320106929606569 1.1773518425025473 1.1936133167165053 1.40130628299776 1.8147354317141926 1.491012546723457 1.6873233996831167 1.4383459396652387 1.510795064125697 1.0869485566135773 1.2719350871892616 1.2844633703589214 2.084236363038051
0.49941625893616687 0.006896289889608578 0.08247009780369716 0.18081051887401894 0.006799838770707853 0.9136574304177224 0.6971709842927388 0.8052463405547887 0.9866400024545859 0.8472448397878241 0.8667276627959567 1.0602824653181973 1.5904815841027138 1.1316969238265038 1.2459998355674793 1.0907800670292087 1.1493508222881677 0.7711370779678477 0.9452355375917133 0.9569440137010712 2.076230979276182
9.999362142953068 0.007851846535884641 0.03074573694540063 0.16535711899636943 0.017790085686065413 0.34776960476266217 0.23351110409847592 0.29572702759204816 0.38440002115506333 0.3158713113270304 0.3246861711514495 0.42715559247816204 0.6348315266396739 0.47440504249198845 0.5758740212015292 0.4468035124829098 0.4828946315532475 0.276896176170759 0.36215254080984205 0.3678943041036088 2.0254537981155187
1.30669831303421 0.0032532241377022063 0.0888466340015976 0.15144632644763936 0.007609217976181382 0.9767852198769349 0.2610744227419875 0.522508000164232 1.5056208021676676 0.600441370891817 0.6577210238375808 1.8167141948527863 1.7611290413699525 3.1407246461320777 3.879061718291376 2.6808255666752263 2.9726422078678154 0.43635344861883124 1.214989637959458 1.2031808815492269 2.5331656135422307
0.41248807780018315 0.008255995167935522 0.08944420336309898 0.19995887927338282 0.005398974810737593 1.0985057353403225 1.05990142303231 1.0819091849679556 1.109837864292918 1.0894418686246672 1.0917011553740572 1.1209393381861477 1.1714712290642046 1.1326793420849817 1.1562909623252042 1.1259787787855178 1.1353551480067683 1.075161711212725 1.1029064981764256 1.1047373414552781 2.0565563160201377
0.4241828963346851 0.008465599959515789 0.08839821919268195 0.19999482131411797 0.005380374748714299 1.0883771194440437 1.091860210112801 1.0898384768646325 1.0873714569541166 1.089201137338557 1.0889930405736732 1.0863739956902263 1.0821058069948999 1.0853147937393552 1.0832060236032584 1.085925682161227 1.0850741971640516 1.0904231274353489 1.087986741076205 1.0878246821602895 2.054434037201544
9.999997836563727 0.007703478936209798 0.031135920262394166 0.1625137893537868 0.01774213491224683 0.34882049216431527 0.23400603699415404 0.2965035489865114 0.3856276029269025 0.31673233356032243 0.32560498333426996 0.42864379164729566 0.6376112409698731 0.4761758221998444 0.5782374379396296 0.44840206123813786 0.4846943592593959 0.27758434617784283 0.36327838929664047 0.3690462422911629 2.02543606723474
0.4632297814868329 0.006340137265702824 0.08552627068030326 0.17225365419954222 0.0064356466376167005 0.9780761108050814 0.7286133406315434 0.8777996350623448 1.0525738945878398 0.9213193332839036 0.9361436177655628 1.1309351903095561 1.6960988656035445 1.2169101095686048 1.3595109634082756 1.1663620302343718 1.2251396857117318 0.8336098225936428 1.012610538959187 1.01846287041847 2.084192396265393
9.999999445983391 0.007616795803609076 0.030991168499216463 0.16059676649675034 0.017997890412518296 0.34731561158177104 0.2324032432615086 0.2949378722286089 0.3842639838704688 0.31523486323273986 0.32409589547981266 0.42739163931903384 0.6374574917247546 0.4751087695538672 0.57775446328657 0.44723706713864336 0.483690028561389 0.2760042390461007 0.3618214296162506 0.3676121296017317 2.025444293713096
0.24097471438443882 0.00785951468896089 0.1251656278447553 0.19999962784621692 0.003699403170028791 1.6349227510850997 1.6352063634961256 1.6350357636784696 1.6348475697420495 1.6349834397061778 1.634968536863084 1.6347772837552383 1.6344949064759513 1.6347043685209082 1.6345641110557887 1.6347455330635456 1.6346876576995653 1.6350824417767413 1.6348934883711639 1.6348812911699209 2.0670219187640892
0.3437516179057428 0.008164947118573691 0.09959119398143515 0.19999999999931295 0.00468745686177455 1.264761454551703 1.2741661208001778 1.2631332611610273 1.264507376243441 1.261789874379692 1.2622473813339157 1.26437578763896 1.2706618138671746 1.261983299501441 1.26588635209896 1.2611776607409964 1.2619125002987293 1.2644755925835856 1.2646557852670879 1.2646101450797773 2.0585409573702176
0.38779584648522614 0.006036666547162798 0.09325535621649778 0.1649550483259613 0.005963804506881371 1.0693006934976133 0.8256809139314661 0.9717104726989282 1.1433085421661342 1.0153028598917193 1.0279231600915064 1.2221980987442236 1.8195665098283749 1.2953019890925712 1.4375994364127742 1.2570229045061185 1.3388743806965522 0.9294717482887523 1.0985054954269726 1.1121322014148334 2.085881104134948
0.3723358835562656 0.006826653959519553 0.0928751047777423 0.19113005825104346 0.005846410744363071 1.0921602160805572 0.7868874634464985 0.963508731828431 1.1836030431477718 1.01519407350268 1.034206987853017 1.28441257066902 2.0006240047486563 1.379281106990153 1.5384356905174388 1.3285390899188696 1.4195681353852836 0.910287554161434 1.1283661112331995 1.1438573567299328 2.095234002138671
0.20124194835114034 0.006916161955464563 0.13767149358601485 0.19124491968304694 0.003915006634673822 1.6485054911103927 1.3110071419377105 1.5111367293463722 1.7478092895791797 1.5717458993736408 1.591525688106783 1.8519075987881328 2.577265697616796 1.96715863280846 2.282819711763902 1.9004084891418633 1.9971842775205673 1.4525944429950686 1.686884244269009 1.7054281858818576 2.0959530230418375
0.45331432217584594 0.005536624188080125 0.08948040012948168 0.14975765260137178 0.006384617311823889 1.0016468811957298 0.7466189043576464 0.8820148571569462 1.0785296135856015 0.9287280331686882 0.9501334379324202 1.1557844820937402 1.721956459513645 1.2219958004448503 1.333599786847238 1.182536513667942 1.237252051245201 0.8311794025588173 1.03287728363533 1.0460326681660714 2.084621450947464
0.2879293846702208 0.00797254501713629 0.11094513365039348 0.19999999999762252 0.004171406386826897 1.4359573541503845 1.4368090752586808 1.4358031803313867 1.4359311955020666 1.4357609443727182 1.4357411401800955 1.43589999276286 1.4365010927255741 1.4356683915186457 1.4361008787712117 1.435616036998281 1.435690106756155 1.4360065819913168 1.4359492157828766 1.4359445692369108 2.063495189817964
0.4835858713276351 0.007532776624667578 0.08245678244947498 0.19583316543842863 0.00628519045365829 0.969483403538578 0.8258773643786121 0.9069888703379099 1.0134009603017553 0.9335369431049212 0.9425244548799022 1.0599922092275618 1.3175004520443934 1.113043566528545 1.2351539753384673 1.0824107636449216 1.1248186345535782 0.8825941088551746 0.986794259773452 0.9938669916346058 2.0635614317792044
0.27368786976435405 0.007581398156813775 0.11329685478446522 0.19683384202667928 0.004267959354150938 1.4388180007523774 1.337990851736419 1.3966644755378137 1.4679381266378748 1.4154712870741912 1.4214059360204865 1.4965975240934335 1.6425104572060871 1.5273290648098017 1.5912036896444854 1.509630779029741 1.5342107317649765 1.3794956900337645 1.4502540072120658 1.454794816594456 2.069369119271695
0.22155800417742 0.007850774328232338 0.13328043936013237 0.19999999969610316 0.00347932527268549 1.740321864315736 1.7663168907961158 1.7336273629534475 1.7408392528779197 1.7120829499840646 1.7315801434730687 1.7409977589608898 1.7818417641249267 1.7479863866231258 1.7611505953612756 1.72986127214506 1.7428041905094598 1.7204513377348174 1.740758753150026 1.7408213563220258 2.0648075503533105
0.28036731293906414 0.007963592589371593 0.1128118613277581 0.1999877032918072 0.004098912876329119 1.4628766441532848 1.4666036966714333 1.4644369056057396 1.461812864457594 1.4637643804031484 1.463537068988566 1.4607565007297882 1.456315711170295 1.4596444447996386 1.457453515568544 1.4602907125812978 1.4593946895764753 1.4650673249239818 1.462462256825736 1.4622906352413678 2.0640013395231165
0.2897628921150811 0.00724461091600522 0.10537360433903338 0.1853114682733199 0.004734672679140582 1.2965717024142407 1.0986132533652802 1.228162235058295 1.3563913394021174 1.2624330313903585 1.2705142412791306 1.41852661359439 2.126318288432806 1.493869882640125 1.6589573368690171 1.4505546135154488 1.512222917861403 1.195181360999458 1.2976225330126172 1.3284466735440463 2.0860283221919715
0.5078803498908444 0.004461165463157597 0.1108911012600111 0.18316895812340842 0.004302744029811474 1.3440723498225116 0.6659634236354045 1.043607659518413 2.9471431430057837 1.148879114475338 1.4069635189434635 2.0536113921191825 3.4382568982406743 2.3463447916999813 3.62638473248409 2.34256671285658 2.622198304426374 0.9030506103670987 1.868520776668514 1.8406534196234356 2.3513198345866244
3.2850871245845292 0.005447665631293561 0.05380193790787537 0.1448692598118404 0.011965834221638527 0.5234765214426574 0.2955660202014581 0.4174397407251349 0.5961428388122778 0.45544960338871643 0.4749747183170348 0.6934614121765751 1.3300337858862454 0.7985792908630307 1.0206186924711689 0.737008614234582 0.8172621710567015 0.3800901161087687 0.5522050036024109 0.5636889369169906 2.0770020981592854
0.4477588892510103 0.008533363283032655 0.08580747749912175 0.19999901784574015 0.005581757725133523 1.0475952819295877 1.0484957217499562 1.047954411060199 1.0473562817130972 1.0477883952436362 1.0477409261441448 1.0471325273821501 1.0462326087743714 1.046900324885516 1.0464534032958577 1.047031477354487 1.0468471380363948 1.0481026866023706 1.0475022524791142 1.0474634863461834 2.05325881493135
0.4070975741054068 0.008395495316560909 0.09042764903305574 0.19999223940748406 0.005242500829479677 1.1201606785268934 1.121583235686493 1.120750077279343 1.119766662075711 1.1204988688323005 1.1204128709440866 1.119375858195587 1.117788228170999 1.1189697807736427 1.1181893592275545 1.1192055819647082 1.1188801262238108 1.1209915124042054 1.1200062430896793 1.1199429238996044 2.0554189431160377
0.8433539764913334 0.009145433778532767 0.06397018497750051 0.1991997052514973 0.008565274413959281 0.7186521698262025 0.6114390232596527 0.6651504879640122 0.7528176015151835 0.6875947213061258 0.6957170943877302 0.785201383649568 0.9158785318228864 0.8170864827962341 0.8822123080596892 0.7986683155076452 0.8242360893612762 0.6477982238101482 0.7320167678611094 0.7374862132556297 2.0496509777250247
0.6501164611625162 0.007828335026092334 0.06913427922026177 0.18626086100580727 0.011469895048304443 0.6022360578185117 0.32273555891496375 0.45722791234749854 0.7125915530173372 0.4940754363063082 0.5332049002869709 0.8583148090853993 1.073076859238567 0.9508621628114102 1.0201267204331959 0.9213193792806124 1.143892898362167 0.40940293774718023 0.6538995726803989 0.7126910226250657 2.129889512154029
0.3730116413006906 0.00827223447525105 0.09501905242740386 0.19999364681716136 0.004947425589450157 1.1926182874480504 1.1948036484610678 1.19349485865623 1.1920326364636507 1.1930922679597755 1.1929753867940704 1.1914805056198778 1.1892413356382896 1.190905883719339 1.1897945386311755 1.191231372894553 1.1907743704418234 1.1938555014070236 1.1923904098981888 1.192295482594562 2.057477714494802
0.20031113865307493 0.007870408222866937 0.14472502040392027 0.1999775585981191 0.0032407128694079304 1.8796235295748518 1.8885489517918503 1.8833145646446678 1.8770987103513792 1.8816703573920421 1.881158512989005 1.8746402514056617 1.864225733814863 1.8720422380924149 1.8668824888529074 1.8735355467635553 1.8714496366884406 1.8848045253216645 1.8786437360493717 1.878235515646759 2.0692589296493806
0.32066142907510536 0.00807953244092808 0.10377830215123937 0.199999999954179 0.004481965397719582 1.3283558848621284 1.328259270829053 1.3283229295114123 1.3283844581454647 1.3283339627569015 1.328341118487604 1.3284223177894972 1.328632915476067 1.3284691651326799 1.3286247780146856 1.3284388774931088 1.3284981494350392 1.328307473645104 1.3283673313345463 1.328371701405095 2.061136979607018
0.6033362161896969 0.009027028695570427 0.07286353897213105 0.19999999998884158 0.006789960854302642 0.8510506660985616 0.8511161250663304 0.8510767276329236 0.8510333402609376 0.8510646502034154 0.851061217828009 0.85101715909366 0.8509522397347756 0.8510003803143505 0.8509681320392549 0.8510098480768734 0.8509965346239223 0.8510874973198763 0.8510439218930395 0.8510411107923267 2.047592514099674
0.4172764190424466 0.008425380626137275 0.08920894957135314 0.19999999013423764 0.00532652815630225 1.103997831099426 1.1428895335044964 1.0868301756739571 1.1043885362970154 1.093007569300485 1.0916534634372599 1.1046763597875688 1.1419755237103635 1.0910930263168972 1.1144771212326852 1.0893118421152004 1.0923906103099366 1.1002568839515585 1.1041599728770244 1.1042224935295795 2.0510884933196185
0.5489813769290729 0.008863380989971777 0.07674409882957711 0.19999999999782722 0.0063822628628139805 0.9083798240161091 0.9088479978675458 0.9085662019220228 0.9082559429268882 0.9084798391724667 0.9084552865594756 0.9081402483741172 0.907676222126729 0.9080202976697906 0.907789801668357 0.9080879839953935 0.9079928098935938 0.9086432313516363 0.9083315994582625 0.9083115002141445 2.049136386779793
0.30089044666997766 0.008021193153883313 0.10791906109948249 0.19999976946033582 0.004293209680969719 1.3911668549538385 1.3936731747852316 1.3921762441256762 1.3904901881152754 1.3917144170891989 1.391579171141101 1.389849456661299 1.3872341122166625 1.3891811012208937 1.3878834187623266 1.3895604634604923 1.3890281292170263 1.3925904551693642 1.3909036784644901 1.3907940298457728 2.0625093993018093
0.4812211992356891 0.008659448076560192 0.08247551456394935 0.19999995028565531 0.005845158079000222 0.9959384966501947 0.9988291111342076 0.9971291250203496 0.9951313788033435 0.9965959144817336 0.9964332202615144 0.9943521666840563 0.9911288734551835 0.9935336350021842 0.9919354069719416 0.9940006371579191 0.9933469289924974 0.9976102918524755 0.9956252390579673 0.9954947603963421 2.0516657467739434
0.5087354832511741 0.008740299500832108 0.08001094533488959 0.19999998281200787 0.0060688834612358305 0.9578745882603061 0.9591437665257875 0.9583807242056206 0.9575378602154377 0.9581467732881792 0.9580798677803741 0.9572226208935876 0.955955310748901 0.9568955356789673 0.9562661918593985 0.9570802721331187 0.9568206387214097 0.958589709881882 0.9577435089696772 0.9576888931893816 2.050553584736812
0.47838520369266013 0.008623511044267071 0.08243191160399872 0.19991232215212104 0.005863885086492448 0.9933081842781476 0.9895204077647013 0.9928402535940919 0.9927860569089827 0.9934998801803389 0.9934609750865516 0.9912788840922095 0.9748941655359287 0.9889564523935834 0.9812439797103386 0.990496816005449 0.9883876604958443 0.9922930975009916 0.9931429034469079 0.9930719545535034 2.0523032208231755
0.517837768228396 0.008772597750535847 0.0792354018716676 0.1999940149094444 0.006136687905510662 0.9461478000354503 0.9476777654846902 0.9467662921729281 0.9457353212192827 0.946488986877687 0.9464033415207068 0.9453399563913881 0.9437381410333928 0.9449290901862565 0.9441364182022856 0.9451633859021078 0.9448364232503323 0.9470211846581945 0.945986847991799 0.94592019901359 2.0502075462323845
9.999997336369427 0.007478720740976323 0.03166347094120712 0.15800321871005155 0.017732142149975233 0.3500823582108921 0.23454421727712252 0.29740774649214824 0.38713342261144956 0.3177528252813354 0.32670017546182395 0.43049638896258685 0.641190707816298 0.4784117176890277 0.5813491157424088 0.4504099099429995 0.4869832420523759 0.2783764937766343 0.3646450519293888 0.3704507022345705 2.0254240231202294
0.22688187648202948 0.007557657298032337 0.12913179949360543 0.19770663785710152 0.0037505326189407767 1.6485993420263312 1.5485885155187877 1.6059227892643384 1.6782393576587518 1.6251645498607818 1.6310616434859868 1.7076828428687014 1.8765579428798398 1.739870498269433 1.810284179681681 1.7212709509941595 1.7469896966967808 1.588559269146781 1.6600141497071108 1.6647947974603212 2.072106450079378
0.587900651271894 0.008978670152730203 0.07391341425283557 0.19999999999999998 0.00667508150695951 0.8664748033830894 0.866282373756331 0.8663952575389776 0.8665292787543943 0.8664315795518779 0.8664419131090774 0.8665820774935034 0.8667920791155712 0.8666416473834972 0.8667391843279314 0.8666071764553774 0.866648123800189 0.8663637128285756 0.8664960083924854 0.8665048449549758 2.047997705646615
0.6462899159397529 0.009195907123320475 0.06989738221450023 0.19999999999416324 0.007103221662792472 0.8078562750138958 0.8106711458572082 0.8090235316565781 0.8070434776389717 0.8084880106321664 0.8083351594952792 0.806260668862805 0.8028433322205307 0.8054219370140614 0.8037475763650928 0.8058982860399476 0.8052257581389843 0.8094872895323632 0.8075433844671174 0.8074113634832126 2.046602861459332
9.999998525850204 0.007676324150434738 0.031021506133651528 0.16216639601092475 0.01782181048540339 0.3478686297619689 0.2332791998051558 0.29565590251130486 0.3846295326493047 0.31585588590378244 0.32470806451816425 0.4275753689249152 0.6362835893265818 0.4750411603772708 0.5770077304380463 0.447310684762414 0.48354709680439184 0.27677113148757077 0.3623065905589001 0.36806665273852357 2.0254361776588534
0.24578072598446324 0.007866370857357453 0.12340522897723316 0.1999999999580732 0.003749418928982728 1.611475617336623 1.6115578797937227 1.6115083636020595 1.611453848983234 1.6114931844628104 1.6114888733300259 1.6114335237060085 1.6113519956876936 1.6114124491363073 1.611371949820181 1.6114243398626862 1.61140761834192 1.6115218967933798 1.6114671438603283 1.611463611847213 2.0666923571698512
0.3110612190059836 0.0073101599329331605 0.10185359042409452 0.18544746517202798 0.004948072380804827 1.25201330731753 1.0066554450142575 1.155648646996682 1.3216111965344448 1.198289273477849 1.2107881010802808 1.388850024356522 1.9932653314054063 1.47138974659805 1.6123101813204688 1.4206255733571922 1.479563784840149 1.1136766921899401 1.3057676993368057 1.2919324186470598 2.085603828287603
7.32027330154318 0.003435669280220965 0.09261465222357625 0.15885188270966266 0.003511188826848841 2.222718427169372 1.0230048325679144 0.9850548990713285 1.2580299832337687 1.4681889496356761 1.073561990620185 2.7455692423463236 2.5590726839845837 2.1337408903932613 2.401464777063574 2.011678540640365 2.5636164530674503 0.7407469525131278 1.2266340490862784 1.7120442022774933 2.464225772171542
0.5614493230750669 0.008895864743258323 0.0758073741566399 0.1999999948743918 0.006478264016554747 0.8944291610096944 0.8938912234188489 0.8942092542242512 0.894576124869499 0.894310606951817 0.8943397776338755 0.8947150848973631 0.8952911795638393 0.8948598740641541 0.8951410892859916 0.894777989191003 0.8948930278910536 0.8941187845359762 0.8944862972765166 0.8945101144744304 2.0487658883183166
0.26200786827688355 0.007915931273551896 0.11811689122926292 0.19987568261615735 0.003904703220796694 1.5399786778468803 1.5488483210261617 1.5435169894325402 1.5376256209181547 1.5418846683888086 1.541415430528262 1.535420448986126 1.5265609859966238 1.5331336961750577 1.5287352914121868 1.53442685064524 1.532610749525266 1.5449789771765037 1.5390623421630412 1.5386807262787299 2.0653162460090364
0.326298786756245 0.008118538862937182 0.10266160550788515 0.19998665422798623 0.004530780480498196 1.3112929663789648 1.3160221878113665 1.3133888889228216 1.309793557834306 1.3125224209385251 1.3122058642274244 1.308233312653125 1.30117809357199 1.3065402359997957 1.3030650657178318 1.3075349573291197 1.3061559476766658 1.314197866545606 1.3107129881908308 1.3104723416188446 2.0605968143644002
0.247182495043263 0.007859489129380608 0.12269197261956455 0.1999994155485469 0.003780791526547781 1.5984337308735421 1.5963903112557738 1.5966259390011996 1.5998133490159119 1.5973700447073667 1.5976592141525858 1.6015155893306188 1.6234171005925597 1.6034395464750415 1.6075427050250968 1.6022650356001698 1.6038763681912145 1.5959272604066002 1.5989685457255205 1.5991886247696578 2.0664268365119067
0.3043589349844667 0.008025128052230445 0.10713570626827809 0.199999999973452 0.0043294472695826515 1.379214418416933 1.3792903305744595 1.3792471774398438 1.3792011209333581 1.3792373560998534 1.3792309806244876 1.3791897682578547 1.3792554467781302 1.379187133080365 1.3792195609287992 1.3791892478424177 1.379188369817904 1.379262525991303 1.3792082987427283 1.3792061646765037 2.0623287841852678
0.42641536338256875 0.008451472363256059 0.08813986919629783 0.19999983179870542 0.0054086090578956796 1.0841406094435675 1.0836893662784968 1.0838913884824115 1.08431114774527 1.0840036755643072 1.0840380485170464 1.0844867816767625 1.0855910497096644 1.0846694363360565 1.0850554178220955 1.0845656857226853 1.0847104439694324 1.083787107536812 1.0842062543393904 1.0842336336503753 2.0543959933847082
0.29502943045364627 0.00800064481192758 0.1092608947142562 0.19999983127324766 0.0042373206158898774 1.4111943113203533 1.4133676143775442 1.4120616789182994 1.4106168201030906 1.4116610498820275 1.4115462623534227 1.4100757347621269 1.407897559994409 1.4095140826466874 1.4084324583598946 1.4098315056450923 1.4093854521412357 1.4124196800409112 1.410969526681455 1.4108758599437403 2.0629609233903263
0.3919644751361275 0.008340773776858665 0.0923937747325446 0.19999999815934433 0.005111704499597253 1.1512800471345856 1.153283734087733 1.1520789466135222 1.150748516887755 1.1517095668514208 1.151604009234883 1.150251035547341 1.14825118521997 1.1497348800201947 1.1487417574815588 1.1500264139782717 1.1496166574108586 1.1524088598232314 1.151073136305128 1.1509869187913508 2.056302439721119
0.3401832426920465 0.008151325153720702 0.1002078579043643 0.1999999915163088 0.004658292645338413 1.2735405920497076 1.2747943881464645 1.274043369926877 1.2732045979516946 1.2738122145324342 1.273745289571275 1.2728880643300935 1.2716041332195365 1.2725585896206992 1.2719212603154078 1.2727451656664535 1.2724831332043411 1.2742502135749794 1.2734098765375383 1.2733554072700246 2.0597016400279373
0.2273143813870646 0.006957934207995846 0.1253149668679833 0.199931841007263 0.004273686589289071 1.5400508995006859 1.1361661777890932 1.359211312382508 1.6681925686129018 1.4280496807545242 1.4584163962899632 1.8027302384247776 2.312759702915482 1.940599278907661 2.196244357851351 1.8568753107643405 1.9699069574207702 1.2896219734517975 1.5907693512800383 1.6112516527261496 2.1009959374020966
0.3627581238548601 0.008228739376732786 0.09653877430249451 0.1999999998107207 0.004859901284253351 1.2168873786235657 1.2237283534053993 1.2146870959277194 1.2168449246191169 1.2149267351613056 1.2148287915496159 1.2168014897908161 1.2218338867718335 1.2147276216438114 1.2180186220984377 1.2143579046345596 1.2148719099297747 1.2165110596864401 1.2168714817814845 1.2168645176004032 2.0575107553011236
0.1869308167057643 0.007896987482444483 0.15379616184181133 0.19999980028005573 0.0030818542426543343 1.981820553599163 1.985556026363676 1.983385347709079 1.9807468779723854 1.982704611910603 1.982479751644555 1.9796849627786206 1.975161773509243 1.9785624408565945 1.976324832180185 1.9792138779212178 1.978309189066698 1.984015535099363 1.9814031971042068 1.9812299465451852 2.069822852442858
0.3021219578738338 0.008017161726053462 0.10763915722649979 0.19999999999996912 0.004307308783334614 1.3869216017420503 1.3871002086803554 1.3869926943952624 1.3868743473441074 1.3869597408145424 1.3869503805669818 1.3868302274716529 1.386653287711665 1.3867844848330488 1.3866965900942163 1.3868102939722866 1.386774000351359 1.3870220778502245 1.386903207074047 1.3868955398592029 2.062498276066896
9.999999802217124 0.007689086322545166 0.030901051224033305 0.16203958551406014 0.01794924553699815 0.34734766620987656 0.23262302725489914 0.295064844896381 0.3842102585809472 0.3153202576459904 0.3241673165943275 0.42723645509565106 0.6366757310615044 0.47482847978454895 0.5771666942215078 0.4470292631910973 0.4833861372118147 0.2761608073115682 0.3618200729987386 0.3675975368632092 2.025444634304947
0.3779245337871478 0.0075967379599835684 0.09382440930154981 0.1996800052573465 0.005386416440500161 1.154609433568465 0.9579457254302135 1.0678936787467588 1.2097798428836994 1.1033601768486523 1.1167485465615674 1.2622510009158834 1.4421897485031832 1.311438668343582 1.3978683347550538 1.282639190826366 1.3242444494564405 1.035444463500319 1.1765518574579825 1.18441361807585 2.0711628080007363
0.2712236141275277 0.0070932779573064505 0.11206697203253395 0.19788883000988725 0.004458313761482869 1.4382879028574116 1.1519716393526505 1.3128423472023194 1.51934215229763 1.3630583216169054 1.3843965005337604 1.5951295240521899 1.8608511047671077 1.6652697038015505 1.7820966552769602 1.6236146116087582 1.6808395448655484 1.2640661469160608 1.4701544135841194 1.4738776269117762 2.0841897540544254
0.24140438533096742 0.007859180941463779 0.12500241259066036 0.1999999999988955 0.003703909552904396 1.6328325914603985 1.63288371585445 1.6328529497031326 1.6328190546978532 1.6328435166897028 1.632840835059593 1.6328064098276616 1.632755661164175 1.6327932964167793 1.632768087736701 1.632800696780594 1.6327902906955971 1.632861361552637 1.6328273223173546 1.6328251259999347 2.0670008843176255
0.5204571511683352 0.008772881021982145 0.07901981139198572 0.19999999957206963 0.00616280738944854 0.9427220400072941 0.9430813069768712 0.9428650533550345 0.9426269830260694 0.942798777471225 0.9427799409055766 0.9425382165063171 0.9421822152165668 0.9424461859181733 0.9422693474090995 0.9424981155648704 0.9424250950191488 0.9429241627019349 0.942685036317118 0.942669613429658 2.050129514065622
0.41302015448496365 0.008415990160532155 0.08972969110606932 0.19999994229872817 0.005290713291271741 1.1092991667950869 1.1112440760014237 1.1100755289579007 1.1087822634760298 1.109717091262705 1.109614322581606 1.10829775394199 1.1063470514075706 1.107794786338777 1.1068262203003678 1.1080790312665638 1.107679621498733 1.110395917022953 1.1090979596351092 1.1090141292845384 2.055074575773002
0.3885293234770812 0.008321302960236341 0.09283614654480664 0.19999999999490528 0.0050793678141216915 1.1597366395027673 1.165599603423781 1.159852984561483 1.1596916563276747 1.1562077541710978 1.1580705513326 1.159600117992342 1.1683887361402396 1.1592046883911153 1.1635044604923546 1.156507119404115 1.1572298152551757 1.1586260333272351 1.1597256624825931 1.1597053466884943 2.0557316682504854
0.5515906644654589 0.008873051813096427 0.07654937468179235 0.19996693539640042 0.006399336938385551 0.9053999568980478 0.9058833810537943 0.9056039837311417 0.9052591870631378 0.9055158752036263 0.9054865181517379 0.9051184556361074 0.9045113701058491 0.9049685900129479 0.9046685758245341 0.905054983730902 0.9049346999630828 0.9056853792271233 0.9053453525402944 0.9053227031138518 2.049060218290273
0.27898943065290416 0.007946386966436495 0.11322656212809418 0.19999999999999943 0.00408376515498854 1.469650037356387 1.4761134818915438 1.468064553489505 1.46955701017861 1.467653176682587 1.467550912484492 1.4694672875875712 1.4740432971492585 1.4674070404605337 1.4705795751096487 1.4669635317269039 1.4675664189258568 1.46966837362634 1.4696143277896287 1.4695991701380562 2.063659403513682
0.2873861822269224 0.007980784543238958 0.11102873245352643 0.19999999385186656 0.004157710234235351 1.439331713298585 1.4762075504130086 1.4298645833460677 1.4385833700948265 1.428081522123591 1.4293073675739167 1.4378604926195644 1.4677093329092978 1.4208514184085244 1.4459601076416904 1.420826578250829 1.4229627469114834 1.4443001326294533 1.439042962483228 1.4389213028585606 2.0607023844979833
0.47742599942960157 0.008628724940182778 0.08284029124428952 0.19999999995530562 0.005823281116210142 1.001464231795511 1.0014588807289821 1.001461941693511 1.0014658420546263 1.001462946315088 1.001463266202652 1.001467449307032 1.0014745810089885 1.0014691833388352 1.0014727157175738 1.001468186331534 1.0014695839412786 1.0014610498661571 1.0014648520359333 1.0014651118331634 2.051893382386733
0.17726467693695758 0.007937070748335046 0.16169876201632297 0.1999999999994783 0.002956413535682412 2.067866329029177 2.0695511675466554 2.0685369055077767 2.0674206761272607 2.068226111821125 2.068137794126142 2.0670045844100127 2.065336314537968 2.0665732454417314 2.065744553059548 2.066816633700656 2.0664743987315433 2.068814105506445 2.0676928398898338 2.067620531799885 2.070036332687183
0.15683352258887506 0.008089819319164289 0.1836987866245021 0.19999999999999496 0.002669210820152489 2.2917299931923285 2.291468835463068 2.2916260390078262 2.2917990924209315 2.2916742241444834 2.291687911315497 2.291863609827424 2.292122367400804 2.2919305017189684 2.2920590393575675 2.291892759247411 2.2919458338422505 2.2915830744625003 2.2917568911932524 2.291768102808506 2.0697421142058534
0.21591309427693134 0.007844497489908966 0.13599223013379322 0.19999999442783767 0.0034262887675458845 1.775010323526212 1.8210982602295265 1.7640293135549785 1.7747976256260491 1.7598677824753846 1.7566687808916346 1.7745529087938081 1.8154892390589026 1.7550730863294395 1.7887075564220922 1.751552250944057 1.757930158155911 1.778078197444494 1.7749336543573864 1.7748984607326999 2.0653741540846866
0.445400009942506 0.008522605917458908 0.08605474392458773 0.19999920967130885 0.005564204682524246 1.0514273224126074 1.0518086043946115 1.0515791894647253 1.0513263403027273 1.0515088512458137 1.0514888331398027 1.051231975995413 1.050853177931108 1.051134110037917 1.0509459568064217 1.0511893464220967 1.051111682681038 1.0516419297996298 1.051388014352911 1.0513716312390733 2.05339167822986
0.3923044698129918 0.008343610767410426 0.09233886778215848 0.19999847520549907 0.005096606291462102 1.152528550367534 1.1822690804224432 1.1418043696163211 1.1523829603209392 1.145399469341335 1.1440896915994958 1.1523971129254993 1.1774923270428794 1.141871356424484 1.1585707085714918 1.1408402017269559 1.1428751035686695 1.151955389024683 1.1524672801603366 1.1524391624079524 2.0535798041234665
9.997765905581051 0.0076976815732917635 0.030885697460813613 0.16218850775997068 0.017952435828834247 0.34733048318125037 0.2326432654917894 0.29506651264583256 0.38417747315349837 0.3153142997839753 0.32415872752739366 0.4271855378875057 0.6365134426061752 0.47475522313708296 0.577038977545594 0.44696939115235623 0.4833070891982138 0.2761684411571259 0.36179686797083904 0.36757176454644414 2.0254454274546143
0.5126885820004892 0.008747872683762021 0.07967294783615876 0.19999999987121939 0.006101013200372845 0.9535038700838253 0.956751670889836 0.9533070105521988 0.9534130309672597 0.9523964602967128 0.9522175515113022 0.9534093353985875 0.9557716517550761 0.9526785345264264 0.9545728987329426 0.9520004494105214 0.9525549754399988 0.9536480856881273 0.9534616915810609 0.9534435748724119 2.0499911291198663
0.3195738483555383 0.008075918393871687 0.10400207030511957 0.1999999998971471 0.00447129515924395 1.3318327527946292 1.3319253854792938 1.33186964454437 1.3318082209091247 1.3318525537174695 1.3318476928522587 1.3317853014004335 1.331693302204993 1.3317615314221976 1.331715833048035 1.331774946550928 1.3317560833274311 1.3318848868997064 1.331823203826787 1.3318192236591397 2.06121303739704
9.999984993865494 0.007551882608862624 0.03107570253914023 0.1593193529787185 0.018034327711395026 0.3473050296690921 0.23221914471166274 0.2948406762334586 0.38433313257402546 0.3151776500782339 0.3240497551815775 0.4275503089157849 0.6381806439866341 0.4753793533603255 0.5783031250859695 0.44744272761245907 0.48398537330021013 0.27587963040739477 0.3618414016070825 0.3676446847194511 2.025447607576568
0.33097265743973814 0.008114640222074237 0.10184423906558711 0.19999999999999998 0.004575434618260636 1.2988615652179207 1.2989041987676129 1.2988641890856603 1.2988563698793005 1.2988594668923221 1.2988583157567857 1.298851379621711 1.2988522740941288 1.2988402219126125 1.2988430957421269 1.2988417132867038 1.2988395092575753 1.2988724610404174 1.2988596024753414 1.2988587531001416 2.0603966499589266
0.25659572098597283 0.00788783162815201 0.11974422597648196 0.19999999978511188 0.0038605420947042043 1.5619357955136042 1.563122058309435 1.561899951040669 1.561873887042935 1.5615117742287743 1.5615674166249194 1.5618296799523785 1.5625616772130546 1.561518973391758 1.5620269527877533 1.5613448068791171 1.5615096184967874 1.5620707609068647 1.5619127247895133 1.5619024738191534 2.065812182807937
9.994674547749634 0.007633772184266224 0.030969177160658275 0.1609257123979892 0.01798855554230833 0.34731583111311726 0.2324558571484343 0.29496552072124144 0.38424290567645847 0.3152535905727743 0.32410876488255724 0.42734038892550974 0.6372366586148693 0.4750223601630792 0.57758634705337 0.4471715185383263 0.48359943742299477 0.2760402059709457 0.36181278235381475 0.36760033658576763 2.025448220125736
9.996217765206582 0.00760619395679309 0.03100498002980431 0.16038457784101226 0.018003992977226612 0.34730936092691744 0.2323681076960882 0.2949185735251669 0.3842741533254326 0.3152258241753838 0.32408575057810757 0.4274130640843796 0.6375745211847932 0.4751472963288868 0.577842196293447 0.44726617059440776 0.4837366705734478 0.27598039363149146 0.3618205874882889 0.36761414567984985 2.0254490915491576
9.998650986896616 0.00776230495540916 0.030800879561530523 0.16346372088041378 0.017915569244185664 0.34734004574670213 0.23282754545036274 0.2951639380381867 0.3841070626100843 0.3153722829773373 0.32420474480747397 0.42702311051577085 0.63577460428564 0.474478264685679 0.5764785582733075 0.44675880366178616 0.48300610656112386 0.27629340506907646 0.3617755481046709 0.3675379136847105 2.0254463351830614
0.23809180622329315 0.007854570787573312 0.12626229774531417 0.1999999999993694 0.0036689481955881178 1.6495239858458954 1.6496238306587252 1.6495637513044998 1.6494975417171154 1.6495453293909392 1.6495400898286414 1.649472835030121 1.6493736535678418 1.6494472108421716 1.649397944662528 1.6494616728451983 1.6494413377279662 1.649580180623125 1.64951369265284 1.6495094022083336 2.0672284404148225
