5.770144182662084 0.001052658571600039 0.06167449950918626 0.0007386204838908256 0.021142787600897005 1.9636368530143358 1.127713263511814 0.9751942187071727 0.9369282530319721 1.024467043227066 1.5522779134100655 1.524633610390974 0.8193631660251819 1.055428785027026 0.6796303255342744 0.6772571924488253 0.6519623420473908 2.176044641225776 3.336843921700773 0.8246488100861848 0.8044385193522219 1.1749619088307606 1.2011586631831768 2.0441177002508564
5.42862938565992 0.0010173283377076842 0.06218037595938996 5.005264310930114e-08 0.021113330498065228 1.9704162266777279 1.1321519387040218 0.9789205009335574 0.9404698050324382 1.028448793743711 1.5576775211156773 1.529666539108679 0.8226600707244125 1.059252942713648 0.6826558699124515 0.6803767856048447 0.6548181188901776 2.183204794422643 3.3474706475106712 0.8282293194926525 0.8076824025222143 1.1796080533545839 1.2053267376702286 2.0441163427483007
5.530631293585155 0.0010151069906012453 0.062176817701093824 4.3445429570179675e-16 0.021122687522924056 1.9702120749952587 1.132089165915005 0.9789028238332772 0.9404581359952996 1.028435744151837 1.5575625901879588 1.529541180927624 0.8226724837677466 1.059222418266132 0.6826936480790682 0.6804210398105214 0.6548537126475722 2.1829483847957225 3.3468915011917253 0.8282582449028925 0.8076971801123934 1.1795873181584329 1.2052677004484238 2.0441218548761158
5.577067426596893 0.0010149757400686426 0.06213611031409994 3.97226241777908e-09 0.021130522460041993 1.969499376226667 1.1316710066125144 0.9785594697373059 0.9401313588152631 1.0280766898016378 1.5570097179333118 1.5289993477529784 0.8223877468856691 1.0588522709844648 0.6824583082994083 0.6801859547926649 0.6546282899701762 2.1821590296211855 3.3456579537144426 0.8279686541257741 0.8074157774951539 1.1791683504835038 1.2048376136141092 2.044121830814303
5.483928639789143 0.0010150763088833086 0.0622006705756128 1.63076667954926e-15 0.021119020256729317 1.9706267786659293 1.1323300163273484 0.9790961360040913 0.9406416534830437 1.0286380176774164 1.5578809477539135 1.5298534642538522 0.8228312055925525 1.0594318361273225 0.6828232925234758 0.6805503667674648 0.6549777806527687 2.1834106751821953 3.3476279676171106 0.8284194424635674 0.8078540962911268 1.179825026180639 1.2055131515536077 2.0441217738550104
5.532392472767064 0.0010150991279475662 0.06217580635288153 9.542253322606221e-14 0.021122897485018274 1.9701934361741942 1.132078757099293 0.9788945172068663 0.9404502729033215 1.0284270335744703 1.5575484955145615 1.529527362904709 0.8226657622548714 1.0592133820818526 0.6826882457002647 0.6804156568743923 0.6548485573920302 2.1829275317572123 3.3468574984607824 0.8282514361539467 0.807690552645557 1.1795770227772089 1.2052570349033778 2.0441218655134614
5.531593614929983 0.0010151045844120187 0.06217627820432299 9.25541730217978e-16 0.02112279221236155 1.9702024086267527 1.1320836153707592 0.9788983623632765 0.9404539037749899 1.0284310726642794 1.5575551986472833 1.5295339364825153 0.8226688331854723 1.059217586579742 0.6826906752854272 0.680418074053003 0.6548508708853588 2.1829376215186294 3.3468742682186647 0.8282545395071008 0.8076935763813161 1.179581827672411 1.205262037051932 2.044121857719428
5.5319716819573035 0.001015095735367331 0.062176012980274975 1.6973691003378224e-15 0.0211228809690654 1.970197279740591 1.132080764233712 0.9788960801787832 0.9404517464931954 1.0284286782648666 1.557551334500527 1.5295301604935607 0.8226669928101236 1.0592151200940383 0.6826891928553773 0.6804165945820216 0.6548494603940712 2.182931926939878 3.3468649881438783 0.828252674746127 0.8076917715902874 1.1795790128049313 1.2052591445930954 2.0441218578873306
4.351732286244994 0.009794503928908606 0.03798203412607579 0.1676166279522796 0.0227682201832109 1.7564663261772695 0.8788116869068986 0.7225601746770101 0.6881381241508147 0.7701618545755798 1.3341992630138988 1.2986829674095774 0.5750578931457575 0.799570838925684 0.4486964566308049 0.4454488229521288 0.42612238800961666 1.973478305040104 3.775588557203649 0.5770666049216792 0.5623707195762074 0.9186844491891186 1.1424754270522917 2.074553246263173
5.495766223170815 0.0010152363502515674 0.06219506705958527 3.662698028068077e-18 0.02111908708599752 1.9705343586182722 1.1322751703949046 0.9790520297661719 0.9405996813634092 1.0285919645751096 1.5578091817009496 1.5297827834116746 0.8227946548849912 1.0593838469963746 0.6827932962827712 0.6805204798978546 0.6549489497595109 2.183306866285232 3.347464357520612 0.8283822997487638 0.8078177365409989 1.1797707579729422 1.205456707643481 2.044121823409975
5.53101477654318 0.0010151054944104313 0.06217659431699635 2.0612503240174949e-16 0.021122733041898767 1.9702080146840673 1.1320868365340813 0.9789009460020032 0.9404563537962338 1.0284337772894478 1.5575594832159663 1.5295381364607374 0.8226709456000775 1.0592203851774846 0.6826923946081868 0.6804197884947408 0.6548525137941609 2.1829438671589463 3.346884276479433 0.8282566833339491 0.8076956621869557 1.1795850076026115 1.2052653185545246 2.0441218557836356
3.0448144192770874 0.006269541613163949 0.056561001683630055 0.12249654267305701 0.01697978155660969 2.889983278692414 1.1996094054679813 1.0008839796804552 0.9517445280819284 1.0609548195081686 1.7542508714032259 1.8732331616837252 0.8056293663873951 1.1025657464451835 0.6399162170061738 0.6361460647495677 0.6094090084170737 2.4584144593098314 3.9988410092323052 0.8107966031121022 0.7897789156396459 1.2747434637468897 1.3340402253317578 2.0714146321411433
5.517086608115864 0.0010151761629327417 0.06218430029403315 4.0440168756690625e-15 0.0211210172112401 1.9703461330668717 1.1321662544077038 0.978964703129814 0.9405168101766685 1.0285005422748725 1.5576649991163019 1.5296414543835037 0.8227230741707305 1.0592893036771873 0.6827348875143593 0.6804622009583685 0.6548930992573796 2.183097313144074 3.347129814111016 0.8283096097961732 0.807747049825241 1.1796633615755499 1.2053459510618862 2.0441218431886465
5.087889465874503 0.0010256293940756897 0.061929821982730164 4.442846909596607e-06 0.021131451280638862 1.9657423761375155 1.1293698924980218 0.9766091496204338 0.9382717215658872 1.025995944418164 1.5540304829322067 1.526160268504653 0.8206948529378032 1.0567873488045894 0.6809664689829736 0.6786621898749392 0.6532139930865749 2.1780780766527914 3.339585359119806 0.8261602065399906 0.8057376052091333 1.1767069884627528 1.202501527188681 2.0441010302858516
5.532073990297237 0.0010151005843909932 0.062175978100835055 6.651023270606432e-13 0.021122862333610975 1.9701964965422318 1.1320805129773253 0.9788959211744918 0.9404516036107033 1.0284285027286553 1.5575508295754663 1.5295296501707707 0.8226669073760857 1.0592149022555246 0.6826891757370079 0.6804165847434733 0.6548494461942773 2.1829309385131 3.3468629713756486 0.828252597486857 0.8076916816187941 1.1795787497208985 1.205258818465544 2.0441218642685364
5.4780145475602895 0.0010149942770939636 0.06220336078150307 1.7679163963768293e-13 0.021119019777601042 1.9706706612555196 1.1323562224891668 0.9791171833248602 0.9406616855368637 1.0286599831762069 1.5579150853577626 1.5298870954825659 0.8228486710291962 1.0594547299571317 0.682837645705607 0.6805646682817784 0.6549915816717191 2.1834599703888746 3.3477054588000037 0.8284371934605054 0.8078714790033558 1.1798509014031506 1.2055400695199279 2.0441217537601473
5.496831025420753 0.0010152512593955068 0.06219455997673381 3.4997817853391887e-19 0.021119091345088548 1.970525984848824 1.1322701994849858 0.9790480313639798 0.9405958758285985 1.0285877899856255 1.5578026772719116 1.529776375957368 0.8227913404549739 1.0593794958519518 0.6827905767989111 0.6805177708505025 0.6549463352774514 2.183297458503455 3.347449530925889 0.8283789328327026 0.8078144390797013 1.179765838616485 1.205451588520393 2.044121828292993
5.530521147266352 0.0010151109423633896 0.06217686141600788 6.876950141805026e-12 0.021122664476465925 1.970212456903444 1.1320896670047516 0.9789032590059245 0.9404585529018188 1.0284362114400498 1.5575629938669735 1.5295415113858124 0.8226729122992124 1.0592228138049071 0.6826940954591515 0.6804215118254582 0.6548541304754164 2.182948627352409 3.3468913025751768 0.8282587356961753 0.8076975963265465 1.1795878237948734 1.2052680550425492 2.044121877400385
5.385084663036354 0.0010179813690526405 0.06217170088518013 1.8600498583357886e-07 0.021112564050811817 1.9701802144464498 1.1320489184547875 0.978833972593428 0.9403866851968801 1.0283623430024134 1.5575037355971608 1.5294823574576693 0.8225966968695603 1.059147595379069 0.682617529697723 0.6803434381057614 0.654778528433081 2.182914424490597 3.3469498103733613 0.8281757774581265 0.8076177158778151 1.1795040975216229 1.2051890681690038 2.044121094453663
7.858435424343523 0.0050505681060385305 0.08136563553467892 0.15203179393975572 0.032244374428411986 2.6878797979614304 1.0801286421700131 1.167473280268963 1.135026043332154 1.5248182823595249 1.7831116055618708 1.9633369601533515 0.707856314550361 1.2692257264349112 0.7036579456747484 1.1985656828770912 0.5271609209752902 2.3459369118973745 2.736584790978077 0.8684637276839046 2.2403291331530784 3.551900520402946 1.9100884874701842 2.413017787491396
5.532658464816247 0.0010150922543117858 0.06217561978559867 1.7549510759356578e-14 0.021122964179647156 1.9701900583134284 1.132076723056472 0.9788928564733329 0.940448695529268 1.0284252986230507 1.5575458716964716 1.5295248059695377 0.8226643839805843 1.0592116156807134 0.6826870946008106 0.6804145035303406 0.6548474582051915 2.1829238530512955 3.346851834173952 0.8282500317784766 0.8076892000374188 1.1795750210602582 1.2052550117600564 2.0441218618241774
1.449756332019631 0.007577747965488661 0.04152086431674555 0.13793822854853094 0.021949293705749263 1.9766085744373871 1.084579777750783 0.8278622845461223 0.7853861295368505 0.8746141410346606 1.4805516208986835 1.4494640547566289 0.6593510206493299 0.9077895205900848 0.5194261232110176 0.5161111912754831 0.4939243725023044 2.2301820835948845 3.9931730225463693 0.6617988047657114 0.6449793149312121 1.0329183996829059 1.0737898392705592 2.0896215638784894
6.257863030530243 0.008494436137144618 0.048690523073445256 0.17213282185943793 0.015936600257887467 2.2258009848373015 1.1434085036008386 0.9638178921582494 0.9190858817596883 1.0179446506582066 1.6586822462663255 1.6264627485584255 0.7828812470319643 1.0543017285440086 0.6279706085551658 0.6247931770416443 0.5990650216453799 2.518169365582141 3.9999483609235646 0.7885198750993833 0.7685032233718453 1.1952704186417706 1.2378722119556889 2.0686296122607626
5.532540900676343 0.0010150956588164284 0.062175704176496295 4.8230606428594016e-14 0.021122931123979588 1.9701914936712221 1.132077644538776 0.9788936186699704 0.9404494215993362 1.0284260923264157 1.5575470138932412 1.529525916280702 0.8226650284184831 1.0592124160744452 0.6826876457812397 0.6804150578090151 0.6548479857173778 2.1829253886235556 3.3468540761460126 0.8282506914793114 0.807689833150211 1.1795759213330683 1.2052559108201228 2.0441218648364643
5.506451537785592 0.0010152500301860005 0.06218981785898634 1.8075896124236875e-17 0.021119814029319603 1.9704439612188431 1.1322225828619943 0.9790098568343626 0.9405596342847261 1.0285478338970784 1.5577397393287378 1.5297146437101734 0.8227600026337336 1.0593381277099425 0.6827649888761526 0.680492244764143 0.654921851212729 2.1832060084642064 3.3473037333295452 0.8283471025848418 0.8077834585167964 1.179718866453531 1.2054030873512536 2.0441218410108246
5.55288800989144 0.0010150403332288083 0.06216046463738924 3.4120700659998506e-10 0.021125827528835458 1.9699250746083625 1.1319231860665848 0.9787676039799966 0.9403295908715328 1.0282942171966143 1.5573415460810416 1.529324457331279 0.8225610672958202 1.0590761889029723 0.6826022820320374 0.6803298580487613 0.6547662642241031 2.1826294414283423 3.346386697962516 0.8281450931292195 0.80758711440793 1.1794215738669087 1.2050969640843334 2.0441219125682144
5.52929751895178 0.001015119984768998 0.062177562050258955 9.494784239320656e-13 0.02112250365491212 1.970225617634163 1.132096951564263 0.978909058680057 0.9404640398798711 1.0284422839888316 1.5575729122733228 1.5295512546733432 0.8226775786097261 1.0592291362946828 0.682697815657122 0.6804252091676632 0.6548576827740845 2.1829633824452435 3.346915510187809 0.8282634393978108 0.8077021938725645 1.1795949999265802 1.205275539829175 2.0441218623114654
5.6705418229871265 0.0010266137879239028 0.062425956811035806 0.00014130061127209478 0.021013731218509028 1.9774412844564495 1.1347380307501782 0.9810005100381798 0.9424550479673643 1.0304836553634977 1.5629172560259128 1.53543894801527 0.8237940739152959 1.0620831214627295 0.6827319873901173 0.6802167821469528 0.6549617419292487 2.1920455000498347 3.3616513463354125 0.8288324866535846 0.8088206597968456 1.1820766001818472 1.209278331668877 2.0438625970603237
5.48700169672438 0.0010151146654619706 0.06219921273053835 1.2436988501492946e-15 0.02111905352190368 1.970602756047752 1.132315729902708 0.9790846374492945 0.9406307095565647 1.028626012034218 1.5578622818657974 1.5298350859174001 0.8228216702087445 1.0594193374174046 0.6828154575089002 0.6805425590521788 0.6549702512261864 2.1833837274877617 3.3475855748413643 0.8284097519161108 0.8078446146514241 1.179810895673975 1.2054984676745193 2.044121784002311
5.532962561450004 0.0010150936543123657 0.06217547462099977 1.858599449421806e-16 0.021122980349290398 1.970187668955499 1.1320752639529832 0.9788916739721094 0.9404475691203467 1.0284240650956809 1.5575439999908585 1.5295229689288123 0.8226633957694769 1.059210342001791 0.6826862716489209 0.6804136820192371 0.654846668138226 2.1829212074209985 3.346847759763188 0.8282490256152789 0.8076882203632509 1.179573582822183 1.2052535337975876 2.044121862077988
5.521463912116399 0.0010159731266344153 0.06216094696760301 8.0586480672145e-09 0.021121239891369693 1.9700023177832267 1.1319661685506535 0.9787920636398596 0.9403507648810431 1.0283186178193378 1.557392293124173 1.529373725581688 0.8225758387062445 1.0591011355569622 0.6826111203251832 0.6803383053734917 0.6547740487360786 2.1827131414096845 3.3465450286540173 0.8281584808760903 0.8076001469313072 1.179449708516107 1.2051269547813317 2.044121526455839
5.22031345542268 0.0010201878998683555 0.062132307669811135 1.452999094548723e-06 0.021114591152508404 1.969415078794294 1.1315391776389627 0.9783765949346969 0.9399466848606081 1.0278845166015496 1.5568622194598385 1.528858968545984 0.822192636071394 1.0586657604100114 0.6822592612175085 0.6799813730600994 0.6544341006002353 2.1820936369056123 3.345850060549214 0.8277548551539519 0.8072156513887394 1.1789574304050654 1.2046527391552235 2.044120684591583
5.532098990047419 0.0010151029399083954 0.062175988902261205 1.7992536245511782e-11 0.021122848749995243 1.9701971869088122 1.1320806782098538 0.9788960144388187 0.9404516788472945 1.0284286151770834 1.5575512362257373 1.5295300437605788 0.8226669299026597 1.0592150312254323 0.6826891453274619 0.6804165513858929 0.6548494079489068 2.18293177357357 3.346864768701161 0.8282526169439137 0.8076916979790978 1.1795789298565844 1.2052590218479955 2.0441218627933746
5.53019588690552 0.0010174452742655767 0.06211672860308203 1.3581845490330882e-07 0.021121890626769634 1.969319264141272 1.1315719781715767 0.9784542510310988 0.9400262860794908 1.0279627891471828 1.5568534531216334 1.5288443392030946 0.8222891517200918 1.0587322663214 0.6823714114299335 0.6800985381080348 0.6545435329507651 2.1819480354330625 3.3453690169306363 0.8278646438877878 0.8073142003983054 1.1790309032060113 1.2046968115913907 2.0441211139416744
5.385872815955169 0.0010201584824495278 0.06220110788227038 6.626414959091421e-07 0.02109278674738912 1.9719234507877084 1.1325592921588723 0.979191222162041 0.9407177111972779 1.0287140914309447 1.5586422083829414 1.5307122664676172 0.8227511434914976 1.059658574713906 0.6825639365959051 0.680242550023068 0.6547402043060753 2.185128199046166 3.35149556402203 0.8282251664911123 0.8077723351396722 1.1799723724245363 1.2059579997666727 2.044078858222285
7.724492418329136 0.008893346105326638 0.05782052439906161 0.18362500970449938 0.012360768583884449 2.848466563502734 1.2762796288029763 1.0699970545467423 1.014351569585541 1.1265533318283916 1.8992679637242778 1.8618165011869325 0.8579438311150813 1.1698101793012954 0.6826254600926955 0.6788652461437077 0.6506770722357726 3.1236204513320796 3.9987878462974513 0.8649319979723245 0.8431126434988518 1.3348889027323267 1.4004504426373745 2.0788651277292627
5.414800747107028 0.0010147092175430872 0.06222461432006767 4.4061795037603325e-10 0.021118177558149362 1.9709421035413677 1.132548492476558 0.9792709377982619 0.9408084067453844 1.0288178188364885 1.5581377265592709 1.5301068956522728 0.8229801648182071 1.0596174055148864 0.6829503182769056 0.6806771413807783 0.655100653499885 2.1837560098506494 3.348118804609846 0.8285707623114742 0.8080024673122598 1.1800308768880767 1.2057255674541691 2.044121814662555
5.530262341732318 0.0010151153400308522 0.0621770340706324 4.616993271717597e-11 0.021122612204951725 1.9702160635703418 1.1320915451815199 0.9789047475257037 0.940459960823144 1.0284377530779112 1.5575656681613086 1.529544183948452 0.8226740701945844 1.0592244703312745 0.6826949637352279 0.6804223564070778 0.6548549680287975 2.1829527474184083 3.346898298311084 0.8282598583631271 0.8076987377557516 1.179589644887424 1.205270063007287 2.04412185763694
4.596210699950257 0.011065110658115034 0.02923440974111999 0.18478429202965563 0.024144048693255808 1.6110166557300865 0.838987541123268 0.6765782544403858 0.6430926093802132 0.7263722762603869 1.2007918858503144 1.1784008006600661 0.5368377009345128 0.7442891409352252 0.4194704366442568 0.41654006710904085 0.3982858827571073 1.763919361308861 3.6442051127275246 0.5407482759462416 0.5250996903706386 0.8523719182787224 0.8847347592444591 2.0894112572146972
5.385610870194026 0.0010187040929472725 0.062158902436364835 1.0859223190236257e-05 0.02111334288974382 1.970046440337696 1.1319543319066878 0.9787474953084906 0.9403032025377156 1.0282712368042002 1.5573882513755293 1.5293718332693305 0.8225184871437731 1.0590577973238864 0.682546249213258 0.6802708932325172 0.6547102522689413 2.182774771536007 3.3467804106346546 0.8280931574929977 0.8075401893074581 1.1794008419500375 1.2050919953121872 2.044121335893828
5.526020114096902 0.0010153161159173287 0.06217408843535857 1.3056333730060898e-10 0.021122064217679197 1.9701854909426844 1.1320702558823938 0.9788839781193526 0.9404394855037812 1.0284160414532437 1.5575381048196129 1.5295167620322783 0.8226549072932291 1.0592019970509179 0.6826778482327939 0.6804052175192766 0.6548382397467614 2.1829191348504984 3.346858427808628 0.8282401398208282 0.8076793291360939 1.179564986283318 1.2052447844366896 2.0441218110082406
5.49572995025101 0.0010152381895942645 0.062195090881127665 1.31672502109568e-18 0.02111907435841123 1.9705348349802896 1.1322754243755297 0.979052232085133 0.9405998718588701 1.0285921781540366 1.5578095337002993 1.529783125320702 0.8227948155518765 1.0593840648578847 0.6827934246472807 0.6805206084899098 0.6549490706560325 2.183307390293213 3.3474652297744667 0.8283824635643171 0.8078178922079262 1.179771010327937 1.2054569633949284 2.0441218239706465
5.493955635636245 0.0010152113148694892 0.062195933964326204 1.2353344764070323e-21 0.021119077363951525 1.9705486665279695 1.1322836658251876 0.9790588687940491 0.9406061902006609 1.0285991040878344 1.5578202989039156 1.5297937340091106 0.8228003244479435 1.0593912878641865 0.6827979510199427 0.6805251172529501 0.6549534247395861 2.183322936150359 3.347489662883613 0.8283880611900597 0.8078233772269838 1.179779168180035 1.205465457139869 2.0441218155126433
5.416405453577656 0.00101900169300365 0.06212951196049672 4.600697991255075e-06 0.021115577078310643 1.969546093013542 1.1316830545857655 0.9785241475746448 0.9400902088624872 1.0280356887011064 1.557007199178689 1.5289968187599288 0.8223353199592518 1.0588112885512073 0.6823988469344971 0.6801241941624641 0.654569011969693 2.182208198012021 3.3458582431803743 0.8279070571363667 0.8073580844384163 1.1791197746701305 1.2047984990077456 2.044120601452743
5.533319185777213 0.001015091588785334 0.06217527580808261 1.889386496003811e-14 0.02112302171523419 1.970184116178361 1.1320732154986817 0.9788900289771437 0.9404460089396663 1.0284223439020181 1.55754128256743 1.5295203058596973 0.8226620502559993 1.0592085637885835 0.6826851748138144 0.6804125874426724 0.654845619885112 2.1829172574738216 3.346841447370897 0.8282476601665321 0.8076868929408846 1.1795715628247296 1.2052514507869123 2.044121863144538
1.504813943564279 0.005109607928546191 0.07013255166261473 0.10127143253042971 0.016370441044939354 2.5990584559428695 1.320641271835288 1.1148156474271658 1.063724627827569 1.1737505290436159 1.9011575463061454 1.8747124954966097 0.9105909613464542 1.2153900662831878 0.7356348897045105 0.7320951451192351 0.7027599522970648 3.2375157093145 3.966654800614227 0.9175934577127127 0.9447828716428861 1.3753384494473255 1.4287123997519795 2.078776260596236
5.530870476637528 0.0010151096300077456 0.062176703613559293 5.298741352065653e-16 0.021122695592241125 1.9702101768314872 1.1320880394510455 0.9789019153565458 0.9404572711584506 1.0284347946283525 1.5575611168455237 1.5295397328714464 0.8226717301745708 1.0592214328531198 0.682693028440269 0.6804204214435395 0.6548531173491866 2.1829462644810147 3.346888170180064 0.8282574780586316 0.8076964314735325 1.1795862033286977 1.2052665466503787 2.0441218558669045
5.532257586104496 0.001015098319590033 0.06217587964519947 5.771941477405548e-16 0.02112289066666273 1.9701950626333264 1.1320794446268656 0.9788950168302704 0.9404507344719347 1.0284275671587448 1.557549612323527 1.529528468026199 0.8226661104713995 1.0592139665618883 0.6826884667061928 0.6804158696561261 0.6548487630302382 2.182929452511791 3.3468611035621456 0.8282517777645895 0.8076908950726199 1.1795777085696313 1.2052577955569206 2.044121859083916
5.533051109243944 0.0010150940467266699 0.06217542864484572 9.80686545390693e-16 0.02112298642401196 1.9701869016971842 1.1320748157579532 0.9788913141214907 0.9404472275234919 1.028423688777118 1.557543409962617 1.5295223901735637 0.8226630999275011 1.0592099526465633 0.6826860291056976 0.6804134398388259 0.654846436523931 2.182920352770918 3.346846401369934 0.8282487249671215 0.8076879268274466 1.1795731404174499 1.2052530779072053 2.0441218622746655
5.528171683099437 0.0010151250344123711 0.0621782158381265 3.1001749505653745e-12 0.02112236967941075 1.970237477699254 1.132103627311608 0.978914405771146 0.940469108360108 1.0284478780554247 1.5575819185246416 1.529560106049812 0.8226819154225219 1.0592349549065947 0.6827013033737068 0.6804286779989176 0.6548610185658255 2.182976654340657 3.346937038991547 0.828267816931432 0.8077064738547011 1.1796015887967575 1.2052824024424196 2.044121849936074
5.598621247942245 0.01032982884539863 0.061669598059286755 0.1864765929777654 0.009883511525542918 3.0408607154949867 1.1725104613847412 2.278746088848914 0.9669992018583571 1.0359240820414164 2.2857609296994608 1.7203325679274941 0.7439945919844786 1.0826160943296974 0.5629967586319052 0.559355197853303 0.5340342748722589 3.0263734239089457 3.6068358317311477 0.7506978297550462 0.7627443637975899 1.2693379756826682 1.3389053424821247 2.1567531439646177
0.9222747218338726 0.006070470596877206 0.08438462568840394 0.13158692060708374 0.012946239505258183 3.593187401905883 1.620136903915056 1.3644029357055216 1.2520531225690008 1.4180405412170705 2.6540992844354423 2.540412623209782 1.0421357980500316 1.4330639907333707 0.8311331056754192 0.8265415640516722 0.7924830758887409 3.4039313447958284 3.7892765143289258 1.056965950078778 1.0284764704112945 2.263269844883207 1.7960398489385254 2.1383770981102845
5.5722834746767145 0.001015075124480486 0.062137777102667005 5.984151188058494e-09 0.021129346741652576 1.9695557576046068 1.1316953769806959 0.9785763882403501 0.9401467971776651 1.0280937628114586 1.5570480610613557 1.529038475553168 0.8223984556284981 1.0588720699485212 0.6824637786093303 0.6801906463822351 0.6546335996759829 2.1822258813216195 3.345785279364085 0.8279776911379242 0.8074261444049573 1.1791893305060173 1.2048637004422056 2.044121142986399
1.725020284120969 0.00481140094059394 0.0840237839890316 0.10843973118591305 0.012912165645882916 2.765062909372212 1.6192592408019046 1.4150665697327869 1.3619367604929018 1.4775558717801216 2.1828149149608738 2.150319031385667 1.204180281045141 1.515851941607774 1.0181719168351375 1.0159438149220839 0.9806858958740164 3.068901454492539 3.9827646153379774 1.2160716328406809 1.1882149666938242 1.6835124687556733 1.7273838910726154 2.0906070340870535
5.532091621351023 0.0010150972147242021 0.062175960974450745 9.692061530532176e-16 0.021122882037710802 1.9701964495590942 1.132080266217891 0.9788956799227249 0.9404513654154614 1.0284282606458324 1.5575506884359414 1.529529523771236 0.8226666600545008 1.0592146849360926 0.6826889187673482 0.6804163212209875 0.6548491968459423 2.1829309976667526 3.346863533311212 0.8282523352899792 0.8076914405124587 1.179578521959347 1.2052586342608325 2.044121858535019
5.5817450441368415 0.0010148483041347554 0.0621336392050228 6.800732839513347e-09 0.021131587030496297 1.9694467994812208 1.131640264725282 0.9785352423830433 0.9401085764636935 1.0280514965532281 1.5569698627554116 1.5289604807552106 0.8223682353344999 1.05882649368228 0.6824424246304802 0.6801700851680128 0.6546131816581876 2.18210132193523 3.345565380504503 0.8279488986163784 0.8073967012845089 1.1791390526946217 1.2048077236389605 2.044121839024877
5.320872775471036 0.0084298459945076 0.060768396333068 0.17028390047880496 0.011930209130839363 3.2448657707647444 1.3241668802489188 1.0535601042011284 1.0032258860280503 1.114184905449516 2.086572605429609 2.0962991264188577 0.8401475910481022 1.2457015893502008 0.6585901546835563 0.6540477003146437 0.6266652458774336 3.227092631141108 3.9302617408152165 0.8451416484993634 0.8257676205328821 1.6101060842609396 1.462782684008659 2.0932351815392405
5.528327261737284 0.0010151278330688214 0.062178154206277494 7.90105269859057e-14 0.021122366066898497 1.9702364810173096 1.1321030409887494 0.9789139397629845 0.9404686648971525 1.028447390340693 1.557581148775087 1.5295593472770839 0.8226815302410616 1.059234444593881 0.6827009885604581 0.680428363898179 0.6548607160608545 2.182975527428537 3.3469352417825147 0.8282674236266323 0.8077060891010527 1.1796010089734805 1.2052817976888723 2.044121850754412
2.3422345955030885 0.00847317784538049 0.06677468720275241 0.15544655021926176 0.010458257643605905 3.831583123335951 2.008672711262763 1.0063748128250845 1.3100800447429128 1.0665215648615813 2.9336949854791268 1.7440421729585176 0.7681437207086659 1.1288084155114184 0.5715734902065619 0.5653553845942451 0.5397021520380806 3.391678924104217 3.71197602292405 0.7710347523368399 0.7547398293191486 1.5369717627770891 2.1242575847250555 2.145263727640016
5.531430993789198 0.0010151054298663295 0.06217634699591912 2.314467945084308e-11 0.021122778574500834 1.9702034278803928 1.1320843373627887 0.978898958104604 0.9404544728783782 1.0284316931670077 1.5575560386579974 1.5295347477849195 0.8226693516312918 1.05921820603525 0.6826911332732732 0.6804185366081292 0.6548513093785252 2.182938695595417 3.3468757196385255 0.828255077935271 0.8076940888337721 1.1795825310685817 1.2052627239277132 2.044121862288419
5.563137457720862 0.0010149374346026506 0.062152185373992856 8.48864408418518e-09 0.021127640409925087 1.9697879092073243 1.1318362927059242 0.9786954362964287 0.9402607465054384 1.0282188008033724 1.5572322891275818 1.5292181940060818 0.8224997521341414 1.0589997697903548 0.6825498251563504 0.6802770970822557 0.6547160538880696 2.1824808829828948 3.346167857441574 0.828082006274124 0.8075265816610727 1.1793347722282077 1.2050102421149704 2.044121602161428
5.529542208436842 0.0010151184000546766 0.06217742057714847 5.903813315494631e-15 0.021122535355994464 1.9702220131320665 1.1320954654837045 0.9789079892166972 0.9404630596830479 1.0284411249424887 1.5575704684504537 1.529548870491821 0.822676841255676 1.059227896353634 0.6826973444529494 0.680424745318444 0.6548572546700793 2.182959167308658 3.3469075360559652 0.8282626960471073 0.8077014781460605 1.1795934957123215 1.205273937584593 2.044121867015603
5.532796511411602 0.0010150932117105253 0.0621755531179529 1.8339440940820125e-15 0.02112297129495726 1.9701890192408715 1.1320760318151568 0.9788922820316341 0.9404481448761474 1.0284247018601242 1.5575450260780295 1.529523976882327 0.8226638899613139 1.0592110052132047 0.6826866698889972 0.6804140779806752 0.6548470493654521 2.1829227246419367 3.3468502234633104 0.828249526693914 0.8076887093128623 1.1795743361824211 1.205254317738544 2.0441218608693243
5.557724573371001 0.0010169321042578742 0.062106741216406074 7.014398638500747e-08 0.02112614965086139 1.9691101512447582 1.1314294259144826 0.978339677626842 0.9399171325170691 1.0278436490404996 1.5566856199557113 1.5286816044488105 0.8221915290137392 1.0586127338949134 0.6822868966789163 0.6800133631321201 0.6544627713844319 2.1817268541850723 3.3450523153190614 0.8277643468202122 0.8072184171054273 1.1788960197105645 1.2045635789228153 2.0441204939064503
1.9608990234603414 0.00651549952996662 0.05203174210046275 0.12424477865653698 0.019297154790898493 2.1311175672549165 1.1194790739727372 0.9312646952440117 0.8861576996628339 0.9836010577022108 1.6411706829510093 1.5865157682962796 0.7505253020587147 1.0205451146201479 0.5977445924355717 0.5943632300271197 0.5694692172947037 2.6127976390041887 3.9954855417469433 0.754938986992392 0.7356712192671369 1.1581456462646278 1.2022689674410447 2.0740854269716658
5.5298242684464025 0.0010151162232573112 0.062177268234962724 1.871888693363443e-12 0.0211225699423227 1.9702204049627365 1.132093900236697 0.978906599403872 0.9404617062660976 1.0284397079982237 1.557568905286501 1.5295473395483978 0.822675553281029 1.0592264901383568 0.6826961476128348 0.680423540537672 0.6548560904815256 2.1829576202347614 3.346906406431229 0.8282613740838422 0.8077001972224519 1.1795919864334719 1.2052724638815548 2.0441218596296507
2.7431518021225414 0.005989582030453476 0.05752348394717887 0.11352054004944492 0.016479025918110235 2.7001826040321473 1.1946344566726776 0.9875012417421585 0.9382876648468139 1.0458037047706308 1.8457715066367788 1.7941819148015916 0.7846376506641942 1.089813973567816 0.6146958027447857 0.6105019973199564 0.5842089101149868 3.2490900401371894 3.994194147842347 0.7885062572443016 0.7688631512761772 1.261912479984822 1.302845645971641 2.078511475940194
5.3987481846815175 0.0010184612233938338 0.06216572106803371 3.3099383925968683e-07 0.021112084448411922 1.9702845949081154 1.1319971084091245 0.9787672046950548 0.9403181470823467 1.0282927608780952 1.5575271997234752 1.5295180013858005 0.8225105416474258 1.0590976852365395 0.6825122462162948 0.6802317828315576 0.6546773462551848 2.183084789533717 3.3474618501345668 0.8280743279990432 0.8075317405164238 1.1794432103655421 1.20516670154133 2.0441153432910997
5.532368628577711 0.0010150983483929034 0.06217580950461509 5.942969402901362e-13 0.02112290190471917 1.9701935444586798 1.132078765571779 0.9788945081550041 0.9404502612908142 1.0284270277221987 1.557548548146393 1.529527414545341 0.8226657417823816 1.0592133820663803 0.68268821634652 0.6804156271145205 0.6548485271993978 2.182927677352889 3.346857854410623 0.8282514154180144 0.8076905331832216 1.1795770328476491 1.205257053512665 2.044121864866744
5.104698839288315 0.006218297071717736 0.05715411798431489 0.10409160375825377 0.014756429368436479 3.8239265621999823 1.2037720017991436 0.8957716141580533 0.8356462366121833 0.9837793238222761 2.779086862026552 2.7146099948742712 0.6504054535826455 1.0775625013355536 0.46327243289944237 0.4570751483322507 0.43420097586356093 3.9832881957184196 2.656115158029063 0.6477057354425904 0.6333320715769206 1.4200310280798953 1.6250990399537522 2.2029038227284286
1.8235095425181793 0.007983009035481695 0.0538189864519347 0.16415167253867163 0.0168824411066641 2.488717209211715 1.201540253972903 1.0062420960767406 0.9575670388318078 1.0614133244873907 1.768415036399457 1.7292214741018799 0.8122039006972692 1.1000127498575925 0.648940851451395 0.6454655907991595 0.6187776705608438 2.8699249647953975 3.8842598479395285 0.8178974504337102 0.7974089882457017 1.2503051139320027 1.2990543723960477 2.0819002176282995
5.575227668530934 0.0010155485589808436 0.062120413877359934 1.7553663950512204e-08 0.02113034662423635 1.9692747475465224 1.1315258735086313 0.9784314067010684 0.9400074860194895 1.027941803538127 1.5568236578222634 1.528817955411194 0.8222746498128632 1.0587151784456492 0.6823591860258786 0.6800859967359321 0.6545328924148635 2.1819143372491405 3.34531858588632 0.827851046570962 0.807302858800545 1.1790125089920744 1.2046826294903716 2.044120950266977
5.528172591950464 0.0010151258762047942 0.06217822544356737 3.5466367734277155e-16 0.021122363368269545 1.970237527132461 1.1321037315379718 0.9789145099348279 0.9404692117843768 1.0284479816432954 1.5575819977381624 1.5295601850248626 0.8226820188986791 1.0592350551885035 0.6827014046610628 0.6804287793909484 0.6548611184436702 2.1829766769539756 3.3469369063224486 0.8282679204797276 0.8077065763155906 1.1796016873344626 1.2052824973322582 2.0441218502770258
3.669122030202204 0.008969308376373391 0.06032322101086507 0.18632407054712827 0.013062664980474245 2.861995850277316 1.295366746657773 1.0676464146958842 1.0140004309529906 1.1228456149584711 2.0233406880042213 1.9390141105148995 0.9246322050147155 1.1682854539356973 0.6811023655738597 0.6773884968325561 0.649364608269685 3.317981478939583 3.835301403180079 0.8629344234194178 0.8423986187211332 1.3403775782947351 1.4011367353864572 2.0865320401615226
6.5437548624982655 0.007730646845559997 0.11130112955737123 0.1515469813255134 0.011181203715628496 2.348424943876996 2.3803457323863477 1.7956715529081504 1.0110589748604313 1.5928072584993227 2.994511014738151 2.8167806955762784 1.3687025054309991 3.5102924667438957 0.7817883066237157 1.2866184648939076 1.9680289481300497 2.604994646660978 2.8234364250981585 3.1573767095257708 1.3402707151423825 2.4474731704097037 1.4557674194502643 2.529443960735582
5.5329124988162235 0.001015094482241631 0.062175501732743214 9.088339139821477e-15 0.02112297217556696 1.9701881820820466 1.1320755372296163 0.9788918848811522 0.9404477669548675 1.0284242867069844 1.5575443776252507 1.529523338229717 0.8226635610395766 1.0592105724331056 0.6826864004300397 0.6804138096084682 0.654846789927155 2.1829217838563206 3.3468487364448922 0.8282491922029704 0.8076883820393965 1.1795738472412045 1.2052538091705605 2.0441218616008903
5.531932380616837 0.0010151027765933282 0.062176068767175484 1.3498089270285693e-13 0.021122836865499026 1.9701980223510676 1.1320814747931722 0.9788967152003769 0.9404523608725378 1.0284293305565233 1.55755204002312 1.529530831892649 0.8226675774026069 1.0592157440069618 0.6826897446528766 0.6804171551303542 0.6548499913752809 2.182932593181934 3.346865427972571 0.8282532827205847 0.8076923438992543 1.1795796983850395 1.2052597750046954 2.044121866281538
5.533062027768041 0.0010150945530533109 0.06217542842475227 7.90229567805896e-15 0.02112298334523963 1.9701869245521928 1.1320748242755703 0.9788913225170064 0.9404472350304872 1.0284236970644771 1.5575434255093625 1.5295224057211483 0.8226631052546804 1.0592099614244017 0.6826860330054781 0.680413443276202 0.654846439660967 2.182920375659304 3.3468464427455253 0.8282487293219618 0.8076879322028296 1.1795731486023497 1.2052530863015736 2.0441218621345905
3.565883221039884 0.011613798776627928 0.05404346622277751 0.1883774474994268 0.020438052320966765 2.612639054725855 0.8381324444727668 0.7486975964387713 0.7330535678447835 0.7440833698010433 1.1563453932885617 1.2210221436581643 0.6325051586230752 0.8338199680155369 0.4225868189422538 0.4160537759489085 0.393253486185262 2.9887934411616945 3.999858731866818 0.7054751856426986 0.6747614654212826 0.893547747482373 0.9642666606872494 2.155762795543608
5.585675787306613 0.0010192554124035926 0.06209940542051693 5.790144585306927e-05 0.021125072533257908 1.9693919704254228 1.131446376780236 0.9783357255386511 0.9399136143485294 1.0278125985383766 1.5568511468417208 1.5289162193360846 0.82213378848237 1.0586616248972476 0.6821609751221962 0.6798602592461758 0.6543564626321351 2.182164307291903 3.346050074852203 0.8276429011476126 0.8071681448182471 1.1788639934971044 1.2046987165182446 2.0441032937770975
5.530932926821085 0.0010151086386395562 0.06217666161279791 1.0798696850450179e-16 0.021122707828729007 1.9702093589540661 1.1320875852366763 0.9789015506397365 0.9404569258212803 1.0284344117402797 1.5575604989431076 1.5295391279330806 0.8226714351538422 1.0592210372838966 0.6826927908131233 0.6804201846665174 0.6548528913729881 2.182945353998667 3.346886684893279 0.8282571796523351 0.8076961427476295 1.1795857524264932 1.205266081632628 2.0441218560591943
5.533002112773625 0.0010150940049150471 0.06217545386099197 1.8820242511665058e-15 0.021122980791065303 1.9701873377498413 1.1320750549487424 0.9788915003597254 0.9404474024030401 1.0284238837229798 1.5575437350464472 1.5295227088252539 0.8226632473737849 1.0592101556309381 0.6826861460567892 0.680413555524426 0.6548465471751864 2.1829208423812045 3.3468472178516597 0.828248873348455 0.8076880719488352 1.1795733717096413 1.2052533186323557 2.0441218618037706
5.521906802438929 0.001015167263557914 0.06218168354982924 8.089500488939611e-14 0.021121587832254114 1.9702998244229655 1.1321394635696662 0.9789431634504796 0.9404963711046997 1.0284780039706147 1.5576295271822556 1.529606695863659 0.8227054266545425 1.0592660269124339 0.6827204786588535 0.6804478251086518 0.6548793249725519 2.1830458889797284 3.3470478523397933 0.8282917059432491 0.80772964452666 1.1796369549756662 1.2053187458301908 2.0441218510928505
1.8270741081265347 0.008252600964319543 0.04540432821678242 0.14390480415984935 0.01614070077438335 2.880637763562824 1.2739015730030356 0.8396395626088844 1.0590849296412412 0.9040772266172351 1.8432077327756755 1.862524340150547 0.645153483812906 0.9377706522311839 0.49800019912875804 0.49382391555922284 0.4721113860380941 2.8759327712455103 3.6839717839986217 0.6483028048394356 0.6403178969838674 1.0691907092473327 1.144119259261108 2.0971925005780285
5.45263919052944 0.0010169746033407163 0.06217194909349068 5.08064363242142e-08 0.021115719238604735 1.9702522973796448 1.132084467960423 0.9788709725460146 0.9404229734377323 1.0284005732880055 1.5575632736306915 1.5295438737273463 0.8226289360553213 1.0591907921845447 0.6826435477259334 0.6803687734001885 0.6548044339236647 2.1830024080598673 3.3470856319052293 0.8282077395529946 0.8076511597500287 1.1795504141202438 1.2052416301425375 2.044120014243925
5.532648844504818 0.0010150934995901487 0.06217562913361691 5.85182726852294e-14 0.021122955565409295 1.970190190491117 1.132076823429473 0.9788929393107234 0.9404487740038806 1.0284253839188326 1.5575459807731509 1.5295249099150476 0.8226644548920035 1.0592116973932075 0.6826871585535778 0.6804145685469533 0.6548475189031843 2.182923981228041 3.346851991783027 0.8282501050231574 0.8076892680628651 1.1795751111915262 1.2052550963205426 2.0441218627579136
5.530736839450737 0.0010151068448625378 0.06217675146541677 1.0676717003626903e-16 0.02112270216601777 1.9702108814142822 1.1320884696633942 0.9789022577582591 0.9404575979122018 1.028435151996038 1.5575616693278274 1.529540278537096 0.8226720168339238 1.0592218075684083 0.6826932648725463 0.6804206568909916 0.654853345352478 2.1829470628546477 3.346889417347235 0.8282577709448716 0.8076967183435485 1.179586627080264 1.2052669897928503 2.044121855051418
5.530969140867179 0.0010151048842447523 0.062176617272574404 7.582714186696251e-17 0.02112273262657241 1.9702084147650736 1.13208706668305 0.9789011321634163 0.9404565309206628 1.0284339724579712 1.5575597921373558 1.5295384396174867 0.8226710995146886 1.059220588777867 0.6826925198793524 0.6804199140107839 0.6548526342074698 2.1829443174254464 3.346884996579551 0.8282568393184954 0.8076958143512623 1.17958524005972 1.20526556080803 2.044121855512381
5.527408272167275 0.0010151315601967731 0.06217861319839077 8.432742208625761e-13 0.02112227223895245 1.97024324297928 1.1321077856486512 0.9789179024090712 0.9404724640932123 1.0284515003248222 1.5575867447446066 1.5295648033550162 0.8226849735726659 1.0592385926701802 0.6827040015891034 0.6804313942457109 0.6548636161228156 2.1829827097554557 3.3469449740516346 0.8282709603787192 0.8077094959107343 1.1796056479295651 1.2052864214106305 2.044121867262844
3.3099418293123204 0.007557626210633621 0.0755759546892376 0.16949543755487484 0.011945309962957926 2.950531405341731 1.4577547750801874 1.2260265263455636 1.2071230702054538 1.308160463721189 2.338004797533315 2.525205454548282 0.9967655669915282 1.3494083009606748 0.8022877009504629 0.7987708235253498 0.7672262058262388 3.356170723920374 3.7598811481693724 1.0090155096039293 0.9858215543474044 1.8430814362482557 1.8661121688618572 2.091480396691652
5.532916839510054 0.0010150934341328632 0.06217548490500938 2.6761018558238963e-14 0.021122981049178202 1.9701876649707166 1.132075358760568 0.9788917628294167 0.9404476574519643 1.0284241533239404 1.5575440437861758 1.5295230094772505 0.8226634901875615 1.059210423792163 0.6826863704490114 0.6804137826466173 0.6548467651895687 2.1829211700350397 3.346847510426708 0.8282491258691838 0.8076883147762942 1.1795736683790694 1.2052536065663537 2.0441218637278555
5.568045425223454 0.009265818046074419 0.08264874397065422 0.17735798518303214 0.008410079840689956 2.8029907443560247 2.8587015869769288 1.1301353046441178 1.1835220066871686 1.2161772861879434 2.353359045929304 2.472653221066167 0.9349015187269181 1.3092005691969886 0.7250595626387257 0.8140256379683259 0.7075277893995714 3.878658889531416 3.268437938507489 1.185618221476337 1.2026564556545183 1.4827918791262085 1.6718406833312944 2.1742593659663285
2.749292932890012 0.009819939316542441 0.042324095977912334 0.17545900002031786 0.02113495007582607 2.1039014297678706 0.9425080923334587 0.7699281874423056 0.7259675504737594 0.8151224278172005 1.4349868357744044 1.4052514377304 0.5958501475356012 0.8587149009944989 0.453656659338993 0.44974913682430645 0.42931156521236696 2.9243263543348683 3.9978174413644396 0.5976038301268299 0.5821960732197573 0.9889880492497471 1.2339379772642576 2.0915500360400663
5.803643798057701 0.006473316741712143 0.08019088275669078 0.15449360314095192 0.01046764945136874 3.383405539596834 1.6245157010469689 1.3955716800243576 1.3222267453604368 1.6847147513953264 2.4051535583127563 2.369622266656028 1.1543929914574664 1.8664533664974212 0.9289506409602877 0.9279318010734912 0.8920377984718021 3.2896914768753955 3.571165364027478 1.153615535696721 1.12054275623824 2.177058005848863 1.7679682904241212 2.1236049016887093
5.529779210665658 0.0010151159508192313 0.062177277634273116 3.397892595246141e-14 0.02112257162623514 1.9702194463362135 1.1320939677257336 0.9789067779538116 0.9404619098637874 1.0284398581940102 1.557568495107319 1.529546939529707 0.822675845824949 1.0592265926245403 0.6826965262791046 0.6804239285874089 0.6548564729110711 2.1829563302986448 3.346903053770601 0.82826168484389 0.8077004966394393 1.1795920167596357 1.2052724212522186 2.0441218668375436
5.5203805128314185 0.0010151761939375585 0.06218254524073857 6.840703866523036e-17 0.02112139864681293 1.9703150480882157 1.132148271758647 0.9789502612603772 0.94050310893691 1.0284854297443788 1.557641199314321 1.5296181366677808 0.8227112464442878 1.0592736978253248 0.682725232059318 0.680452567150592 0.6548838707187602 2.183062792058466 3.347074759278675 0.8282976077064218 0.807735385295939 1.1796456492261562 1.2053277082756257 2.0441218474056537
5.495506988786572 0.001015233698906093 0.06219519547831123 2.0610165065399255e-19 0.02111908036965298 1.9705364738839746 1.1322764356225505 0.9790530529736153 0.9406006554332332 1.0285930324025447 1.557810830154121 1.5297844053165952 0.8227955050025028 1.0593849568419802 0.6827939979611793 0.680521179585121 0.6549496237433158 2.18330923034085 3.3474680520721924 0.8283831648236403 0.8078185817466162 1.1797720114491672 1.2054580062248523 2.044121822714031
5.531583928096571 0.0010151039323803852 0.062176281812678535 3.7409333441062365e-16 0.02112279441218809 1.9702024268721743 1.132083649806676 0.9788983965778466 0.9404539381441642 1.0284311067107283 1.557555227283581 1.5295339662449898 0.822668867839392 1.0592176219304397 0.6826907088336196 0.6804181070226791 0.6548509040680686 2.182937637068011 3.3468742397157367 0.8282545751821289 0.8076936125225009 1.1795818632878903 1.205262072662998 2.0441218576456075
5.009708746535059 0.0072568631428780875 0.06213103126318251 0.14659601544080178 0.012577597386516315 3.371158200502305 1.2973930547550805 1.0703106758323175 1.0130059729874425 1.1362500250549321 2.086707980355115 2.228145784434508 0.8410353791078993 1.1864456066880646 0.6512811864759122 0.6463559856019905 0.6181842912405252 3.6716873974628026 3.9762198099554347 0.8458436509222095 0.8255212377873767 1.4498713317029597 1.5389324685267194 2.0910025915413404
4.069020254647051 0.008500086057062692 0.048019402584264785 0.1711413434823178 0.0161575315806086 2.371218398825899 1.1384248683566418 0.9577496300284357 0.9129614720871974 1.011136375957247 1.6845304137918244 1.6450373878119342 0.776984600014394 1.047682214508027 0.62294419091236 0.6197030750994375 0.5942815383453801 2.662989158562543 3.6080110607188076 0.7821478767243945 0.7625675160321176 1.1875542262003278 1.2315888682555167 2.0712139979892275
