9.999999851816973 0.002839957540613987 0.13749927647304494 0.09901825379239902 0.0028155535594343913 2.326843196595782 1.898049888217905 2.183804982713073 2.0403725458014854 1.507350881606153 1.70507014265485 2.1878477085503785 3.1242044760650964 2.6070128529979733 1.56455034207156 2.2410720310154857 2.18973744142665 1.2616988125939745 1.88731321127681 1.9498039715450066 2.1305474592357156 1.846162777157501 2.121921355606207 1.6954712980148572 1.8756982401779316 1.8403786416493393
9.927391223299518 0.0028226878108121235 0.13787644173967165 0.09852304299133952 0.002805529121143112 2.340802491444587 1.9062159379462944 2.195992677665074 2.050178743567555 1.509660375391692 1.7101377006092142 2.1997980160732444 3.149289092468648 2.625047969321293 1.5677012066728584 2.253997598226364 2.2019446080963663 1.2608206286971162 1.8952146985894454 1.9585503312477401 2.141718775429266 1.8531697259540523 2.132704660260681 1.700121197384067 1.8835144111074875 1.8403644545953612
9.999994084331714 0.0028539756450827116 0.13711844074010207 0.09931674721884988 0.002827371009589652 2.316990597054599 1.8894276284845217 2.1744163328614303 2.0312747013347874 1.4997159923329428 1.6968833926212612 2.1783711262731327 3.1124163499412982 2.596485973197825 1.556766537558762 2.2315043413623123 2.180303905089279 1.2547761962021347 1.8786789574229212 1.9409891500557492 2.1212135618474695 1.8375586706044849 2.1125342610635305 1.6872160251613122 1.8670963370580833 1.840369578088316
9.966656160099811 0.0028525457658745237 0.13678692732383324 0.09887625731502495 0.0028323637043288032 2.33026003047617 1.880711909177608 2.180332679689611 2.0290094988067997 1.4729101793868329 1.6784697950754244 2.183947104080071 3.175440590682812 2.62629162245184 1.5323962276205014 2.2403500838333676 2.1863696347106503 1.2190533571161826 1.869186961799768 1.9344949208819162 2.123752911743722 1.8255238897505552 2.1141327895436244 1.6678098214203216 1.8571325986211027 1.8403302442804865
9.999988581780684 0.0028410165299289484 0.13747747375351702 0.09905363951568844 0.0028161968444669113 2.325764482684831 1.8975307818208311 2.182910924639915 2.039693671084391 1.5073116347928082 1.7048086924045445 2.1869667769398697 3.121845580862887 2.605509559352079 1.5644452888314464 2.240103270787205 2.188839421364194 1.2618994162423398 1.8868142996901534 1.9492283866212006 2.1297427383923933 1.8457348915088603 2.1211453895449934 1.695239442197438 1.8752090612400707 1.8403822417598248
9.999263074415373 0.0028360730269685387 0.13757336105012405 0.09890574217823986 0.002813512457276935 2.329567830510684 1.899749867313865 2.186187231248839 2.0423784348014964 1.508171902397938 1.7063078738599606 2.190217002471182 3.1291745772366677 2.610487597034676 1.5654923867027148 2.243592559022789 2.1921307638487826 1.2620566865029688 1.8889818305461799 1.9516148498233765 2.1327799159304166 1.8477130189657056 2.1241140023674228 1.6966700612551786 1.8773469939453908 1.8403748160400482
9.99800705278583 0.0028956022631690913 0.13601544529033804 0.09996029270077865 0.0028596678903093746 2.2979820813090126 1.8615700581913381 2.15286817662657 2.0058176057788204 1.4627788871867953 1.6640201075022052 2.1562679506759634 3.109957434858025 2.5838816175514236 1.5210350702372475 2.211039204253597 2.1587176787154694 1.2132848274974446 1.8503193388497163 1.913937584866157 2.0978773001898166 1.8076264416990013 2.0884085373067687 1.6534982456395684 1.8385950098761776 1.8402103330500812
7.700704850175156 0.003716544808055056 0.10095206179823624 0.09859963766762567 0.004344276312284711 1.8887001577124929 1.1789774937167472 1.6567504705586509 1.4393865985549115 0.6398077930387264 0.9107134275055906 1.5759333151127561 3.998208282132925 3.515604884385248 0.7127022994813822 1.7613518694408983 1.5897679795152155 0.3995525506193906 1.1728659884964767 1.2289384805486103 1.5480672723265068 1.1650730150345328 1.4632433710636814 0.8922628361271459 1.1457045053164499 1.960851429762088
9.999992989018073 0.0028430254612996277 0.13741630116248346 0.0990907305044282 0.002818644836806288 2.3241519502287913 1.8963177232741106 2.181436621132319 2.038349502818591 1.5064329869772035 1.7037633512124217 2.18548729868147 3.119431318330468 2.6036277873045237 1.56351906952019 2.2385740028340817 2.18735803990435 1.2612179689737815 1.885608927385438 1.9479663951783557 2.128314226444112 1.844563623621878 2.1197243247174997 1.6941980135712456 1.8740118809137147 1.8403826133060972
9.999999999999998 0.0028292864326214533 0.13776126352023757 0.09872947416892076 0.002808221468802995 2.334287159140577 1.9037876834559488 2.19064005836448 2.0466931358755436 1.5117105884825977 1.7101360765441755 2.194735546177905 3.134925223207206 2.615563169129854 1.5691074062230612 2.248147364392677 2.1966122105139254 1.2652175277268203 1.8930326714816978 1.9557645766153584 2.1372180232522746 1.8517656387178965 2.12859641688357 1.7005513706915132 1.8813756220152245 1.8403837236252116
0.8519968214786381 0.006075242007941658 0.13365669700923907 0.19348784801898336 0.004009049344456706 3.171185141547096 1.1720652498765485 2.5861632227224445 1.6645158463953829 0.6922288060850589 1.0882863820022632 2.200895502405574 2.6931862753516036 3.595747255592912 0.8790263116395347 2.3691188921866257 1.9282276593407122 0.5436025152359286 1.5012667170627132 1.873361508944442 1.7340547792148733 1.2151733341114108 3.334243638227973 0.8907227357559634 1.3236496110180962 2.2560386105320323
9.999770550321761 0.0028425809100547537 0.13734711442792813 0.0990180114801492 0.002819701032449928 2.3260383903159885 1.8947164702930563 2.1821591323168574 2.037729089518476 1.5019956496664684 1.700613850748683 2.1861264613710927 3.1296917656791665 2.6082504373835835 1.5594581825710432 2.2397635217303176 2.188098858334917 1.255460173220074 1.8838763781176204 1.9467004093041336 2.128466925977054 1.8423964709715828 2.1196978983697075 1.6908570289204665 1.8722100268264064 1.8403621960103937
9.999993241583095 0.002849454179064166 0.1372814089304873 0.09923505439566324 0.0028235178208024406 2.3198784436336246 1.8928688378023264 2.177464238858132 2.0346108231384785 1.5036457232140534 1.700628245428897 2.181478143922736 3.1136608048070054 2.59884211561827 1.5606355578511042 2.234484456476676 2.1833633192309336 1.2588517204824488 1.8821640550333587 1.944404639849282 2.124409564326563 1.8411656626299149 2.1158049993152157 1.6910468768073221 1.8705882773357838 1.840380457832482
9.99998653150439 0.00283351192085865 0.13766392285815227 0.09885795920329234 0.002810765675536283 2.331490804350008 1.901729614271887 2.1880980618661843 2.0443985804546725 1.510274799972357 1.7083926359333252 2.1921868913912665 3.1306259414932844 2.612260865148732 1.5675830297337874 2.2455035258877434 2.194057401697649 1.2641402538174482 1.8909897418736763 1.9536178599553824 2.134765483457405 1.849791316273462 2.1261577508858065 1.6988196183466941 1.8793487103248936 1.8403838264339223
9.99133515238825 0.0028446195455505223 0.13738478440539661 0.09909492233694873 0.0028191666414121817 2.3243603219043165 1.8950509562864397 2.1812376331200967 2.0374104272915323 1.503570475085799 1.7015902900812652 2.1851384667705083 3.1231022225650804 2.605058737279621 1.5608732491064212 2.238551553803251 2.1871395842896524 1.2576152675741186 1.8842365115674609 1.9468040764319725 2.1277569600187407 1.8428672363452965 2.118985404954035 1.6918326800206305 1.8726316638139056 1.8403550817965382
9.99999999874133 0.0028282704051034975 0.13777956354189907 0.09869100164862686 0.0028076907838897845 2.334853664705699 1.904155159248219 2.1911738943894035 2.047077791101233 1.5117688278403238 1.7103187249959246 2.1952166546141667 3.136029773241856 2.616326797012028 1.5692111816331193 2.2486998553881485 2.1971352605621197 1.2651359690776018 1.893371977895493 1.9561339503665298 2.137668947941157 1.8520223241413605 2.1289918471127294 1.7006724234792643 1.88171937759157 1.840374151279257
9.999999999999998 0.002829287195512751 0.13776126115220058 0.09872950710118172 0.002808220966346568 2.334287111918955 1.903787675128349 2.190640020620924 2.046693120781697 1.5117106241282716 1.7101360941778845 2.1947355139140963 3.13492506587238 2.615563083738012 1.5691074354921493 2.2481473214879473 2.196612173209713 1.2652175811325765 1.8930326662800805 1.9557645659943677 2.1372179969066476 1.8517656444061883 2.128596397596182 1.7005513960308196 1.881375617440451 1.8403837245851005
9.997052465553177 0.0028975504815107367 0.13596367288695627 0.09999785283600802 0.002861294031870655 2.296985045528923 1.8604540622194754 2.1518773798971926 2.0047272879954035 1.4614047861866668 1.66275815200855 2.155237541601027 3.108570959007161 2.5829007091524026 1.5196903083266278 2.2100415588420175 2.1577053030347257 1.2117567446131907 1.8491868968181107 1.9128139899278669 2.0968298302972865 1.8064467138428297 2.0873357895677187 1.6522036941117868 1.8374696517676379 1.8401999642797697
9.999999981373987 0.0027984185270835877 0.1386081628837527 0.09777626072936497 0.002781621073415224 2.356128506682841 1.9206874572364934 2.2113545739505627 2.0649853496895396 1.5214016625956868 1.7233428538223452 2.214989477180953 3.161838400626573 2.6404041986946125 1.5799379396087254 2.269394633036773 2.217268148237181 1.2702562038306144 1.909575602510038 1.9731582375413474 2.1568071871449983 1.867145625717834 2.1476205221790465 1.7130943564437449 1.8978597061499294 1.8401996713330975
9.999999918594813 0.0028305839493996117 0.13771355861751514 0.09875181535487093 0.002808384093369964 2.335011598382319 1.9028581676784255 2.190907028548036 2.046136941128262 1.5090056137026298 1.708202708726223 2.19483935148188 3.1395224238950354 2.6176543322456687 1.5666522671679894 2.248611769919243 2.196856341241775 1.261672239959084 1.8919855210078496 1.9549521764089721 2.13708587429546 1.8503607550605137 2.12826042895116 1.6983922411743038 1.880317440677196 1.8403445528655917
9.999997559607012 0.002852799542282456 0.13718449418767528 0.09933476009633653 0.002825564539223397 2.3171502418800753 1.8910689421733615 2.1750513663742477 2.032520361497442 1.5026181613393617 1.6992274600541843 2.179066360193904 3.108943023467984 2.595451408970903 1.559500759675462 2.23194431836209 2.180937347410796 1.258244600895892 1.8803873094991321 1.942498397967114 2.1221188546848664 1.8394812163159568 2.1135434134446793 1.6896691903427228 1.868830993311142 1.8403840232524307
5.260589581406424 0.0034780300369480067 0.12422031266515934 0.10655942641809422 0.0032493776192853443 3.3518894419795844 2.1897736442733504 2.0684433082893006 1.714723058056712 0.7265225035189835 1.052396501064776 1.9048572778611192 3.3774435543659767 2.8667532953025194 0.8163997908504285 2.7965699518797194 2.1887003293280025 0.434686663981186 1.5320158141151252 1.8524585160416676 3.2586136724493593 1.3437135830881446 2.3470276659512472 1.054897792942487 1.4515134219935726 2.0069152827300574
9.868481724457208 0.004620106068672149 0.10142216521271091 0.14183775984935373 0.003978683959065291 1.6712952743716352 1.2670428199736457 1.5407857476453546 1.399547483831756 0.9286763722650838 1.0944789625407734 1.5378015021608664 2.38077942982412 1.9965316614533206 0.9757721856333726 1.5908499707309827 1.5417811014774314 0.7318905111914777 1.2560917082070444 1.3117752236329983 1.481555459400069 1.217189531569856 1.4720892954419993 1.0833472620889808 1.2437373254667448 1.868197249783201
9.999420747531737 0.002844623710646804 0.1373010953836817 0.0990724050336097 0.0028218677937007657 2.3235900464516486 1.8937175735749747 2.180205932553882 2.036294404256097 1.5021653822405063 1.700232550837002 2.184182681059222 3.123970609586499 2.604725070552819 1.5594699081789203 2.2376132736006653 2.1861308141535667 1.2562236914975082 1.8829207291853467 1.9455474494825191 2.126719767335605 1.841593642245393 2.1180006839986296 1.6905253779756815 1.8712846216624581 1.840367123571744
9.999999999999998 0.00282928664723335 0.1377612637866843 0.09872948402326803 0.0028082212860565587 2.334287142735075 1.903787705707289 2.1906400554645304 2.0466931464500884 1.5117106389571469 1.7101361138722144 2.1947355430567685 3.134925114661502 2.6155631225887466 1.56910745300661 2.248147355885721 2.1966122069532603 1.2652175909961747 1.893032694605759 1.9557645946586608 2.1372180255483757 1.8517656655524712 2.128596420313205 1.7005514092491352 1.8813756463228337 1.840383723674623
9.999702642218631 0.002845331807723065 0.13723000792884255 0.09904348370998316 0.0028223768000075083 2.325546720705041 1.8920704909876174 2.180918929993026 2.035705745063769 1.4977632468202695 1.6971012741788913 2.1848659958872907 3.1345506558879785 2.6094630128091154 1.5554275222961416 2.238816373054571 2.18687562851279 1.2505301148523267 1.8811617958719775 1.9442658410204519 2.126902463614704 1.839454984319036 2.118050028847674 1.687257858342943 1.8694442085770246 1.8403599044514933
5.651392404031236 0.0044289052224995885 0.10604166183527293 0.13722336429029103 0.003691280573531923 2.012825772534913 1.3897312065477778 1.7228593560966143 1.5658756109063856 0.7110035021254807 1.0390486011297408 1.813999137475098 3.9999602124292784 3.586554414531343 0.7831835650910872 1.8253488534825861 1.7273828983685053 0.4630233910492041 1.2695722872054753 1.4155929217038332 1.5961185749453433 1.306234264842824 1.6134701078108633 0.9766174550239503 1.2743496667132153 1.9415251327545904
0.7088248608145443 0.006549833859630968 0.15802548820565498 0.1872898483783873 0.002739857328419492 2.6003592481266575 3.5551279620237746 1.819963762913257 2.253633549565491 1.467061833971395 1.8679444179870075 3.134689694156858 2.929064393773089 3.3094954109920405 0.9555962959418908 2.4249536130463394 3.299108965952912 0.7423353154929871 3.3407983681978095 1.8284015127194275 1.6999110287371713 1.3199256494229568 3.113172435060157 1.4915366310844713 2.2740984892086793 2.198982124029937
9.999999999999998 0.0028292862622623376 0.13776126481274378 0.09872946703450976 0.0028082215097675433 2.334287203882976 1.903787702842937 2.1906400946124833 2.046693163034753 1.5117105875994192 1.7101360852565242 2.194735582303121 3.1349253257093217 2.615563233148906 1.569107408105434 2.2481474041572067 2.1966122470831264 1.2652175166826607 1.8930326903148 1.9557645988220507 2.137218055896928 1.8517656547743924 2.1285964486319777 1.7005513785672117 1.8813756402009325 1.840383723566788
9.999999999999998 0.0028292863228438704 0.137761264850157 0.09872947008676003 0.0028082214650394575 2.33428720956099 1.9037877074444367 2.190640099803587 2.0466931680176557 1.51171059140692 1.710136089478657 2.194735587580267 3.1349253329722755 2.615563239283236 1.5691074120238082 2.2481474094243783 2.196612252247553 1.2652175199420892 1.8930326948584728 1.9557646035346459 2.1372180610551235 1.8517656593522813 2.1285964538513964 1.7005513828730694 1.881375644787012 1.8403837235790983
9.999036638063272 0.002857153637168627 0.1368051268233482 0.09918396458685698 0.00282952407874176 2.3264959303123143 1.8821030030220802 2.1781682977520407 2.02889043076637 1.4791739989926402 1.6824641646893719 2.181944483205716 3.161503219798093 2.618827181057251 1.5379725892291831 2.2375290400800116 2.1841978477719586 1.2279044951982296 1.8708222469314129 1.9353751937137502 2.122458392557216 1.8278667606742434 2.1131237030320094 1.672105604419453 1.8588650635691275 1.8403434553274038
9.999999999999998 0.002829286348690637 0.1377612649044137 0.09872947140356284 0.00280822144919792 2.33428720465394 1.9037877098355076 2.1906400971296263 2.0466931686887255 1.511710600556858 1.710136095731773 2.194735585387195 3.1349253091422633 2.615563228046525 1.5691074202280115 2.2481474058288358 2.196612249620729 1.2652175318835057 1.8930326976519989 1.9557646054265048 2.1372180599362633 1.8517656635099133 2.1285964534178845 1.7005513899002995 1.8813756476543901 1.8403837236712586
9.999999999999998 0.0028292863765738193 0.13776126416640808 0.09872947173872493 0.0028082214658392917 2.334287184952384 1.9037876923938422 2.1906400784597637 2.0466931501393817 1.5117105844831071 1.7101360787196982 2.194735566264881 3.1349252872504225 2.6155632075952506 1.5691074039626574 2.2481473867519255 2.1966122307549276 1.2652175172452509 1.8930326801673636 1.955764587514017 2.137218041036774 1.8517656456888016 2.1285964342266883 1.7005513723878887 1.8813756302102163 1.8403837236054772
9.999999999999998 0.0028292874351330956 0.13776125905261888 0.0987295170536551 0.0028082209312776684 2.3342870308980395 1.9037876403612284 2.190639953724342 2.046693074414057 1.5117106325147882 1.710136083521017 2.194735449829495 3.13492487181803 2.6155629646956786 1.569107437954797 2.248147248599146 2.1966121063492454 1.2652176094960879 1.8930326339097825 1.9557645272960804 2.137217939340899 1.8517656199411947 2.1285963440690026 1.700551389707974 1.8813755856794625 1.8403837250890542
1.0851095543760376 0.004467981195070663 0.129514171188354 0.153219526564073 0.0033491326260263374 3.1973873223299853 1.9420131437322197 2.3944217904951888 1.8434160605746717 0.9297606453277518 1.1897275661706135 2.333238017691301 3.9954179099804645 3.730382424353169 1.0045753090764544 2.118415170920407 2.1035024303626706 0.5958482225729501 1.6793647026195986 1.772098383292364 2.3842993220192166 1.6284811524921667 2.241928694242088 1.151573099444683 1.5300428644139674 2.0425959718770144
1.7368401049548563 0.006462274739328992 0.11204782102397795 0.1937821884025913 0.004440172689762066 1.65983475996871 1.5504163980489043 1.576258912234286 1.41505329658984 0.6028953911750362 1.0691364035211872 1.451300462053091 3.999969545669817 3.7277372945146836 0.6029954809678556 1.4741811034014531 1.4623323952182905 0.36071161381256944 1.5169168325979157 1.3187313752541998 1.5805007854910669 1.1729047172189841 1.567300626977553 0.9849029138065577 1.3128255321189914 2.093776123571138
9.999996312220949 0.002834797091088523 0.1376179497928863 0.09888804637301561 0.0028118278509011445 2.330709454699162 1.9007214022233574 2.1872652536901347 2.043413826514889 1.5090065859218256 1.70721820567592 2.191306134651465 3.1305850084568485 2.611723781378514 1.5663488181632732 2.2446949080392895 2.193214190926817 1.2627936297599396 1.8899539540588006 1.9526115489730884 2.133848388219946 1.848679451894276 2.125187204841094 1.6975859642915192 1.8783152262199598 1.8403753583955973
9.999974882083212 0.002835819141891672 0.13759508741683082 0.09891411469151266 0.002812417183849771 2.3300692440987203 1.9001712506698736 2.186662739568816 2.0428253829590672 1.508511875012373 1.7066893207821097 2.190691740041814 3.1298054918217746 2.6110373495145454 1.565846020065678 2.2440784401769207 2.192607211735578 1.2623425612023815 1.8894008267001836 1.9520458133616811 2.1332451037700313 1.8481226971087765 2.124574630381083 1.6970469015120235 1.8777657035232624 1.840373412928238
9.999813913288897 0.0028374699921377023 0.13754753854339982 0.0989515303067594 0.002814626070311811 2.3280719592728203 1.89920437560218 2.1849936222381583 2.041577488889071 1.508478051113232 1.7062302603736081 2.1890647194117294 3.1254227668345793 2.6082438443005147 1.5656832946609411 2.2422750852263316 2.1909355676561435 1.262771350272071 1.8884790547042787 1.9509815611913117 2.131758170922531 1.847351210468297 2.1231581868947456 1.6966602290313564 1.8768580409954085 1.8403830410458313
0.9522842974429193 0.00560458814106961 0.15428480689800964 0.1916686411850176 0.003510176219450485 2.264905333344091 1.5449837763302992 3.214453638111808 1.7548980256455546 0.9479690123101111 1.2265065861281388 2.9398125231143637 3.2262866489296487 3.3313269838918416 1.018785036367411 2.1576570076399357 2.170058687509267 0.8597980250047578 1.662151968899111 1.723004788140835 2.5502550866338436 1.717469056442962 2.3292253172158395 1.2180246004773807 2.4372481543289264 2.07825557127543
9.999849850904214 0.0028444912019299135 0.1373773345132478 0.09910715026742356 0.002819510480237448 2.3236592695928486 1.8952331511164051 2.1807645152657966 2.0374064423022156 1.5048194683907277 1.702372575455524 2.1847723575597517 3.1205027977566777 2.60364455962606 1.5619752493597343 2.2379775518700034 2.1866814658588383 1.2593882741615259 1.8844893755598997 1.946925936657414 2.12751428799885 1.843339169794365 2.118863489066292 1.6927446645992037 1.8728848681882806 1.8403743774276797
9.999999999999998 0.00282928632387427 0.13776126543207057 0.09872947073064166 0.0028082214305138005 2.334287218420115 1.9037877232555587 2.190640110814001 2.0466931822562 1.5117106131057447 1.7101361087554312 2.1947355990870485 3.134925322496822 2.6155632418536343 1.56910743293063 2.2481474195735056 2.196612263335873 1.2652175436417363 1.8930327110673144 1.9557646188489133 2.137218073593828 1.8517656768156074 2.1285964670966933 1.7005514029168873 1.8813756610775945 1.84038372366871
9.958595813008046 0.0028389004283408776 0.13734457951362894 0.09882601331193595 0.0028170164616943137 2.334699145246213 1.8944269958416444 2.188050344274895 2.040056685598362 1.4931040900392345 1.69575376979794 2.1917176510747467 3.1552268675075 2.624334021940117 1.5517821819614015 2.24681545015449 2.19401803368373 1.2419405886755934 1.8832363169852244 1.9473062120324929 2.1328222800273497 1.8404441538114291 2.123502976599756 1.6854102121225998 1.871392654921669 1.840276791516805
9.999999999999998 0.0028292862772392896 0.1377612650422372 0.09872946815298775 0.0028082214833446907 2.3342872200347973 1.903787709838324 2.190640107593355 2.0466931728057887 1.5117105874086316 1.7101360884568462 2.1947355952443792 3.134925362252875 2.6155632559766366 1.5691074088728054 2.2481474183476267 2.1966122601499167 1.2652175128784182 1.8930326969753097 1.9557646068055072 2.1372180676050183 1.851765660620685 2.128596460103901 1.700551381493039 1.8813756467766651 1.8403837235528266
4.054386692012947 0.004530336535439345 0.11858688916878604 0.16515201836338622 0.003080956549746246 2.3158858147088948 1.5726396787325045 2.080918922868668 1.8023626890811781 0.9875633645907163 1.257696160126858 2.0597167891134895 3.9868029989439053 3.15204459184188 1.0621529474054021 2.1576468592011717 2.0896717104118943 0.6954868724035035 1.5458745707562993 1.6494366445824524 1.969342398070854 1.4730064991118228 1.9382739623851126 1.2391581990618241 1.5405276358007227 1.9003001307306715
9.999999999999998 0.0028292863854450243 0.13776126507762018 0.09872947301151862 0.002808221415904243 2.33428719337492 1.9037877153306118 2.1906400913605304 2.0466931695748563 1.5117106198295425 1.7101361088309923 2.194735580102631 3.1349252565157046 2.6155632031602574 1.5691074376541592 2.248147397735028 2.196612243708575 1.2652175572129383 1.8930327038359396 1.955764609298755 2.1372180570078165 1.851765671899569 2.128596451524533 1.7005514040132783 1.881375654125114 1.8403837237762413
9.999999999999998 0.002829286297231774 0.1377612646705248 0.09872946888830282 0.0028082214898198644 2.3342872088366233 1.9037877035095845 2.190640098057979 2.0466931649811895 1.5117105850147776 1.7101360841544626 2.194735585718546 3.1349253404231394 2.6155632412382253 1.5691074059078958 2.248147408139788 2.196612250523326 1.2652175124968603 1.8930326907669122 1.9557645998878572 2.1372180587252645 1.8517656548899168 2.1285964514043396 1.7005513772866525 1.8813756405229525 1.8403837235628
9.999996903280469 0.0028378952675500173 0.1375590305831739 0.09897734852209931 0.002813671533526211 2.3282628322184893 1.899374691257817 2.1851781212620343 2.0417547295763554 1.5086257767520919 1.7063892143938129 2.1892481611537637 3.125649171233763 2.6084460083123955 1.565834197064536 2.242461625834178 2.191119773116179 1.2629031356753546 1.888648179748656 1.9511540523823439 2.131939815643788 1.8475180536090372 2.123338242901273 1.6968186657413922 1.8770278218112029 1.8403827654417586
9.999999999999998 0.002829286535221699 0.1377612637560401 0.09872947906208415 0.0028082213763686113 2.334287144177644 1.903787696928632 2.1906400519954636 2.0466931427971553 1.511710628134843 1.7101361050817192 2.1947355419260126 3.1349251339523456 2.6155631294666297 1.5691074423742541 2.24814735429236 2.196612204282856 1.2652175781866355 1.8930326866372438 1.9557645879646883 2.1372180231109246 1.8517656591548837 2.1285964196762244 1.700551402452121 1.8813756374545358 1.8403837240037741
9.999999999999998 0.002829286717452371 0.13776126409373685 0.09872948766553462 0.002808221235453122 2.3342871200434288 1.9037877170853073 2.190640043347654 2.046693149386323 1.5117106805117297 1.710136142371856 2.1947355329948324 3.1349250054269775 2.6155630711932587 1.5691074905322393 2.248147339346614 2.1966121949000703 1.265217645411989 1.8930327076711315 1.9557646031739102 2.1372180203453257 1.8517656843895922 2.1285964181974455 1.7005514409977998 1.8813756599874216 1.8403837240454608
9.999999999999998 0.002829286406377801 0.13776126393288932 0.09872947306092222 0.0028082214528318125 2.334287174500963 1.903787691060876 2.190640070669654 2.0466931466455667 1.5117105917934122 1.710136082275816 2.1947355592315594 3.1349252536155126 2.615563189359005 1.5691074100424833 2.2481473778533028 2.196612223071338 1.2652175282609526 1.8930326792924286 1.9557645853829737 2.1372180353011485 1.8517656465973324 2.1285964294640154 1.7005513770362093 1.8813756293239603 1.8403837237361147
9.999926249479254 0.0028354436035680597 0.1376102434487145 0.09890873899337974 0.002812264867819615 2.329937784335397 1.900498549464292 2.1866657208738904 2.0430483314398544 1.5092861047246893 1.7072733026633284 2.190734657197478 3.1285032950980605 2.6105151045935986 1.566559464491076 2.2440246712952994 2.19261510320077 1.2633111416158713 1.889757944525318 1.952340407213319 2.133353461013995 1.848570383971393 2.124735011304196 1.6976869090578037 1.8781262087486674 1.8403814425812814
9.999999999999998 0.0028292884773999196 0.13776125499350708 0.09872956265370596 0.0028082202822404022 2.334286997654433 1.9037875944917462 2.1906398988399474 2.0466930554103353 1.5117106423429623 1.7101360794856866 2.1947354210424663 3.134924785510693 2.6155629069707476 1.5691074386596289 2.2481471985683026 2.1966120576044004 1.2652176321722715 1.8930325982484413 1.9557644926966307 2.137217910789561 1.8517656145959478 2.1285963408611557 1.700551413858483 1.8813755459977286 1.840383729135855
9.999999999999998 0.0028292868382110655 0.13776126300936495 0.09872949240757632 0.002808221197054114 2.3342871162689387 1.9037876972047554 2.1906400343753383 2.046693133532523 1.5117106473901532 1.7101361148816856 2.194735523128404 3.134925043041148 2.615563080864341 1.5691074590550826 2.2481473323756993 2.196612185829911 1.2652176069860932 1.8930326870374792 1.9557645846412919 2.1372180081815406 1.8517656612491595 2.1285964047933965 1.7005514121562582 1.8813756390896403 1.8403837238927274
3.628119120758995 0.006280186274860575 0.11253539391356795 0.18825101544362366 0.003832441537940692 2.1582498878745957 1.199680104181988 1.6257904598786832 1.2828938949981574 0.662656990178862 0.9928334940858449 1.4713848970224968 3.999961338157966 3.4379627682313862 0.7510862545851529 1.7277524178678598 1.549590799954843 0.4176905113572816 1.2231423603997629 1.23756718124656 1.4457573166867397 1.2951178157370733 1.367612278534479 0.9898050191926236 1.29009221545858 2.0060624775276823
9.999999999999998 0.0028292864903470168 0.1377612647152847 0.09872947783802383 0.0028082213683982044 2.3342871634057656 1.903787716305296 2.190640071916731 2.0466931614375667 1.511710644694023 1.7101361226536045 2.1947355609845425 3.134925154029111 2.6155631493964138 1.569107459393194 2.2481473740605398 2.1966122239612766 1.2652175933360517 1.8930327056035767 1.9557646069793133 2.1372180421619045 1.85176567712229 2.128596438018078 1.7005514192127544 1.8813756565616893 1.840383723878505
9.999999999999998 0.0028292863109847756 0.13776126448309944 0.09872946920181497 0.0028082214915211255 2.3342872020686833 1.9037876980882742 2.1906400915314053 2.0466931593048723 1.5117105815138623 1.7101360798385496 2.19473557942429 3.1349253299430955 2.6155632331215077 1.5691074021118132 2.2481474014643266 2.1966122440433073 1.2652175099022016 1.8930326855508948 1.9557645944567774 2.137218052638318 1.851765650050004 2.1285964455453055 1.7005513732185704 1.8813756352760482 1.8403837235982166
8.176804427852009 0.0046964626162768934 0.11038582797872552 0.16139741550881684 0.0031072075953744744 2.164934329232285 1.4359895922267991 1.952275395929435 1.6646291587305786 0.8584090090503574 1.1187991722319433 1.9146022659916604 3.9999540265255518 3.053153121525019 0.9303604568563811 2.0245138437294683 1.9315011720772866 0.5853573100834658 1.4049075275038563 1.519689271157137 1.8130429121592435 1.3301275332278366 1.7885635456774882 1.0971647207372972 1.3884109897310069 1.8946067566421907
1.7615184964631647 0.002964349699496287 0.12514576685433793 0.08725795479624046 0.003589785951685848 2.443901256412511 1.8858502767825753 2.2856090503630697 2.13970098599856 0.8257321277740558 1.1299463019607259 2.936094136314789 3.588892547571495 2.7917467159253837 0.9049346401577164 3.1499990163729104 2.3856661652384292 0.5219540504376167 1.5309140933909333 1.739178579036649 2.3378959303749407 1.3885989554561118 2.1387061638130147 1.094824344333049 1.4270378744122898 2.007934895157522
9.999843966284985 0.0028572028520587305 0.1370392124326452 0.09940706721219496 0.002830732022255026 2.3134598409226785 1.8878399322967243 2.1715295031835655 2.0291197202084303 1.4997906343754661 1.6961812570846861 2.175520277626463 3.104546859574476 2.591508016347125 1.556612224079038 2.2283580011465607 2.177401370900059 1.2557037925609464 1.87715825520396 1.9392006788692784 2.1186262105112874 1.8362733727006235 2.1100398439163666 1.686606717793536 1.8656110194242501 1.8403842565126798
9.999999999999998 0.002829286724680449 0.13776126339148295 0.09872948734630943 0.0028082212790110296 2.3342870953358594 1.9037876989132858 2.1906400208184493 2.046693129360096 1.511710668351409 1.7101361273380762 2.194735510653836 3.1349249672790362 2.615563041998129 1.5691074774855198 2.2481473160022625 2.196612172362588 1.2652176364824401 1.8930326897740468 1.9557645843704896 2.1372179988518916 1.8517656673032465 2.128596396999103 1.7005514261999939 1.8813756420575014 1.8403837240769163
9.999981395350671 0.002836804794090081 0.13757906606188594 0.09894478799074091 0.002813235598881356 2.328963211529995 1.8998504252192203 2.1858014990761387 2.042300414096553 1.508914068166194 1.7067685820271392 2.1898723031147496 3.1268244415774773 2.6093054971149434 1.5661488627654725 2.243115944380151 2.191746621413799 1.2630885656192277 1.8891186502823365 1.9516557040121563 2.132534032649192 1.8479661447693412 2.123926693638965 1.6971924928719853 1.8774934275982416 1.840382321344142
9.999999999999998 0.002829286414258212 0.1377612642684471 0.09872947397284645 0.0028082214372383914 2.3342871865776305 1.903787698626872 2.1906400809825164 2.0466931557427284 1.5117105961252704 1.7101360882738295 2.194735569759717 3.134925274402438 2.6155632042679557 1.5691074148608732 2.2481473888387957 2.196612233534269 1.2652175307866071 1.893032686821778 1.9557645935728962 2.1372180452672285 1.8517656539121874 2.128596439473792 1.7005513830621144 1.8813756368824293 1.8403837237525775
1.3632478523109453 0.006603663927278932 0.09059969288177287 0.1800840259006269 0.005800117242072209 1.4768360380468863 1.0458505147699586 1.3063702722680948 1.4745658234512715 0.5345552512770815 0.7856832646375035 1.2862028961218508 3.982195832303832 2.4588268588453217 0.587633913445393 1.5208020361753958 1.2940792933177527 0.3321086192074955 1.032015785319977 1.0410309773585364 1.2369873706717138 0.9727482217025353 1.1906256987806088 0.7974290407984539 0.9630526424821274 2.137304677243459
9.921829364079988 0.0028532489252777807 0.13683285230320724 0.09889841852046403 0.002836874004098595 2.3233101909057754 1.8817701971996978 2.176498512574068 2.0276354291080265 1.478062389917868 1.6817483340732968 2.179889467215452 3.1428956868258626 2.612523363436803 1.5370405577627535 2.235339267041602 2.182396785167906 1.2257799219281766 1.870359394796054 1.9347294539616602 2.1208322569101457 1.8271234240019198 2.11124226717456 1.6710954733387238 1.8585306426740955 1.8402037160917493
9.999999999999998 0.0028292867949788296 0.13776126331033503 0.09872949029389226 0.0028082211958704493 2.334287123133953 1.903787702794903 2.1906400406828634 2.046693139740812 1.5117106523428858 1.710136120265296 2.194735529671697 3.1349250516910656 2.6155630882899197 1.5691074640834888 2.248147338902958 2.196612192219879 1.2652176113219775 1.893032692681961 1.9557645904140453 2.1372180145801942 1.8517656670244682 2.1285964113027 1.7005514176767755 1.8813756446954215 1.8403837239231695
1.8923996664595135 0.0046339214743591345 0.11441839569033002 0.16400194974028848 0.0034247386127010068 2.587147665308563 1.4882289201632357 2.115244505601604 2.039008563424999 0.8364591115262148 1.1229065426252547 2.3353795573534137 3.9639478476554513 3.361220607343088 0.9114250242553742 2.292795382909514 2.4936856957190705 0.5417812647472692 1.4354599887330486 1.553988576514851 1.878445708568057 1.348947959544486 2.0760151076695124 1.0937941864238747 1.4161972699475622 1.9975844335975304
3.552066533986692 0.005281512181334143 0.10254595174836997 0.17964016888517484 0.0036877275171389597 2.028759862216948 1.3288273861602602 1.7871070924726598 1.5362125893845127 0.8084390341322577 1.1102245684519436 1.7758638518389462 3.890826103697808 2.622395879894165 0.8735042042310891 1.8748616633802717 1.7892085290323558 0.554325613199134 1.3011074152680984 1.392856771157182 1.6802132612643548 1.2352436293123763 1.6598314419008837 1.0270267946747793 1.2830094006277306 1.9307924097046476
9.99994388408197 0.0028430493955821866 0.1374089054537621 0.09908289945051552 0.0028185279809859183 2.3244542899346357 1.8960656900918689 2.1815638837031153 2.038241167658244 1.5056923937120028 1.7032380527659523 2.185586847240599 3.1211038001407174 2.604380774064125 1.5628442650901482 2.2387732574230648 2.1874846718258922 1.2602558043398295 1.8853298528223996 1.947762198828935 2.128335680957649 1.8441984342952056 2.1197017293486837 1.6936268303389337 1.8737248534849966 1.840376656045906
9.999999999999998 0.0028292867157099274 0.1377612638361147 0.09872948753707746 0.0028082212511825544 2.3342871249925756 1.903787711057124 2.190640045096767 2.0466931458483812 1.5117106643159028 1.7101361304341292 2.1947355337633665 3.134925039205011 2.6155630857344088 1.5691074756657506 2.2481473424263605 2.19661219655519 1.2652176249887221 1.893032701073643 1.9557645980073444 2.137218019543397 1.8517656755683518 2.128596416137701 1.7005514276160254 1.8813756532517611 1.8403837238785485
9.999999999999998 0.002829286504455917 0.13776126458832338 0.09872947810649599 0.0028082213582415654 2.3342871546544823 1.903787713891365 2.1906400650661957 2.0466931575184595 1.511710648312448 1.710136123628904 2.194735554536032 3.1349251291545635 2.6155631351646758 1.569107462158613 2.2481473663828484 2.1966122171325293 1.2652175995750123 1.8930327035543226 1.9557646040708747 2.1372180366178846 1.851765676188579 2.128596433018098 1.7005514206804673 1.8813756546744975 1.8403837239464307
9.999704825338128 0.0028467544119909496 0.13733820701856844 0.09916827820576646 0.0028214479421905412 2.3214601369423917 1.8943042689062328 2.1789864326481547 2.0361105487668447 1.5049668022640939 1.7020205164656197 2.1830203979135234 3.1154036288457827 2.6004859474485924 1.5619755351928757 2.236029261676825 2.18489371893054 1.2600735170758646 1.8836049980508565 1.9458675724115653 2.1259349098895726 1.8426106556254371 2.1173457657291195 1.6924549473517652 1.8720236721995744 1.8403826540366495
9.999999999999998 0.002829286456850774 0.1377612651975926 0.09872947639757759 0.002808221359293889 2.3342871797790594 1.9037877236530554 2.190640084919578 2.0466931718093497 1.5117106459615064 1.710136126999214 2.194735574351037 3.1349251890369043 2.6155631717932444 1.56910746144218 2.2481473883508625 2.1966122372019226 1.2652175912245394 1.8930327129418252 1.9557646155053003 2.137218054326741 1.8517656839712053 2.128596450275512 1.7005514236040247 1.8813756638305372 1.8403837239136418
9.999999999999998 0.0028292882365478205 0.13776125378469095 0.0987295493160736 0.00280822047131288 2.334287024001731 1.9037875608295607 2.1906399136632673 2.0466930265867838 1.51171052906848 1.710135996075356 2.194735420954044 3.1349250019700126 2.6155629985615194 1.5691073364473564 2.248147219583462 2.196612069401856 1.2652174904715205 1.893032556700895 1.9557644593290175 2.137217901263336 1.851765549822139 2.128596315218538 1.7005513126796394 1.8813755053365584 1.8403837267631733
9.999999999999998 0.002829287029604356 0.1377612628845888 0.09872950092932181 0.002808221048071913 2.334287089334563 1.9037877068269593 2.190640017622448 2.046693135728795 1.5117106940200926 1.7101361461709097 2.1947355103230604 3.1349249171619786 2.615563020610793 1.56910750059159 2.2481473110467953 2.196612169525673 1.2652176685836531 1.893032699276977 1.9557645919159135 2.1372180007438324 1.851765681803671 2.1285964023237116 1.7005514488710642 1.8813756516161575 1.840383724568427
5.459435856884227 0.004099101207313158 0.1249953511505352 0.1541284582830497 0.002463515869046191 3.121434354685073 1.6458052430889512 2.8666479962284686 1.9863763346504977 0.8812725551301738 1.2164889649573736 2.746139529094799 3.8085909952489407 3.834629368876515 0.971699301759422 2.595973868253019 3.1072645459018715 0.550656206103868 1.591219963803721 1.9634963219096202 2.6169737148239096 1.497048374903977 2.5515903075782167 1.1863430951594995 1.578764903869192 1.9612997937654524
9.99999967579298 0.0028405530279712455 0.13749304471083268 0.09904548613002312 0.0028157037890239635 2.3261787098639264 1.897902231887965 2.183307463866359 2.04008451228656 1.5076518535555752 1.7051686416814325 2.187369444768333 3.122306041485529 2.605940978256626 1.5647904224700973 2.240506279475151 2.1892382486427113 1.2622121011647511 1.8871873695729031 1.9496079232581052 2.130140611982145 1.8461099053815648 2.121548249236929 1.695605038695533 1.875580694974983 1.8403829927350575
9.999999999999998 0.0028292863273530837 0.13776126483893483 0.09872947015383994 0.002808221473778207 2.3342872024623174 1.9037877039125743 2.190640093597227 2.0466931638579937 1.5117105921013785 1.7101360884470154 2.1947355818665537 3.134925315890647 2.615563228733358 1.5691074121206399 2.2481474027895825 2.196612246155418 1.2652175224473108 1.8930326916845417 1.9557645998994708 2.137218055883444 1.8517656571710814 2.1285964493301677 1.700551382509076 1.8813756415154024 1.840383723668178
9.999999999999998 0.0028292863410621654 0.13776126397617566 0.09872947028577746 0.0028082214972760906 2.3342871884135543 1.9037876890379275 2.1906400794187166 2.046693148858072 1.511710576366281 1.7101360728244535 2.194735567342724 3.1349253064326392 2.6155632160984745 1.56910739640383 2.248147388716784 2.1966122318432793 1.2652175068713485 1.8930326765917715 1.9557645848461245 2.1372180411681136 1.851765641640321 2.128596434217452 1.7005513664125465 1.8813756264214831 1.840383723612884
9.999999999999998 0.002829286509684092 0.1377612649784321 0.09872947899890648 0.0028082213333972548 2.3342871745638316 1.9037877236002414 2.1906400810758235 2.046693170778271 1.5117106512188718 1.7101361300565512 2.1947355711171737 3.134925169903874 2.615563161851673 1.5691074659754198 2.2481473838814656 2.1966122334403653 1.2652175986804277 1.8930327132597176 1.955764615108282 2.137218051869213 1.8517656855123452 2.1285964485204096 1.7005514275206903 1.8813756641638142 1.840383724015591
9.60486988821099 0.004645468470841802 0.11039789272776505 0.1684805526221241 0.002808503058822183 2.290530857826391 1.460891067975734 2.420634722245277 1.7138976678274136 0.8146875526788812 1.1011474620943593 2.3285497718801227 3.870077342047507 3.565451201120987 0.8922697599539846 2.4125374256305654 2.2159139626898274 0.5251181110510135 1.416667416724317 1.5557272654948273 2.096482528057113 1.3343176013700104 2.0425638311182324 1.0738678776152393 1.396942408659374 1.9232616291961981
9.999999999999998 0.0028292863534802783 0.1377612645249255 0.09872947110934115 0.0028082214672655276 2.334287192162903 1.9037876994479432 2.1906400850949153 2.0466931578453513 1.5117105928276298 1.7101360868221893 2.194735573652135 3.1349252917380865 2.6155632138017286 1.569107412112689 2.2481473935548726 2.196612237648369 1.265217525608989 1.8930326874349181 1.9557645948236944 2.1372180484738346 1.8517656538251457 2.1285964423691106 1.7005513812650455 1.8813756373548793 1.8403837237172713
9.998722655765759 0.00287463232987169 0.13652092654939496 0.09963306107484354 0.0028428888092605917 2.3088556728876015 1.8748113769813792 2.1642851724801124 2.018421096698175 1.479129915146842 1.6789776915433354 2.1679350652102625 3.1184707803858576 2.5933233526937496 1.5369833108912954 2.2222017614409615 2.170164813591419 1.2313195435132516 1.8637409569665633 1.9269583724791506 2.1098688056455077 1.8216189581132936 2.100695506823958 1.6687802284776172 1.8520440288731 1.840285639464285
9.999999999999998 0.0028292864343155448 0.1377612651035085 0.09872947514345798 0.0028082213661746436 2.3342871859339698 1.9037877210851297 2.1906400878668184 2.046693172190216 1.5117106374686722 1.710136121382298 2.194735577534901 3.134925214905261 2.6155631843173484 1.5691074537183554 2.24814739260423 2.1966122403503303 1.265217579863244 1.8930327103074025 1.9557646140032312 2.1372180563400653 1.851765680667627 2.1285964521807945 1.70055141782974 1.8813756608992345 1.840383723929093
9.999999999999998 0.0028292862783443496 0.13776126571904684 0.09872946840265148 0.002808221458771562 2.334287230131623 1.9037877201943512 2.190640117814455 2.046693183060707 1.5117105973635743 1.710136098632998 2.1947356054208886 3.134925370919772 2.6155632657217347 1.569107418919726 2.2481474285347125 2.196612270339123 1.2652175224027875 1.893032707287249 1.9557646171155274 2.137218077854802 1.8517656709029615 2.1285964703503026 1.7005513916851662 1.881375657060591 1.8403837235488312
9.99999959861779 0.0028343180851508093 0.13764262466559676 0.09887774593274856 0.002811325906759071 2.3309976998047692 1.9012731791004251 2.187624775088417 2.0439169245599826 1.509829553544753 1.7079325359703654 2.1916997184887386 3.1301333032726615 2.611766337769553 1.5671354644350444 2.2450232539870383 2.1935796457489527 1.2637201880652904 1.8905278881956493 1.9531502159105967 2.134281265678254 1.8493178391381095 2.12566098198611 1.6983451125073918 1.8788897724868345 1.8403817170080479
9.996453161978522 0.0029059809836622266 0.13573990473419553 0.10020491589039937 0.002871980501799951 2.287516497439551 1.8554878153268841 2.143670766702227 1.998385408831393 1.461775836230994 1.6605404158337864 2.1472293496601385 3.0939029186433555 2.570844620372899 1.5192935986221652 2.201300797846528 2.149491512299105 1.2154230556053225 1.8444233889763484 1.9073397309757691 2.089397917789994 1.802444466033279 2.0801963106631947 1.6503272170571632 1.8327595657720284 1.8403405234491623
9.999999999999998 0.0028292864988092928 0.13776126462484586 0.09872947767984863 0.0028082213549372116 2.3342871743683644 1.903787710560847 2.1906400768619863 2.046693160813147 1.511710626996205 1.7101361105696256 2.1947355660752974 3.1349252033441983 2.6155631727184967 1.5691074432154433 2.2481473813810364 2.1966122291989745 1.265217570001683 1.8930326994861315 1.9557646030799016 2.137218044990738 1.8517656695431737 2.128596440422942 1.700551406735849 1.8813756502762922 1.8403837238657301
9.999999999999998 0.0028292863231110326 0.1377612661855586 0.0987294711648127 0.0028082214002075373 2.3342872298816646 1.9037877376215027 2.190640123039216 2.0466931960642096 1.5117106300140035 1.71013612472063 2.1947356116652164 3.134925324321903 2.6155632501581483 1.5691074495232464 2.248147431422213 2.196612275600234 1.265217561110776 1.8930327256396642 1.955764633081208 2.1372180866563935 1.8517656920791725 2.128596480653877 1.7005514194200908 1.8813756756958147 1.8403837237308327
9.999999999999998 0.0028292864973783883 0.13776126419468865 0.09872947736999707 0.0028082213802775873 2.334287147924332 1.903787704380657 2.190640057475166 2.046693148620664 1.511710636537548 1.710136112794407 2.1947355468097305 3.134925130647038 2.6155631311543703 1.5691074506957303 2.248147359148872 2.1966122095546186 1.265217587192544 1.8930326938827189 1.9557645947428166 2.137218028435807 1.8517656660384263 2.1285964246303526 1.700551409654106 1.8813756448444228 1.8403837239207423
8.351431672605498 0.004026169282917486 0.11720548297770786 0.13852953997100428 0.0028137923549545873 2.6940620570594866 1.539813625868672 2.146848114727325 1.781849369379641 0.9535200923543716 1.2288421717517357 2.3223479970510663 3.4873968775212654 3.0260789586876755 1.0285041612482777 2.1984222296591778 2.0861723406650445 0.6644289514143151 1.5187054316276356 1.6217114536289503 2.0840451737896584 1.4713042774661098 1.9306591394480657 1.203481682921183 1.4978684594655727 1.8838856860755022
9.999999999999998 0.0028292862768348227 0.13776126438701833 0.09872946729472544 0.002808221522164558 2.334287197152658 1.903787692581256 2.1906400866298594 2.046693153659371 1.5117105748872535 1.7101360735443445 2.1947355742586567 3.134925328442805 2.615563229433871 1.5691073956352692 2.248147396638836 2.196612239088212 1.265217503106767 1.8930326798468833 1.9557645888467103 2.13721804733064 1.8517656439335382 2.1285964399135593 1.7005513666677394 1.8813756294929307 1.8403837235550684
9.999855028124504 0.00283669764942478 0.13757808216288353 0.09893087731589553 0.0028132965031804754 2.3291665623951787 1.8997473610056264 2.1859124034771953 2.042271119595869 1.5085249815434552 1.706503032423699 2.189960946740444 3.127807251718088 2.6097665966364163 1.5657986230892131 2.2432660018698583 2.1918558499780243 1.2625731622635368 1.8889981270799237 1.9515768262100213 2.132579785125133 1.8477904030743075 2.123941649316831 1.6968947177233598 1.8773694817848277 1.8403782056871674
3.745179618978925 0.004035807077976185 0.14025751217926125 0.15512316792926978 0.002300507220715867 3.1621736333420234 1.6910435002667534 3.599366375432341 2.665265038926346 0.9443169822448263 1.3627219892323499 2.7206317734885066 3.9468497974417662 3.9149015141236876 1.0193202129835535 2.135354193361852 3.1303877714026735 0.5549811058797676 2.1914954072716295 1.9673741844265227 2.975079239678203 2.6577324718397777 2.902890473914033 1.2349768410111965 1.592607302157935 2.031729951805538
9.999999999999998 0.002829286327761553 0.13776126371552438 0.09872946931781228 0.0028082215205170622 2.33428718478415 1.9037876808451022 2.1906400743767627 2.0466931417250045 1.5117105642490365 1.7101360623327475 2.194735561988525 3.1349253152803533 2.615563216584747 1.5691073848187904 2.2481473842924036 2.196612226820678 1.2652174933162046 1.8930326681578589 1.9557645770224017 2.13721803515752 1.851765632359633 2.128596427728332 1.7005513553912814 1.881375617996523 1.8403837235510905
9.999999999999998 0.0028292875854511864 0.13776125943624296 0.0987295240029142 0.002808220772373801 2.3342870363735115 1.903787658734676 2.190639961656508 2.046693091889695 1.5117106679694592 1.710136112691865 2.1947354609549214 3.1349248343737743 2.615562955408233 1.5691074710022512 2.2481472549916703 2.1966121147903084 1.2652176506109127 1.8930326539218378 1.9557645456004011 2.1372179525421817 1.851765645227793 2.1285963610063785 1.7005514229423888 1.8813756056322788 1.8403837256250781
9.762617877562292 0.005989021746664077 0.08833586595769247 0.1851993467181481 0.003992396142586803 1.6752720108717172 1.1235684815684657 1.4903304837353044 1.2960810210814557 0.6784220023542475 0.8842417179592694 1.4921214023629383 3.416204227540612 2.110754199217388 0.7339959959912552 1.558881941422348 1.4961955889392835 0.4627091933782154 1.1046890050324538 1.178835346086284 1.4161665394540979 1.046144600712819 1.3915344019797662 0.8648411677946354 1.0853891310364923 1.918667738958559
9.999572635362595 0.0028557457665772472 0.13709379902647617 0.0993642779971996 0.002828881226237681 2.314951948687078 1.888799481785551 2.1728469330947444 2.030236676815977 1.5002745350540914 1.696890399876561 2.1768274808574675 3.1071786129282 2.593386040817437 1.5571634349422994 2.2297460381911374 2.178723424295987 1.255929099857766 1.8780997665615438 1.9402169573195964 2.1198627056712716 1.837149020881537 2.1112486106600246 1.6872901287108542 1.8665439921641487 1.8403797179629062
2.2654966144320094 0.004839049939913873 0.10411755458907439 0.157347173351158 0.004009854875916873 1.972230776634566 1.2910449977007736 2.156046829179882 1.6170586672022742 0.7182357902887656 0.9695335287195699 2.0978743817028946 3.9481143044507085 2.4617566478986452 0.7840197070460068 2.1897923670448827 1.9969698711171027 0.4616267631724509 1.2478369888598055 1.3587195784833621 1.8220597000025447 1.1672933035244546 1.8454287255933102 0.9422793202275106 1.224639594391237 1.9919259115022876
9.99999986469043 0.00286779427524589 0.13671041436419032 0.09953501252487693 0.00283809246300527 2.3110441403617847 1.8794934813412025 2.167234821388635 2.022396768444851 1.4861802880235628 1.6849438580583356 2.170990354047729 3.115671207562527 2.593688425182145 1.5437126085602586 2.2248329487906022 2.173112274453716 1.23957877977038 1.8685410748150064 1.9314002812155755 2.113265334274175 1.8267942685554193 2.1042693395094645 1.6749320502159633 1.8568896829491246 1.840317629058552
