0.20071828751018633 0.07688052581483869 0.11122626695861806 0.1996190883838716 0.0070489770473967355 2.192359734364008 0.8530374702342962 2.2221814351576135 1.8239996032000187 1.8099688232966475 1.4470069827419387 2.706135211442775 2.6170855760361973 2.8938720584365125 3.680016388383555 0.8104669635447131 2.2497183632439044 3.0564187678422003 1.9611026949409947 2.42462139236438 2.063243616981004 3.110878329377694 1.566515372052693 2.056539916924372 0.8902082104722127 1.6908987383274172
0.196866013761239 0.07563511981849305 0.11915741415886992 0.19993242573369352 0.006709875310371682 2.2837457127878045 0.9233392005182051 2.3162878846215227 1.912273093105837 1.8970967348142607 1.5305330563302095 2.79900638588569 2.7086174250479336 2.9832711436387602 3.7715214716683856 0.8786629452904063 2.34025462596273 3.1493383034370903 2.04918567579844 2.5153216948546633 2.150487324988064 3.200667948531424 1.6503341695580656 2.1473915573074525 0.9635086933901608 1.6910883768750975
0.19823775665033277 0.07643968144450758 0.11626400308014144 0.19996841062324497 0.00682564964834772 2.242746577706865 0.9042548224871365 2.2744985229424857 1.8772278700393634 1.8624038351106156 1.50151435276986 2.7501894440493384 2.661446277319718 2.9321604928266316 3.7075112169970916 0.8604514174467361 2.2986593744071704 3.0948181534360395 2.0121323838452496 2.4710415112959656 2.1120210762744436 3.1458209918610764 1.6194928471358667 2.1084963858097825 0.9434278245939031 1.691042013888495
0.20382702705929767 0.07724350335650061 0.10994465666304183 0.19997845716775287 0.0070908066133025735 2.1590516511322164 0.873670333952161 2.189558016589021 1.808707259930167 1.7944891085128232 1.4480159096790268 2.6453324769023876 2.56047946888406 2.8196747169328598 3.558694608703426 0.8314757822293477 2.2127849808861573 2.975016396178712 1.9380630528878164 2.3779698014631623 2.0338674880220338 3.0239783825235187 1.561277428063298 2.030388552420437 0.9112932575987571 1.691210443372208
4.125584096533483 0.027482525932612953 0.12667673188135367 0.13714965603223475 0.005338300122912995 3.152481269379418 1.9032217911165437 3.4207445922073143 3.4275798415561542 3.000338918910431 2.7537584236098884 2.1899013012350332 2.0494267431994166 2.509734812830889 2.863855586598773 1.0994406031057633 3.843090525134702 2.3684190208872753 1.7405279824877076 3.1331945901574727 2.0880025011224626 2.2295428211690362 1.4125797051928544 2.919090068037632 0.7106502856231413 2.69179346514876
0.19550851216198062 0.07593083322083022 0.12063487615456546 0.19999999999998352 0.00665229697882951 2.2970199519969197 0.9340592633495448 2.3304205263519675 1.9254954833304674 1.9100045261903602 1.5433260397514459 2.812056904284241 2.7214261949321927 2.9953103154915426 3.7821732127040915 0.8891801553549182 2.353301221204478 3.1617327186984605 2.061987479072704 2.52815449203674 2.1628170018158275 3.2124528649077195 1.6628073912537091 2.160779717998977 0.9748647866469102 1.6911852202448556
0.2018187427328986 0.07654347279336385 0.11177417514223832 0.1997950943494995 0.007034392587338991 2.192896473116516 0.8693684816602123 2.2239766231827693 1.8296882570111048 1.8152425554278617 1.4575391353839835 2.6991930493051335 2.6108569541126423 2.88168322106293 3.66111932458395 0.8265027558202586 2.2489469827519253 3.0440879485863674 1.9640556403801293 2.4208041268410723 2.0637164316758265 3.0955121422379905 1.5745598043553166 2.059282106762599 0.9072400349254617 1.691126932677102
0.19610290220862145 0.07595770471423251 0.1199563155101067 0.19999999720722117 0.006676675496339773 2.288700235315425 0.9308126173354387 2.321978683221662 1.9185797047876079 1.9031473859643004 1.5378371059972542 2.801786689435993 2.7115046288403657 2.984333217741275 3.7681382368386838 0.8860970072007492 2.3447737280482928 3.1501260146798815 2.05455812405327 2.5189653468091437 2.1550076546684993 3.20066569029939 1.6568742034048494 2.1529775998044403 0.9714676548626494 1.6911844368166011
0.1967274383344039 0.07721578585601895 0.11413442940951117 0.1990011279840354 0.006969375876630356 2.2285653650806805 0.8581038067023533 2.257688040038995 1.8511742549705665 1.837117782184025 1.464690103853969 2.754013511750239 2.6635749976914838 2.9466153175225513 3.745611571628424 0.8144469475550977 2.2877058886553323 3.1117572751318843 1.9922566165946567 2.4666086955461366 2.0973971559326197 3.168244063031251 1.5875555648764708 2.0893060612980054 0.8950400496926595 1.6907614821018349
0.20306564658350537 0.07594539553273463 0.11099538877921643 0.1979436767920768 0.0071017292595052 2.1814249034781468 0.8453278859992593 2.210253998359011 1.8137390466658598 1.7998384319876912 1.4374676078549207 2.693115076014025 2.604671588171385 2.880792682084442 3.654420251559067 0.8022517830328081 2.2385573074670986 3.0444771203934993 1.9508938592859992 2.412785412987482 2.0527878715503194 3.0982939915861634 1.5569113382508835 2.045669910067002 0.8821533332801432 1.6910363450289507
0.19673572269157424 0.07659520237917208 0.11946449275441129 0.19998836150319646 0.006708811420494342 2.2723422323006215 0.9253857431986082 2.3047401281823383 1.9055928011764043 1.8904804175524188 1.5278462867504787 2.780735647642058 2.6917833114305036 2.9623256294861937 3.735404144017781 0.8810044151095382 2.328266757802524 3.1251288757407862 2.040667857646193 2.5009508738344177 2.140567773344522 3.1759178519916107 1.6461703352715595 2.1378179590423847 0.9656193542530338 1.6911174538055402
0.2181936758422801 0.06731093688707714 0.10463504512455402 0.16648094385215417 0.008918053600116329 2.68341717893679 0.4207417970294967 1.4927309545157568 1.835244409728205 1.8153157448428705 1.1413739346662493 3.5083899184885783 2.7216877738436005 3.3983589120065405 2.942737291816431 0.3922308087426929 2.1182696701879116 3.5028289420606593 2.7577332778573216 2.7764020663401476 2.1452888689065683 3.353971595643164 1.1629440754272125 1.9165805436543653 0.451860262917307 1.7837534696567465
0.20394256546429998 0.07720366476913097 0.10888335896134091 0.19998046564264832 0.007143029292368708 2.15136578153986 0.8601372736022497 2.1817037250130173 1.798300738239512 1.7842047810712711 1.4355286728443974 2.642749733876081 2.5570669968463413 2.819759812027375 3.5706200122959726 0.8179917899247513 2.2060046338817436 2.976111580471395 1.9289633535184356 2.372764396054434 2.0260027726296777 3.0258787839960104 1.549648981414131 2.0215144852472213 0.8972445224336387 1.6911668185761266
0.1975349082206695 0.07664926482350383 0.11823959890152715 0.1999970109325107 0.006759068400509074 2.258907843131183 0.9171414721802371 2.2909625355365595 1.8932593681814318 1.8782788227900313 1.5168293624180151 2.7659671797708865 2.6773422994317104 2.947412520747843 3.719043545837098 0.8730364691322429 2.3147630642837753 3.109662122403135 2.0280448424440998 2.487030669627414 2.1277802809481634 3.1604363712079695 1.6348356909617097 2.1247339097828406 0.9570292188939864 1.6910863344854568
0.2031323363963428 0.07630783617074058 0.11021757428191868 0.19889873105275294 0.007070501271214276 2.1844594084251474 0.8544747395449468 2.215189666997212 1.8180148745941134 1.803637958949503 1.4436348040466873 2.696324584854647 2.6069323490319336 2.882047017405435 3.6741855799260166 0.811824866811771 2.2411207496461296 3.0467733142943514 1.9537520450098935 2.4148826103833962 2.054553048452573 3.0993247716727903 1.5615935156855973 2.049515645800786 0.8920634370578568 1.6912948873118978
0.19512086338599857 0.07600682822501692 0.12041536002553356 0.19997249186550461 0.006669719021318722 2.2961628799019778 0.9240694804435499 2.3279624958484746 1.9214234935807912 1.9064378243157598 1.536194538280717 2.815803767332684 2.7251033756757317 3.002702581470358 3.7949641052076872 0.879071604083671 2.3535310302337624 3.169150705544408 2.0601198233630704 2.530284064064276 2.162874389728004 3.2216607804128716 1.6576283445837 2.158525524389945 0.9638503097714112 1.6908982871941076
0.2009115072785072 0.07749777994807167 0.11141336254201066 0.19954533207876085 0.007111753179709507 2.1846075748303315 0.8457967734112027 2.213696758936461 1.8162559930139208 1.802352669447763 1.4384114090895692 2.697827094805715 2.609683004134228 2.885288912831372 3.6637507694482045 0.803494194802316 2.2423879834740665 3.04489740323033 1.953490237914179 2.4170488919217314 2.0561009617327115 3.0995051282700903 1.5580700504382516 2.048691382316299 0.8832575547850757 1.6908955863124269
0.1999445180722496 0.07684993270213449 0.11365405527050289 0.19991820992655965 0.006945973382063335 2.2090282161354744 0.8866514655821086 2.239984799582357 1.8476922454104723 1.8331978145851082 1.4763357505991943 2.711021556404882 2.6234981079474173 2.891580453028888 3.6578873703560943 0.8434710964326579 2.264573788069245 3.0519306084200646 1.9813071466421512 2.435134274534349 2.0803230482011776 3.1026874138306613 1.593115176280327 2.076257146404773 0.9249220638309181 1.6910277270589869
0.19523474835946952 0.07600575796510449 0.1199388294579755 0.19993538973003652 0.006683042384580539 2.2929250614705836 0.9188767090298329 2.324489457158528 1.9172151445131256 1.9022975993460625 1.5312968565076837 2.814110605862144 2.723227166163785 3.0020394556591388 3.7963410412258063 0.8739395485270973 2.3504965964430187 3.1688690669269897 2.0563601550154624 2.527798038115472 2.159500431561157 3.2217610083265598 1.6530403567749534 2.1548236316366154 0.9584716685371686 1.690864208940902
0.19581809550399656 0.07590549527802938 0.12034811154739411 0.19999999999846407 0.006662804677032781 2.2936212219679626 0.9326636392441005 2.3269719564906266 1.9226367003520604 1.9071671530599807 1.5410299660835316 2.8079002805060007 2.7174018466942647 2.9908855843248685 3.776621707138299 0.8878503687987774 2.34981810841845 3.15707093370551 2.0589312496355836 2.524417461108965 2.159612282782815 3.207721301352286 1.6603388577172487 2.157584398703931 0.9734148498151891 1.6911852655690707
0.19527057429356917 0.07616296455976482 0.11899744189087351 0.19862333783961852 0.0067704785370357335 2.275055906167675 0.8965389473458201 2.304657488428094 1.8977608423204624 1.8835039950357964 1.5101193609516927 2.79732317883121 2.707092280536081 2.987200317879952 3.776462044515561 0.8518020063384925 2.333551482108586 3.1523272431332443 2.0385060946154474 2.511301088350241 2.142922361048568 3.2064208171650783 1.6332511933408176 2.136136723865745 0.9350655468609632 1.690693894284302
0.19421333020972753 0.07574519111194135 0.12147342086090931 0.19990295340605363 0.006632302638675688 2.3149454375564935 0.9260154837533725 2.3470568734349193 1.9347360711213581 1.919586251210272 1.5445656696237569 2.8428371863222957 2.750620660840044 3.0333007388638267 3.8385695631209154 0.8806539102057565 2.3731454586266976 3.202810346666035 2.0754328313190014 2.5526510028972265 2.1797220035139766 3.2564056475040997 1.6675430511169302 2.1751713448079726 0.966098427612262 1.6909191083808544
0.19789507279581592 0.07662646646836241 0.11748818013145822 0.19999908036185512 0.006778216222209749 2.2500535070498957 0.9182856033990584 2.282258335494021 1.8876655145245658 1.8726860072495735 1.5143270749241782 2.7522057076494644 2.664186246784453 2.931288950673377 3.6944684337535945 0.8743288053905371 2.3052116605789625 3.092587010188719 2.021074450468477 2.4757560421122684 2.119691066716007 3.142352769945411 1.631247287121146 2.1171556398517004 0.9579818354246755 1.6911394495351084
0.19646479840319386 0.07622939533539244 0.11821836544962219 0.19956311508000238 0.006764570788373582 2.266076651062269 0.9117563586593844 2.2980271147570943 1.8959910637204722 1.8810361273341012 1.5157564480756838 2.7799711202055737 2.690161284213711 2.9644376152271854 3.750375322100298 0.8674504017604278 2.3227333299604656 3.129153777581226 2.0326472717464275 2.4973161661785803 2.133848883118542 3.1808305431581956 1.6352194389623047 2.130111154699286 0.9512175394665207 1.6910540290303233
0.20094842728320533 0.07680608749430476 0.11328072859793838 0.19999115047793647 0.006947597485707812 2.2014895699923653 0.8917719073703445 2.232694307689565 1.8443990102117236 1.8298477154920367 1.4769393316364134 2.696902818150574 2.610306506029827 2.874302505791393 3.62898671759697 0.8487573132194636 2.256118742645256 3.032958155345747 1.9761465558076117 2.424418370581782 2.073647084043066 3.082551898045147 1.5922537209706946 2.0704197636863437 0.9302217965846462 1.691123617216143
0.20091851635792218 0.07681894686962136 0.11393847375632167 0.1999802374857598 0.006916414152580504 2.2060648084267136 0.9008821265325074 2.237645121282758 1.8510365959013644 1.836344008505899 1.4851789334790804 2.6980070278141346 2.61181392682395 2.8734226204776463 3.6208428560444155 0.8578269947489403 2.2601347411024078 3.0312812766634245 1.9817211560811718 2.427209120232369 2.078317278874784 3.080084936951943 1.5997137723088293 2.0758731678521705 0.9397552113706853 1.691208786719944
0.19908688029768618 0.07684497112995733 0.11402913602538756 0.199993073247926 0.006946258782452485 2.2155240127260716 0.8808981745075404 2.2462783526429746 1.850081864590921 1.835653723766057 1.4749031439647153 2.723857087618168 2.635463479922736 2.9074737865620826 3.6858019346697257 0.8375496292856526 2.271962860207665 3.069287265954811 1.9855150673068112 2.44472744007545 2.085990603981441 3.1213396347894204 1.5931973124328318 2.0811004959632102 0.9189694237041596 1.6909365253260074
0.19732443338362435 0.07586885559542819 0.11884486209205661 0.19999999999999998 0.006711532322271115 2.2770026798520724 0.9254795820296173 2.3100475841309835 1.9085218855341832 1.8931817055419182 1.5295359217744222 2.7878163827745017 2.697954386537608 2.9696642348283055 3.7502549027076446 0.8809857624914758 2.3328304628193797 3.134676866430347 2.04392866640693 2.506268578536953 2.1439683289835783 3.1850549574817504 1.6480604542443844 2.1418653082294936 0.9658979760826297 1.6911801940335034
0.19594160580564332 0.07610959857883592 0.11993997060969352 0.1999999999999998 0.006682211368280455 2.2866968658690117 0.9299492702548756 2.3199217688348748 1.9169181317414332 1.9015242163207995 1.5364772853328847 2.7994177523676838 2.7092354533095686 2.981800106717228 3.7651426695880716 0.8852853600407515 2.3427693713324667 3.147459917353795 2.052809703604906 2.516809455108444 2.153207191170068 3.197992913060467 1.6554407572423693 2.151093069553914 0.9705307841039648 1.6911791798306763
0.19648722846636016 0.07625704879934425 0.11946511644664538 0.1999999175311194 0.006698667876906714 2.2793327934332863 0.9270375095836134 2.312397493726113 1.9108458672696662 1.8955308266558375 1.531633424693163 2.790325654861038 2.7005081564886395 2.9722372553531624 3.752954482978154 0.8825217361442615 2.3353015061943867 3.1372731749250384 2.0463202809279912 2.5087608353528488 2.1464407618789445 3.1876927311395327 1.6502227131555933 2.1441958581648897 0.9674987254979973 1.691173739639045
0.19665968162708813 0.07641456600191733 0.11925192151105068 0.19999405154840022 0.0067106290372149525 2.273139237672494 0.9266571726398505 2.3057531909765197 1.906541719157627 1.891354086356877 1.5290400030711597 2.7811261699635983 2.6920190753915056 2.9622465801700515 3.735990291467648 0.8822459752966525 2.3288710082235147 3.1255931541653683 2.041426241068587 2.501409361016992 2.141119640972424 3.1760319383418545 1.6472079227675953 2.138698388998984 0.9668826931586115 1.6911426238747704
0.1954985285461627 0.07622378756649065 0.11978737381401999 0.19944209118978545 0.006703751799731871 2.2826173884210568 0.9245626462466501 2.314831058219761 1.9123160031790165 1.8972475851913035 1.5312679809071923 2.7961720275365454 2.7063244286089785 2.97986986792614 3.7634824271509677 0.8799364581830017 2.339124149113066 3.144605232724397 2.048939570675101 2.5136419392993794 2.150061694629406 3.19610763595799 1.650907988117823 2.146645806603589 0.9644757664870182 1.6910918908994523
0.2139983048573248 0.05312416741632399 0.1245462649834321 0.11925508976745781 0.008449296092116976 2.4560735430173932 0.5616853472266741 2.1789612374871465 1.6770121118429697 1.6874645079812547 1.2010631825649019 3.0077352939971145 3.3950345630365644 3.5932353557211534 3.6543299482395417 0.5275495218065054 2.600169324145094 3.913511856561657 2.0873298805306764 2.3630822508334606 2.1807487316225256 3.8076783870465807 1.351261796061757 2.2554470287055595 0.5936509020972662 1.7376454448428504
0.19786582829493607 0.07650092049810074 0.1156224869379097 0.19988411518860646 0.006858396646990626 2.2398473099807448 0.8902698781803845 2.271193906924076 1.8707719213209344 1.8562418939813112 1.4914673650237291 2.7540117560086474 2.663608526639539 2.9382668376511556 3.7221126035677634 0.8464426593117594 2.2971164251674066 3.1058417546117734 2.0080357273852365 2.471865976703487 2.1090403398099253 3.1594200950647537 1.6113555291494628 2.104019383978615 0.9287544165872248 1.6908664809047222
0.19814914431620254 0.07680226200597554 0.11474765068220441 0.1999780269722689 0.006921284999491647 2.226564553655668 0.8770424905200346 2.256056712751496 1.8571441971950857 1.84312718158561 1.4774837464664257 2.7391635558078886 2.650650458096937 2.925282389040589 3.7048972285501875 0.8333613194746949 2.2839473217362345 3.0870417791225013 1.995016289037775 2.458559898833584 2.0974859243771973 3.140211123338599 1.5981547201925894 2.0905454217888515 0.914813686002114 1.6906355544007874
0.1954484585036728 0.07626389171241121 0.11873824360789645 0.19995234673727105 0.006755677930941839 2.277937317045242 0.895024821891081 2.308009934605186 1.8989749286286823 1.8845282879564516 1.5099597715885722 2.8038738669582237 2.712871406235139 2.9953753837666457 3.789415568973233 0.8502434683882351 2.3366302354298996 3.162584332587741 2.0402952685724336 2.5158245728896005 2.1453277351300426 3.2173423203349603 1.6334168015297479 2.138440044582566 0.9335786156383059 1.6905683152445277
0.19650342582350705 0.07604564989953093 0.11939714851345358 0.1999999999999996 0.0066998064805762385 2.2810767853250287 0.9275919083738713 2.314260783752211 1.912164285961907 1.8967882238616995 1.532645093892304 2.7925704198020997 2.7025778165719485 2.9744975554360167 3.756031137715819 0.8830344965922091 2.336990278095556 3.1398033776117042 2.047707671755422 2.5106168772068056 2.147839053278878 3.190184914685382 1.6512967414627138 2.145796564984559 0.9681023583323501 1.6911852887494792
0.19701553024388538 0.0761143361514617 0.11905696235761823 0.199999999999787 0.006708996872529917 2.2751770488157566 0.9272198458750845 2.3082640939980235 1.908050279769906 1.8927210748487886 1.5301691738327645 2.783980289003667 2.6944545333752767 2.9648851161390635 3.7413385680704496 0.8827724242418676 2.33080818807843 3.1292160367791197 2.042926251003978 2.50353893211622 2.1425478460466585 3.179240089959967 1.648294000854667 2.140584568841817 0.9676540578697413 1.691192960873473
0.1966132515713914 0.07587265436354891 0.11962079641722584 0.19999999999999998 0.0066856352560686946 2.285711889361677 0.9291546028283992 2.3188945622540964 1.9158733736294475 1.9004694138348097 1.5354840157095473 2.798385753816082 2.70818889817242 2.9808746030197013 3.764297274791505 0.8844902130503786 2.3417369736918934 3.1465089902817045 2.0517714876985758 2.5158088652021395 2.152168669347658 3.197059755758391 1.654443903118986 2.1500861051458813 0.9697428660141261 1.6911799788101685
0.19591150692472933 0.07597512049972172 0.12005967571726762 0.19999999999999374 0.006674603588422386 2.2897698132376205 0.9309112930861886 2.323053053074771 1.9193454454556416 1.9039117495143199 1.5383119011356448 2.803327986786756 2.7129737632526933 2.986059384400634 3.7707958486103013 0.8861775925314913 2.3459022832150342 3.1520030495234983 2.055449767548977 2.520247539898616 2.1559981936912105 3.2026113759965575 1.6574508829180503 2.1539299195311474 0.9715711505447492 1.6911817701641536
4.380664151348315 0.027911954573109788 0.09061614428566266 0.11843445775650462 0.006934214539746326 1.7338525624292684 0.431757922017793 1.9693006589220685 1.6582512561605256 1.7346049183372108 0.992118092795829 2.076656049403449 2.7219477370448004 3.1114990067345873 3.7388632422995656 0.4038349864316718 2.890640020380244 3.1603724635748622 2.046360071981134 2.4125325720606106 2.485083813519347 3.200953068219472 1.3648256385049704 3.080954688138009 0.4634280050711726 2.18907690120201
2.3298813925749706 0.04727233186982747 0.09394990923903693 0.18841557585660623 0.03335952634506154 1.8989764890108658 0.21915173219830267 1.7201980441586673 0.6211816717449443 1.906087012333717 1.5685780872572943 1.1343399596136134 2.870911679541667 2.770629959493092 1.2524891539833265 1.2046184660118435 1.4628497793883843 2.117733130220166 3.560597880447027 2.9217487348561275 1.3954968415656652 2.898482691463077 2.2255605334585797 3.810097206486508 3.5549575610291684 3.1877817411217504
0.19879484184590385 0.07557976665432797 0.11760138653461469 0.1999956056409994 0.006740944784043259 2.267021301674945 0.9193758377822866 2.299479704655171 1.899271363834013 1.884113656630711 1.5212492477164816 2.7767094448195446 2.68729768984236 2.9594100524036944 3.737769014188816 0.8750340775853731 2.3227648509195085 3.1235719791235605 2.034606049550926 2.4959325336922187 2.1346699452980054 3.173632067105888 1.6397165039236656 2.132052343419881 0.9594164270337189 1.6911411086440222
1.3517864630785075 0.03687781718774113 0.06835732065376621 0.09139259985749597 0.019926489573522 2.1490865431441137 3.0371982922925898 0.8752481569748439 0.746285131378966 0.5019470114588211 1.632346227607809 2.033867173387461 0.9341782535684446 1.7616698949808172 1.918147108747317 0.3315516069754527 1.804264700322628 1.542395877814592 0.9607743271185027 1.4571720996932849 1.355756452356895 2.1451411450176927 1.2869044920371522 2.616218573220923 0.7581375644098349 2.651040054918919
0.19319186470721653 0.0758861599736301 0.12341402210715965 0.19999999999999998 0.006554368996837289 2.330080025978814 0.9472477381718962 2.3638732572910475 1.9530910479625383 1.9373991686295737 1.5653294022727375 2.8526679563043222 2.760744259792649 3.038714017196764 3.837229300494249 0.9017154194123302 2.3872034044252306 3.207510794719429 2.0916337015181194 2.5646445993351312 2.1939885026123656 3.259061485232403 1.6866110013655229 2.191827727737764 0.9886193632959046 1.6911963640364314
0.20155857527896978 0.0772194224193412 0.11269726271322295 0.19987063558665633 0.00698842716093925 2.189998870460039 0.8849837840738857 2.220861486751075 1.8341543759651615 1.8197615830401306 1.4678502386951497 2.6839899888408683 2.597928911213305 2.861309813439532 3.6124076577609787 0.8422397476729249 2.244694574274331 3.0187182728409065 1.9655989426559715 2.412513014086302 2.062915536434607 3.06836359351954 1.5828044115076896 2.059346936409338 0.923264345195559 1.6911355468746878
0.1957436400921139 0.07605033104275082 0.12024728505119804 0.19999999999999996 0.006669059347964609 2.2911190957352647 0.9314915353917969 2.3244136200623498 1.9205094225599868 1.9050783432976457 1.5392540022588241 2.804986006778259 2.7145940828274187 2.9878800098803007 3.7729755977364032 0.8867375970284896 2.3473047667368965 3.1538391773310672 2.056698339959718 2.5217401405689266 2.157314779993571 3.2044877487972263 1.6584692202945486 2.1552079232186743 0.9721630825001379 1.6911789229255298
0.194221430846105 0.07591376882881626 0.12201900339305037 0.19999999999999987 0.006605238370213701 2.3135160748544785 0.9404068863874145 2.3470543832985458 1.9391684845372608 1.9235973512734887 1.554127013220442 2.8324632317102294 2.7411897551679396 3.017242037791605 3.810196601249283 0.8952013348642937 2.3702527154678457 3.18483632404786 2.076754827218964 2.546457955482538 2.1784088701769417 3.23604304598414 1.6745677407990054 2.176226795609083 0.9814548787514916 1.6911789470352785
0.19807870341369554 0.07661773488934379 0.11768132611121221 0.1999992879946355 0.00676688068148223 2.2506630584753875 0.9212994249106268 2.2830535298036394 1.889253423741013 1.8742049269509367 1.5167225545140337 2.7512314958578163 2.66338523172846 2.9293961384535656 3.6894194090365904 0.8773408749271673 2.305563558993144 3.090369511233711 2.022152086623259 2.475543433814061 2.120335750907655 3.139804430808556 1.6332504089285986 2.118184385620325 0.9611550593051981 1.6911832007493153
2.2215899003861574 0.02511289086508705 0.0962988792073476 0.0746334861082308 0.006566345298895721 2.174183655327463 0.52862134042419 2.047276486843929 1.5004705082434966 1.487548957783203 1.0870447491742317 2.8425899337806153 2.5630501654589963 3.286640686478764 3.7077960746174234 0.4940952704711464 2.111680560431072 3.218070096335526 1.7915086162995284 2.4441682934219147 1.967023933340927 3.6151248155292355 1.260919934379502 1.9098090021172986 0.5565939506420443 2.073853795102347
0.1957697223030171 0.07581826157501298 0.12050779165863913 0.19999999999999143 0.006653901314070227 2.297399323432266 0.9328537367720802 2.3307725637548318 1.9252324154341844 1.909739267080003 1.5425580744523377 2.8134353586929426 2.722637196985369 2.997182782818813 3.7859332892984146 0.8879602430281031 2.353780032336082 3.163861363447058 2.0619800131888635 2.528982046382114 2.163013686473873 3.214764142454882 1.6622274120552099 2.1608997084340067 0.9736443252348597 1.6911784511857482
0.19638321270103404 0.07594917821087693 0.11967057973235787 0.19999999999999998 0.006686236862367142 2.28538452425546 0.9294866379420224 2.3186172264787204 1.915809681972353 1.9003977663524447 1.5356274283070253 2.7977047557467145 2.7075559262744204 2.9799869768715834 3.7626409338819236 0.8848355184841876 2.341372411966954 3.1455180790270565 2.0515857725951094 2.5153047824232626 2.1518849593604057 3.1959769451526276 1.6544867800620744 2.149863656644176 0.9700877152299843 1.6911853449776604
0.19613254303026303 0.07602940611515042 0.11993619844003553 0.19999999999981466 0.006678707886880492 2.287610951265808 0.930245602559165 2.320876819514839 1.917633984432956 1.902215315389903 1.5370266225903664 2.8005610998004373 2.7103138581298816 2.9830268359209184 3.7667849916255114 0.8855577450241556 2.34368177209782 3.148792002934324 2.053571037268583 2.5178097001259268 2.153994006468929 3.199325326812873 1.6560245810458931 2.151939233035407 0.9708715778148382 1.69118358427414
0.1957758001543821 0.07595252301528768 0.12035496767191688 0.19999999999999998 0.006662584131667533 2.293214077630729 0.9327673031434511 2.3265634684892564 1.9224122715939505 1.9069467953786334 1.5409590987993076 2.8072248316232935 2.716775948166883 2.9900972350097215 3.77530193871357 0.8879629618334965 2.3493854312038485 3.156179067373338 2.058636840254202 2.5238918817904663 2.1592658615010523 3.2068005438076153 1.6602136625182302 2.1572461241507233 0.9735116540945702 1.6911859664470479
0.1987015543382014 0.07683280607949389 0.1155125873296243 0.19997994484247128 0.006876568774737862 2.2272478031181513 0.9003349052736527 2.258627513950234 1.865354227037478 1.8506921251987316 1.4929774640502305 2.729437475399819 2.6417790057578916 2.909555003266601 3.6743266161380235 0.8568352793306353 2.2827101548962765 3.0701180146172327 1.9989938591216794 2.453335283925734 2.0979450601816065 3.120607944055581 1.609929512735044 2.0943701286360095 0.9391714856124127 1.6910443026899014
0.20029681917156034 0.07706974531826309 0.11401124711670764 0.19998271731349698 0.006931028559992592 2.207166807877383 0.8945528536637581 2.2384411601768623 1.8494638312230691 1.834895653515315 1.481178117341758 2.7035130600612476 2.6168493479506316 2.8812734517757725 3.63642954308816 0.851458446679574 2.2619769409627017 3.039887390703887 1.9814541831576626 2.4305739011666607 2.0791593883193085 3.0896423757019154 1.5967185513372186 2.0758642718231157 0.9331669039011216 1.6911159482458906
0.1958614712568835 0.0760030171324567 0.12018398848665107 0.19999999999974544 0.006671086151195948 2.290821344319509 0.9314794673095597 2.3241277568651473 1.9202921785846763 1.9048521513301628 1.5391282682153364 2.80453294367372 2.714152456755799 2.9872876262551853 3.7722235900936156 0.8867277409481632 2.34697441196312 3.153290790292487 2.05643374645725 2.521364535216907 2.1570085779177215 3.2039049654233396 1.6583029551190882 2.1549453083563916 0.9721608307871453 1.6911827662840504
0.19599503866030762 0.07591127463520352 0.12012215105655474 0.19999999999999354 0.006669728945500882 2.291407677538178 0.9314412494798234 2.3247254822027883 1.9206499672463302 1.9051945874938165 1.5393057012343467 2.8054028556087522 2.7149587484867617 2.9883110361335943 3.7737652132285926 0.8866706005217351 2.3475719630257927 3.1544015739205844 2.0568618962544494 2.5220741957526833 2.157487361708748 3.2050462073572223 1.6585329229345032 2.15544436092448 0.9721461924367016 1.6911840104225404
0.1954624522280537 0.07601977988133277 0.12069076780673879 0.19999999999150586 0.006651451619155044 2.296424926177651 0.9340646869559159 2.3298023801291734 1.925117585701656 1.9096445262577353 1.5431179913822082 2.811192004988687 2.720630773264736 2.9943106208625587 3.7807695819647202 0.8892028477995626 2.352699063106466 3.160639826508469 2.061548460293768 2.5274480039346874 2.1623361823776857 3.2112585590567204 1.6625569369362545 2.1602666444743464 0.9748496188998848 1.6911841390439155
3.530052045393627 0.02361338506464873 0.10034579067854005 0.0818216515002505 0.00565911695369081 2.2004673519014704 0.5800834450109323 2.2361318756241086 1.605356585725616 1.5934233168432588 1.172849871843593 3.1242707277464223 3.0390102671725554 3.5063740933431107 3.9998051389625964 0.5426578521224737 2.29317708224473 3.264871808596919 1.9190292756720084 2.6032075731786137 2.064493962383631 3.4756400307320297 1.359463188346878 2.1989408510845756 0.6117976244162132 2.1537167372506993
0.1957003609601739 0.07595179549288059 0.12053357969871745 0.19999999999999998 0.006658446974167012 2.294223253503276 0.9336401476479708 2.3275666154866204 1.9234494506008186 1.9079873262498293 1.5419740430677238 2.808153318434404 2.7177307910398865 2.9909951627246603 3.7758792178947362 0.8888191810327002 2.350403132721757 3.157021239455788 2.0596820924550214 2.524888985463623 2.1603118988828864 3.20763768563381 1.6612551901782115 2.1582824444680813 0.974401247888145 1.6911846879285244
0.19728831201465521 0.07626917747722876 0.11824005722900341 0.19999999952933423 0.006746490763355857 2.2649278020631782 0.9213903184242769 2.2978121383734202 1.8988244204428262 1.8836034403568147 1.5220859250268068 2.772626496056518 2.6832950807292635 2.9532153770852814 3.7287230282352275 0.8771636906095278 2.3204955442616395 3.1171898080339937 2.033400641548243 2.4928110842367057 2.1328335972420867 3.167041545056654 1.6399089770930244 2.130669520436848 0.9615436882240708 1.691181752589324
0.19699123996835738 0.07588732948069198 0.1191032025708198 0.19999999999999998 0.006702885443461662 2.28015378478288 0.9266974973313093 2.313268720851926 1.9111436901507814 1.8957759763274549 1.5316142866415625 2.7917278976899835 2.7017250832796975 2.973826912289202 3.7555964886272184 0.8821444657909752 2.3360611318592164 3.1390961898999232 2.0467328346565603 2.509748101515737 2.1469068466018664 3.189532607376046 1.6502923137250398 2.144818314801033 0.9671763776692128 1.691180700044111
3.0845252226332693 0.02259198530776294 0.11101836446134922 0.08361354242856982 0.004752244919259853 2.612347411321163 0.6920217907152552 2.6049845031160563 1.908147896388734 1.8738529630213807 1.3248142131882372 3.447970015999104 3.0497238131550857 3.790208709908441 3.466625045069002 0.6486065094104599 2.682160193962746 3.183887207985277 2.2385416941464547 3.000028109292403 2.4277910048737015 3.82540448692969 1.5319256107103438 2.3706440306660848 0.728477990125752 2.1857133819723136
0.19566800467783943 0.07617291500508622 0.12011639835474727 0.1999999968081166 0.006677650030145402 2.288256044065546 0.9302356710761599 2.3213666414667693 1.9181059767451296 1.9027492009226192 1.5372789362553712 2.80154669081198 2.711276131428179 2.984287292858224 3.7684308477612563 0.8855413028981576 2.344447791528023 3.149979330925734 2.0542192595161644 2.51869614935529 2.154811909973361 3.2006845897871465 1.6564355863423799 2.1524914049352435 0.9707630717513069 1.6911599536968829
0.1958970206502033 0.0758810619258206 0.12023471203236487 0.19999999999999998 0.006665165739852366 2.29313136769218 0.9320956696894752 2.326471274741335 1.9220700444801253 1.9066016820630933 1.5404262144850456 2.8075348529458295 2.7170167746399496 2.9906026283442313 3.776696043297556 0.8872899906791977 2.349335414623095 3.156822772463214 2.058392029854304 2.5239802039327186 2.1590978819189184 3.207510437127016 1.659747791040147 2.157056727397732 0.9728320332052378 1.6911841341717198
0.1999997588828264 0.07693283018654164 0.11567000554225214 0.199993105850118 0.0068502695824307356 2.2238865786028317 0.9078140235643404 2.2556142914619954 1.8658994294489264 1.8511329237320666 1.4969030813484456 2.720051772400955 2.633285930494319 2.8971605468148227 3.6499430287378822 0.8643896995743535 2.2785241888016734 3.055890647640346 1.997750415781016 2.447037109468306 2.095254583366291 3.1053044412448436 1.6124567707072026 2.092603731484399 0.9471532769054992 1.6911692744270377
0.9731639637007332 0.04126605303557906 0.07928497869469248 0.17162138101277416 0.008251714059641504 1.7505030775047161 0.45570515954828095 1.7380125518256222 1.6078166340318718 1.7021280680863324 1.2117262672631217 2.5641221974744712 1.884832905941441 3.083274576904597 3.8874935825710426 0.4269527215014485 2.4004273793632476 3.541258845251815 1.8301632932966918 1.8213381121671561 2.343833001690934 3.415826555091968 1.6809708848760974 2.0830990113141907 0.4859321360660101 1.9700149333041164
0.19680884931938664 0.07607535998714947 0.1189873533663033 0.19999999999954648 0.006715532852937252 2.2759667271799224 0.9253948590977917 2.309071758653308 1.9078374368351307 1.8925006497593944 1.5291261722091907 2.7864066007236175 2.696606565667772 2.9679699038235965 3.747910873299153 0.8809400900462312 2.3317733381525168 3.1329253752810287 2.043102121819446 2.5050382384108487 2.143030530603951 3.183213344838307 1.6475317834864696 2.140971480625597 0.9658030501447229 1.6911848107808392
0.1934609556788902 0.07593789414252744 0.12302407605906678 0.19999999999999998 0.006568414327773992 2.32510042042708 0.9452357840319765 2.358842339077325 1.9489382247081752 1.9332803740492426 1.5620070892009552 2.8465892006211564 2.754859803586243 3.0322062783310977 3.8290347190910135 0.8998059925261455 2.3821104529358195 3.2006577324626266 2.0871730127595636 2.5591615599942634 2.1893019071625095 3.252086606359125 1.683016017085971 2.1871474458741083 0.9865146431567461 1.691192994536938
1.8958776481871502 0.02580465238700358 0.09595494902207326 0.08256178805469837 0.007727629695229931 2.0579624707398665 0.39905857402208267 1.9926600788444269 1.4918165195435076 1.4660772171133605 0.9423556644955906 2.8720970746998282 2.7482780927947443 3.2155034033912564 2.8251237373916678 0.3718275985907872 3.0045011137052198 3.6400762596077163 1.8225961485295075 3.1170598124687685 2.661098336694691 3.747400137921425 1.2159030980843364 2.075056326219261 0.426180988989395 2.0985316917706545
0.19601205155683837 0.07587155542246428 0.12016779464992339 0.19999999999999998 0.006666839985471399 2.2925463957078893 0.9316110202892599 2.3258816441041086 1.9214778359652827 1.906011114783342 1.5398505824440316 2.8069862261470453 2.7164605100563404 2.9900720224742576 3.776333475175861 0.886815808831409 2.348751970691458 3.1563167305321214 2.057801631016757 2.5234071034578367 2.1585111465807265 3.2070119072870447 1.6591674987758702 2.15646444102766 0.9723390936761809 1.6911842197487463
0.19547547197643028 0.0758663290775093 0.12071333980582631 0.19999999999999998 0.006647891321202731 2.299086360590968 0.9342892232830665 2.33246927052885 1.9269620383786816 1.9114654893843075 1.5442482594965996 2.814966698789736 2.7242053430851483 2.998610513293687 3.787009602585994 0.8893639666454641 2.3554598898249557 3.1652819746883885 2.0636972859004854 2.5306155902222427 2.164717306551158 3.2161531224642967 1.6639294742090216 2.1626116634650367 0.9751080979076397 1.6911792302918087
0.20035314251730024 0.07640731346532506 0.11491499500534474 0.19999987740265526 0.006869418218723134 2.2239892505923127 0.9059864024762342 2.2563797070280325 1.8650421197877483 1.8500658714115625 1.4955312887896641 2.7216852912105334 2.63414211159921 2.898771605449924 3.6582476068815843 0.8625700414343608 2.278473046438078 3.059337484256866 1.9969367449663933 2.4473922184024355 2.0943746160300627 3.1082925394742085 1.6110041355507432 2.0923925264789025 0.9454703192636694 1.6912405486432103
7.206585069926566 0.027714312987653453 0.09533297032651322 0.09438640341499782 0.0031777133731533576 3.6777741186199644 0.746877790748834 3.5932293959568447 1.5276082441667789 0.9929818923528385 0.9947544406581221 1.8684394222840504 3.1059287985737294 0.9606060285141237 3.5722337562912254 0.5944249874381952 3.102143503348718 3.4462395898039286 2.149092212471151 2.4039982844103385 2.7222393983576767 2.1909479462890986 1.5986320059584964 1.647320262257863 0.370594675005032 2.4762737272606237
0.19901684511009574 0.07610755562132877 0.11540652263159834 0.19997772774904693 0.006859465737203923 2.236696093300165 0.8970509459174796 2.2679597606645325 1.8704855237561109 1.8558339128343395 1.4942909249633953 2.7455935047497646 2.656862309911657 2.928840737898934 3.70398126429549 0.8532010377571669 2.2931080397253703 3.091587835550077 2.0059726997643788 2.4659138591876384 2.1062732245730857 3.1429628351146937 1.6125158404711153 2.101955419275254 0.9358446270955864 1.6909566689947277
0.1936910363657354 0.07613736903661864 0.12143696716164051 0.19993648742031378 0.006635471914206292 2.3066215330644053 0.9287392390578828 2.338424305894622 1.9305631719699494 1.9155424336472637 1.5437316879175402 2.8279361350844052 2.737034448138336 3.0154957454792 3.80975581721567 0.8836087159238571 2.3643078907464337 3.182137406527942 2.0697777380143623 2.5415636511992767 2.1729773237413093 3.2355304330868093 1.6657110420889714 2.1684634431341507 0.9687323717837172 1.6908865842342737
9.110961210820768 0.024100958357750453 0.08329708195753022 0.06723313695683648 0.0065845853277679755 1.7626114971904587 0.4160655809097373 1.818748425035339 1.3680735839141358 1.422370136531341 0.9213591659854259 3.0095613333524103 2.9491907067243743 2.3963021276198284 2.8805298689289227 0.3895280509437829 1.865871258667125 3.490557332527118 1.6201283700740188 2.1106501798882467 1.6760129636803536 3.345815718814243 1.1243553837936497 1.6908990275143065 0.4394410030782719 2.1664986609011634
0.19600961434569475 0.07588550824813428 0.12014077197616665 0.19999999999999998 0.006668537321454017 2.291897987574309 0.9315897155427995 2.325224299871401 1.9210363055564776 1.9055757217711882 1.5395957409755903 2.806032376885415 2.7155611505147967 2.9889937117746697 3.774680791160805 0.8868084270499365 2.3480736570695746 3.1551338429493736 2.0572840268572343 2.5226248203126675 2.157934814886502 3.205791752267015 1.658852208000624 2.1558965432353516 0.9723066900858446 1.6911844999483259
0.1946873824672517 0.07580394074159363 0.12162879120003796 0.19999999999981263 0.006615696379991482 2.3106140856039175 0.9385064921520934 2.344125275597932 1.9364182999685629 1.9208512156272377 1.5516320611351626 2.829375071624999 2.7381186885339295 3.0141101810561675 3.8070429143328584 0.8933519925294029 2.367303421113079 3.1817012354579037 2.07393501504306 2.543449623521034 2.1755393466396384 3.2329000902692466 1.6719874844463096 2.1733711505669624 0.9795119620285425 1.691177975151223
0.23464535344859339 0.06710675309963447 0.10575453064615621 0.1891922259794372 0.007830798943263237 2.1341744878739277 0.6516906990489638 2.2170917315077063 1.8002726367918598 1.7669022509105392 1.2610970994676742 2.4401276231743885 2.4325362648728093 3.081763991428132 3.9640962122302645 0.6225349821924097 2.354067616100386 3.4564258738763143 1.950709357657394 2.609562103965765 2.177835816047406 3.4518142436917425 1.4950045475194702 1.9896598378778063 0.6866404048325735 1.7007501665804166
0.19661434827173088 0.07583655714235171 0.120133352221229 0.19999999999999998 0.006668545606517678 2.290064291592249 0.9315188984494147 2.323287043747097 1.9197280704900428 1.9042890600794145 1.5388129590144062 2.803261694202231 2.7129602715556644 2.985939931933324 3.7700947444042443 0.8867599678983441 2.3461265637670325 3.1517798752771085 2.05581174739469 2.520420257298169 2.1563280651969867 3.202393493427727 1.6579722522487192 2.1543026342669958 0.9722345044112641 1.6911855310449524
0.19758263540631932 0.07647554022932959 0.11776798855534093 0.1999999999906083 0.006766117434561701 2.2572067570318146 0.9188555959993993 2.289942530271055 1.8926583647777562 1.8775215274785855 1.5173831287248818 2.762814637614327 2.6738577888269837 2.9425902883450776 3.7146703067665197 0.8747889340619066 2.312598262447308 3.105830305371379 2.0266990660663002 2.4841748606859837 2.1257483172279414 3.1553535824635035 1.6347602458084387 2.1235111374257967 0.9588440010833318 1.6911850312517152
0.1951320211904067 0.075887632937004 0.1209329184680368 0.199999999999999 0.0066415102145565156 2.302786781254095 0.9351695238965705 2.336317237140281 1.9298581926733076 1.9143292623003283 1.5463246321094368 2.820002892189911 2.7290046834275934 3.004087543652657 3.794577372571972 0.8901893427418545 2.3593270451727872 3.1711627112346035 2.0668656102061442 2.534875984134382 2.1680924515264324 3.2221092982122403 1.6662002567053995 2.1659817568454054 0.9760450501264404 1.691182176127068
0.19566207975974484 0.07589011710289494 0.1205186000220589 0.19999999999999996 0.006656652504655834 2.2958629739508774 0.9333184091172171 2.329227563681251 1.9244058884527495 1.9089255850592663 1.5423416952815454 2.810806239682008 2.720200554325679 2.9940685025017895 3.7809510071563266 0.8884596823870684 2.3521351507926025 3.1604544861935904 2.060885017622898 2.526966745252711 2.1617063602215696 3.2112041814115124 1.6618071608640383 2.1596486612394292 0.9741007102973605 1.6911829435775925
0.19609718962825645 0.075925926284686 0.12004959697885441 0.19999999999999998 0.006672477945384786 2.2900651188676306 0.9312079902930851 2.323363497855565 1.9196500703489934 1.9042036535958604 1.5386312781366884 2.8035450639774115 2.713189052607696 2.986253158089321 3.7708001496971444 0.8864626863297599 2.3461720627114673 3.1521765084327917 2.0557339767651497 2.52050406638154 2.1562606137267344 3.2027608495207476 1.6577575470297001 2.1542368621843564 0.9718973797342434 1.6911853637501213
0.19572139836799912 0.07588052187231266 0.12046499616524302 0.19999999999999998 0.0066569253731599025 2.295833843071942 0.933101695626561 2.3291969632267167 1.9242937073846347 1.9088110470082778 1.5421677149662083 2.810900977325219 2.7202716973712704 2.994219620949695 3.781356849431318 0.8882413920779784 2.3521125950496122 3.1606515983870755 2.060800004778329 2.5269872032712977 2.1616453394043655 3.2114196410351914 1.6616507971419132 2.159580786016624 0.9738800948470102 1.6911825055455345
0.19587930857633234 0.07592346572560583 0.12025145316123043 0.19999999999999998 0.006666333788324386 2.292264998443246 0.932177294000989 2.325588160848319 1.9215272201024822 1.906069885562956 1.540165585865037 2.8061918487629236 2.715762265158393 2.9890627295956804 3.774242941059516 0.8873902664068235 2.3484274304530053 3.1551169278353273 2.0577360382974 2.5229109351183547 2.1583550432028704 3.205747651156489 1.6594030528004278 2.15631942671185 0.9729001675304082 1.6911842430212256
0.193358116691219 0.07592199347970463 0.1231449811877244 0.19999999999999787 0.006563926519682364 2.326782911961147 0.9458454720007831 2.3605507277694286 1.9503153256897445 1.9346443839576186 1.5630812412786177 2.848694790503465 2.7568888866819465 3.0344726703655263 3.8319670945980007 0.900382193209897 2.3838387778737644 3.203059284096903 2.08866049284412 2.561032408976086 2.1908710722509297 3.25453021536377 1.6841838324908474 2.1887162386392958 0.9871544554777948 1.6911943128657232
0.19523807967475074 0.07589182665147867 0.12094993221414677 0.19999999999999998 0.00664172106016018 2.3009763391749027 0.9353878475294425 2.3344052991016047 1.9286872203417917 1.9131749445464923 1.5457678242757307 2.817069135707919 2.7262646008152394 3.000750867838167 3.7893877762600474 0.8904286108868349 2.357375606434803 3.1675003237698522 2.0654763175793787 2.532599868302917 2.166528545032296 3.2183704712319674 1.665505605538355 2.1644547102095166 0.9762557079247508 1.6911828419228763
0.19425684757782496 0.07602913605791314 0.12162019001247246 0.19998962677335524 0.006620956651160944 2.308602174173026 0.9375101311309997 2.3418536427398715 1.9347245573774259 1.9192461176289604 1.5501747927276166 2.826947147128998 2.735888464243016 3.0117947025607568 3.803902502822646 0.8923898768907778 2.365351505413138 3.1789189678956995 2.072236061114314 2.541387636621581 2.173877896763557 3.2303398416620865 1.6705462667878364 2.171437182578637 0.9783568104880965 1.69114951396592
0.20190662142011814 0.05541498544564084 0.12962014183254852 0.12039518507603188 0.00802370610683878 2.457390088767657 0.6057440150380132 2.340822360508811 1.7341384023322615 1.7465022694016892 1.2574768125751763 3.440198879282872 3.245548566255547 2.845434199199297 3.63042266217022 0.569689892807751 2.514485527137719 3.8714637719261904 2.1211722867806033 2.9537126361887207 2.1144030164965337 3.75593206659071 1.4058975281126096 2.058535043267814 0.6384852495523967 1.7401574748758553
0.19605343309734588 0.07594530293340619 0.12001322557382153 0.1999999999999776 0.006674551512466517 2.2893629411132026 0.9311453994914256 2.3226494338069963 1.9191587540581492 1.9037213726169668 1.5383275918252513 2.8025511414836544 2.7122446493817423 2.985134148709326 3.7690838025338653 0.8864161023053599 2.3454442373183517 3.150959305652063 2.0551674331215373 2.51967100600066 2.155637793267103 3.2014873663066505 1.6573928893399612 2.153612283349545 0.9718157210799067 1.6911849378638049
0.19536151057461373 0.07596825477169131 0.12078954494617 0.19999999999999293 0.006648630376892813 2.2982561111824014 0.9345728596788084 2.331674518153613 1.9265437688429994 1.9110480130547867 1.5441692032913852 2.8135737709181012 2.7228885603436304 2.996909147591698 3.78429088371859 0.8896723126843619 2.3545752014657317 3.1634307299304636 2.063111040131122 2.5295183178152776 2.1639972785896284 3.2141433661287886 1.6637183742830346 2.1619492005137912 0.9753975918801678 1.6911856261659077
0.194974261267669 0.07598141604066155 0.12110926954430717 0.19999999999999857 0.006638898871412025 2.301967026189051 0.9358764675957992 2.335364703770295 1.9295717067271771 1.9140769042248886 1.5465029918651945 2.818246009793204 2.7274403139743684 3.0020073117939488 3.790848631314938 0.8909026281916095 2.3584171800561635 3.168770311545861 2.0664349115483285 2.5336976677838146 2.1675528210491173 3.2196925061589736 1.6663131014414145 2.165397711604314 0.9767218148574975 1.691176290094636
0.19664753610565494 0.07608321988484762 0.11930040387121571 0.19999999999999998 0.006701577367126009 2.278937562766455 0.9280117474271766 2.312053487253125 1.9108981903579378 1.8955471787535532 1.5321528025418163 2.7890626539244954 2.6993419196935093 2.970564418874035 3.7491736327859684 0.8834923433204752 2.334723985127559 3.135258782580215 2.0461272634533394 2.507914990849655 2.1460209712132112 3.185556980762009 1.6505647552257416 2.1439947967813735 0.9684877946365283 1.6911842640141204
0.1947653093470367 0.06778286918679853 0.130116338400894 0.16807455817336345 0.0069212584605435135 2.336139470072644 0.8609396640317655 2.3646899720385783 1.911990224333833 1.8967408710949916 1.4970681042603255 2.9501597757399685 2.8357505028604275 3.177222548839717 3.749957456822516 0.8167884229268281 2.4022654544511677 3.381792571825173 2.0685063061123214 2.6093518505570295 2.1859047284548 3.448143285087135 1.6267285661785942 2.1783055375758265 0.9007158647944128 1.6959845868897405
0.19358032815338908 0.07591718306103297 0.12282586941734827 0.19999999999962687 0.006575738850081995 2.323190326526244 0.9441935531791735 2.3568041959239805 1.9472231064674292 1.931607532325366 1.5605155700384987 2.8443905754938505 2.7527517913577677 3.030033564790562 3.8264263652726105 0.8987963196540397 2.3801939224267934 3.19829752711369 2.085440216354421 2.5571720829951525 2.187572366302288 3.2497784925986726 1.6815110929558839 2.18529446993879 0.9853890308642771 1.6911780649236545
0.20562731967390435 0.06392716654482687 0.12190856826697166 0.16580889001561597 0.0074873026374802235 2.356383744089336 0.6922631488694269 2.3562016785827966 1.8020605579632298 1.7854063278369736 1.3471299305464726 3.2199406152770123 3.0225192911742966 3.512805550048573 3.9889132465748514 0.6517645100021289 2.338661137302545 3.6866811463834086 2.018659291468703 2.862057598403524 2.2416735167587 3.3719317338490025 1.4939011062738032 2.292019725590415 0.7295702266214348 1.708965244818283
0.1965689245595417 0.07611018176241993 0.11930643412696632 0.1999999999999996 0.006703528054315358 2.2791945048846003 0.9269707621083676 2.3123429715246457 1.9106598468711904 1.8953062088063877 1.531494559810518 2.7901911353454594 2.700298506210272 2.9719190871516523 3.752637123340384 0.8824545993950799 2.33506948337361 3.1370560427269476 2.0460772747579883 2.508517837661207 2.1461186043214107 3.1873935281481662 1.650041667278314 2.1440530033377567 0.9674391215955744 1.6911843673088944
