1.6806079317519391 0.05928963792996069 0.04795736395751668 0.1994674813343655 0.0026811773523235474 2.706177660005643 2.803554491428641 2.155147847170929 1.472166327417489 1.9073307627860294 2.508916809939961 2.0167157753534135 2.120765989606484 2.344318029278785 2.7779503951072284 3.091402679521637 1.1995354413664103 1.7681020264368246 1.6638386042560511 0.7603436889508522 1.1916939671388502 2.156418079385694 0.734940519202158 1.4222325713286632 2.2641662924896946 1.9481694002678271
1.6260424529455617 0.058081531626176665 0.05140773151723249 0.19829847838360437 0.0025918886573261263 2.8267462242252632 2.9180926177251822 2.232173173374109 1.5017309817938318 1.9625563626513283 2.610894648615232 2.0814197252779 2.1932568732235125 2.43180124601624 2.9059277553832334 3.250762684096209 1.214038106599787 1.813222574318234 1.7034449736073303 0.7555216148803134 1.205983496650662 2.2310142186809534 0.7299593492292541 1.4484867121883023 2.3479794431780507 1.948022963207665
1.7091870629607253 0.05953722996860333 0.04662242049444926 0.19959495277610678 0.002735331916339459 2.65382973531531 2.747986054600288 2.118978293692053 1.453086163508244 1.8778487138820317 2.463058933935153 1.9844708574386158 2.085819870935378 2.303343209736387 2.7239787653256635 3.0268568984629676 1.1864234419658006 1.742116186232006 1.6403538754259963 0.7554866614938525 1.1786641016539903 2.120295525510718 0.7305007282019745 1.4041937674908191 2.224734171516421 1.9481750135656815
1.5905732554954126 0.057235531906342195 0.054653410096608505 0.1979162665670008 0.0025397942249945306 2.877288270928435 2.983072320325179 2.2839256739988145 1.5533122419682799 2.0186280947782893 2.664008390809355 2.135073161435387 2.246472825199503 2.48646689339288 2.953395344762527 3.2894978110248694 1.2626164879253394 1.8696763996893393 1.7580136894393283 0.797451564646923 1.2545152441216842 2.2855670068356355 0.7705611559148052 1.5003125559205104 2.4026200786151457 1.948661978164437
1.7038071686547467 0.05898994130451719 0.048279583246795564 0.19937487592349618 0.00269752773542436 2.687697662579485 2.783265307082674 2.1474709366910476 1.4752590342079905 1.904490188950515 2.4949981350967723 2.01189380131181 2.114217120965771 2.3338309155723915 2.7580682901427154 3.063932473649133 1.2057920085537712 1.7677229605803162 1.6647854433928642 0.7697617527894532 1.1980226677235934 2.149368484810826 0.7443508014798467 1.426140763677402 2.2549856832718467 1.9481583515397816
1.674701059430904 0.0590541738519107 0.048791980299146116 0.19934306513723496 0.002669622158532115 2.7182082796143447 2.8152162415158997 2.1687298081232926 1.4852081888836097 1.9207783083933867 2.5216666176512046 2.030272849394971 2.134262775683243 2.3574709646444854 2.7897937490257347 3.101764154169516 1.2117113958719357 1.7814465645609132 1.6771751303646358 0.7705312306873171 1.2038657432629611 2.1699438353724636 0.7449186572371416 1.435195691484322 2.277834642737652 1.94811024367229
1.6702587367275277 0.0584120712733792 0.050665803058004964 0.19933767430927332 0.0026403742565895296 2.744322689562057 2.843170613992054 2.192870939921154 1.5083446864655132 1.9462004726625126 2.547607088856588 2.054966615881791 2.1592396392465156 2.3832702714766727 2.815269250046288 3.1282593345841154 1.23383810465721 1.807366351904779 1.7020305799012982 0.7892854611762689 1.2260500566849062 2.195702177104176 0.7632033243001184 1.4587177896733263 2.303690369010246 1.9482908806985209
1.7239285107511388 0.05927315026417772 0.04687085238335527 0.19849089187717928 0.002726964579611909 2.6579268180819575 2.7521263111886873 2.1208504662039824 1.4524124224748187 1.8784230594297584 2.4661258339747554 1.9857481970872526 2.087522061909793 2.3058262905058915 2.7283858396212963 3.0330718219524484 1.1850285194055874 1.7422093995521768 1.6402046287719085 0.7532532348802194 1.1772290430273165 2.122044681781738 0.7283573576981015 1.4033557547846778 2.2268771874647713 1.9481745750839572
1.6439304493558653 0.057698140722739974 0.052491541236623 0.19819002982839137 0.002590042804442463 2.805980531205586 2.9059637137838266 2.2347284392007745 1.526046678825293 1.9767844588469898 2.60054393217405 2.090747570091402 2.198549746772253 2.4298105437967057 2.8800788389773873 3.198768478046978 1.2429597905874665 1.832141072117059 1.7244941018427913 0.7875578888134003 1.2349197344784801 2.23552532488252 0.7613853721545992 1.4743256913145977 2.348294804598216 1.9482260448460915
1.665794299167469 0.058473382697879585 0.05067399012292528 0.19835821223987116 0.0026402877545201797 2.748179081345573 2.8475850177981883 2.1957327693515527 1.5102368359896308 1.948815230106023 2.5511097930086635 2.057626178174633 2.162055945845254 2.3865000888867907 2.8191294434132854 3.1332146783228887 1.2353539087609702 1.8098079131979201 1.7042582933162986 0.790263338075962 1.2275745233449036 2.1986717121032813 0.7641134775188658 1.460571569861404 2.306879481015689 1.9483465710817727
1.6398308005296331 0.057058122213161304 0.05384269268915077 0.19479610510046552 0.0025989031670793413 2.8111344768160613 2.913350868959558 2.2400610867663286 1.5330923347385708 1.98413591793513 2.6065926300107116 2.096833387385259 2.204511370766117 2.436023659362344 2.8846363713707377 3.2104503981610097 1.2505116913566858 1.8402304476452582 1.731979817627919 0.7952357346707618 1.2425314646905345 2.2420240728053553 0.7687751434123373 1.4816869402008102 2.3543819449303194 1.9484528754050852
5.091583465714147 0.03925697022225938 0.05334238151004346 0.09164340855833647 0.0024885344048773297 2.790018685933898 2.4666392536079242 2.1680723162690825 1.234485985157698 1.8227591036562598 3.3851293878190107 1.819223605256091 2.057985346448454 3.1430549278326536 2.8073451248936157 2.7230111652502114 0.8272660352432649 1.6379981907822019 1.5398319574047716 0.4144231452451023 0.8139573293121933 2.0464615629217553 0.3936897617410028 1.0780878483200265 2.277360661779509 2.0431983396768656
1.6890558056955847 0.05857470590710843 0.04982475019117169 0.19995622676129848 0.0026653893903496716 2.7185077163845777 2.816367007109462 2.173735585911067 1.4972540978352307 1.9303048403998728 2.5243650857960533 2.037735364198936 2.1407962249171884 2.362174508185197 2.788639677531877 3.096424100884952 1.2257174654228322 1.7931989550159164 1.688933715424285 0.785317633178604 1.2179703952131964 2.1767465058747035 0.759394308695654 1.4481737053123436 2.283097578786225 1.9482889844643934
1.691326653288579 0.0584265276227363 0.049782849003940144 0.19793344638060445 0.0026699355988252615 2.7178500547179705 2.8145237511877763 2.171093235399277 1.4910716091527079 1.9251382583431904 2.5224543912129307 2.0338184862662514 2.1373049854450397 2.3593956522390482 2.788858545098062 3.097313817659784 1.2185011646322506 1.7867746792481605 1.682693251248322 0.7776580268151553 1.2106716747136443 2.172917422973252 0.7519888603751328 1.4414139180958205 2.2800123031065747 1.9481764680634446
1.7174883140032486 0.06019923940973632 0.04463499347063123 0.19899241805934414 0.0027606554047088366 2.6308031637575633 2.724183406699581 2.0966225014694184 1.4304595422621018 1.8537271063506653 2.4398889855802777 1.9615132441869436 2.06288742635462 2.28002699598123 2.701121191689657 3.0041732858671684 1.164438612663511 1.717828577525608 1.616787311264245 0.7372602553979445 1.1567017350733464 2.096710283953141 0.7124496280204488 1.3812331249309484 2.2010957795603816 1.9482120965932939
1.6700947876958654 0.058717256509269455 0.04952991249877105 0.19937708718206976 0.002664519712871317 2.7282922852278317 2.827012834916386 2.1781441944049207 1.4925657814281008 1.9294517319536517 2.5308547946223743 2.0391968752973773 2.14368437103835 2.3674409112412853 2.799320787125258 3.110813035242691 1.2183646766162335 1.7903397404871193 1.6853830598158186 0.7754193038274365 1.2105113980598015 2.179705894364755 0.7496892551571372 1.4426370127898671 2.2881463255692105 1.9481624650330418
1.6655144487923401 0.058923858632224935 0.04925535368381134 0.19946924711887284 0.0026567999984615643 2.7326327009653757 2.8303535460421583 2.1789534045337993 1.490425467656035 1.9289311031037883 2.5344267212089897 2.0392969004740884 2.1440456662650904 2.3689269075501724 2.804783559578939 3.1201597307426368 1.2151448761929036 1.7885097653106123 1.68357395925848 0.7715382252532387 1.2072674435678943 2.17999366446427 0.7459386232996731 1.4400454434640995 2.288877712828322 1.9480999413881908
1.6724796144681777 0.058444378640352415 0.050134274486828945 0.19818640424176784 0.002667244579232473 2.727769605928907 2.8250081356387167 2.179297005280794 1.4960072069725452 1.9318377000366416 2.5317982371808743 2.0410933372049644 2.1449748335514336 2.367935246483619 2.7991796491569665 3.108626652625814 1.222072992130092 1.792636488951219 1.6882440721900043 0.7794048334343384 1.2142339909800997 2.180743145075409 0.7536766978811295 1.4460234530583072 2.2885975820074527 1.948144991072658
1.710289724499739 0.058967605820096636 0.04808543026196199 0.19839187015831003 0.0027188657325033744 2.6696201018064407 2.7651859255013136 2.134912439084727 1.4705438895616953 1.895916651279762 2.4794433732322636 2.001441635532921 2.102653947315134 2.320117130717206 2.7388582801247394 3.0410434882046378 1.203788223565623 1.7610577141892128 1.6586854688808816 0.7711453413388458 1.1960921268087548 2.1376713262393556 0.7456778486861124 1.4220837185738748 2.241658679918029 1.9483181989709362
1.7104770066922295 0.05894060029447328 0.04796474966072072 0.1980939764751186 0.002700626117685078 2.682868588406295 2.7777632291492838 2.1404411063408 1.4657914608043459 1.895702393450112 2.488631547584726 2.004039428888022 2.106749644192391 2.326773317554381 2.752910253703524 3.061804396517504 1.1958573433204935 1.7581661483913344 1.6552669300580705 0.7601104754099823 1.1880133730498512 2.1415715732523366 0.7349303492738541 1.4163065382814444 2.2476927155429904 1.948141250109526
1.6934643408977383 0.05935647966982322 0.04767629209582962 0.19949920827976905 0.002697793365885472 2.6877637469637556 2.783643681898328 2.1443431675230977 1.4682666549638463 1.8991217263370272 2.493436764843903 2.007665412293927 2.110577520342595 2.3314241890095877 2.7591830977560394 3.067661888527566 1.1977261967538206 1.7613718258686115 1.6581923402898942 0.7612731070178623 1.1899311710046934 2.145498153857638 0.735828528413673 1.4187607236188717 2.252236824720743 1.9481210812341303
1.6570622986632757 0.055889281517221 0.055331420999183846 0.18821059698108017 0.0026017766138299227 2.8233257403547816 2.9211825198843333 2.2516121224841164 1.530338158264261 1.9879296842309013 2.6191300633134884 2.1048610280022793 2.2141529571039023 2.447561590229422 2.8998697160036015 3.220664458749666 1.2422869665742124 1.8402036849922019 1.7314464128676694 0.7842124670756592 1.234027277785747 2.2511726485976724 0.7577698779752515 1.4773561981192593 2.3659775195622026 1.9481980571127058
1.654875011121224 0.05832263389906105 0.051258608388456146 0.19891714385572945 0.002619000918767262 2.7685427208615714 2.868471828563769 2.210489689380235 1.5180381282392172 1.9605031054008122 2.5691366464802927 2.070678945421411 2.176131548465049 2.402740037060031 2.840276121307404 3.157814269969093 1.240625391205888 1.8199479723451535 1.7135745928403905 0.7921484041916761 1.2327872548015137 2.213019602476413 0.7659197035618934 1.467825946395459 2.3226027258270214 1.9483128651135304
1.6940773328930447 0.05863204613946241 0.0495238039928641 0.19917342901696186 0.002678925818463421 2.7054324162401393 2.802953256618184 2.1640266625039084 1.4919700141021282 1.9227201596333416 2.5129212431407195 2.029128710112785 2.1315400546329357 2.3516645857373986 2.7751475752999535 3.081199569774765 1.221993769994229 1.786548032726589 1.682718043466521 0.7837616244982715 1.2142887002997576 2.1673708188482363 0.7578783271989167 1.4432052688758938 2.2728686379781835 1.9483437550751543
1.6667769615390338 0.058468175838230094 0.05048281998658906 0.19997308874845152 0.002635075425455283 2.7523379094329354 2.850227909703467 2.19746637604045 1.5054915443034338 1.9464435324696703 2.5550170550693183 2.0571686111656726 2.162461441889867 2.388677883201264 2.8272523387725146 3.144601718031553 1.2286524862459167 1.8055768962233696 1.6999437444112167 0.7820520555028628 1.2207835909548197 2.198698657397345 0.7560626655209775 1.4550710938657851 2.3084331753254235 1.9480641008711292
1.6928413218597378 0.05857070147744466 0.04973180148735843 0.19968781883374137 0.0026701433848037256 2.712932382361259 2.8105602962280125 2.1698037281703586 1.4952046871614173 1.9272000046374655 2.5195885093313444 2.0342631703772964 2.1370410266061453 2.357828403688201 2.782975584186346 3.0899087646188614 1.2243359478770823 1.7904877919649353 1.686452087606967 0.7848298250665838 1.2166025765996513 2.1729044902354335 0.7589346777415634 1.4462578853946089 2.2788911803372462 1.9482998042367472
1.6810726994982441 0.05830750904221324 0.05054218260500856 0.19943226956736954 0.002656758077957392 2.7312786756705254 2.8299102993895446 2.183555559205009 1.5030779999970514 1.93846074920665 2.5360503103440717 2.0466089979150737 2.1502586290741874 2.3729078043767986 2.8021113697565654 3.111445764427851 1.2300393435407704 1.8004925380964332 1.6957249120729214 0.7875007952311677 1.2222614116973038 2.186395441877327 0.7615003676990368 1.4536992564377353 2.2935346473858993 1.9482926682214807
1.6792717750874269 0.05863717098879606 0.04995353136891004 0.1997458987690774 0.002661919440185974 2.722453967191928 2.820644870261119 2.176858100967113 1.4997000761745602 1.9334909923228099 2.5282890293699967 2.04074609347324 2.143917000097762 2.36571010334977 2.792578130101053 3.101806049424523 1.227809376246143 1.796255269447157 1.6917280968485982 0.7868530729481257 1.2200850216136887 2.180090108013074 0.7608560649586482 1.4505970585913572 2.2866387079852704 1.9483206720799922
1.4209980372029773 0.04616178149936246 0.06370590543205727 0.1232413806858506 0.003111634414119773 2.743172677463281 2.4293644143456676 2.2984648903014366 1.9512931916452543 2.9851043650725617 2.75663595986418 3.352108481546848 2.845294237323347 3.2424875721329545 2.7451074496332266 2.7644891631297366 1.222900079977154 2.2092840287026334 1.5074486693772755 0.5092525703184132 0.9488710513107635 3.383059492809153 0.4541499092287022 1.2383148878451826 2.369460773073717 2.0829380558346036
1.693314668626148 0.058235385948191956 0.05033383927439151 0.19786050870464778 0.0026667190206624315 2.719306474222913 2.817125478174424 2.174540793228452 1.498090828641463 1.9312451452325696 2.5253672064672936 2.0386080499264208 2.1416680475464625 2.363088740426752 2.789491676502767 3.0973981686060092 1.2265085589413587 1.794107804599318 1.689806529179934 0.7859848917218765 1.2187510887529611 2.1776104025461085 0.7600396526640606 1.4489821767968483 2.2839417550181786 1.9483343553834431
1.576459160229763 0.054420694270148236 0.06004114064347042 0.18671632411046024 0.0024734935451133583 2.9987141689597863 3.07901763103043 2.3641693395215135 1.5830642783562243 2.0728296590318176 2.769654902756484 2.2008079100976143 2.318080772688774 2.5684873518950155 3.055892767077514 3.415433099949199 1.2760521177996134 1.9125297954059433 1.7964982002806718 0.793261800053564 1.268121673191223 2.360670620824111 0.7659743144972978 1.5267620632969823 2.487870590107768 1.9486664552993753
1.6882688770287502 0.05866511482033775 0.049598585158197706 0.1993934162887892 0.002679299212824197 2.7076843521202347 2.8053243349085393 2.1658601194562195 1.4933693747243242 1.9244566940968006 2.5150246903076816 2.0308599422608893 2.1333298168537818 2.353619075615357 2.7773444982638935 3.083631931428053 1.2231789818668795 1.788205335918664 1.6842667474126607 0.7846118082193396 1.2154799147576931 2.1692349881672115 0.7586970902472546 1.4445746899692904 2.2748427366831026 1.9483470104276948
1.6452221444446642 0.05798334248536676 0.05176072529566889 0.1984791994598036 0.0026012760217376586 2.7964408117846826 2.8976982499379598 2.222754479325543 1.5149360858991612 1.9655325743044312 2.5900855833230305 2.0788659524538105 2.1867726470815065 2.418834556324168 2.8705416192466924 3.1996360870607834 1.2330101761169432 1.8212591898325587 1.7132943265629703 0.7800648138961814 1.225021968235175 2.224090537696904 0.7539367509815974 1.463438665355918 2.336685338831538 1.9482914534495688
1.635527042356592 0.057856504465993774 0.0522561249924841 0.1988538584901531 0.002586375763679804 2.811982167553694 2.9130708319669685 2.2356384065375656 1.5244222334593855 1.977699390091964 2.604796916753489 2.0912260776577343 2.1996341951575085 2.4330034472759454 2.8851724455523895 3.2151704421448986 1.2409945867466623 1.8328878628690213 1.7241431507785758 0.7860112886475831 1.2329999263759865 2.2374250452657884 0.7596362405838134 1.472795254901373 2.350680380748529 1.9483434332909788
1.7480120856659471 0.060316331793714775 0.043730055125532054 0.1998524066690418 0.0027729466569545356 2.608216794164358 2.699050154173201 2.0774644816794217 1.4167366620859672 1.8370154532217269 2.418438173201884 1.9438424474384717 2.0441567797914844 2.2599154748402874 2.6785378737595034 2.977150262900423 1.1530572864940063 1.7019455041543274 1.601601664298537 0.7298068474863211 1.1451922579404006 2.0776289662081955 0.7051042355915389 1.3679925593536058 2.1811621332447166 1.948252834085552
1.5600919876124106 0.059907941551824245 0.03145491640906573 0.16682108871702472 0.002618252835836194 2.855421731916479 3.0237012493668898 2.084095473355114 1.1308937785897542 1.6570733900092627 2.5650156731461067 2.2750527875015347 2.2920361377738443 2.801666716239879 2.9334453038934267 2.9989152786950037 0.8166599363072189 1.470262656729834 1.3413101209711655 0.40542257215788396 0.8055134020719452 2.0833370764292445 0.38605721468617304 1.0541891544358555 2.2748880002220937 1.9860442087924892
1.6518843481598147 0.058479536770453096 0.05042712078439777 0.1991751212809744 0.00266670369590574 2.760916516114786 2.85997447544582 2.2000813175049183 1.504298354674452 1.947376199515659 2.558558000055879 2.058787137132643 2.1645583970482076 2.3921988025193075 2.8352518275087504 3.149233375982155 1.2260368326392284 1.8054859086325843 1.6994946480930382 0.7778485444601996 1.2182305497743862 2.201560447529113 0.7520297554411342 1.453497474382787 2.311746926131094 1.9481607705682238
4.632586647456646 0.04394758609266639 0.07335760308223852 0.12663474843782183 0.0047584951942575265 3.0999834940689013 3.4767758915548925 1.4389827125862642 1.3859565663912659 1.68172776779789 2.446416051337497 1.9266895636648547 2.436789834060074 2.3460595469188936 3.19707954424352 2.846122261785413 0.8685074085473086 1.6428066614564354 1.4772197956867763 0.5000643720214674 1.5629462657373152 2.7271035158740853 0.9304199684600999 1.3405882513140428 3.7065446950084286 2.1282401412510374
1.664658977730923 0.058411452386924426 0.050814646421421916 0.1993460081404518 0.002630529382481011 2.7528292680469773 2.8520987944884078 2.198939494766659 1.5115333940607774 1.9510315410857908 2.5550944666390674 2.060319988785089 2.165010800433935 2.3899646420025276 2.8240431760829003 3.1384014818391073 1.235955587757624 1.8115509286342324 1.7058396770286872 0.7900122343443956 1.2281486097732788 2.201619074583504 0.7638862247396995 1.4616646624892953 2.310201295659984 1.9482920112010536
1.689982532109954 0.058853619993123996 0.04917166790163908 0.1999760534205245 0.0026854730371871833 2.7012197817735006 2.7989327511719435 2.160824835744685 1.4904075059861432 1.9204425943820522 2.509212772057203 2.0263651092009844 2.1285481981946166 2.3482825421198985 2.770638678011337 3.0760925862185386 1.2209820455560318 1.784675029606426 1.6809195714297076 0.7834596414225987 1.2133062828537777 2.1644283370070676 0.757557650442655 1.441798307447879 2.2696074972382263 1.94837000899768
3.4478915875048513 0.039858984489427214 0.0661489130114858 0.1146037785678338 0.0021139454633407073 3.145388048408469 3.5038087985309363 2.3726657502261914 1.3955132587498769 2.0610531863205317 2.9955571251743085 2.2911100352011546 2.3755002054339536 2.820581010125562 3.520323427471794 3.3665853731099777 1.0605459146323382 1.7707205161831177 1.6501009926383705 0.5722209661988453 1.0486434256596737 2.5781434248945962 0.5473619565162244 1.3298984438864592 2.5403328186067644 1.994695265847411
1.6721977780703343 0.058524570999641125 0.05038839713101448 0.19933198823021792 0.0026422372843743725 2.740505421706427 2.8394033499710956 2.1898813765410092 1.5063205439161418 1.9435769289410547 2.5441524767663344 2.0521787063458494 2.156285177170134 2.3800353319328 2.8114712190773368 3.1237018050478693 1.2321741231614503 1.8049365169167804 1.6997196761616478 0.7882260787093299 1.2243950101493917 2.1926992211145695 0.7621705205605889 1.456740518304378 2.3005022368796677 1.9482933812486258
1.696555571285754 0.058494753694873544 0.04978812935392857 0.19907602161868515 0.0026738750945958438 2.7095031170913217 2.806728793648797 2.167629482015351 1.4944412850328175 1.9256281037113827 2.5166864982335357 2.0324429831211477 2.13500205126908 2.3553122985358836 2.7793504368656756 3.085678381109341 1.224039678868854 1.7892172279960137 1.6853683862980973 0.785091020152943 1.216313709108793 2.1707866363505537 0.7592107116444499 1.4455895652600355 2.2764968140796307 1.948311243236576
1.6827898789251605 0.05882839027926473 0.04936917910243688 0.19999838319541743 0.0026833691438421796 2.7059340113624755 2.803838781160898 2.164514501669645 1.4926727290166728 1.9235159926943528 2.5135205431652845 2.0296822153269245 2.1320614845752943 2.35222220518045 2.7755110857740046 3.0816155218835646 1.2226871881432801 1.7874105303592245 1.6834844193564267 0.784405315863565 1.2150034070376299 2.1680076426663835 0.7584781355389297 1.4439329884516865 2.273488206219112 1.9483586025505812
1.7027393323214195 0.059098579894072405 0.048113367045599584 0.19953555033565645 0.002709715957539549 2.676609505761766 2.7724325787243136 2.1405520722159266 1.4743770142863317 1.9008650143473256 2.4859329150629077 2.0066551633858816 2.1081321221630884 2.326154663099694 2.746074377272678 3.0491617565565767 1.2069055896970484 1.765603941727934 1.6630143392269259 0.7731195902652634 1.1992157181163483 2.1433192318802163 0.7476071339292648 1.425835033304005 2.247718516775458 1.9482756945903579
5.380959267989195 0.04952575503133021 0.07408404314073536 0.17788618690240743 0.013280650967626288 3.037859105049971 2.2219718111112137 3.1837616497456005 1.763302947574049 1.689155835922674 3.063431497531298 3.3731714298967934 2.987612493707051 3.7863017187286814 2.3989266981420956 3.996617341355182 2.2489326060603516 1.787106243876364 2.0578252605892873 1.529921961717246 1.8964573683715398 2.444748796328524 0.5866528663823674 1.6840765379272977 3.6772209591152634 2.2440240809327614
1.6667599426752855 0.058335075175380086 0.05088853032961658 0.19963531380884633 0.0026364032212704623 2.7496814794226716 2.848950131842032 2.19682721115369 1.5106675708023483 1.949489095333742 2.5523891707724267 2.0585346218374 2.163042511648933 2.387590650918314 2.82073226540708 3.1340050730019837 1.2355319597336036 1.8102891168170676 1.7047229665797978 0.7901146079016141 1.2277312359616972 2.199582229164991 0.7639928679509148 1.460902641121441 2.307889950559955 1.9482946779832675
1.6825562700968055 0.05920152592748821 0.04804006198186015 0.19945081823974575 0.0026694596190231196 2.71475902131281 2.8112202576562244 2.1620275864221528 1.4737154512087522 1.911158003428862 2.5166531220274724 2.022062015740954 2.1268417327531317 2.3514037235508862 2.7873240726683126 3.106406356622189 1.1991680336582218 1.7705056588765737 1.6660996820299374 0.7577677749809079 1.1912387054679812 2.162277529862638 0.7324541984741778 1.423233242923621 2.2711609225764753 1.948030433278839
7.516326977118107 0.028327389998912565 0.09716402704348755 0.05261201870843311 0.0028531159222725346 2.2730673833558552 3.04266214248674 1.7326970592935627 2.9391199905665437 3.8539700520900912 1.89914626136447 1.539808764901337 2.427246037751768 2.4795551653253045 3.911233837400947 2.062398015409237 1.2166016820764607 1.4234231046734254 3.073049797545667 0.7215993003887812 1.769703823115059 3.555809766122912 0.5708366573391984 0.7721969581659855 1.750335875504099 2.458608890375267
1.6676717834592756 0.058529131296930534 0.05049847810343084 0.19919125616378608 0.0026400599297860027 2.7443889887058144 2.8432708937886644 2.192868013818338 1.5082768479007684 1.9462345977951583 2.5476885835861074 2.054938428584969 2.159208914749667 2.383305971707267 2.815283600217684 3.1287819512661583 1.2337019760141763 1.8073667278889718 1.7019671679538069 0.7891301672143467 1.2259203685768507 2.1957125172207315 0.7630338178689807 1.4586202546793616 2.303735137578104 1.948301654941501
1.3956682880589353 0.0427336408516435 0.08425196035711945 0.12159497632473636 0.002892447373593428 3.1646784310639258 3.3340840443899027 2.59832578450207 1.698235141265791 2.207993106579312 2.732442419126463 2.422163454732419 2.5385767458317985 2.851107538925139 3.3497034094492646 3.7616113568083556 1.32462533186414 2.083750444965861 1.9318279392100437 0.8043646873388537 1.3143962894737533 2.387896851973801 0.7777847147444458 1.637045032597893 2.4650534962972213 1.9628086958299569
1.6185076006516264 0.058372887882041535 0.0514328008650065 0.19909215331387511 0.0025827088968248886 2.816142912658514 2.9188271097878093 2.236085328742148 1.517039605337713 1.973219563358219 2.607526912368283 2.089023439203978 2.1984413812754244 2.433541898984854 2.891348515062282 3.2266009986814974 1.2311584914928753 1.8260984984793969 1.717251824791032 0.7741993835703412 1.2230755831242812 2.236002725823672 0.748039449670975 1.4644597344589236 2.350977734875586 1.9482600185120198
1.6742314594978305 0.05948015896708241 0.04713207885187478 0.19987809130751982 0.0026789725107588254 2.709289726191749 2.8117058091176195 2.151797305986207 1.4571159920252703 1.896933493938593 2.5115687058085037 2.0097105642715447 2.115449567423425 2.342981035590298 2.7887827950928457 3.0984454621531587 1.181646155364143 1.7550104910585536 1.6499464577300844 0.7414559073626735 1.1736657262139878 2.1508494379794705 0.7162599793685775 1.4061510980780565 2.261095003794826 1.9481319065619123
2.3788773710208906 0.05012077939379057 0.05991890830226546 0.17060358642754234 0.0028791033612663272 2.684366652858144 3.938050824965896 1.9607956001129747 1.5380204544927998 3.2116944226101403 2.2633302698254933 1.8008857678473116 1.9455076615800004 2.328865850115027 2.544183470341218 2.6763542201582498 1.4335540754065779 2.366200976662707 2.60840011272897 0.4668593567386718 1.7753904734910584 2.1025935695241347 0.4492228388736531 1.2336844263073001 3.1075852628440006 2.246869551188939
1.6834455873384306 0.058595095300679585 0.04997435655726515 0.19934080384192301 0.0026568704314037478 2.724649365659958 2.8216168241143484 2.179153082510061 1.5008231118243924 1.9346641258156947 2.5304206334549373 2.0426412437703076 2.145915698262776 2.3677777346284383 2.795213601743724 3.103720832999929 1.2285091980565979 1.797120593930621 1.6927730331330053 0.7869384210374328 1.2207445343136902 2.1818978322823175 0.7610235891744987 1.451562184962881 2.2886214842417387 1.9482339200560521
1.7268457941298003 0.059344567488727996 0.04674059844759854 0.19916118924103188 0.0027193845788253484 2.660779439887238 2.7552320976806253 2.1223961105438276 1.4532160526566218 1.8797950460855437 2.4684591474342685 1.987229754520512 2.0891715739006753 2.3078557624446305 2.731146431892095 3.03627620001209 1.1856330621752456 1.7434770235392898 1.6413041890565017 0.7535760849233646 1.1778344083009955 2.1237338201922826 0.7285758826009674 1.4041814718904946 2.2286780766692664 1.9481768875025816
2.5370745372924106 0.05101912306000742 0.046959305648807466 0.14455838039983873 0.0022667248565327106 3.0569647408308898 3.1104355984526704 2.1674454217636203 1.169079473804224 1.6913950120215313 2.365725487940937 2.117836722508818 2.1804358759646143 2.4278335487706086 3.395667545558729 3.6804027072842627 0.854261083336166 1.664435973429161 1.4052887055942795 0.4192391238938738 0.8405726040269723 2.150720973511383 0.39905400002505476 1.104130434947885 2.9283345692799756 2.0006293557655157
1.6873742260560565 0.058724300135907716 0.04956499006986258 0.1995187372408788 0.002666231484839983 2.7147546876249216 2.8124318673945643 2.1708264553520817 1.4955412911786339 1.9280192121275184 2.5210846893478775 2.035099589641897 2.1379837709850977 2.359069681175398 2.784760407525937 3.0926145738656943 1.2244299914308256 1.7911404447020471 1.6869841888256958 0.7846747673386214 1.216704486922833 2.1739481069523596 0.7587709788638914 1.446550482203974 2.2801040030580917 1.9483057780757764
1.6783625072364288 0.058359644235544655 0.05012816206347177 0.19830586124518196 0.002648022484511146 2.7401393578122897 2.836464850167975 2.186389114001295 1.4950789986716646 1.9349310696430533 2.5417995155944086 2.046203568169321 2.151275950957587 2.376470416111761 2.8126657512292184 3.1324402539903256 1.2184569025878231 1.7937950158050906 1.6887664932039108 0.7728530552993848 1.2105085128072284 2.1871153214445984 0.7472220687604287 1.4443564879510984 2.2964701263178187 1.9480220850832057
1.6955978402995546 0.05833435405820383 0.049886424251635024 0.19748310165243058 0.0026712150533080062 2.715576112302368 2.812377473591212 2.17017684207972 1.4911401232314443 1.9247338805081935 2.5212583992893993 2.033224626235339 2.1365708408686146 2.3583568843028884 2.7865380926769343 3.096102201093528 1.2188713987389037 1.7866263368739472 1.6826198583578749 0.7783522666451251 1.2110442956795437 2.172148550716097 0.7526632027452844 1.4415614542831952 2.2790509197899254 1.9481916121263583
1.659277010982049 0.05848620512175042 0.050630612792294624 0.19921900420543961 0.0026330675172904624 2.755871195604182 2.855091449223764 2.1998273944226527 1.5089999686329345 1.9499447271863146 2.5573606180265624 2.0601526006664295 2.1652708223700987 2.391115779015423 2.8279117676224104 3.145363554070324 1.232336464711191 1.8094485660429949 1.7036340517181483 0.7855644650711716 1.2244956089747192 2.201868987810753 0.7595687538448413 1.4587421123051298 2.3111714722106615 1.9482176066797157
8.194886998946524 0.03570361457031885 0.06779391869681554 0.09570969032941275 0.0024414294077085485 3.8414386997173198 1.8295610373051827 3.048609022634538 1.2293874331811216 2.4345189790358552 3.0971601446384893 2.248095525014839 2.5305768037706233 2.5108295724145706 3.5586671704397337 3.861120935381653 0.8501837614740125 2.3056382683188734 1.6767761569021038 0.3570158013030418 0.8340804976788139 2.858965698253128 0.33805617898151513 1.155838149569881 3.484229136169851 2.1309351230663616
1.36440230360186 0.05340985329863603 0.057924394904478524 0.16800986772850623 0.00197516123668026 3.7447421054491192 3.847177414866831 2.7723193121119025 1.4312997229531006 2.110193155338675 3.4093356687145078 2.4700613658443724 2.580560182240563 2.712001958154266 3.9119921021405575 3.76569965418171 1.0455109675859369 1.8401468331551294 1.6990436552217558 0.5298878834382004 1.033921058068696 2.5859597823745926 0.5058485142908744 1.3448592154399979 2.9313785424835404 1.9731243961575526
0.7610448466881755 0.04776216812862057 0.0764821745224641 0.07756994647009406 0.009182918415269917 3.178692241147487 2.5187107284060426 2.3308120427243995 1.8243457945890427 3.6682169228681416 3.5801887306262925 1.7647697251155228 2.2418371182434007 2.0861987286472443 2.9083628910696695 3.094176736323922 0.9895981226495784 2.837355693507329 1.8533091804590252 0.7054995887231049 1.182502761264806 3.382118593290647 0.6386328532042775 1.2289914696160198 1.8318483832975279 2.2279989371460194
1.1009278270065075 0.05416710800838639 0.052058067825048265 0.15812317596129355 0.0035135627055461168 2.2066772863883175 3.7683859735335736 2.6992510814005155 1.327427693786966 2.019293586667425 3.210552740066881 2.363935935319215 2.5264487084388443 2.886134248531103 3.760347347204451 3.926676066416217 0.9175874617261573 1.786971225149472 1.5857586948279703 0.44732022560944446 0.9163880491069437 2.5239369668832654 0.4260814008270505 1.2671731882117019 2.4630325314553407 2.012097760138646
1.6892139029064008 0.05823638644084144 0.050444950065516546 0.19820069136807916 0.0026587052202167653 2.725802748903225 2.823392715983574 2.1796404532695375 1.500824700673983 1.9350643250898765 2.5311926074012328 2.043046405903468 2.146418875477632 2.3684194964652354 2.796373678226564 3.105728960205095 1.2283644800537796 1.7973245455928701 1.6929135141159384 0.7866769914712413 1.2205820114833377 2.18236941625833 0.7607450299718752 1.4514898690236695 2.2891937660793262 1.948275172467842
1.6808441668877814 0.05859096186881604 0.050034445062927764 0.1995226591827869 0.002656558244503734 2.7260715940173585 2.824103790543805 2.1794636466581387 1.5008101435345518 1.9352553928327272 2.5313347345329635 2.042948614565947 2.1463336121863215 2.3684786398580817 2.7964123347633136 3.106246238496416 1.2284340838689005 1.7976767012252048 1.6930828563155806 0.7868437655115472 1.2206874589900472 2.1824866126701026 0.7608668093139547 1.4515897059410616 2.289321434829296 1.9482938777609047
1.6391356719978227 0.057616900178032275 0.052218026152858414 0.19689115429704404 0.0025771981251884383 2.82627695197314 2.925708281313976 2.241879237961212 1.514140648076151 1.9745820552269422 2.616509872777042 2.092675564932775 2.202948039222248 2.441011521048559 2.9034160011376624 3.254543283275749 1.2255032273883621 1.825379490008742 1.7158563050135966 0.7665481599651722 1.2172229667774863 2.2408319193958572 0.7403929203551973 1.4607368967777759 2.357312225799558 1.9481431400117823
1.2573083966576786 0.04734620042705158 0.062189088905008315 0.11453707509630358 0.0026492421641392573 3.123315308195457 3.247361528168216 3.13599634396089 1.3113198491775626 2.4712873902146297 2.5761316462516906 2.7400380218391494 2.155518083444145 2.3673198678952847 3.15689899244961 3.72739281050293 0.9437383874403574 1.846267275359103 1.722914276715732 0.46640125600924937 0.9201391403052557 2.852500011781415 0.4443027572128359 1.2198462530917467 2.382955477803995 2.0110184993998295
8.904528841708022 0.04515200707265903 0.053135229710944976 0.13743728466481742 0.0021873352927664655 3.1382627911643874 2.239897289366763 1.8884618793861687 1.030734786384916 2.102814721682607 2.959680528399745 1.8410393319463567 1.8263108053669521 3.1015361840842934 3.2379293270772465 2.529598569116685 1.1565852423683907 2.179058733682929 1.3884974516622575 0.3481953367477951 0.7403197655216639 1.7926151664684156 0.33004277108208174 2.0472835342704854 3.6020567465377975 2.22083492813062
1.6846254517176844 0.0586524551346847 0.04976825794499144 0.19993581896461265 0.002664087555858859 2.7182394014223954 2.8159739076062444 2.173603349976338 1.4972321471974104 1.9302523155121247 2.524255488124381 2.037579400653556 2.1406013226500553 2.361962232387253 2.7883762778102525 3.0962824250427174 1.225682987747393 1.7931116674979253 1.6888540262035294 0.7853388239870301 1.2179467170831795 2.1765806995898127 0.7594237885149107 1.4481244221519693 2.282970731721774 1.948283417375415
7.762941427093399 0.03384969965365768 0.09114395377261941 0.11453673233616708 0.0219238134557428 3.8260019274306796 2.3676732108615104 2.591812005436099 2.764745693142016 2.368963954705952 2.5397334509055893 2.374800388767109 2.1500726803741537 3.5603249317045393 2.969956711712935 3.3291497237983676 1.9986380801836718 1.9116808100863139 2.167145915402488 1.2389687407895937 1.1562365254105924 1.4651236003565546 0.7141130575361813 1.2744252742590774 2.976973488384762 2.350125191604483
1.6727386022618311 0.05821078238889364 0.0509642618812532 0.19943099228799327 0.0026351701918018488 2.7495584275567473 2.8486337390683145 2.1970361206162305 1.510880785370143 1.9494157161778065 2.5522288113192477 2.058707515875688 2.163180060020071 2.387525797522342 2.8207159707763676 3.1323965724645704 1.2357094637837422 1.8101617552411955 1.7047653061047068 0.7901891033705556 1.227884210998828 2.199549981589146 0.7641110266853125 1.461046272135893 2.307816876866761 1.9482742640386386
0.7985245121797968 0.060545395023119446 0.07658550878167501 0.13025500325157938 0.02158787783824621 1.829045833297464 1.8084584607964937 2.7875638152250866 2.4513613282319584 0.6815484540144977 1.7653315369248608 1.4367534672003468 0.788579050341561 2.845963620493655 1.5181997568618235 2.0413764439988507 3.347498251015902 3.7021954157123966 0.24446121104782453 2.2501335685668162 2.7628612862958577 2.416439874386947 0.7807990751340081 1.1034109687809701 2.253821625789805 3.7195182759763337
1.5374425202511286 0.036116810529307 0.08594536383414872 0.10079889566942055 0.007977518338213177 1.8665461198614137 2.116520422485322 1.6664506615778936 2.9641960586186253 3.1960007880401875 2.306494518158937 3.555203708068286 3.769625953044502 1.8066775015833474 2.281687207131964 2.105573271110966 1.7418576162438544 1.9557324771647369 3.190829051390384 0.8327648155623255 0.6715986006432609 2.2352907120165852 0.753114467317602 2.0369829619911033 2.8906854360930114 2.341021984723879
3.4652876652922653 0.03769043868985999 0.056337512886719475 0.07245326622815713 0.0022232678188735333 2.9393722565362266 3.738028366222095 2.722545102975259 1.2329598726307247 2.017770296906526 2.338231542057185 1.748129354245674 3.173029383300692 3.0796768010317503 2.698382801543212 3.1302199985149106 0.7893639764099539 1.4814009923012388 1.3910332339172282 0.3660027856187723 0.7753676695992582 2.0334814322120436 0.3464932027619727 1.1679375309459092 2.1830871404049446 2.0774990842126138
1.6709065830254866 0.05830719191456487 0.05085264263510222 0.19978619551446422 0.0026426688920259764 2.7444743483156793 2.8434632286590524 2.193257678282747 1.5089988836946038 1.946718466623711 2.547880812321131 2.055439777738484 2.1596662795059096 2.3835861304971693 2.8154368617223224 3.127256395184837 1.2345436402805934 1.807957745424654 1.7026473158290871 0.7899588777724341 1.2267562393837155 2.19611294389451 0.763863290724956 1.4593949034896645 2.3040518089115682 1.9482944804850248
1.6659511554039863 0.0584422377501056 0.05079417052092794 0.19857773173971438 0.0026436235127666884 2.7455550699369677 2.844593706288237 2.1952240492715696 1.5120387914362383 1.9494743227399556 2.5494227448594553 2.0577674035974995 2.1618342988107457 2.385497034990546 2.816222615388824 3.1273710892793574 1.2377824643735782 1.8110352635932696 1.7056817277533247 0.79309417599145 1.2300246362349216 2.1984085698664364 0.7669031613867898 1.462566358639078 2.3061467339748454 1.9483627405618245
1.6966318121996775 0.05846253966381501 0.04985648023425551 0.19912431110623446 0.0026705045878349784 2.7107760271259544 2.807885323901642 2.1688919071461514 1.4952856984242502 1.9265682854686421 2.5179111367359455 2.03357916309016 2.136182918461196 2.356517426742573 2.7807992435890765 3.0870023016903487 1.2247195502495585 1.7900662061442982 1.6862413247150683 0.7854972910174954 1.216983075938445 2.1719243514953677 0.7596291292896096 1.446388105475235 2.277712334638682 1.9482908064460531
1.733051080418697 0.05851649805469342 0.04793490634329854 0.19447715873207283 0.0027157306414970894 2.673712211534547 2.768582305052664 2.1299587131736946 1.4536457769116564 1.8840011465674948 2.479204293143079 1.9931192592599063 2.0960145551598264 2.317021735637279 2.745407259582836 3.055465139272945 1.1836597408269738 1.7458591912976444 1.6430355122096123 0.7490520893337868 1.1757105593281452 2.130557160921572 0.7240193243232361 1.4038782858977046 2.236735565600219 1.9482373913966073
3.8969906392977425 0.028473536574598574 0.07950569974746445 0.14686147236254113 0.037408278248542905 2.607975621207671 3.0725602183521876 2.8948748883044453 3.7309769950881497 1.2156857784508397 2.9430737283542343 2.9875599639202206 1.2285643225288196 2.0135326695734874 2.2466075553712592 3.2416231652216942 1.6644185170000392 2.846811227548833 3.819445800820624 3.2767439034406296 0.9206162338404643 1.224694297759955 1.240421440369704 3.3576981395940506 2.2835011922337736 3.0189366490438654
1.3569656868944615 0.05137216840195751 0.07166343544586153 0.180349289170175 0.0021788590862644136 3.465169012568404 3.6035370128196806 2.672677871013316 1.7212744829982187 2.308079706781242 3.1738483790884087 2.4649502511749475 2.612397381051072 2.9309402036867613 3.5640679115639315 3.981371524592109 1.359986510944446 2.1140400167579623 1.97449762966193 0.8107728545392863 1.3504663104784813 2.647428455890878 0.7809644400657946 1.6525933425968313 2.8266382274331074 1.955353368522536
1.7000442246272864 0.05850800290814644 0.0496571181482823 0.1994858053203439 0.0026857194786965555 2.700181208247632 2.7961570172036683 2.1612525319140774 1.4907253305580144 1.9200429747750887 2.5083837274005547 2.026622290919451 2.1287452565952716 2.3479933844990244 2.7700767327628273 3.074519839155161 1.2213217507915402 1.784127074938529 1.6808648880026418 0.7837016040994662 1.2136034370164988 2.1642406566732535 0.7579294390787991 1.442047998703154 2.269419973050308 1.948261495726899
1.671682193205975 0.05794676183997896 0.05142838675960298 0.19799706872665696 0.0026307789068895954 2.7573480447342873 2.856395816255604 2.202310115939714 1.5126476193072853 1.9529533855334253 2.5589590234359765 2.063059502246679 2.16802595595058 2.3933609025952465 2.8291209936409873 3.1417952360824555 1.2362345808956487 1.8127868861093206 1.707127282396468 0.7892427623992976 1.2283603251374158 2.2044059367611997 0.7631809372307524 1.4624553650711303 2.313362504551196 1.9482567771180794
1.6186988029867284 0.05875770453239223 0.04947404145600806 0.19785297655357528 0.002627357570029452 2.7798895106797774 2.878164132875094 2.2065445438787337 1.487109944128062 1.940834018877166 2.5730247217737325 2.058205411840053 2.167269986761583 2.400601578506959 2.856400046372788 3.181024660015307 1.2017814454652862 1.7929206344413557 1.6855832963550144 0.7511357875122174 1.1935994281513287 2.203805712131925 0.725386858695373 1.4340186386063292 2.3188991471994767 1.9479339424603257
1.282957299821818 0.05278229295124011 0.06028195213446927 0.16141070599767043 0.0020397504462136016 3.700442427528063 3.883891267548413 2.8190318752955146 1.4539623608089662 2.106111258628524 3.28875458613044 2.497625890029596 2.4968838267347233 2.8746875605993516 3.7425334347592947 3.8145615540698645 1.0691508544116788 1.8736076319074122 1.7031078385276481 0.5510392727988273 1.0576013650396388 2.5858840693993113 0.5264626206729079 1.3662178598292656 2.8367249708744775 1.9702666656568706
1.6907182067857653 0.058763123724565165 0.04942777819397413 0.19965630708174523 0.002672863927442011 2.708744779435773 2.806216249739522 2.166592727448214 1.4935857848675418 1.9248350156977534 2.5158304127163866 2.0314448039889563 2.1339921288250268 2.354381614963311 2.778504819983499 3.085137754295387 1.2232651410776694 1.7884819650320283 1.68456496399092 0.7845117867476368 1.2155625648993316 2.169892508024193 0.7586213367463426 1.4447802726252719 2.2756074466488063 1.9483232428635568
2.1663947441667326 0.03359835206269157 0.06688419418965591 0.09964276277247229 0.03450638165585204 3.94910034967542 1.8702973498429536 1.1197338806327675 1.5979271747438064 1.271020072151071 1.7218612390416723 1.5944118425574905 2.002745776985843 3.0536932363781273 1.9826696994180528 2.0716175406812916 1.9721961956792624 1.1430831154810828 1.3152412796424513 1.4366047464844298 0.5054749352276829 1.42556556880664 0.5729691795307914 1.939154809591906 1.5647571241545144 2.559406488606215
2.2128061482881045 0.046149340515972935 0.06040336298327019 0.13917455517983288 0.002209732614411273 3.349864083077462 2.987089142785322 2.456906759483407 1.3729470448774823 1.99209575564074 3.202702021943458 2.228820022036381 2.424175744539 2.5733425403773253 3.6780672746973 3.963308913000849 1.0256895106230703 1.7756863447657143 1.6872888412250835 0.5367434122955088 1.0141141420385504 2.5451644492899113 0.5127945708346047 1.3009559903803134 2.6104747054418316 1.966085180147099
1.6779940054650158 0.05856458504028199 0.05021221735237015 0.19947329037810752 0.002659121700305286 2.7265824456579186 2.825023334712144 2.180749222466248 1.5033088118687796 1.9374393327851438 2.5323187937922844 2.044670295646997 2.1478923791106697 2.3697771235810947 2.796683909598186 3.1052530149616806 1.2312071057746554 1.8002274687725441 1.695586830956617 0.7895972608346395 1.2234870950556762 2.184168457753572 0.7635335218121536 1.4542495265203872 2.2907637986518994 1.948351372032836
4.251500706069171 0.03231937999764776 0.08254812717645293 0.11653217890172836 0.014678285772044247 2.651589568801159 2.2839481441443965 2.6447231984452513 1.1251515023914567 2.779941936092287 3.6622280324204595 2.4297272533701695 1.893685024848374 2.4704089973783003 2.492400580454485 2.3929782225181317 0.7573746283243511 2.117086139941332 3.216059971518916 1.148794522147713 2.5929065517163012 3.3056408248077718 1.159542315436436 0.7275198251022205 2.0635565560822897 2.443295854604902
1.2504181335179667 0.05176836008951172 0.08855614415984364 0.15797021929355545 0.006112089267943688 2.6282685781327855 1.9565224094209255 3.24620706303757 0.9508711873928934 1.5505261872377658 2.7781523867638325 1.6391367309668106 1.7614322108848743 1.7541903189060983 3.3405869388548597 2.966618730183144 1.8304277740994406 1.7015526150201212 1.2970951584531019 0.3516211444465804 2.9862757503803525 3.1172336037493413 0.4104963514136966 3.2077152465229943 3.0537800327437954 2.428316404146419
1.7035897207291317 0.058479232402075684 0.0497575869707407 0.19908263224274045 0.002692050125708995 2.697770450399868 2.7940362195992487 2.1591590304220523 1.49005121133387 1.9188952025048198 2.506194637819519 2.0250175663161905 2.1269966631588377 2.345997462002638 2.767253014655245 3.071484733322896 1.22118566158124 1.7835140611805864 1.6801496233393125 0.7841750811118325 1.213498285050896 2.162603091196147 0.7583140603319164 1.441594192713547 2.2674786750988942 1.9483353378976216
2.8597444470818227 0.034517224761106614 0.08064499517904473 0.07595119490152424 0.001975914824472858 3.458143620613093 3.9415402111288116 3.615524608393388 1.0370709985638191 2.6455585667001333 2.9959447321233372 3.376713066955069 2.798902825379304 2.34115166416655 3.42619523560581 2.3979600649566852 1.1471540371090991 2.243527952907304 2.0161024547901034 0.4322024359045283 1.1063810427256973 2.5203361242524887 0.4148950683578256 1.427835643568779 2.8401655978882796 2.1480788696295727
1.6666120167920564 0.05842100801087001 0.05061715838586256 0.19992353900474744 0.0026361556354752764 2.7491535214305873 2.8460772918657837 2.196080039161854 1.507706756928395 1.9467854156227429 2.5512939208882774 2.056867807511625 2.1615531163159765 2.386201044634369 2.8207829836412155 3.1353581173152145 1.2317485470651108 1.8067250475412955 1.7014923350539939 0.7856837981831484 1.223893708538244 2.19775146164289 0.7597721646237823 1.4574821525197326 2.306578223578714 1.9481183859240063
1.3933457737776311 0.05041078318224399 0.06332091430211763 0.15060075109541304 0.002382268448812881 3.492453963838906 3.055946015688863 2.5663724859066943 1.4678507191461052 2.113436177683446 3.1828992756648242 2.2882015540924994 2.4417406324678423 2.7951748254776487 3.6093780372824598 3.9631567095719626 1.103099249779628 1.8597596484434378 1.7187923550909232 0.5959224078315455 1.0921246511972584 2.495246363368564 0.5705747965814747 1.386902605822638 2.684224361845434 1.9553217538377972
3.5065023307058767 0.04390562822469269 0.05617528863381395 0.1415321297389744 0.002042734499200902 3.35396404417175 2.7714393236409496 2.7148619367372557 1.3338416257263987 2.1206672896283845 3.0433356405286727 2.1323354261213345 2.4357575735293353 2.7513297223230304 3.807613332570395 3.8682920772405835 0.9788436942761733 1.838264503979424 1.6474210972935228 0.5026104609144436 0.9671646636573374 2.34789950285073 0.47952950234372343 1.2497419922556205 2.5782664902130676 1.9851881191373133
1.670408279450244 0.05833596062793943 0.05065564756061645 0.19924534592980608 0.00265980569477594 2.7318044323740334 2.8290372312900693 2.1848587572623748 1.5050288172890876 1.9400204028940733 2.5368132560392036 2.048149105579104 2.1517205876433203 2.3740503857422586 2.802388277714838 3.113172517926136 1.2321617901031667 1.8023827042246514 1.6976677050873064 0.7894517313268558 1.2243872736066614 2.187868186954529 0.7634194989062678 1.4557846762846258 2.2947922202420195 1.9482662023984396
2.4924945187251177 0.03315204369228321 0.08044680627006465 0.08063861474107853 0.0069876304644290515 2.2571769461598254 2.2791877720065123 2.5379929516362902 1.9505852525704448 2.67251462446343 0.7446830213643936 2.1609851350952063 1.4348057272503811 2.7325435755871026 2.33874461545816 3.2885807076322866 3.218302696675118 3.600675689465083 1.3127140562536361 2.6487960156804933 0.21899956385798505 1.4711677871702271 2.1695460069474213 2.9025301479001975 1.0843947990497411 3.5546803658006376
4.909716128527219 0.038473208422387994 0.0551215888785617 0.09330300246804665 0.0019024670170164307 3.8798483450867933 2.1187311944525185 3.177112481339676 1.160121324947303 1.8790714437680802 3.575103077445021 2.1975081864608517 2.9401061116936633 2.813514254517307 3.1200614808337033 3.8945933957690526 0.7432554110148533 1.6880162945224901 1.4461905481277844 0.31485441382712914 0.7292747849430896 2.737549960118923 0.29678059659832895 1.0137196876524108 2.850140780942126 2.0811274492116234
