7.275854806872195 0.012748952845596347 0.053203599115009284 0.06164203490992826 0.07323898076624918 0.1539762200819099 2.500054308570628 0.1710312396434376 2.169797671199131 3.0043423939093157 1.1523027246579063 1.2445985220123783 3.4239487162677316 3.0788535535125603 3.0644051931884246 0.45349442451021577 1.0737770604691843 1.5022587682652535 1.9830856287004133 3.0435844853554466 3.5947422024842055 2.325265991857396 0.3379533225533979 0.18896288869010555 1.6362242378195875 32.005299279469384
1.113338561578811 0.014199715453385178 0.0039507130132886 0.19253841014047451 0.043175520656791005 2.01135543197272 3.93647804023745 2.7598261811497595 2.05349919149531 1.454367460214381 0.7019287415991228 1.3003334218702394 1.1389299371071668 1.3571176145945845 1.3509353336121874 1.2875646715163918 1.3695223357333488 3.944009010223727 0.8535331634084646 3.9998876146021844 1.4199126062460194 1.0492141706807956 0.6379567850856965 0.44622066778024067 3.938874582010459 20.185493521768535
1.120505424335876 0.00768704705550326 0.0004891342122013281 0.08824970123226866 0.045657341820826904 1.9142254769811589 3.9282335880325747 2.748633134266184 2.0380268515392626 1.4442063660082494 0.6942411979262632 1.2808745832087918 1.1103292395017377 1.3084922870677331 1.287207971178823 1.211900932399054 1.2731845949844054 3.999996509693486 0.7783087350274157 3.9999999382606157 1.2506426702397326 0.9135924880907627 0.5474012680907633 0.3733043891050238 3.1755477740922258 19.65785505180127
1.190531041062933 0.00876562605078554 0.0009048284208562941 0.1006253536685285 0.046166871973845544 1.8533040383622603 3.6213462932271057 2.551055142696434 1.9093378664623377 1.365799980070287 0.666861114433016 1.2451656998726361 1.0967334558894497 1.3031639089390956 1.2870979190922232 1.2141623148462133 1.2766742041365207 3.999547176190566 0.7798981238281347 3.9999890573625434 1.2537953591112465 0.9153534426955071 0.5488100116172925 0.3756320256552316 3.3018364396429014 19.658628656861005
1.1257778609323925 0.009792553934429649 0.00043918780998581514 0.11158516266149066 0.04141704935117257 2.1120829564705295 3.9051844004607763 2.7474557949729768 2.034976606749895 1.442814152908924 0.6945741087466927 1.2831784784503033 1.1151200888775608 1.3174515927071813 1.2990814977697245 1.2260263720982916 1.2911978115553235 3.999957024755628 0.792890919378934 3.999999673986428 1.279144467623691 0.9374992097480503 0.563856605453102 0.38565598150228947 3.340664718671399 19.57825604170492
9.536015565329537 2.875532791988169e-10 2.8769579022747116e-10 0.024145379808452872 0.10395639589083272 0.843646430707555 1.0665524989606932 1.1857949137401442 1.1526223356650334 0.9665933744721352 0.5595021318185245 1.130894874142838 1.055031882803834 1.2660338995591234 1.2481391071957364 1.1711580993812911 1.223591502738938 3.999999999999961 0.7368930188327166 3.999999999999997 1.1703918928563646 0.8507211205636515 0.5078021609150498 0.34420746957401066 2.5860390413020906 13.022787760897748
1.42042106272686 0.012646199166830092 0.00022783835213633095 0.14170848113036136 0.05802970450691849 1.5102688959824118 3.1110725769582688 2.212634063065583 1.7000159609728893 1.2418724917693147 0.6256819342872192 1.1971068614493976 1.0896465308871988 1.3196647407640678 1.3180438811941344 1.2539437144156294 1.3269244972840575 3.999924903370405 0.8159901498991011 3.999874927162349 1.3473881797188725 0.9945828545045298 0.59128171792531 0.40695461254091925 3.5251705221452907 17.66984834214606
2.1202303807861083 0.01772180843151052 0.000272818025790717 0.19472595968513778 0.06430919870480174 1.3532861713861097 2.355847157031027 1.8099723431037715 1.4600749153641586 1.1127913056285184 0.5964568063646286 1.1819949904576628 1.107246952501519 1.3501716747641783 1.3547988645453817 1.2947408755586833 1.3778315346191021 3.969909315667189 0.8568368336118821 3.999985834741781 1.4513659021678245 1.075550147395417 0.646227286161533 0.44873820981564133 3.999969089954551 15.974769048770346
2.4214834294979344 0.01765351378398363 0.0001861310175730368 0.19965588941828774 0.07260284224065938 1.2057526374234369 2.1339445322977966 1.6958793900530114 1.3891580378449728 1.0734983592933904 0.5865471129304314 1.1741508976897905 1.1068314995591366 1.351393038060131 1.3566937769306757 1.2966626852621508 1.3796759183536371 3.9813202270570387 0.857384344603584 3.9999989328064895 1.4207271196310707 1.0519728738968386 0.6361655474180123 0.4429207222331072 3.9998723012146282 15.614466100505432
8.550854763781317 1.2550459713833323e-14 5.700605410904922e-13 0.023966093949523253 0.10363219051285587 0.8470245669517587 1.0901006740412984 1.189066510839516 1.1524120747409996 0.9664233119742844 0.5595186210210648 1.13093860767581 1.0550117504189667 1.265991570987291 1.2480635900365347 1.1710660834962903 1.223491575375072 3.999999999999999 0.7368906379574718 3.9999999999999996 1.1703581931044194 0.8507242664517807 0.5078056757393833 0.34420831115013073 2.586021384855815 13.065700101453963
8.706394890180226 6.945460035794806e-09 1.513146838642647e-08 0.024152244891420583 0.1039029267356905 0.8441028192793522 1.09764627927879 1.1930004527034608 1.1538811727816674 0.9667686522368927 0.5595105716220303 1.1309038959713165 1.0550187716796928 1.266011514548575 1.2481027156864863 1.1711130136706764 1.2235400544437387 3.999999999985452 0.7368891995631515 3.9999999999999973 1.1703617595646707 0.8507207682907708 0.5078044849845307 0.3441998361934227 2.586047029781367 13.048023306748213
1.1256532765843141 0.008961999002259963 0.001113657040002024 0.13053811805399843 0.04496777069084854 1.9233193285719985 3.894367649097599 2.7662065113758545 2.0451428887718848 1.4491060005083816 0.6977658670394077 1.2889758278130146 1.122009680261681 1.3297537212133008 1.3150682967192857 1.2427746389141066 1.3123419507315432 3.999784152758421 0.8132314180933208 3.9999999597860425 1.3175777880595096 0.9714477581828247 0.5881407299939732 0.40437288676590316 3.3948831050288226 20.89502204007988
8.68724031593108 7.860168707779605e-19 4.333294013244383e-16 0.023991683720618467 0.10367793822712455 0.8466659669639126 1.085774529053491 1.1882907981683513 1.1523962285407878 0.9664543691291353 0.559519329838495 1.1309358722221228 1.055011377066145 1.2659922590917614 1.2480663834738615 1.1710704343552478 1.2234969307054286 3.9999999999999964 0.736890983230375 3.9999999999999996 1.1703620990744599 0.8507245973440295 0.5078065562987353 0.34420862028688176 2.586023867292799 13.0593614954102
8.606776557618794 3.957004589927142e-17 2.430944916609385e-17 0.024141657504200453 0.10388681947112674 0.84422839662508 1.1008998349251733 1.1936493898563483 1.1539655930693302 0.9667752802116892 0.5595105807055207 1.1309048650189093 1.0550205706841083 1.2660131005147732 1.2481033848865914 1.1711122036370414 1.223537401256768 3.9999999999999996 0.7368884282083632 3.9999999999999996 1.170354720757902 0.8507196338428147 0.5078044489704101 0.3441962802823403 2.586046882683406 13.051915192183438
8.61027900761944 1.7046273665154088e-21 3.890963920714541e-21 0.02399096025511602 0.10366203134961931 0.8467838454823009 1.0884941437652471 1.188825435456322 1.1524297846171079 0.9664399911862844 0.5595184828068642 1.1309364779737932 1.0550099082844284 1.2659897705189436 1.2480622832820862 1.1710652094487821 1.223490881722471 3.9999999999999996 0.7368903244607937 3.9999999999999996 1.1703579146505503 0.8507243010653723 0.507805793287355 0.3442086000042377 2.5860241795134113 13.062887110874474
1.1631343757510002 0.010214399604808284 0.002417930918769315 0.13802767326523793 0.044782980473125435 1.914424234679993 3.8479892744416766 2.680002598950238 1.9968548865985147 1.4217694630041156 0.6889154286506297 1.2798005183551697 1.1215190037518223 1.333579175293531 1.326062683622942 1.2594140269071012 1.3336629304966054 3.998776118691935 0.8224504750405751 3.9999795892961068 1.3564404830532741 1.0057514479823824 0.6155165002356585 0.42959239555866535 3.544062698300122 20.25321203380637
8.938206971353257 1.539704809092672e-17 2.860304281549821e-16 0.024084545249253842 0.10380282505868642 0.8455910990706326 1.0771693305076382 1.1864729386995676 1.1521841192156923 0.9664482687140196 0.5595152393286019 1.130925221452371 1.0550056867297914 1.2659878686484818 1.2480654915688 1.1710721930294519 1.223500260980057 3.9999999999999996 0.7368902469609141 3.9999999999999996 1.17036488885595 0.850725334882302 0.5078065046718523 0.3442099773191325 2.5860333953256056 13.048529778258164
9.055882123424492 8.95014193972813e-20 9.724335829110678e-19 0.024122163104474858 0.10385463923824316 0.8451506117077078 1.0745424628151603 1.186197024859487 1.1522481959461381 0.9664779245047871 0.559513778831766 1.1309202006496357 1.0550043560177103 1.2659877312964336 1.2480676615693096 1.171075778762416 1.2235045748865176 3.9999999999999996 0.7368899470547731 3.9999999999999996 1.170366545888269 0.8507251879231476 0.5078063903154767 0.34421031070965186 2.5860371902208863 13.043346190970052
9.999999999999998 5.767812128840333e-45 1.134869364436927e-38 0.02431653715142194 0.10413248348962192 0.8422469852341719 1.062144405425573 1.1863141833643613 1.1529749358914951 0.9666628251718449 0.5594989344885205 1.1308824863010718 1.0550071797695342 1.266003679776546 1.2481044160967183 1.1711233299123587 1.2235576478149117 3.9999999999999996 0.7368892909215342 3.9999999999999996 1.1703836452781935 0.8507223170330142 0.5078037796168755 0.3442090927470079 2.586056352867148 13.007398056392525
9.999999999999998 3.708665473041904e-47 2.497740406712645e-40 0.024316537218194934 0.10413248451454855 0.8422469769443387 1.062144405091263 1.1863141829540957 1.15297493560633 0.96666282497966 0.559498934378622 1.130882486152382 1.055007179920716 1.2660036800662668 1.248104416628986 1.1711233305762245 1.2235576484765125 3.9999999999999996 0.736889290988762 3.9999999999999996 1.1703836461226134 0.8507223170576949 0.5078037795829189 0.344209092959314 2.586056352720671 13.007398002633876
8.634144271784674 4.267658492838648e-14 2.486180891498606e-12 0.024038839279993333 0.103733656778609 0.8461556585564854 1.0818072541775825 1.1861033037216426 1.15154254807791 0.9662213260904791 0.5595074581276696 1.130928924325337 1.0550062719104594 1.2659867476139741 1.2480610101901297 1.1710653488857385 1.223492024124628 3.9999999999999796 0.7368897457095588 3.9999999999999996 1.1703595322077047 0.8507242883806722 0.5078057576908587 0.34420894646109274 2.5860285870636166 13.062498052759894
9.999999999999998 5.122021931055641e-45 7.283948518827605e-48 0.0243165373239343 0.10413248459952083 0.8422469762570638 1.062144405112058 1.1863141829440051 1.1529749355789738 0.966662824984291 0.5594989343749471 1.1308824861457119 1.0550071798783573 1.2660036800600625 1.2481044166221031 1.1711233305687936 1.223557648654803 3.9999999999999996 0.7368892909893358 3.9999999999999996 1.1703836459477053 0.8507223170599619 0.5078037795845449 0.3442090929365883 2.5860563527520344 13.007398002832767
9.999999999999998 9.126019437891689e-47 4.580848310157884e-44 0.02431653708448118 0.10413248425397964 0.8422469790518783 1.0621444051816253 1.1863141830511954 1.1529749356423322 0.9666628250286208 0.5594989344042856 1.130882486182921 1.0550071798999816 1.2660036800296404 1.2481044165554238 1.1711233307306796 1.2235576484472972 3.9999999999999996 0.7368892909826938 3.9999999999999996 1.170383645762795 0.8507223170450445 0.5078037795860132 0.34420909293596924 2.5860563527152487 13.007398010899768
1.0365759526051994 0.009535710384009388 0.002902900637245544 0.12308603018811881 0.04189655333033315 2.1112516405231054 3.9811832124753357 2.9424061539254165 2.197459017765667 1.5223776933147843 0.7200547804132055 1.3183081020627714 1.13369689296224 1.337124368591395 1.3215090297561856 1.2522094187009543 1.3314025042669861 3.9999999573493077 0.8308228561977478 3.9999211567733006 1.3530785279016617 1.0005362485992042 0.6111085073102106 0.4260566902901275 3.545077834949394 20.9166970935706
8.170162411790821 6.643635254284665e-05 4.987830258730153e-06 0.024641480911263704 0.10408197870539791 0.8426439652664425 1.0949345652126066 1.1871187723634746 1.1510346476998854 0.9659806969908507 0.559515710252556 1.1310278762086854 1.0552809706282564 1.2664699019969823 1.248763161858921 1.171953219317595 1.2246277348534786 3.9999992490150813 0.7374188985829979 3.999999999833269 1.1718624932362118 0.8514764873507796 0.5082284978036351 0.3447932220508057 2.5896261245920384 13.066215766825783
8.404923714486502 1.0716170227566119e-14 9.018726880332748e-14 0.02407173183113078 0.10375483865579836 0.8464292903552352 1.0842580300647384 1.1855216477584156 1.1508249465081817 0.96595478028828 0.5594959170736463 1.130932420796656 1.0549939406640787 1.2659662242570264 1.2480306632449216 1.1710312976205024 1.2234554064349825 3.999999999999507 0.736888724644006 3.9999999999999996 1.170347752245953 0.850726884144987 0.5078089235497205 0.34420971425755387 2.5860350572200566 13.07378162779643
8.805445802482788 1.2279889387619934e-12 1.324011027282522e-13 0.02432711500449873 0.10411643015596976 0.843355386717799 1.0683364668401631 1.181812297075904 1.150248154924811 0.9658957149728298 0.5594784024711282 1.130896626252121 1.054985874379856 1.2659674685524693 1.248049110871693 1.1710601256980722 1.2234899328088704 3.9999999999999867 0.7368868444544416 3.9999999999999996 1.1703618048259534 0.8507260255180007 0.5078080592930105 0.3442124089141962 2.5860599520864134 13.051728735238267
9.999999999999998 1.0156576995067135e-35 1.0373780546759173e-37 0.02431653714764317 0.10413248309702478 0.8422469884095822 1.06214440559636 1.1863141834841944 1.1529749360441701 0.9666628252393789 0.5594989345308681 1.1308824863604032 1.0550071796848182 1.2660036796487044 1.248104415869166 1.171123329512523 1.2235576475466634 3.9999999999999996 0.7368892908903684 3.9999999999999996 1.1703836451816734 0.8507223170172239 0.5078037796285767 0.344209092703157 2.586056352884477 13.007398078079431
8.374148473236323 2.077732062758224e-17 5.5947256462601786e-15 0.023889621563625854 0.10351720288529413 0.8472495003939341 1.1103637821128904 1.1960049061989877 1.1544375430892244 0.966875318409946 0.5595344073206129 1.1309420548809122 1.0550261406552348 1.2660096488397605 1.2480835455904302 1.1710835542032778 1.2235056408298057 3.9999999999999973 0.7368909269559684 3.9999999999999996 1.1703494361373816 0.8507219313229119 0.5078052619026759 0.3441990966357883 2.5860185386374095 13.068967231585162
9.999999999999998 1.885499238299491e-47 3.171803096280966e-40 0.024316537052977136 0.10413248327056909 0.8422469870059198 1.0621444055146658 1.1863141833629804 1.1529749359421881 0.9666628252057937 0.5594989345080845 1.1308824863281128 1.055007179746154 1.2660036797384084 1.2481044160246388 1.1711233298984158 1.2235576476066792 3.9999999999999996 0.7368892909028275 3.9999999999999996 1.1703836454456775 0.8507223170374366 0.5078037796192895 0.3442090927476005 2.58605635284963 13.00739806413217
9.999999999999998 7.288998926776433e-52 1.573748723360132e-41 0.02431653715368863 0.10413248334652479 0.8422469863915707 1.0621444055373577 1.1863141833954916 1.1529749359385886 0.966662825199301 0.5594989345089287 1.1308824863227895 1.0550071797036271 1.2660036797225291 1.2481044160714896 1.1711233298000532 1.2235576476759549 3.9999999999999996 0.7368892909067981 3.9999999999999996 1.1703836455213958 0.8507223170420865 0.507803779621506 0.34420909273398714 2.586056352877967 13.007398064652595
9.999999999999998 1.0209466240841205e-35 3.210810836422986e-34 0.024316537246035066 0.1041324845401904 0.8422469767369415 1.0621444051137274 1.1863141829751904 1.1529749355570422 0.9666628249892363 0.5594989343774802 1.1308824861442313 1.055007179919448 1.2660036800653658 1.2481044166962059 1.1711233307482645 1.2235576484747837 3.9999999999999996 0.736889290988745 3.9999999999999996 1.170383645945347 0.8507223170580925 0.507803779583254 0.34420909293538227 2.586056352741412 13.007398002513238
8.440920756756052 3.321278227535744e-09 3.416579709165939e-09 0.024048466753234934 0.10375299267046417 0.845322609335974 1.10708776503677 1.1950768850758344 1.1542158395702626 0.9668178597645973 0.5595184973231956 1.1309180027183876 1.055024597942729 1.2660144719950772 1.2480992896135585 1.171104525612442 1.2235277357898233 3.99999999945132 0.7368892654486005 3.999999999998311 1.1703502890080204 0.850720092817485 0.5078048050178429 0.34419560566925994 2.586038070152362 13.060931563869339
1.1142608785395147 0.009707809910561048 0.0018923825450128428 0.13017749053228939 0.04357988298580899 2.005430943319952 3.9522319801727788 2.779379929574901 2.057532809002556 1.4560281119611385 0.6998825990705347 1.2928015708698368 1.1244028008466342 1.3346749277192518 1.3212159444487426 1.2526814803046877 1.3248047005224723 3.9939522264354164 0.8246574270180393 3.999998172954397 1.3422407051111278 0.9937543862245354 0.6064813475370437 0.42344948416790484 3.4931369679273048 20.484676247223813
1.3332614095692594 0.01126187288711196 0.0010017918957963225 0.16445562334797015 0.05078120962620787 1.6481674485544824 3.3844547067288193 2.445610193984369 1.8347579736670379 1.3273394753310657 0.6567520710551863 1.242599472485487 1.1180163130020702 1.336600437013983 1.3246675562625998 1.2498510465672596 1.322481040109457 3.918898548465 0.8174605322973062 3.9970916976650717 1.326909475061443 0.9743567054660148 0.5877975359015075 0.40321706042082905 3.5583750833515793 19.86552536163268
9.446157163668868 5.288899163694174e-18 6.733598969440303e-19 0.024202090967793414 0.10395535899164665 0.8436808330475378 1.0759997138460375 1.1887884172832028 1.153305950481026 0.9667108805682302 0.5595099023671765 1.130900422728673 1.0550097673779149 1.2660009334314326 1.2480916798814579 1.171103789350296 1.2235335604434041 3.9999999999999996 0.7368889324189567 3.9999999999999996 1.1703684595836403 0.8507220538235171 0.5078045729347324 0.34420487091780483 2.586047289967449 13.0252127631159
9.327251999049452 3.2792214046019315e-15 1.2095008212523832e-15 0.02417065555284644 0.10391096042266551 0.8440411711394104 1.0792911501798723 1.1894161304722917 1.1533950688159023 0.966723716682533 0.5595124062308812 1.1309046793564805 1.0550113521526574 1.2660016953914115 1.248090665807923 1.1711015055796807 1.2235304641785434 3.9999999999999996 0.7368891062418574 3.9999999999999996 1.1703663615057487 0.8507220306282582 0.5078046508303294 0.3442042379083041 2.586044425995274 13.029400639004404
9.999999999999998 2.101090632787805e-41 1.0996461477858452e-40 0.02431653726297774 0.10413248450115482 0.8422469770526695 1.0621444051232634 1.1863141829890238 1.1529749356352528 0.9666628249810797 0.5594989343882664 1.1308824861607638 1.0550071798841305 1.2660036800169443 1.2481044166200999 1.1711233307358835 1.2235576486461675 3.9999999999999996 0.7368892909912499 3.9999999999999996 1.1703836461211006 0.8507223170610646 0.5078037795849857 0.34420909293699586 2.586056352748287 13.007398005705928
8.66661892533066 4.462538776940521e-16 1.422501655455375e-17 0.024249358608456575 0.10398135821675088 0.8438188173519965 1.088915257744932 1.189406581155998 1.152581891892306 0.9664352301482625 0.5594975345377158 1.1308991887430293 1.0550026999378912 1.2659900669097512 1.2480762859919134 1.1710864647885806 1.2235145314179077 3.9999999999999996 0.7368883248403989 3.9999999999999996 1.1703605158852821 0.850723395099699 0.5078061389966324 0.3442061953665795 2.5860563246790016 13.05379850964502
9.999999999999998 1.84415186294948e-41 7.220383708251934e-41 0.024316537282803443 0.10413248443710887 0.8422469775706876 1.0621444051876976 1.1863141830310249 1.15297493562353 0.9666628250015675 0.5594989343918312 1.1308824861679292 1.0550071798889256 1.2660036800194998 1.2481044165481243 1.1711233307252953 1.2235576484430075 3.9999999999999996 0.7368892909706625 3.9999999999999996 1.1703836459364103 0.850722317065209 0.5078037795883972 0.3442090929374659 2.5860563527571165 13.007398010053898
9.052347682405122 2.01411499805908e-15 1.037954069878348e-13 0.024146837179862813 0.10386778267882439 0.8450458025155189 1.077788336506293 1.1874342368097937 1.1525897819713768 0.9665427451747107 0.5595135938002322 1.1309177108470134 1.0550030253577698 1.265986564388188 1.2480667347756371 1.1710744137150737 1.2235023048629894 3.999999999999985 0.7368888609338614 3.9999999999999996 1.1703614263179476 0.8507238142907423 0.5078057514024108 0.34420940554822155 2.586041012521307 13.042729364006593
8.118691150134929 4.4965276527537694e-14 2.084988530558496e-12 0.023755141530498035 0.10332444579194011 0.8488292949554711 1.120602140005656 1.1984637179275865 1.1548897355032068 0.9669521207804429 0.5595460639974971 1.1309607881833523 1.0550309918582617 1.2660104786683284 1.2480764912565854 1.1710717148954197 1.2234915220721523 3.9999999999999525 0.7368921237714842 3.9999999999999996 1.1703447204603716 0.8507226391783067 0.5078056231252402 0.34419899300871226 2.586004503057632 13.083527665941673
9.999999999999998 3.219465358096051e-41 2.7368850776281113e-37 0.024316537236104278 0.10413248404746851 0.8422469807221851 1.0621444052961513 1.1863141831764021 1.152974935748372 0.9666628250776302 0.5594989344336847 1.1308824862199873 1.0550071798414076 1.2660036799401464 1.2481044163922554 1.171123330328358 1.2235576481751078 3.9999999999999996 0.7368892909494081 3.9999999999999996 1.1703836457129173 0.8507223170635184 0.507803779600133 0.34420909289082957 2.586056352777953 13.007398029489984
1.0927342627846202 0.010260888092117119 0.0006431729064074968 0.11650715110472662 0.03953684516859929 2.213074057011754 3.9880899194216224 2.809265812199553 2.073825894875922 1.4660541212859914 0.702517926710165 1.2935521084330424 1.1196979939761895 1.3206748490789653 1.3015080032976665 1.2283316271290814 1.2936256185497046 3.99960944686494 0.7936275241907338 3.999944886127505 1.2804763271006165 0.937120897864038 0.5635674836583107 0.386595006848644 3.4180438827315593 19.86691812164584
9.999999999999998 1.9573654652284323e-44 6.641489656759859e-53 0.024316537248664775 0.10413248341493116 0.842246985838281 1.0621444055189486 1.1863141833812978 1.1529749359263928 0.9666628251872201 0.5594989345012258 1.1308824863153235 1.0550071797224498 1.2660036796952914 1.2481044160397299 1.17112333001648 1.2235576475472547 3.9999999999999996 0.7368892908996771 3.9999999999999996 1.170383645277344 0.8507223170327309 0.5078037796233664 0.34420909273209194 2.5860563528931273 13.007398065194003
9.999999999999998 4.799593650086894e-41 8.106296248792777e-38 0.024316537156161014 0.10413248351571285 0.8422469850231432 1.0621444054545661 1.1863141833034376 1.1529749359076602 0.9666628251434749 0.559498934482879 1.1308824862923956 1.0550071797685499 1.2660036798240089 1.2481044161690664 1.1711233299196704 1.2235576478244516 3.9999999999999996 0.7368892909206329 3.9999999999999996 1.1703836454547536 0.8507223170320667 0.5078037796163255 0.3442090927467543 2.586056352865602 13.007398055303685
9.999999999999998 6.413062352168901e-44 7.930927038608346e-42 0.02431653704063257 0.10413248386114105 0.8422469822292445 1.062144405288819 1.186314183163861 1.1529749357404995 0.966662825081878 0.5594989344377672 1.1308824862354387 1.0550071798545217 1.2660036799543233 1.2481044163373656 1.171123330337427 1.2235576481785535 3.9999999999999996 0.7368892909615126 3.9999999999999996 1.17038364569821 0.8507223170434239 0.507803779598818 0.3442090928398537 2.5860563527835585 13.007398030716578
9.999999999999998 1.543648740467439e-47 7.451406179551857e-44 0.024316537233459747 0.10413248413484173 0.842246980015492 1.0621444052267273 1.1863141830978985 1.152974935711831 0.9666628250435897 0.5594989344204332 1.1308824862047209 1.055007179873037 1.266003679985422 1.2481044164676627 1.1711233303430937 1.2235576481942338 3.9999999999999996 0.7368892909574628 3.9999999999999996 1.1703836457160597 0.8507223170421018 0.507803779597592 0.34420909286552753 2.5860563527856373 13.007398024441747
8.563761814399324 4.994570057067049e-16 7.226482230561695e-14 0.024110217173279637 0.10383856583502289 0.8455058175016876 1.0774720806743838 1.1837742176838468 1.1505341155060316 0.965923697632895 0.5594896511782386 1.130918392708874 1.0550003067584137 1.2659801415109337 1.2480548658338062 1.1710598845101765 1.2234862610371362 3.9999999999999907 0.7368885197010553 3.9999999999999996 1.1703556943181515 0.8507241552596821 0.5078067159950341 0.34420640245262907 2.5860377545406936 13.065173594270618
9.999999999999998 5.973380427368889e-41 1.602072599582295e-38 0.024316537089267436 0.10413248350198451 0.842246985134181 1.0621444054551943 1.186314183338721 1.152974935889431 0.9666628251700539 0.5594989344830292 1.1308824862923474 1.0550071797674991 1.2660036798227379 1.248104416170581 1.1711233300998696 1.2235576478407415 3.9999999999999996 0.7368892909187763 3.9999999999999996 1.1703836454797667 0.8507223170290744 0.5078037796133081 0.3442090927958156 2.5860563528232037 13.007398052996514
8.289575665281944 4.067322809965165e-14 1.430960602437243e-12 0.02380894294124459 0.1034054760356741 0.8481658963880654 1.1138607563622562 1.196866877039445 1.1546075476290556 0.9669096632231244 0.5595414037165362 1.1309529746020044 1.0550288618482582 1.2660104713802658 1.2480807662854783 1.1710792535259047 1.22350154262814 3.9999999999999636 0.7368923818427838 3.9999999999999996 1.1703529947740883 0.8507230361869794 0.5078052740040462 0.3442018709801008 2.586008112171065 13.074622889264885
8.268750281429623 4.975745509362137e-20 1.4627384449011095e-20 0.02407062470373194 0.10372320123870875 0.8459336681025423 1.1051015659610106 1.1933671482375992 1.1532966350757001 0.9665376518553702 0.5595106130713766 1.1309234347833563 1.0550110750378545 1.2659935354960095 1.2480695580728727 1.1710729871654015 1.2234972256650447 3.9999999999999996 0.7368898928979581 3.9999999999999996 1.17035195825972 0.8507240372483422 0.5078067173750874 0.34420542131440013 2.5860395339022872 13.073963531762
9.999999999999998 2.7766379765810706e-44 2.9035130976537004e-48 0.0243165371736794 0.10413248432633737 0.8422469784666323 1.0621444052014346 1.186314183007692 1.1529749356819974 0.9666628250227309 0.5594989344012079 1.1308824861772757 1.0550071798587628 1.2660036800253216 1.2481044165517057 1.1711233303813977 1.2235576482574058 3.9999999999999996 0.7368892909830624 3.9999999999999996 1.1703836459356074 0.8507223170638832 0.5078037795873732 0.3442090929127518 2.58605635272761 13.007398010813523
9.999999999999998 2.374928223713053e-40 1.3497490901510116e-35 0.024316537198845325 0.10413248286781242 0.8422469902635006 1.0621444057170573 1.1863141836360784 1.1529749361708217 0.9666628253013336 0.5594989345606406 1.130882486397673 1.0550071796271039 1.2660036795619216 1.2481044157814631 1.1711233294687105 1.2235576471065748 3.9999999999999996 0.7368892908782756 3.9999999999999996 1.170383645316075 0.8507223170309194 0.5078037796395284 0.34420909265713373 2.586056352927552 13.007398093348362
9.999999999999998 2.580255378861191e-43 4.227709916524829e-41 0.024316537144459586 0.10413248359014557 0.8422469844211142 1.0621444054444513 1.1863141832933803 1.1529749358802615 0.9666628251623101 0.559498934478781 1.1308824862842581 1.055007179798477 1.266003679818309 1.2481044161707775 1.171123330104227 1.2235576478502928 3.9999999999999996 0.7368892909293536 3.9999999999999996 1.1703836454893133 0.8507223170453291 0.5078037796120598 0.34420909279658385 2.5860563528292264 13.007398050631494
9.999999999999998 5.151050308057577e-38 2.3319527933969396e-36 0.02431653720255324 0.10413248318986806 0.8422469876586457 1.0621444055569205 1.1863141834391302 1.1529749360062758 0.9666628252312272 0.5594989345263511 1.1308824863518063 1.0550071796791591 1.2660036796446856 1.24810441586929 1.1711233298610644 1.2235576473656962 3.9999999999999996 0.7368892908884973 3.9999999999999996 1.1703836453543226 0.8507223170331213 0.5078037796289273 0.3442090927027795 2.5860563529024945 13.007398075606991
9.999999999999998 1.0337265885602532e-57 2.3566264792455764e-41 0.024316537216221054 0.104132484259715 0.8422469790054881 1.0621444051876487 1.1863141830280517 1.1529749356954262 0.9666628250307638 0.5594989343997244 1.1308824861869238 1.055007179862305 1.266003680012601 1.2481044164650545 1.1711233306010929 1.2235576483209316 3.9999999999999996 0.7368892909668769 3.9999999999999996 1.1703836459896324 0.8507223170558593 0.5078037795913525 0.34420909290176915 2.5860563527678755 13.007398016855845
8.399447882694888 3.328663215163662e-19 2.202484996698245e-16 0.023890312960468767 0.10351970495196106 0.8472297859876231 1.109472775948719 1.1958114487052929 1.1544084489793278 0.9668723859306353 0.5595343742768807 1.1309418351735532 1.0550260047606634 1.2660097203632164 1.2480840827568338 1.1710846406001267 1.2235073561491918 3.9999999999999996 0.7368912060371997 3.9999999999999996 1.1703519574727994 0.8507221971863689 0.5078051809004448 0.3442002196145099 2.5860178098324917 13.067888596888626
9.999999999999998 1.1738381695912506e-47 3.2357635495749556e-43 0.024316537132046956 0.10413248429631147 0.8422469787094888 1.062144405205022 1.1863141830109871 1.1529749356381163 0.9666628250251053 0.5594989344024203 1.1308824861794977 1.055007179897618 1.2660036800276853 1.248104416554371 1.1711233303843844 1.2235576486329682 3.9999999999999996 0.7368892909827935 3.9999999999999996 1.17038364593685 0.8507223170458628 0.5078037795866294 0.34420909293630286 2.5860563527226614 13.007398010794889
8.899474478998972 2.261325637985256e-11 2.451234333830329e-11 0.02409175776093358 0.10378936388910164 0.8450275646123534 1.0919145989238779 1.1919202751255387 1.1537580022695466 0.9667711694092708 0.5595194763581176 1.1309166722943442 1.0550142105881 1.2660010381610787 1.2480830191064014 1.1710884632715748 1.2235131916229267 3.9999999999669416 0.7368884260150785 3.9999999999999996 1.1703517672084658 0.850721243484751 0.5078052576557769 0.3441991014908579 2.586039731231848 13.04510003107897
8.746642735031356 5.083663550160109e-06 7.040428951220979e-06 0.024506586557365786 0.10422744699780401 0.8406471163519373 1.0877843039834039 1.1894610417600053 1.152835726936919 0.9665603910868846 0.5595528628036129 1.131033487801115 1.0552505713056057 1.266383927184814 1.2486149840322895 1.1717540938946391 1.224343449250404 3.999999999968108 0.7374278714337418 3.999999999999999 1.1715178673092297 0.8514703008408246 0.5080597178205167 0.34480496170687264 2.589714748482532 13.05227306314652
9.999999999999998 1.1004402567290396e-45 1.3441235986856685e-45 0.024316537332421263 0.10413248454469429 0.842246976700513 1.0621444051434963 1.1863141830437616 1.1529749355841596 0.9666628249776551 0.5594989343865163 1.1308824861576883 1.055007179881904 1.2660036800144043 1.248104416548507 1.1711233303842097 1.2235576486369093 3.9999999999999996 0.7368892909799561 3.9999999999999996 1.1703836461114834 0.8507223170459633 0.5078037795872682 0.3442090929369005 2.5860563527592895 13.007398006295194
9.999999999999998 4.1981560883368466e-41 1.4892724299303644e-38 0.024316537116778322 0.10413248397896685 0.8422469812762425 1.0621444053052453 1.1863141832087487 1.1529749357560082 0.9666628250570154 0.5594989344363879 1.1308824862246447 1.055007179845778 1.266003679946101 1.248104416401336 1.1711233303395467 1.2235576481887946 3.9999999999999996 0.7368892909596284 3.9999999999999996 1.1703836458903933 0.8507223170426059 0.5078037795966608 0.3442090928893385 2.5860563527764464 13.007398027767287
8.985297340140578 6.84065636546674e-17 3.0502006410760556e-15 0.024168721383725448 0.1038903749560087 0.8449622842764336 1.0752968456142433 1.186015549097601 1.152064450247409 0.966416031097029 0.5595105108776083 1.130919214191719 1.0549971658805433 1.2659777397709038 1.2480546106855228 1.1710613870408255 1.2234889385900667 3.9999999999999982 0.7368884507360959 3.9999999999999996 1.1703587038785157 0.8507248096129926 0.5078066875957978 0.3442105432151413 2.5860435928408454 13.046316903049293
9.999999999999998 2.0681457349107172e-53 3.1795483147898303e-43 0.024316536978602372 0.10413247758560439 0.8422470329869673 1.062144407496989 1.1863141856059891 1.1529749378243948 0.9666628262845662 0.5594989351312651 1.130882487171537 1.0550071787381727 1.266003677939031 1.2481044130104002 1.1711233258944305 1.2235576429149817 3.9999999999999996 0.7368892905122633 3.9999999999999996 1.1703836420158606 0.8507223169064293 0.5078037798137532 0.3442090917802205 2.586056353529385 13.007398376513066
9.999999999999998 3.222623926255972e-49 1.6113771736969143e-41 0.024316537091948903 0.10413248352108365 0.8422469849797037 1.0621444054238258 1.186314183328459 1.1529749358328276 0.9666628251690133 0.5594989344780495 1.130882486284615 1.0550071798033849 1.2660036798235428 1.2481044161735935 1.1711233301022963 1.2235576478405763 3.9999999999999996 0.7368892909294092 3.9999999999999996 1.1703836456385845 0.8507223170277763 0.5078037796129055 0.34420909279306383 2.5860563528363953 13.00739805215889
9.999999999999998 5.26054039517357e-45 5.203225945812269e-44 0.024316536937432034 0.1041324825079966 0.842246993173775 1.0621444057317682 1.1863141836318545 1.152974936135265 0.9666628253186765 0.5594989345665422 1.1308824864300058 1.055007179653253 1.2660036795400387 1.248104415726052 1.17112332946369 1.223557647081122 3.9999999999999996 0.7368892908586284 3.9999999999999996 1.1703836449164888 0.8507223169976316 0.5078037796423097 0.3442090925560004 2.586056352947947 13.007398101081488
9.999999999999998 3.1355002163888877e-47 2.0008693833448347e-40 0.024316537058925176 0.10413248303430118 0.8422469889169066 1.0621444055742626 1.1863141835180557 1.1529749359952461 0.9666628252420648 0.5594989345292192 1.1308824863590876 1.05500717972736 1.266003679703378 1.2481044159469072 1.171123329520241 1.2235576475505061 3.9999999999999996 0.736889290889246 3.9999999999999996 1.1703836452257768 0.8507223170146238 0.5078037796287139 0.34420909269984606 2.5860563528996368 13.007398077501271
9.152452934125163 5.2087449886324936e-17 2.88243183288178e-15 0.024168863378427892 0.10390336360655136 0.8447094408963979 1.0765585813394718 1.1875562962420416 1.1527323813402397 0.966582482956395 0.5595122519430962 1.130912860573324 1.0550042740443635 1.2659899428163268 1.2480733588520159 1.171082706245557 1.2235114906430098 3.999999999999995 0.736888953465374 3.9999999999999996 1.1703647093579708 0.850723487935671 0.5078054031396015 0.3442096254328761 2.5860429775661875 13.038090290157896
9.999999999999998 5.356139252636114e-41 5.116155197622342e-40 0.024316537202334686 0.10413248424328407 0.8422469791383861 1.0621444052422715 1.1863141831101378 1.1529749356718024 0.9666628250305427 0.5594989344101007 1.1308824861926323 1.0550071798648244 1.2660036800278045 1.2481044164761481 1.1711233305367765 1.2235576482301058 3.9999999999999996 0.7368892909758226 3.9999999999999996 1.170383645744523 0.8507223170694798 0.507803779591641 0.34420909288957097 2.5860563527558664 13.007398016866716
8.886372080207922 3.737055474260189e-19 3.8724607784081415e-17 0.02417527070427062 0.1038964725946756 0.8450043253427284 1.0747339807792078 1.1851064784782754 1.1516194157331785 0.9662927297993058 0.5595069475922654 1.130920830563601 1.0549936565031455 1.265972008593521 1.2480462097454699 1.1710520901443826 1.2234792390200995 3.9999999999999996 0.736888268784028 3.9999999999999996 1.1703565417220385 0.8507256024768726 0.5078074317490521 0.34421109830423224 2.5860445984083418 13.050858345265755
9.999999999999998 1.8219868979765863e-54 2.7503019963053713e-47 0.02431653721429227 0.10413248447441338 0.8422469772689601 1.062144405144441 1.1863141830360329 1.1529749356096224 0.9666628250017586 0.5594989343850063 1.130882486159871 1.0550071799040146 1.2660036800384844 1.2481044165861819 1.1711233306972282 1.2235576484217154 3.9999999999999996 0.7368892909817522 3.9999999999999996 1.1703836459163581 0.8507223170543353 0.5078037795844063 0.34420909294640345 2.5860563527282294 13.007398004581503
8.624787992209818 5.0353408801973704e-20 3.508888106988999e-17 0.023992175001273507 0.10365996398198772 0.846082797281548 1.1011703838860716 1.1939147649879878 1.1540786672452914 0.9668186961868267 0.5595261872335248 1.130928431816315 1.055021280314859 1.266007197063296 1.24808621035221 1.1710894726011634 1.2235131460270734 3.9999999999999996 0.7368898592334785 3.9999999999999996 1.1703520158305911 0.8507215025324515 0.5078051160805052 0.34419920613042587 2.586029210680356 13.056733456442249
9.999999999999998 1.521750165783408e-45 1.9363961773399328e-41 0.024316537145000903 0.10413248423611603 0.8422469791963629 1.062144405212343 1.186314183053194 1.152974935644525 0.9666628250191384 0.5594989344057322 1.1308824861861164 1.0550071798652751 1.2660036799830963 1.2481044164808768 1.1711233305426432 1.2235576484230646 3.9999999999999996 0.7368892909736242 3.9999999999999996 1.170383645914782 0.8507223170492438 0.5078037795896725 0.3442090929116546 2.5860563527613722 13.007398014745084
9.999999999999998 2.1298528754478482e-44 9.784938340849808e-48 0.02431653700421105 0.10413248343900898 0.8422469856435421 1.062144405435839 1.1863141833124542 1.1529749359156207 0.966662825149414 0.5594989344814832 1.1308824862911762 1.055007179809008 1.2660036797822956 1.2481044161779264 1.1711233301063309 1.223557647844613 3.9999999999999996 0.7368892909298734 3.9999999999999996 1.1703836454687429 0.850722317043781 0.507803779611857 0.3442090927933231 2.586056352843157 13.007398052507218
8.355233259094847 1.9095308638435653e-18 1.9014787013826575e-16 0.02387018035593713 0.10349346198054295 0.8474450389780407 1.1111776880897435 1.1962127884902747 1.154480536915505 0.9668841948995099 0.5595358869687074 1.1309442826871459 1.0550271318868873 1.2660106245464062 1.2480844240637086 1.171084736345833 1.2235075346812023 3.9999999999999996 0.7368916178802027 3.9999999999999996 1.1703531315070916 0.850722419098874 0.507805137484569 0.34420085146238566 2.5860152444236677 13.070072160580562
9.999999999999998 1.1751920582993764e-41 1.937322677755618e-39 0.02431653713322233 0.10413248368808581 0.8422469836289532 1.0621444053713998 1.1863141832509059 1.1529749358147448 0.9666628251129534 0.5594989344606124 1.13088248626772 1.0550071797930949 1.2660036798176817 1.2481044162477042 1.1711233302923683 1.223557648054049 3.9999999999999996 0.7368892909242546 3.9999999999999996 1.1703836456552863 0.8507223170397551 0.5078037796088976 0.34420909279341066 2.586056352831397 13.007398044854124
9.999999999999998 5.0590504723984414e-40 5.339338806086604e-37 0.024316537110838962 0.10413248297598728 0.8422469893885608 1.0621444056420526 1.186314183591152 1.1529749360562092 0.9666628252619057 0.5594989345455846 1.1308824863783622 1.0550071796927316 1.2660036796063159 1.2481044157953451 1.171123329669523 1.2235576473351717 3.9999999999999996 0.7368892908819735 3.9999999999999996 1.1703836453370366 0.8507223170206468 0.5078037796314328 0.34420909270272176 2.586056352884589 13.00739808323368
8.172012156695416 8.336093490939168e-15 7.510660332554935e-15 0.023817124141550423 0.10347502896768714 0.8485532353951171 1.0911266859773312 1.1861198690608927 1.1505612404015921 0.965800681330208 0.5594921246953601 1.1309465811893396 1.055021307619382 1.2659991549290102 1.2480652346171277 1.1710626251935379 1.2234843797152908 3.9999999999999996 0.7368911456897977 3.9999999999999996 1.1703487766002225 0.8507230556704708 0.5078065579770641 0.34420330132202315 2.5860077276639695 13.08770680284179
9.999999999999998 1.2771934943804338e-51 4.190357338259809e-43 0.02431653723801636 0.10413248412428228 0.8422469801008978 1.062144405254971 1.1863141831000137 1.1529749356866874 0.9666628250683827 0.559498934423708 1.130882486211549 1.05500717984282 1.2660036799413716 1.2481044164710078 1.171123330274881 1.2235576483054837 3.9999999999999996 0.7368892909560127 3.9999999999999996 1.1703836456666994 0.8507223170509787 0.5078037795980249 0.3442090928907194 2.5860563527928577 13.007398025253373
9.999999999999998 8.624734632497554e-47 8.660718117441086e-40 0.024316537127019273 0.1041324838119238 0.8422469826273238 1.0621444053250046 1.1863141832257313 1.1529749357731813 0.9666628251130762 0.5594989344427423 1.1308824862484956 1.0550071798209024 1.2660036799058394 1.2481044163230015 1.1711233303124904 1.2235576480884094 3.9999999999999996 0.7368892909429804 3.9999999999999996 1.1703836456834893 0.8507223170337888 0.5078037796034588 0.3442090928177751 2.586056352806713 13.007398037581023
9.999999999999998 1.1874279526936558e-51 3.138983204355635e-44 0.024316536968239884 0.10413248327551584 0.8422469869659106 1.062144405457376 1.186314183367753 1.152974935916164 0.9666628251794747 0.5594989344946475 1.130882486314011 1.0550071797819456 1.2660036797876564 1.2481044161030723 1.1711233300865433 1.2235576478132058 3.9999999999999996 0.7368892909105104 3.9999999999999996 1.1703836454457353 0.8507223170316679 0.5078037796159837 0.3442090927444056 2.586056352847 13.0073980600609
8.631157381938166 2.2267806981010958e-18 1.4208990058588637e-15 0.02414506016680132 0.1038466200772912 0.8455815079216482 1.0791598766488362 1.1851154131376904 1.1511559722106635 0.9661128740210017 0.5595015276651276 1.1309276549274159 1.0549909242160749 1.2659651862766623 1.248033580397704 1.171036733765241 1.2234622745795136 3.9999999999999925 0.7368882360648162 3.9999999999999996 1.1703509744647909 0.8507268392166604 0.5078087621316439 0.3442113321561119 2.5860425236175444 13.062517430448516
9.999999999999998 1.3359726964315969e-46 3.241687194863627e-39 0.024316537177605388 0.10413248448216786 0.8422469772062408 1.0621444051266111 1.1863141829573338 1.1529749355911783 0.9666628249679013 0.5594989343843145 1.1308824861549034 1.0550071799224816 1.2660036800679715 1.2481044166309396 1.1711233305786424 1.2235576484816089 3.9999999999999996 0.7368892909886227 3.9999999999999996 1.1703836459545605 0.850722317056904 0.5078037795822885 0.3442090929595517 2.586056352733312 13.007398002426683
9.999999999999998 7.133311457352329e-47 3.021927996167184e-41 0.024316537050312895 0.10413248349655478 0.842246985178098 1.0621444054558524 1.18631418333928 1.1529749358898234 0.9666628251585121 0.5594989344873097 1.1308824862920726 1.0550071797671197 1.2660036797758547 1.2481044161712325 1.1711233299285122 1.2235576478438177 3.9999999999999996 0.7368892909173353 3.9999999999999996 1.1703836454810563 0.8507223170270016 0.5078037796111139 0.3442090927952052 2.5860563528158123 13.007398051302328
9.999999999999998 3.8947480410708965e-52 1.2866975272771963e-43 0.024316537349449337 0.10413248458818794 0.8422469763487263 1.0621444051173883 1.1863141829503394 1.1529749356307044 0.9666628249874036 0.5594989343811614 1.1308824861543396 1.0550071799112988 1.2660036800066297 1.2481044166089512 1.1711233307230213 1.2235576486325026 3.9999999999999996 0.7368892909765163 3.9999999999999996 1.1703836461102612 0.8507223170605953 0.5078037795868334 0.3442090929335458 2.586056352743126 13.007398004866477
9.017277647125953 1.5962227877100071e-18 5.845525293972694e-17 0.024179926794529558 0.10390493524315958 0.8448009187323589 1.0736179409837943 1.1855169728297448 1.1519530355208079 0.9663955860625573 0.5595094199100784 1.1309174111758182 1.0549961352871977 1.2659768868542993 1.2480541705469468 1.1710612724237617 1.2234891582951106 3.9999999999999996 0.7368882669216744 3.9999999999999996 1.170359221667032 0.8507247520288439 0.5078065633709025 0.34421091810366516 2.5860443917445153 13.045263717810322
9.40930268035186 2.9388137900174486e-27 2.2676734195657485e-27 0.024188844520312204 0.10393836805012782 0.8438188563054236 1.0770253632785651 1.1889847278507635 1.1533345392961982 0.9667153602906484 0.5595108565930522 1.1309020198446686 1.0550104757341232 1.2660015438598395 1.2480920367939712 1.1711041408539715 1.2235341571265186 3.9999999999999996 0.7368892930653764 3.9999999999999996 1.1703700041401386 0.8507222878944872 0.5078045229722505 0.3442056383656609 2.5860453838220026 13.026511571600402
9.999999999999998 1.5978481124145791e-40 7.018246379816139e-41 0.024316537135545033 0.10413248352773499 0.8422469849259044 1.0621444054519276 1.1863141833356605 1.1529749359336456 0.9666628251563436 0.5594989344863385 1.1308824862966904 1.0550071797293346 1.2660036798211713 1.2481044161684216 1.1711233299243506 1.223557647651378 3.9999999999999996 0.7368892909195625 3.9999999999999996 1.1703836454786374 0.8507223170306083 0.5078037796134652 0.344209092796349 2.5860563528305662 13.00739805351309
9.999999999999998 4.4284301439921135e-42 1.0765265074254557e-40 0.02431653719297324 0.10413248438720006 0.8422469779743615 1.0621444051628626 1.1863141830020099 1.1529749356005632 0.9666628250028597 0.5594989343937814 1.1308824861712645 1.055007179929007 1.2660036800241206 1.248104416623052 1.1711233307340985 1.2235576486393474 3.9999999999999996 0.7368892909812592 3.9999999999999996 1.1703836459380335 0.8507223170451541 0.5078037795863943 0.34420909293620283 2.5860563527272524 13.00739800877988
9.999999999999998 4.874738505782078e-51 4.9563222795613804e-48 0.024316537192461317 0.1041324838523036 0.8422469823007227 1.062144405351108 1.1863141831968245 1.1529749357971952 0.9666628251097911 0.5594989344523341 1.1308824862456412 1.0550071798182654 1.2660036798559937 1.248104416251267 1.1711233301358692 1.2235576478990446 3.9999999999999996 0.7368892909439898 3.9999999999999996 1.170383645686889 0.8507223170358544 0.507803779604806 0.34420909281910267 2.5860563528175673 13.007398038145727
9.999999999999998 3.3777818002329823e-49 2.5776684323910173e-43 0.024316537126141805 0.10413248365123078 0.8422469839270438 1.0621444053778049 1.1863141832524402 1.1529749358173011 0.9666628251566783 0.5594989344711739 1.1308824862714602 1.0550071797937148 1.2660036798156975 1.2481044161743071 1.1711233301138366 1.2235576480507429 3.9999999999999996 0.7368892909256398 3.9999999999999996 1.170383645669333 0.8507223170412032 0.5078037796088031 0.34420909279531775 2.5860563528193667 13.007398046499862
8.911213655550116 9.092965376704103e-19 3.8351747903159433e-16 0.024168659440771286 0.10388769242151351 0.8450335076383333 1.0749113285048908 1.1853429461441554 1.1517400383549086 0.9663274185132167 0.5595083733622142 1.1309208509555198 1.0549947675475042 1.2659736550345977 1.2480483755527 1.1710543494204686 1.2234815806118533 3.999999999999996 0.7368883310328391 3.9999999999999996 1.1703570512792727 0.8507253362431958 0.5078071489266941 0.34421097492175234 2.5860437042286555 13.049851793128468
8.615456297915829 1.7040731166147309e-19 3.952331966806456e-23 0.024130656487286174 0.10387148139108483 0.844354396218955 1.1006824713382426 1.1936280414090452 1.1539703321935137 0.9667785365006559 0.5595116833412908 1.1309064432084248 1.0550207463560013 1.2660129607490613 1.248102717332887 1.171111390096791 1.2235367338104017 3.9999999999999996 0.7368886602793179 3.9999999999999996 1.1703556170900586 0.8507198512558273 0.5078044453660112 0.3441969131671892 2.586045271835298 13.051927780998096
9.999999999999998 2.559482739358879e-54 6.817458160225393e-44 0.024316537209529848 0.10413248393588062 0.8422469816247301 1.0621444053124312 1.186314183171353 1.1529749357715189 0.9666628250856957 0.5594989344422644 1.130882486232375 1.0550071798186873 1.2660036798924916 1.2481044163247104 1.1711233302716655 1.2235576479191215 3.9999999999999996 0.7368892909538847 3.9999999999999996 1.1703836455175003 0.8507223170547499 0.5078037796025265 0.3442090928619028 2.586056352798785 13.007398034241419
9.999999999999998 1.0792302609673543e-48 6.753374640049085e-42 0.024316537071699416 0.10413248433045882 0.8422469784332978 1.0621444051451654 1.1863141830330706 1.152974935578338 0.9666628249955652 0.5594989343915693 1.1308824861686122 1.0550071799321683 1.2660036800755818 1.248104416632069 1.1711233307467217 1.2235576484709982 3.9999999999999996 0.7368892909908377 3.9999999999999996 1.1703836461189798 0.8507223170576667 0.5078037795825251 0.34420909293479207 2.5860563527235625 13.007398006209273
8.490016352108725 3.8566980020713295e-15 3.665698260454645e-13 0.02407639558844921 0.10375610619055936 0.84631793526609 1.0827301471306887 1.1854832986751194 1.15101134557852 0.9660369119591838 0.5595008112169239 1.1309341505820203 1.0549940244073122 1.265966918775392 1.2480320820003974 1.1710329311439636 1.223457270183455 3.999999999999942 0.7368885564209643 3.9999999999999996 1.1703480402035127 0.8507265319795464 0.507808529515228 0.34420968068806446 2.5860352688144816 13.070053435169651
8.66259417000271 7.445405345201268e-17 8.511027194118098e-15 0.024211459253934527 0.10397172376345333 0.844512439057263 1.0707398902598733 1.1816500830145658 1.1499532871432425 0.9657915051167157 0.5594801241663908 1.1309083177728863 1.0549918101972566 1.2659712474562954 1.2480474411611244 1.1710542547367138 1.2234815111667663 3.9999999999999996 0.7368872928336407 3.9999999999999996 1.1703550735617083 0.850724648195835 0.5078074667925481 0.3442074917062287 2.586048673974761 13.060210238788422
9.999999999999998 5.323336614352574e-51 1.1643763986496407e-46 0.024316537169041665 0.1041324838067885 0.8422469826688583 1.0621444053078573 1.1863141832160589 1.152974935784292 0.966662825106546 0.5594989344528187 1.1308824862519038 1.0550071798115406 1.266003679845204 1.2481044163012844 1.1711233301117583 1.223557648055674 3.9999999999999996 0.7368892909399397 3.9999999999999996 1.1703836456578427 0.8507223170334203 0.5078037796063591 0.34420909281074363 2.5860563528171694 13.00739803972633
9.999999999999998 8.654522476367585e-47 1.7603799946912639e-47 0.02431653718402975 0.10413248443173038 0.8422469776141902 1.0621444051320958 1.1863141830565265 1.1529749355958652 0.9666628249986309 0.559498934387029 1.1308824861663815 1.0550071799256155 1.2660036800687071 1.2481044166257287 1.1711233303961686 1.223557648652472 3.9999999999999996 0.7368892909789896 3.9999999999999996 1.1703836461221049 0.8507223170596553 0.5078037795839395 0.34420909296006125 2.5860563527211955 13.007398005722663
