6.107641917868563 0.0037793878361169647 0.08965446686045403 0.10050703464889292 0.0014100534632371074 1.5975868838157026 0.3152782970801742 3.6335036857084346 1.5946541085643207 1.2196754593970258 2.3857800324325003 3.0690908979495304 3.237987209961895 2.590005904789888 3.9362809919449724 3.26348143524742 1.1767583452509693 0.7292308687013891 1.08229633056518 0.6340142188090204 0.8883633750944635 2.0365425543703046 0.8917795450384908 1.132296029543266 2.1632219688193532 0.009081196841350073
7.443246517954253 0.0037626873253972237 0.09189372632272141 0.10225374625982805 0.0013423500236410865 1.7123852747614345 0.29252842510194654 3.556609027437969 1.5901136298188563 1.2232195097014622 2.399442453143285 3.0904041951722867 3.2677472725416985 2.619627561812356 3.990161097963948 3.3155155285427313 1.1981822370296928 0.7441599669918947 1.1069121079778694 0.6498781460063614 0.912618603355088 2.096803745171041 0.9202117309959785 1.1709974176570095 2.2874634667009346 0.009220027263260978
6.684365254302888 0.0037574972993433963 0.09059430372135409 0.10080186266488722 0.0014175630670523126 1.533180931802645 0.3040499070076894 3.5926882268629745 1.5914456884748251 1.2209485627811911 2.391773066943201 3.078416649375527 3.2508229227647734 2.6026623352118357 3.9591511610477803 3.285459999103993 1.1857724187016219 0.7354924863974481 1.092593448359903 0.6406341910576756 0.8984646984023598 2.0615951996997426 0.9035791590118694 1.1483336608894976 2.214100724436734 0.009120524119016954
4.03392192429022 0.0038763143506420177 0.0718411780869707 0.08551158863058488 0.0014567114927294877 1.5795259183115131 0.38718837606188755 3.9582970470914716 1.6348131792394287 1.2143060779676096 2.3208678744227513 2.9528625243000985 3.0595789561252738 2.4043088340408816 3.5898911276019176 2.924030984556018 1.0358441136345407 0.6306366238053731 0.9195298740331554 0.5292104014103701 0.7284938708333176 1.6407131994774469 0.7058432729747574 0.880476906108627 1.4092102283403376 0.00866150898007905
5.911097608020712 0.0037873490857425383 0.09307356146407009 0.10428158839124829 0.0014182750875294376 1.5832949566350276 0.3198553354633448 3.6551353399190196 1.5998297789719673 1.223164074682198 2.3955314032122867 3.086802264691649 3.2678460569215457 2.6228670739550903 3.9999053058118084 3.3276223626647843 1.20401203891129 0.7486832722232971 1.1149825016643973 0.6554030510938736 0.9214855942907344 2.119744070816857 0.9313830287310831 1.1866592171705244 2.3463435497807272 0.009225524529455215
4.435639759823744 0.0038452308542843406 0.08978244084981812 0.10253221676089505 0.0014649889543886187 1.5504998822487919 0.3680447380447329 3.875841657384541 1.6308730732001886 1.2256965225524887 2.375631268027835 3.0526655301169403 3.220765011647727 2.576725962227077 3.9168585353411856 3.248009009409136 1.1714073580545366 0.7260558628147427 1.077792983548855 0.6314998520183307 0.8850120244674234 2.029251247736381 0.8887612651248264 1.1286826724033885 2.1605826160913963 0.009210943092249884
4.835650083427391 0.003824421184882471 0.09095982943327527 0.10309782883841236 0.0014502262403892226 1.5849862777145416 0.35170079809349825 3.7957126724184564 1.6180440678728354 1.223699840955311 2.381827112561226 3.064159925366097 3.2369299884465 2.5926599824865906 3.945640678999594 3.2756654604260143 1.1827534180651267 0.7339385551605611 1.0907512766341225 0.639832209693788 0.8977271690006506 2.06078609090013 0.9036164195891302 1.1488732087203029 2.2246193507901544 0.009194568283748258
4.707625619135934 0.0038316444239809904 0.09388306815858749 0.10623231498600093 0.0014546574339437213 1.5795748557608291 0.35677258827583885 3.8234732812982286 1.624631338269335 1.2273624156971101 2.38992352592768 3.07860816746242 3.2616643542981807 2.620137450359502 3.999158571165737 3.329838801271201 1.205838471118434 0.7504578937811497 1.1185795292972054 0.6580822094073268 0.9260436047668534 2.1320311854149696 0.9376017756811675 1.1955857478856893 2.384188267274837 0.009335696948604056
4.741393728429209 0.003829804543336841 0.09389526218273093 0.1061957101490402 0.0014530251878110388 1.5820766148244518 0.3554432894764628 3.817043534642958 1.6235548992979718 1.2271423449222985 2.390198155973838 3.079109585595748 3.2622485250985074 2.6206316962688656 3.9999538268294104 3.3305330688057584 1.2061017389657342 0.750629414385279 1.1188464560092706 0.6582460128794702 0.9262834755500958 2.132604693431746 0.9378637975697042 1.195932009093917 2.3851228512978504 0.009332147526363733
4.659801109459759 0.003834019954650348 0.09396979728309222 0.10639190568479097 0.0014557154239873322 1.5759784886816741 0.35868745441475125 3.8331096339602087 1.6262809122407647 1.2277808240544514 2.389852744611612 3.0784573011646104 3.2617614407398894 2.620445946604535 3.9999851516021088 3.330821147692206 1.2063008008896239 0.7508123240721473 1.1192071770755008 0.6585100758869559 0.9267280175939386 2.1337961960214478 0.9384617158091735 1.1967887249773104 2.3887204852450226 0.009347164264604805
6.15695991541205 0.0037811570246631234 0.07323416543015906 0.08412781858650543 0.0013935294630664154 1.6466376142578782 0.3134160540658746 3.6079683010539023 1.5787573054957946 1.2030249111234366 2.334307435924558 2.978357302613802 3.091093499224369 2.432245697419687 3.6363235869252892 2.9657008676988674 1.0519700081229015 0.6412848314860469 0.936271901031689 0.5395419139258724 0.7436812270626473 1.67710187254791 0.7224271398444039 0.9023321383959965 1.4628959753586572 0.008464831545984762
6.120251386418783 0.003782135508353263 0.08309399638923637 0.09401630800726135 0.001397787453523996 1.641427195921623 0.314684733969662 3.623898691414886 1.5883575474154743 1.2130044288787116 2.365064676424505 3.0324929197166886 3.1784648507340654 2.525778175469012 3.813579256822839 3.1410878887109095 1.125222980852509 0.6927374920734374 1.0214149406019015 0.5944398258119504 0.8274695504671843 1.884547760109193 0.8198307581534439 1.0341395103123558 1.8503395586723288 0.008824191368382245
6.145156994522747 0.003781176863145144 0.06261707475660931 0.07351081336907124 0.0013911733784202126 1.6494810730663239 0.31315051840121294 3.5951647039009007 1.5689528239712938 1.1923767410350887 2.301390758113372 2.920811713930339 2.9993556503490133 2.3351368230266774 3.4542715528131986 2.7874710262307385 0.9783076318871193 0.5900816601198374 0.8524171964398511 0.48603156568281286 0.662849862403856 1.479029535255954 0.6303773191758051 0.7790439609165853 1.1357941641541578 0.00812082075886575
4.665298962126805 0.0038342696171768053 0.09396443533054405 0.10637893825511181 0.0014559941456805075 1.577224226362069 0.35847095048770633 3.83194895852448 1.6261052388102477 1.2277430950618002 2.389877544298851 3.07850330385601 3.2617992051273537 2.6204659274051254 3.999996464335452 3.3308162333136497 1.2062939655729648 0.750804533379479 1.119190351873841 0.6584970236632535 0.9267053253899445 2.1337341707113344 0.9384298310788852 1.1967424347518485 2.388512077389633 0.009345044697706945
4.482174199149764 0.003837438014267001 0.06530916316637551 0.07782172798235243 0.0014643376603559182 1.5218027258505233 0.36463036892820017 3.8336758520201517 1.6071237899845792 1.2018973662106922 2.3029177112733072 2.923606238853846 3.0100680984819013 2.3499214714245715 3.485706592182229 2.820577481001092 0.9926506609427875 0.6003803085068731 0.8696808497454686 0.4972394544560529 0.6800013650293782 1.5214765530821128 0.6502529663875272 0.8058198686782827 1.2076164156655373 0.008326073778526693
6.1153816933898515 0.003782131231064188 0.07817921006289781 0.0891010590017405 0.0013966580180542637 1.6428386773798493 0.31454993254099445 3.617905479714862 1.583784894925565 1.2080274721509074 2.3495801102368263 3.005244430961637 3.1344615908500764 2.478599052748971 3.723997520755548 3.052264942192375 1.0880435244458166 0.6665640756680045 0.9780047167323954 0.5663855730051633 0.7845521887472973 1.7780439412821611 0.7697064358223965 0.9661521976429801 1.6457853343751845 0.008639785645916196
4.760600891362223 0.0038289932882903588 0.09388039068631189 0.10614927217330998 0.0014525460737392659 1.5809717805266046 0.35468073055919513 3.813309866722575 1.6229172214113077 1.2269951432898338 2.390287257196069 3.0792764686486467 3.2623851984261494 2.6206993331583757 3.9999927226137983 3.3305117816493457 1.2060740222047908 0.7505998754367278 1.1187844702827914 0.6581987703364485 0.9262020848516518 2.132383393983911 0.937751003430645 1.1957688872324963 2.384410543327335 0.009328553540723027
5.268222257931099 0.003802855650349604 0.07930696416842312 0.09083714053355076 0.0014412398683202455 1.5642942704026817 0.33646941893940885 3.712213000274412 1.596888768032491 1.2103909555530303 2.3486793219846276 3.004988298113654 3.137715108896193 2.484021166089356 3.7364298230836606 3.0659710670392912 1.094184040346729 0.67109543307392 0.9857835582366794 0.5715454728140585 0.7926083403035827 1.7983638743067876 0.7793960454564066 0.979437783407797 1.6876686397286635 0.008695950431364435
6.161979960310627 0.003780749644081832 0.0589777022818723 0.06985891609233626 0.0013894893041892981 1.6515599556068181 0.3126149479427247 3.5890354120479153 1.5654041551751026 1.188734144496699 2.290287543783989 2.9014439507691403 2.9686427589546467 2.3028283610931615 3.3941026062540547 2.728965960175002 0.9542946471537007 0.5735066243215127 0.8254633207501948 0.4689530107067391 0.637234500374666 1.416707514262761 0.6016213287415412 0.7408049088694078 1.041439364571011 0.008012252457927211
5.489223486965037 0.0037952327179723855 0.07814388242056099 0.08941069280734101 0.0014303786169190924 1.5643735787649677 0.32992329470523324 3.681804280412878 1.5917269963339538 1.2086508996651664 2.346297495082257 3.0005097021776055 3.1294065519887826 2.4745431563476568 3.7178148634607586 3.047122895763843 1.0861839397939401 0.665408062263009 0.9762836972415995 0.56537443708662 0.7831306953865026 1.7747783065258005 0.7682680423025455 0.9643243295321673 1.6422418644544816 0.00864487695056229
6.159271259992711 0.003780872400909327 0.062033680669174134 0.07291858231875883 0.001390418355617239 1.650419457090105 0.31282133990036065 3.5932272548892072 1.568273677723159 1.191785017680833 2.299648996995838 2.9177560223612296 2.9944698658762836 2.3299726223109 3.4446211662546378 2.778061502683829 0.9744362689213435 0.5874036222798227 0.8480534205815841 0.48326126401931097 0.6586871386369888 1.468883536889362 0.62568767230058 0.7727971012961319 1.1201291114103138 0.008103146687601214
6.07992898762096 0.0037831611965016337 0.09011800216030023 0.10107025832651058 0.0014014530587233797 1.6369831318345387 0.31590716280341596 3.636525422413844 1.5953559817221776 1.2201495844021422 2.38710941205601 3.0715038283587397 3.24204742166922 2.594466601199176 3.9449053072339173 3.272162189014918 1.1804409180287834 0.7318554007672571 1.086700140218477 0.6368928129395455 0.8928148418961854 2.047705346246146 0.8970887783174316 1.1395708291227058 2.1873752534910196 0.009106565318889825
6.155002749388441 0.0037811446264100507 0.07106506232113477 0.08195808253468334 0.0013930358108932375 1.647263724318681 0.31335191769424564 3.6053070099308187 1.576744441031415 1.2008412079436102 2.327545624148273 2.966510869013852 3.07212763816502 2.4120845414001333 3.5983679379238867 2.9283862430200585 1.036483409908395 0.6304751100352053 0.9184952805981403 0.5281510128338756 0.7264031347838381 1.6345878977341939 0.7025882756200067 0.8756513550338698 1.3891781634560152 0.008391078738989857
6.132339776653248 0.0037816817234138417 0.07395995288237037 0.0848686885008663 0.0013947882302744713 1.645071631694848 0.31397813167660354 3.6109759101145853 1.5796682887351825 1.2037642566068059 2.33646277580433 2.9821782803525694 3.0973070598539003 2.4389056276615477 3.648929782229814 2.978144447005408 1.0571514363251715 0.644911684274396 0.9422511972145919 0.5433821083577814 0.7495185687448603 1.6914939600831411 0.72915607738801 0.911398501305429 1.4883663426006224 0.008489788550658246
6.096733071644802 0.003782718005601156 0.08660188560507531 0.09754118698853381 0.0013997600381895593 1.6390382506839598 0.31536705635380996 3.630483566049888 1.5918815074146309 1.2165695949690019 2.376035721201806 3.051895253780096 3.2100427236751017 2.559837007328117 3.8785874799665847 3.205860421405563 1.1524625522326288 0.7120010417753321 1.0535080283686549 0.6152721426265086 0.8594786320846445 1.9643276152187739 0.8575405728940705 1.0855087578568234 2.0116060259752926 0.008962279128398958
4.663232103251959 0.003831456376717687 0.08665432433107176 0.09897943983782069 0.0014571789253607424 1.569111932094338 0.3581615402629063 3.822876560387704 1.6195591446168602 1.2206641406331815 2.367549251161126 3.0386336824728195 3.196099854276197 2.5489742629051158 3.8625221007469754 3.1929031249863713 1.147921576584799 0.7092674724370512 1.0495670393791694 0.6130326554642264 0.8564362809006247 1.9575684380046319 0.8546762627597799 1.081989928813765 2.0070625642120494 0.009042622095135556
6.154743178671103 0.003781138443583577 0.07055143921123264 0.08144425518317802 0.0013929102399947188 1.6474061925657886 0.31333240218164515 3.6046604225346517 1.576266302081835 1.2003246478942386 2.3259482487502057 2.963713870997871 3.0676550257642625 2.407336071476689 3.589440014166766 2.9196206291103555 1.0328502449748074 0.6279425079153645 0.9143359580998299 0.5254893554328548 0.7223712444307131 1.624680435681641 0.6979712092415382 0.8694503082089154 1.3722739776277784 0.008373885110489403
6.13754468642038 0.0037809463507541816 0.04409943579987414 0.05498587261130841 0.0013865212568167588 1.655117815835898 0.3124124278593965 3.571870127093896 1.5518778988385644 1.1740246880777656 2.2451379932090774 2.8231623633565732 2.8458899388518653 2.175005001255626 3.158364108993938 2.501922625505359 0.8619791290058718 0.5103771514749721 0.7237508704407305 0.4050971457698655 0.5423350435811152 1.18791977521596 0.4970141188081714 0.6029590646767008 0.7304716284098614 0.007611947072401119
6.113019320005133 0.003782174986288224 0.07794694086759252 0.08887005263387339 0.0013967017850767737 1.642739667789017 0.31458974880936263 3.617804229955255 1.5835894652404798 1.207793323299416 2.3488407956944077 3.0039489344912944 3.132382811235111 2.4763800957674618 3.7197996913634697 3.048116380827082 1.086312383656939 0.6653490036896179 0.9759952456459183 0.565090597307207 0.782576644883366 1.773154912538374 0.7674117683829261 0.963048208636949 1.6366926772281185 0.008631315849038724
6.122395108542063 0.003781873378168916 0.07315570590526606 0.08406990911210137 0.0013949969141746215 1.6448137538320295 0.3141530690736976 3.610771308015022 1.579010110042094 1.2029576463835994 2.333911917708983 2.9777207156458454 3.0901914098874603 2.4313468397530116 3.6346971423312957 2.9641439031816046 1.0513359931125386 0.6408485077417804 0.9355621252180362 0.5390909920195868 0.7430019259292678 1.6754396697362157 0.7216550503501621 0.9012977036156461 1.4600841776438918 0.008461963942984022
6.17100321155523 0.0037805802354053063 0.05971657174644893 0.07059291717116178 0.0013893065186443947 1.6517760995083022 0.31245971323988586 3.5892439584001172 1.5660047459744513 1.1894645389612835 2.2925808961703846 2.905425771863713 2.9749138022464208 2.3093982398814505 3.4063011617482037 2.740797862080479 0.959140401267873 0.5768447536150991 0.8308815261892175 0.4723799546016645 0.6423655264657424 1.4291702232914656 0.6073622424730402 0.748426631323185 1.0599550282008732 0.00803396589928377
5.60828962717992 0.0037936353221789 0.0887243703708349 0.09998632438541534 0.0014259731890012312 1.5915838475498392 0.3272389441409483 3.681636003136324 1.5996788591512552 1.2190052373393883 2.3799237967977027 3.059776011365477 3.225172543205047 2.5773946783368107 3.9135301450780595 3.241650451618573 1.1678171663640986 0.7230280648812898 1.072108878150182 0.6274724055819699 0.8783932986030719 2.0118451568745552 0.8801600998640889 1.1165214855330543 2.113709368359683 0.009049021092170177
6.118659700821937 0.0037819462278235313 0.07276000210394894 0.08367630384927964 0.0013950438911312921 1.6447874867624162 0.3142144187471419 3.6105741664268254 1.5786757244580316 1.2025607644928067 2.3326632467470985 2.975537322594243 3.0867039950309048 2.4276423173989214 3.627723608740731 2.957286665552506 1.0484889394723005 0.6388602646730719 0.9322906115244278 0.5369933831192053 0.7398181443413446 1.6676004816155334 0.7179943978204094 0.896371093307461 1.4463696235690173 0.00844838032477876
4.023609530228103 0.0038900381995236803 0.09458706280876086 0.10867953778872257 0.001447830767193006 1.59739884908729 0.38901649456341014 3.9910987533875075 1.6555362331579189 1.2358459662353942 2.3878298123331096 3.0724937138377757 3.25674164625461 2.6181572961931874 3.999181695752686 3.332391409268625 1.2076817540591662 0.7521772217177126 1.1219961419907518 0.660595908934669 0.9302882916542563 2.1434426353616587 0.9433298247133969 1.203816289870682 2.419162183434178 0.009526862364121251
6.110951374659093 0.003782058973418478 0.07060233841800272 0.0815216903909223 0.0013947923033106064 1.6450990779573356 0.3142758653497528 3.608425546115793 1.5767330915244768 1.200394739645985 2.325922613210246 2.9637373774248026 3.0678368504974984 2.407603484771033 3.5900247430696193 2.9202475193596262 1.0331255162249495 0.6281423999669244 0.9146744043859026 0.5257111135977703 0.722713530257307 1.6255344896916215 0.6983743187038723 0.8699975360212402 1.3738504067113053 0.008375423618216351
6.119926096849828 0.003782115142927325 0.08178145379688459 0.09270311826472137 0.0013974413734452746 1.641860996756881 0.3146276212870369 3.622214242090285 1.5871258409077373 1.2116730840428178 2.360924132428459 3.0251983607165736 3.166660027576452 2.5130966687107237 3.7894547547965503 3.117123425243291 1.1151735629520394 0.6856500721928862 1.0096387265147535 0.5868156053554978 0.8157850440576416 1.8554994305181383 0.8061351426090062 1.0155299373867999 1.7933482604181907 0.008773907089434447
6.12259221007859 0.0037821334988847113 0.08537782152737106 0.09630016643242076 0.0013983108012704543 1.6407881900996961 0.31474580775416683 3.626681078563007 1.5904864955370157 1.21532437460392 2.372295714683126 3.0452400169513676 3.199123439153853 2.5480071525582657 3.855938201677759 3.183238863427997 1.1429298759351625 0.7052474697648384 1.0422379959097516 0.6079452139767105 0.8482042000872558 1.9361874473487983 0.8442212846370212 1.0673407378092687 1.95386210521512 0.008913571706027211
6.155390939542296 0.0037811962727881273 0.07362845267353332 0.08452325170161357 0.0013937073652489326 1.6463915360854822 0.31346868857844234 3.6086120247530493 1.5791413385399227 1.2034228528743394 2.3355302526434962 2.9805041893701074 3.094541604943463 2.43591921758254 3.643252021412991 2.972523449938688 1.054805916193897 0.6432672186160635 0.9395365847768998 0.541636780628019 0.7468631503711503 1.6849418275565842 0.7260905305268152 0.9072655106360792 1.4767057717194687 0.008478422773000014
6.093074730060703 0.003765382383833637 0.06613243439170764 0.07656202409644777 0.0014432158013994634 1.4325072938294594 0.3144373747623327 3.6040874907030633 1.5727145751930975 1.1959047820108955 2.311966809137609 2.9393475034510583 3.0289695967070362 2.3664601249266295 3.5128793668973204 2.8447039202398776 1.0018945131144017 0.6064271644401037 0.8791009508446768 0.5030025223158286 0.6883999582372579 1.5414268934562796 0.6592736577918636 0.8176121043225353 1.234460331174342 0.008237605970194356
6.294295133388849 0.0037785205379234042 0.07728506067141498 0.08810435043974606 0.0013887560290161264 1.652184077416779 0.31076462124611154 3.602253355190264 1.581373687953425 1.2071065890977692 2.3475983122125275 3.0014402245929146 3.127690221618203 2.4710252779256976 3.709287277134861 3.03747991541865 1.081801472239486 0.6621453376299758 0.9706495705987569 0.5616215256110786 0.7772549010673654 1.7599249354107398 0.7611789467076316 0.954590636091631 1.6115387873561353 0.00860881422426989
4.2756978401893 0.0038460897556470914 0.09436143114639439 0.1071240687535914 0.0014984327904396387 1.4584579013930157 0.37580593996416956 3.9206854112914042 1.6420005256913304 1.2318808054110146 2.388453789304473 3.075103927468795 3.259121465948073 2.6193756061987497 3.9999647684623314 3.3321488926908334 1.207268154119727 0.7517176273809342 1.1210092525669366 0.6598356784686736 0.928968661887088 2.139821434473541 0.9414903844183338 1.2011369337136202 2.407108832282346 0.009451400504221148
6.121563965794534 0.003782137956463223 0.08458283207340811 0.09550527333568339 0.0013981401352692563 1.6409801644625126 0.31472916446126975 3.625730313085641 1.5897470472928779 1.2145162952632156 2.3697749688662464 3.040795165986834 3.1919154366152886 2.540245931382899 3.8411381654186942 3.168500899725224 1.1367342197942936 0.7008670257380075 1.0349413409645654 0.6032092885036362 0.8409278536242533 1.9180523686426205 0.8356493991750664 1.0556638046189635 1.9171843683650212 0.008882182298235272
4.448763045224778 0.0038458488758760013 0.07753130906923299 0.09029842196419102 0.0014541889173258033 1.5842210427654366 0.366807337181288 3.8570420457539054 1.6193895550821955 1.2138575149669215 2.338957128035244 2.987325110127348 3.1134760703519317 2.4605633432360663 3.6947380316191385 3.0265172065114383 1.0782448589859854 0.6601801137705651 0.968067663547667 0.5603066567622116 0.7756773880639146 1.7568908078909076 0.7601074874495165 0.9535419908310753 1.6145061584149885 0.008740124555119095
6.114796090511065 0.003782318550734961 0.0862708642250891 0.09719859549023843 0.0013988945121407128 1.640057725784345 0.3149581287463789 3.628508332279902 1.5914004051370394 1.2162326961045582 2.375083122417285 3.050175682049626 3.207171648245032 2.5567000042215318 3.8725507457458543 3.1998100922982813 1.1499063806791878 0.7101864112773786 1.050474819041167 0.6132973846516332 0.8564361903675579 1.9567255532580077 0.8539387754717371 1.0805912638681736 1.9958669033348235 0.008949113082119677
6.126707392745112 0.0037817804183203556 0.07300906760908461 0.08392058287163613 0.0013947689652733168 1.6451199959049618 0.3140529382327593 3.6102150189142375 1.5788315784497344 1.2028083881269627 2.3334739883052946 2.976945709517634 3.0889340087229247 2.4300009417759907 3.632152130813107 2.9616338194086684 1.0502915841394231 0.6401179500558607 0.9343584897799296 0.5383184368230082 0.7418282950282449 1.672547747454062 0.7203037252194715 0.8994779980887134 1.4549996823932192 0.008456946454671928
7.3331635704992415 0.00376361961293692 0.07933985827824565 0.08972608486210792 0.001344352148764108 1.708810463621138 0.2934329336698813 3.5444061846414994 1.578123293230872 1.2098990153592488 2.3583142407755844 3.0184202441254344 3.1518182716376435 2.495172560890899 3.753183418503478 3.0797023925204656 1.0990789484914645 0.6740942763787322 0.9901837563711773 0.5740939265183037 0.7961385732450199 1.806364665831006 0.7828595606392559 0.9837851763350185 1.6950485032244502 0.008711319005263875
6.148527159480047 0.0037815143486616175 0.080948003674699 0.09185231415940276 0.001395922096552252 1.6441401310006405 0.31397217295353913 3.6187204924143264 1.586077143582368 1.2108249944016565 2.358440250038367 3.020769914954085 3.1593893490881864 2.5052362252998184 3.774452751273983 3.1021946559077693 1.1089074224150397 0.6812290047048591 1.0022922773671306 0.582060076021834 0.8084993472475624 1.837395035229293 0.7976040324601876 1.0039451554474481 1.7581643211462992 0.008742612062398868
6.140711574010301 0.0037816135100192305 0.07897047407270767 0.0898775312369141 0.0013957874351590393 1.6438396423724018 0.31404295855988906 3.6167962100925815 1.584289983296994 1.2088226231774184 2.3521834371634767 3.0097759144519705 3.1416720631043304 2.486266027460231 3.73847188205664 3.0665523498814853 1.0940013062249099 0.6707441492340318 0.984916376936396 0.5708394792590831 0.79134721082524 1.7948623632421457 0.7776016599489813 0.9768345870241519 1.6771915223514389 0.008668900532385176
6.156213944943476 0.00378153311341035 0.09067739116495616 0.10158258281919587 0.0013982938424619614 1.6408580306098086 0.3142830600501477 3.6307915138653777 1.5951869075386287 1.2207309262302428 2.3893195756555037 3.07524403243042 3.247809177758587 2.600527587196791 3.9563272105369185 3.283467202699975 1.1851801117314071 0.7352035963635651 1.0922808113399007 0.640520673481732 0.8984014418274594 2.0616680701707946 0.903709636718417 1.148621777952696 2.217077214462086 0.009130804390972391
6.1575606806027645 0.0037811047665579373 0.07134758847399539 0.08223965769320678 0.0013929959365941672 1.647272317810905 0.31331131822143193 3.6054641361073183 1.5769850065797029 1.2011245899903997 2.3284349692216506 2.9680645808214834 3.074605144377832 2.4147117704735046 3.6033050124059054 2.933232542792188 1.038492001967229 0.6318753493566363 0.9207952763494115 0.529623113006309 0.7286336223172517 1.6400703535210892 0.7051438853658383 0.879084767596267 1.3985700629064066 0.008400597776036092
5.714005456195906 0.003771605132161138 0.08353763322103748 0.09385503727582709 0.0014526070930595781 1.5453231310730158 0.32423251059536284 3.663220473935588 1.5933488300000693 1.2136579379049885 2.364230669160741 3.031803007841141 3.17909634854181 2.5273754314402503 3.8176444681549406 3.1457996619584088 1.12740244056391 0.6943824224145295 1.0242837726384795 0.5963701525109615 0.8305161605146409 1.8922904526335846 0.823564469420424 1.0392999171521315 1.86727829425844 0.008829158216875046
6.17504153415829 0.0037803880428339317 0.05403458441921317 0.06490527643758662 0.0013876050343806787 1.6538548067380157 0.31209835327873947 3.5815581973965043 1.5606884115752773 1.1838071210965238 2.27524905454977 2.875284382788695 2.927370604223629 2.259614779057478 3.3139876279610188 2.6514112925785414 0.9226022584621976 0.5517260901401505 0.7901980249848671 0.44670472080467316 0.6040092200806542 1.3362187765516937 0.5646426236879852 0.6918426593603976 0.925695235467966 0.007871785798265984
6.134422383092509 0.003781775786651834 0.08038235659906277 0.0912941612438975 0.0013964418588753237 1.6430406008104717 0.3142468730613395 3.6191651010194366 1.5856751757314915 1.2102532756968234 2.35659089572596 3.01754154474571 3.154228504619265 2.499730218862502 3.764028522952739 3.0918784528049637 1.104595101154551 0.678196287095236 0.9972662372996041 0.578813966309362 0.8035359639931312 1.8250830777492866 0.7918116795056567 0.996090972575861 1.7345751560326061 0.008721236497968448
3.9178069015859736 0.0038882591158485927 0.07397029081674072 0.08799269949331893 0.0014535862880295767 1.6137066150854171 0.3939268872234519 3.997230583003169 1.6438511091962942 1.2185183100434507 2.3269125657229117 2.962491968185805 3.075845614208869 2.4222640591737257 3.624451075040233 2.958507967951705 1.0503028501026415 0.6408078689794684 0.936363716102652 0.540050784032693 0.7450102823125911 1.681514729253444 0.7249409722221799 0.906236590699494 1.4817878643488605 0.008779963286094296
6.134871752546882 0.003781771246048748 0.08055449862430114 0.09146618148638617 0.0013964656396574 1.6430378114992927 0.31424562155033636 3.619351729699952 1.5858328382983584 1.2104276275342902 2.3571346899058274 3.0184977777648796 3.155771242043571 2.5013833851889027 3.767166232540283 3.094988573218435 1.1058965632338322 0.6791122458826407 0.9987850394203691 0.5797952757281845 0.8050368276066947 1.828806791532649 0.7935637998031204 0.9984669829663099 1.7417082479394446 0.008727687313866896
6.109117227786527 0.0037822603178773798 0.07806806942189042 0.08899363686718527 0.001396903417471772 1.6424898191114088 0.31468027590416797 3.61829490339546 1.5837403838990396 1.2079167136461633 2.349202001171662 3.004590975006483 3.133431948598315 2.4775098049527635 3.7219477620816956 3.050246281984073 1.0872032309866806 0.6659753539156195 0.9770324553732127 0.5657597055895581 0.7835982490195553 1.775684874929081 0.7685998840362409 0.9646561349726956 1.6414138657719872 0.008635702618046876
4.33046030875718 0.0038535743641711553 0.08331898673502865 0.0963063107344236 0.0014591240931835984 1.5758704232474068 0.3725864865220807 3.8925174823212383 1.6296453584617645 1.220699301246089 2.355649100923189 3.0166274375375686 3.162147603409806 2.513548972562521 3.7962371543643925 3.127729020190227 1.120771881313764 0.6902047076509064 1.0179804472832195 0.5926221246382228 0.8251832590063702 1.8798845751034536 0.8180573557497783 1.0322095205116142 1.8525332701415314 0.008980916968803812
6.138742654605702 0.003781543275340147 0.07373725947186203 0.08464197036985678 0.001394450020238234 1.6455205510886577 0.3138297970306576 3.6101467736122186 1.5793991456073415 1.203537714763444 2.335796471856877 2.980998820589961 3.0953924621375055 2.4368549540781874 3.6450493806326505 2.9743145413754366 1.0555566993025383 0.6437953476327111 0.9404105928124058 0.5421998263777557 0.7477211439594514 1.6870616060156574 0.7270833776332196 0.9086052672232048 1.4805019746660575 0.008482102350337656
6.141217355747506 0.003781389640433866 0.06894332538034854 0.07984340115475567 0.001393049660182975 1.6472063641093788 0.3135430103978593 3.603706087431675 1.5748910234296771 1.1987145363419491 2.320902323914854 2.9549024130694925 3.0536203937283206 2.392472538559702 3.5615467754384387 2.892278342434333 1.021533733817964 0.6200645970003893 0.9014145597866632 0.5172308114923156 0.7098762229787605 1.5940129999220851 0.6836961151580078 0.8502997984660312 1.3206426114908354 0.008320668362018026
6.086204159417182 0.0037824490185361013 0.06405821085519522 0.07498855520957866 0.0013940568547686132 1.6460628655235516 0.3144948911108011 3.6020589905522797 1.570878566727908 1.1938560611531421 2.3056029130182836 2.9282402395885754 3.0113223539079117 2.347837564227639 3.4780723526748623 2.810728710596444 0.9878943080461146 0.596724172317592 0.8632570383994208 0.49292279937196376 0.6732184655619816 1.5043332865975496 0.6420876836725691 0.7946614819233598 1.1753974713753415 0.008164994713005991
4.73056590995052 0.003832002940280849 0.09390541647009744 0.10626812665174754 0.001449097420821294 1.6163205364370052 0.35585891099672656 3.819119108433692 1.623895985072668 1.2272208296646316 2.390157352209857 3.0790365266920925 3.2622047162334913 2.6206280334174603 3.9999967758502075 3.3306090278311884 1.2061432473591667 0.750664123987142 1.1189117944112974 0.6582923042984506 0.9263598545293444 2.132806792379415 0.9379637634717692 1.1960739932325888 2.385698454720601 0.009337043342917503
6.851788922344363 0.003763749101792401 0.07738811304825648 0.08778328529099319 0.001381432278713651 1.6049713854761154 0.30059186551209527 3.565484243237896 1.5779711808068422 1.2074411380024976 2.350253243700211 3.0051120850391886 3.131801125623845 2.4744916891011055 3.714818431095379 3.0422784107741743 1.0836060895182908 0.6633085537273578 0.9724408543614769 0.5627069604260663 0.7788259756018281 1.7636399399634433 0.7628518705967117 0.9567738513229986 1.6166418923152674 0.00861437144705161
6.1100640747743 0.003782387533626646 0.08438834872120668 0.09531800836908019 0.0013985635123698137 1.6405980874599742 0.3149686570352376 3.626453673762762 1.5896712119653829 1.214319297523187 2.369100505512985 3.039628805033354 3.190071010931162 2.53828499374456 3.8374275672276785 3.16482529457264 1.1351950391348744 0.6997820889730313 1.0331385668899573 0.6020416068149227 0.83913699514603 1.913595913806841 0.8335459187287557 1.0528019966996573 1.9082772897870326 0.008874485904331826
6.087697997682446 0.0037825542060825096 0.07048534095193974 0.08141894581422131 0.0013957483719902433 1.643984060601919 0.314776172953514 3.6102693943693436 1.5768530586605591 1.2002889207286003 2.3254614125904087 2.9629656958402357 3.066679950080179 2.406415207272864 3.587834830769895 2.9181262006628175 1.032254836153702 0.6275399485783587 0.9136906674365483 0.5250845810330783 0.7217681134285215 1.6232188037446273 0.697298296130693 0.8685558905246179 1.3699776773031633 0.00837146918346995
6.154618758397389 0.003781070822036163 0.06708176426720186 0.07797247238623443 0.0013919711362091107 1.6486403036081676 0.3131659324165585 3.600159200246377 1.5730247260171917 1.1968401678368605 2.3151926307209516 2.9448971717653456 3.0376204505984052 2.375509799959296 3.5297172028203443 2.8610981081257196 1.0086414581337821 0.6111002547195301 0.8867301801456501 0.5078585160335757 0.6957166173953042 1.5593118328758715 0.6675682595651293 0.8286975048388714 1.263348613404758 0.008260390801606362
6.131760455599767 0.003781560304363898 0.06766692597776679 0.07857188877617377 0.0013931092835736385 1.647108072857082 0.3136836539238512 3.6028455862603646 1.5737899238718562 1.1974385337455493 2.316911859090848 2.9479363585216145 3.0425358957930597 2.3807476541656145 3.5395723693438756 2.8707671590008723 1.0126429344751233 0.6138839796965874 0.891291311049072 0.5107698282112867 0.70011473409248 1.5700886897810102 0.6725757245896662 0.8354027242944467 1.2810514727125633 0.008279135596500174
6.166104630155084 0.003780855430431039 0.06824389464912284 0.07912845880935795 0.0013918057980265661 1.6487281978616457 0.31297852033062035 3.6007174980572785 1.5740022638087245 1.1980010862042474 2.318835535974459 2.951249569566508 3.047712297730154 2.386172821892854 3.549683208775866 2.880627108312879 1.0167067225195354 0.6167028309631901 0.8959000969423325 0.5137069317785438 0.7045465234275992 1.5809382346708252 0.6776137131578633 0.8421455434153878 1.2988540254063354 0.008297947252735412
6.158022942812949 0.0037809198165540186 0.0630893681749846 0.07397568423854595 0.0013907560793450598 1.6499985408257267 0.31289925960305565 3.5947003568996454 1.5692689144397356 1.1928407602740385 2.302890281935409 2.923410259841409 3.0034418594970616 2.3394221627708185 3.4622446071889317 2.7952241344420554 0.9814919024098381 0.5922818174452623 0.8559994586581751 0.4883045424497121 0.6662641755786546 1.4873498809587984 0.6342228322928574 0.7841664611368552 1.1486715820638607 0.008135283249855997
6.1119165981978005 0.0037716352326853148 0.09294160805485747 0.10357337569855163 0.0014340144556206766 1.5478968876136343 0.31534698923351623 3.637457364068743 1.5977153024947344 1.223025377668874 2.3962633935734683 3.0876359656537256 3.2682540200012022 2.6228040795206597 3.9992233332008285 3.3265592290264694 1.203444161082114 0.7482183721150965 1.1141258576028898 0.6548041496572601 0.9205087353085915 2.117170499843434 0.9301316752130898 1.1848734267611025 2.3391714514682618 0.009210866315829888
6.114342953383111 0.003782043938557133 0.07325092798472789 0.08416995270199248 0.0013953659473711583 1.644415553151264 0.3143317117589916 3.611578936698297 1.579176681588277 1.203056593785139 2.3341732137515456 2.978192191289702 3.0909752529099923 2.4321955668837925 3.636312782585809 2.965744376732913 1.0520040200401888 0.6413168935172693 0.93633521911846 0.5395879554747545 0.7437578046561244 1.677304091221364 0.7225270654475286 0.9024728737804003 1.463383591813511 0.008465210181836123
6.160447535314157 0.0037813526240867068 0.08621271248311593 0.09711250147321686 0.0013968941182710205 1.6425713689518726 0.3139748347803701 3.6246025184607524 1.5909304743751085 1.216175617739656 2.3751399598437457 3.0501809916128675 3.206989275130062 2.556403509725841 3.8718727875000107 3.1990608182402642 1.1495691648680413 0.7099361826302654 1.0500426258047353 0.6130088092313765 0.8559826089315309 1.9555736516520004 0.8533855974313486 1.0798274175729663 1.99327591171278 0.008947178689150015
6.108385136999341 0.0037824630418803696 0.08650804453981682 0.09743996185319505 0.0013992322710830011 1.6396758935255422 0.31510877871329596 3.6293638797114194 1.5916836720889043 1.2164739877964348 2.375800644776425 3.0514558269613787 3.2092789836165583 2.558987169938608 3.8769350200402357 3.2041930681156128 1.1517547838759445 0.7114968265105289 1.0526629161989063 0.6147207308567518 0.8586275642029613 1.9621978716869761 0.8565302141667975 1.084127786291087 2.0071569584617333 0.008958587072355612
6.145853018836955 0.003781470838011647 0.07724199989364099 0.08814486992837323 0.0013950936122768443 1.644711155742688 0.31384851924071955 3.6141132508397256 1.5826190878347817 1.2070732983383337 2.3467852752245086 3.0002775779484114 3.126348786073696 2.469866304235167 3.7073982432080803 3.03581132117078 1.081163823664153 0.6617284853047215 0.9699996277939318 0.5612230268769303 0.7766723209614077 1.7585356333023439 0.7605477404812779 0.953761069433499 1.6095107628217664 0.008605976107074625
6.152259086032513 0.00378159890840966 0.08985150004360505 0.10075856008887832 0.001398241667032432 1.6409143916411981 0.31432713228832354 3.6300393107543596 1.5944407199479895 1.2198862203648446 2.386664343389017 3.0705568830874954 3.2401819721672016 2.592278812475831 3.9405223612023033 3.267650687978222 1.1784974441973814 0.7304546549171098 1.084329543607579 0.6353331083278739 0.8903896948907543 2.0415958619044656 0.8941724817132538 1.1355618054603733 2.1738423968303975 0.009096050698973368
5.51494622606556 0.0037845496397201396 0.08147770030485513 0.09247871054785275 0.001462263373449521 1.4992399098010034 0.32939191555531194 3.6830716926144142 1.5943847111972187 1.2119021372245107 2.3567220896611043 3.0188768420047905 3.1590432675863775 2.5062906779694947 3.7780420875301965 3.1067881675518536 1.1111361836164073 0.6829586115723909 1.0053670777445685 0.5841521749394335 0.8118323196145307 1.845940988617464 0.801733105532059 1.0096721413251566 1.7774130475537746 0.008757749531714518
6.126903794850575 0.0037820168033921957 0.08419785632668113 0.09511677986293264 0.0013978019239997684 1.641411451026282 0.3145950928217434 3.6247762370824175 1.5893350058551396 1.2141249407315962 2.3685853688923952 3.0386864231921997 3.1884739952769676 2.536530108299054 3.83404266418633 3.1614302334120894 1.1337608506415293 0.698764616643262 1.0314395211206266 0.6009368099975757 0.8374372586488266 1.9093553256706173 0.8315400227741333 1.050068027081105 1.8996919784948347 0.008867131982973616
6.178865362399321 0.003780857424418147 0.08085081755235439 0.09173607363642843 0.0013946532396169973 1.645244202081529 0.313322746962433 3.6160827316963764 1.5857119874316845 1.210724424516544 2.3582819656711087 3.0204335636008786 3.1587294982125877 2.5044679552457016 3.772926106741007 3.1006365510582157 1.1082420315205679 0.680753633738141 1.0014948772157997 0.5815400951781101 0.8076980485750926 1.8353944286864683 0.7966576140947131 1.0026557857909628 1.7541882535011646 0.00873914428997255
6.144671137688884 0.0037814433153956686 0.07476304989467032 0.08566502742704177 0.0013944737808811785 1.6454514920735395 0.31375287542776215 3.6109842151365905 1.5803046760957329 1.2045702249093075 2.3390243844813785 2.9866519610207107 3.1044452695672105 2.4464898543188145 3.663216675637648 2.9922063327909565 1.0629960750234326 0.6489980311257758 0.9489831703887716 0.5477038833601621 0.7560866334317689 1.7076870936638797 0.73672772036676 0.9216021995964008 1.5171611763578512 0.008517855867534391
6.161171813692321 0.00378139109401158 0.0887296607964079 0.09963066770577686 0.0013975421140130795 1.6418163233816707 0.31408229754025674 3.6278329308928248 1.593301366320888 1.218742286769019 2.383140660170277 3.0643087097484636 3.2299627814302494 2.581205185523404 3.91928925624375 3.246398635024937 1.169519775860591 0.7240772260014732 1.0736571480749173 0.6283744495161803 0.8796498978139835 2.014708455544118 0.8814068850244342 1.118094751474429 2.116522204922575 0.009049540557249179
6.110825667866657 0.0037823948591199806 0.08581248473212619 0.0967424028161607 0.0013989386741712889 1.6400164787527698 0.3150217732570072 3.6282476578474805 1.5910054008815908 1.2157665200594898 2.373610030006968 3.0475836509356937 3.202977798899394 2.5521867971007026 3.8639434707473015 3.1912351843187605 1.146299367257461 0.7076343204866843 1.0462202876814466 0.6105335945895425 0.8521860596741981 1.9461230282377118 0.8489225595427342 1.0737514204822565 1.9741652994358496 0.008930766131845697
4.667276046806603 0.003833710043162321 0.09396296568358178 0.10637640802792052 0.001455247874407959 1.578439323980976 0.35838513261687854 3.831616044419216 1.6260235586091074 1.2277196326169746 2.3898844849450738 3.078518810733206 3.261808462216304 2.6204649836412788 3.99998570430131 3.330797682942238 1.2062835317396134 0.7507961736535343 1.1191751097699976 0.6584864707013185 0.9266881720466315 2.133689264018085 0.9384079219839182 1.1967115651132407 2.3883945153759836 0.009345811689055546
6.157523201411414 0.003781530188098086 0.09181980153221371 0.10272495966612546 0.001398545502952197 1.6405696632308935 0.3143109481217917 3.6321781866673146 1.5962565819765742 1.2218995935401296 2.392974341982739 3.081707868399865 3.2583559779439635 2.6119546448427586 3.9782540208431487 3.305438881239302 1.1944746712044683 0.7418162694426276 1.103364932070087 0.6477600569096433 0.9095940152526039 2.0897389703133302 0.9170612515103624 1.1669241425315886 2.2782837451816444 0.009179399734377357
6.157770482398553 0.00378154705083567 0.09290317936730903 0.1038088705665171 0.0013988308984564872 1.6402161116962135 0.31435860598800835 3.6335761458496303 1.5972803866316405 1.2230086668921523 2.3964398098089004 3.087842564951103 3.268381324429829 2.622831158663176 3.9991502918252837 3.3264029628957115 1.2033533872457214 0.7481403975009298 1.113977556655236 0.6546993961512537 0.920334881261597 2.1167074754119355 0.9299030039099239 1.1845474207971964 2.337882978403201 0.009226084286216098
6.119152786737423 0.003782201027003951 0.08514879975974186 0.0960730865132441 0.0013984002215470586 1.6406541116207731 0.3148089541494082 3.626673448546397 1.5903025682123688 1.2150915843148267 2.3715528240118178 3.04393629881631 3.1970216670734564 2.545750224620139 3.851640805191401 3.1789632592698194 1.1411334384497416 0.7039777762235208 1.040123432123838 0.6065728805788406 0.8460957830997103 1.93093243584627 0.8417372444452195 1.0639565616823707 1.9432129997378713 0.008904473543407383
6.146185807245227 0.0037814148362615365 0.0749193468275243 0.0858205023625705 0.0013944511492050646 1.6454844531879707 0.31372807546380976 3.6110608480654527 1.580437051210546 1.204727490431166 2.3395193995550696 2.987518089185713 3.105830908479711 2.447964331628862 3.665997299128375 2.9949455951005097 1.0641354895648196 0.6497952202534648 0.9502973330064639 0.5485480634406703 0.7573703393600034 1.7108537878255679 0.738209238322094 0.9235998097108111 1.5228274931554049 0.008523344947507228
6.171067290685052 0.003780625673472649 0.06200582716771518 0.07288354248219028 0.001389916763129644 1.651054342240123 0.3125697361634864 3.5922060854830065 1.568135175718781 1.1917498901416046 2.299605809693993 2.917665396478335 2.9942930877310268 2.3297696428979835 3.4442242863413237 2.7776634208306366 0.9742693344905755 0.5872865173308915 0.8478605256605534 0.4831377895981727 0.6585003404834227 1.4684256610404938 0.625475099440365 0.772512843410756 1.119402451675297 0.008102333414278962
6.154794932554136 0.003781528778164146 0.08905273754120592 0.09995773406797705 0.0013979144757738516 1.6413099173609518 0.31423397644338436 3.6287839062981955 1.5936631239254455 1.2190710238623734 2.3841342469924514 3.066078525936973 3.232872781112418 2.5843658601779387 3.925356930999933 3.252475641567235 1.172087799156443 0.7259017325131019 1.07671046535025 0.6303651616467876 0.882721921095242 2.0223980333898344 0.8850569843240573 1.12308797248511 2.1328570258593236 0.009062828283954145
6.147120249684278 0.003781327776193177 0.07191425803933667 0.08281264954248835 0.0013936023785552957 1.6465341253418222 0.31356156254489553 3.6070724708111452 1.5776132628103727 1.201698710859779 2.3301535503383386 2.9710922399414224 3.0794863696337336 2.419916792838672 3.613119764061615 2.9428899614223485 1.0425019685765762 0.634674924007435 0.9253993835203234 0.5325731352059174 0.7331076141195982 1.6510764986263882 0.710278493899515 0.8859880747371521 1.417566422002599 0.008419688945070261
6.156035502869285 0.003781068086277567 0.06835792052202833 0.07924867303594235 0.0013922624392903261 1.648161709816408 0.31319809449135366 3.60170499759289 1.5742034678104493 1.1981200419490252 2.3191483593250717 2.9518117451495316 3.0486407758784426 2.3871724392124984 3.5515759486629688 2.8824923487938245 1.0174812478893716 0.6172431241363867 0.8967874406075531 0.5142744607558972 0.7054054688113311 1.5830465101018112 0.6785948340054881 0.8434612437850465 1.3023702869945697 0.008301614801474455
6.158010534584967 0.003781465036099054 0.0891738185119302 0.10007698028073261 0.0013978043633786142 1.6414677247580156 0.31417131697876693 3.628675565521042 1.5937491192168027 1.219195186496997 2.3845373145039606 3.0667839401825563 3.234008025170346 2.5855862599502517 3.927685870302602 3.2547992214688057 1.173067096185141 0.7265961602279484 1.0778709251104617 0.6311209294076829 0.8838872079127676 2.0253128991587577 0.8864398744546942 1.1249789182656942 2.1390350580505775 0.009067884115178233
6.159068203040633 0.003781098148641571 0.0725139921168248 0.08340589531808637 0.00139324381827144 1.6470055908108232 0.3133360885942242 3.606855844475017 1.5780630709547503 1.2022985485803823 2.332072090646088 2.974435167255797 3.0848004223804817 2.425546367914779 3.623696926361006 2.9532750508814813 1.0468082051204648 0.6376787360793111 0.9303367244565094 0.5357356801837888 0.7379032260692299 1.6628736066581078 0.7157824755780707 0.8933890756602609 1.4380027500515835 0.008440156953013152
6.176119972938856 0.0037810168347275925 0.0858632404662311 0.09675330270564182 0.001396127335975408 1.643457863122489 0.31362521842218266 3.6228537135008536 1.590462076812008 1.2158211301003166 2.3741135071224497 3.0483371225947327 3.2039301977580417 2.553071779227279 3.8654742240792066 3.192657128209138 1.1468667760109623 0.7080195646334593 1.0468415673460545 0.610926303220253 0.8527763165876886 1.9475671845074967 0.8495944339928141 1.0746542921545823 1.9767991296169258 0.008933353778113145
6.1466531255153285 0.0037812954498757994 0.0698390121101006 0.08073642736748107 0.0013930603681522353 1.6471842824983438 0.3134703891808438 3.6044137903807987 1.5756764283581226 1.1996117756927325 2.323702486670115 2.9597946761787726 3.0614168013057723 2.4007300393862865 3.577041419263824 2.907464048887894 1.0278173188449014 0.624437684912276 0.9085852652517448 0.5218124745643794 0.7168060308364722 1.6110159236217814 0.6916080337012843 0.8609103890084636 1.3491512896301665 0.008350178646639417
6.1705498219099315 0.00378117539166408 0.08790457402564564 0.0987993075766036 0.0013969194608875338 1.642513928090422 0.31384280782235063 3.6259801395713307 1.592439104937726 1.2179017557523872 2.380566581224675 3.059740865620179 3.2224877276493067 2.5731070785350156 3.9037700174501637 3.230876303351241 1.1629676396335793 0.7194266563075397 1.0658812775322344 0.6233088694303661 0.8718388580718766 1.9951711211322276 0.8721395026898142 1.1054260590742166 2.075341663656548 0.00901574305160433
6.161736274035269 0.003780962246079167 0.06882330271324386 0.07971102925004607 0.0013921389909677246 1.6483528294210923 0.31309952803865904 3.601835212573954 1.5745848012277481 1.19858489352654 2.3206136524837655 2.9543663427859843 3.0526993562468028 2.391462857542528 3.559614949780864 2.8903613848334393 1.0207337255723363 0.6195043757058843 0.9004916757994261 0.5166390248583274 0.7089786221934005 1.591805720245594 0.6826671384457301 0.8489178191521067 1.3169085899376631 0.008316827664254582
6.1051820918002795 0.003782392360264837 0.08024346156286344 0.091172933137902 0.001397663303828097 1.6415869680305148 0.3148720545924218 3.6214652682381154 1.5858199165103737 1.2101175405583964 2.3560113277657893 3.016576454582972 3.1527826562813432 2.4982388921943692 3.7612627616153502 3.0891793618397316 1.1034782318501593 0.67741687454018 0.9959823942872014 0.5779889044207168 0.8022796254165766 1.8219775511629543 0.7903550779709494 0.9941211059683235 1.728753566822542 0.008715878066567616
6.155861404874491 0.0037815353003429414 0.09040901510198841 0.10131425918714151 0.0013982351474231575 1.6409358802234038 0.3142774702449809 3.630469585871172 1.5949361300447753 1.2204565431376393 2.3884615719243074 3.0737271909268977 3.245336136463795 2.5978501291468494 3.951193305275175 3.278326494986227 1.1830070227126452 0.733658641296424 1.0896930106140565 0.6388317016732611 0.8957920317145796 2.055128329535425 0.9006012865019571 1.1443638782673027 2.202938537611162 0.009119484400336223
6.173007819207129 0.0037810730475111515 0.08545682025959954 0.09634849208704577 0.001396151962920148 1.6434274615019184 0.31367127323694216 3.622578291088923 1.5901058073846788 1.215406826686637 2.3728087372882842 3.0460415903455864 3.2002166900790563 2.5490765826940964 3.8578572882583075 3.1850714182919164 1.1436769919570984 0.705763492041826 1.0430818958569168 0.6084848807438876 0.849023314968162 1.9382083124778762 0.8451682692686611 1.0686212812635603 1.9577299429928956 0.008917144104303363
6.224749241863681 0.0037801720583285525 0.09291299807076223 0.10377891668144806 0.0013958937139659754 1.643914150884409 0.31294939452621023 3.6281479108392913 1.5967235291173474 1.223042041551554 2.3968523629573673 3.0884183152341262 3.2690205704807633 2.623366328828244 3.999999883545002 3.3271379740483513 1.2036294620908397 0.7483183674499476 1.1142519784209342 0.6548661950087638 0.9205771347280219 2.117282553589147 0.9301634627514498 1.1848892020837147 2.3387526503772103 0.009227417541413837
6.238638736726121 0.003779833696170634 0.08987779326019657 0.10073381433491553 0.001394468674426925 1.6456565514976083 0.31251379838058607 3.6230674946311683 1.5937308815590696 1.2199358130370912 2.3872205224085965 3.071349609445656 3.241100799472314 2.5930775574114624 3.9418332743811737 3.268818005124945 1.1789473810653537 0.7307514734537974 1.0847967871565865 0.6356224524422421 0.890817053559801 2.042625909435713 0.894645522927224 1.13619040932291 2.1755765493657617 0.009098231398024957
