9.99999999999072 0.001691741937378107 0.002440194150602126 0.005194458276805675 0.002136179789312012 3.8261208330034266 3.9999999999999165 3.9999999999763314 3.999999999410961 2.097316367635711 2.6236056825549734 2.817297139357378 2.609729896833657 2.2191089021958708 2.2486441148130263 1.2109929604100371 1.7724245696325227 1.9900417533443409 2.7434796584024563 1.3652215999535133 0.9778305416244627 1.1314943430180069 1.2803358557234152 1.5041539893055675 0.5798847403967153 5.504586806742005
9.919803258664734 0.00452164493272384 0.036147101296167904 0.19924525138754653 0.0003220114756643348 3.8924208168095547 3.9904464285355155 3.998402540263444 3.970932683795135 2.1666301108866497 2.763313009229842 3.023964158993693 2.9069985302349934 2.566312824512134 2.699116747339527 1.512525995535581 2.292690810298546 2.6731142131110825 3.843587936353263 1.9755605720238585 1.4703347489658405 1.766321886976926 2.0739643215521784 2.5272953757794197 1.4435727037807904 6.083525558915863
9.999929468056807 0.002442713989763403 2.5371481228854235e-05 0.0486673072214395 0.0016620624395926392 3.50898958883026 3.9999873550574097 3.9999999889630247 3.999999367984131 2.0953329226516733 2.6181865836252967 2.8094198387023224 2.5987957751054966 2.207014178896324 2.2334044840944136 1.2022533419616412 1.7566420274145418 1.9695601510870009 2.711746631425372 1.3494014403449524 0.9668039041914674 1.117074744708137 1.2622551804148339 1.480750599843034 0.5753609878318661 5.496687908362939
9.999999989013205 0.002095002191349852 5.3652475243908416e-05 0.015510889104126629 0.00193545813702291 2.7040533128834556 3.9999998562533468 3.9999999999321467 3.9999992177474066 2.093800617748828 2.6166995859627904 2.807262720429622 2.5958622145601282 2.2038187701746406 2.229450521535165 1.1999292634012189 1.7526273956329792 1.9645029459765362 2.7042871045530323 1.3455069695252877 0.9639496055285158 1.1135446460303842 1.258041495764418 1.4752908720826539 0.5711442853650638 5.487677975914325
9.99999999999898 0.0016761432733591163 0.000283888968709402 0.008598368739092576 0.0028137253868841623 3.875055501541563 3.9999999999999396 3.999999999967841 3.999999931046489 2.0934601937292716 2.6161975564533995 2.80659712234788 2.594790562216925 2.2022788261199193 2.2274793199948926 1.1974527222664737 1.749684884474939 1.961073928996267 2.7002753221313385 1.341121507118719 0.959164141123716 1.1082170913238398 1.252132387972668 1.4687662699149773 0.5604555225831656 5.511012403843375
9.999997364848339 0.003922308274272479 0.0005744793213632541 0.18680505069890974 0.0014667801441657384 3.7532635904197953 3.9999999761998692 3.9999999928733763 3.9999997151077 2.0680454180812786 2.625654814609616 2.820276172943744 2.614314684004988 2.2249706169537404 2.2558410463974314 1.217251544545745 1.7826772497189545 2.003242117912619 2.764404333423863 1.378784397428258 0.9898083864772284 1.1465944699533561 1.298918781677475 1.5275765353246187 0.6059643269510214 5.598640692915769
9.999999999660137 0.0014594434407965667 6.158688016242832e-05 0.0004900948491359906 0.003347224258210781 3.9840477838587036 3.9999999998690785 3.999999999999179 3.999999999658131 2.092473516801816 2.614225974428379 2.80371554891403 2.5907857061768245 2.197803025434302 2.2218368298580486 1.193924460941321 1.7436415011348818 1.9533659878157137 2.688356263961749 1.3346714670821178 0.9541408908803425 1.1019313777487352 1.2444912431320592 1.4591720608822896 0.554126514275898 5.54103952279541
9.99999999996074 0.0022390284573008965 6.717749321598528e-05 0.03463113187465575 0.0020167377912652723 3.388417806488085 3.9999999999921934 3.999999999999056 3.999999999977384 2.0939810654993396 2.6170522314328246 2.8077672228704214 2.596537662354277 2.204537685682252 2.2303211550715196 1.2004092034797176 1.7534509865935313 1.965521001287359 2.706882176869491 1.3462135395404478 0.964480690883361 1.1141399493377708 1.258699512955057 1.4760516721065318 0.5720661969415326 5.4897406547591885
9.999999999997051 0.0019537863139849356 0.0007387121136634605 0.0007612130198886923 0.0021949161317871536 3.999061058432122 3.9999999999987206 3.999999999999986 3.9999999986935264 2.0950745161482778 2.6191678698903433 2.8108538851083162 2.6009223740237917 2.2095947994196683 2.236773498623764 1.2047269054752328 1.7607339646934628 1.9748460389745854 2.7199178106214377 1.3546682370197667 0.9715208228578216 1.1228586042906696 1.2692259694561996 1.489099733385913 0.5823863940776274 5.465600046206511
9.999999999999842 0.002246278210853774 1.3375569924597031e-05 0.0400569249660685 0.002075294095455016 3.6785114123636222 3.9999999999985634 3.9999999999999747 3.9999999998010076 2.094312394963452 2.6174096994133764 2.8083154153727476 2.5973016637974324 2.205369217103721 2.231413043249379 1.2008890484760097 1.7545897151618521 1.9671099257409594 2.708394115203905 1.347353345035706 0.9650590340927372 1.1151200409125874 1.2601198463273793 1.478430651881857 0.5732697147046029 5.492127342466203
9.999999999999327 0.0016993447064327309 0.0002199671692663353 0.008503787364908465 0.002302198873440369 3.9481714229815346 3.999999999999999 3.9999999999963842 3.999999997404422 2.1028309343694622 2.615733719375762 2.805906528471237 2.5938675545886976 2.201305107405902 2.2262681733456424 1.196759027603026 1.7484704547233967 1.9595297310851159 2.697899690765058 1.3399043777520414 0.9582306431856821 1.1070447909557466 1.2507242265298055 1.467001008320468 0.5589233435340537 5.501469020161563
9.999999999667924 0.0021209442000517786 0.0002228930702746889 0.027876918129205598 0.002233720515442459 3.0720134723468853 3.9999999999999543 3.999999999999998 3.999999971176127 2.094204048284619 2.617458211483537 2.808293804647767 2.5970428573609574 2.2048134023665646 2.230343243440385 1.2000235090300237 1.7526335220618439 1.9640415543371532 2.702849482974792 1.343913538280939 0.9621333886292666 1.1108845104275102 1.2544044900552405 1.469969665597145 0.5638475536265762 5.495208046891213
9.999999999999998 0.0014241197783908899 1.6755677701957615e-23 1.2321757169671053e-20 0.0036137705239997725 3.8194698641181577 3.9999999999999996 3.9999999999999996 3.9999999999999996 2.0922629335218983 2.613856599945726 2.8031902670530515 2.5900592030153557 2.1969866425101148 2.2208070729260876 1.1932601018389861 1.7425119560804299 1.9519208843166267 2.6860995795244182 1.3334373435317683 0.9531717534506308 1.1007175364988213 1.2430005051397257 1.4572883878688154 0.5529274913135221 5.553635699004907
9.999999991028691 0.0026454961455728465 0.0005951179427246487 0.06380108194370328 0.0018978372188313665 3.29894712909463 3.9999999988403547 3.9999999999988876 3.999999986384169 2.096131013268469 2.6211879587204 2.8137862336359065 2.6051203410839627 2.214487897228295 2.243036834961621 1.2090783441103459 1.767924823926353 1.9840672142343103 2.7342533831946594 1.362751094501509 0.9778903345922121 1.1310033570180573 1.2794096685407002 1.502002379224982 0.5919878427610044 5.504847819832662
9.99999999998598 0.0016242134773798524 4.5695063854890775e-06 0.0008315796521504437 0.0026560167396707827 3.7564284289537264 3.9999999995800235 3.9999999999674034 3.9999999666865294 2.092636241849441 2.614561980763463 2.804206507993001 2.591469973013398 2.1985487505410983 2.2227516736236734 1.194458722979778 1.7445361091952754 1.954474284847961 2.690139868462955 1.335534492111399 0.9547760424693994 1.102688308513261 1.2453794431583092 1.4602537443844943 0.554445757561255 5.50173292345261
9.999999999993744 0.002135938752226472 0.0005237962480427335 0.01783460773567487 0.0019656784105564922 3.9230407520996344 3.9999999999979416 3.9999999999999996 3.9999999999918554 2.0950082881700474 2.619024065548592 2.810639349390394 2.600650719224942 2.209331134990399 2.2364609656595533 1.204650799321254 1.7604883815227235 1.9745397906946287 2.7196528384105836 1.354315224270138 0.971112888458736 1.1225830209109189 1.268935375388645 1.4888374644025555 0.5826153958846708 5.471649131642351
9.999999995087402 0.0027328834893919902 0.00015699352947354784 0.05340338393457253 0.00184100208233798 3.6953430392976725 3.999999999984709 3.999999999897512 3.99999803692776 2.095022922116236 2.6192044756536155 2.8109747563632514 2.6010445735892964 2.212966237816203 2.2365959524237145 1.2035287737265556 1.7601324348687315 1.974602384352743 2.7216916288384643 1.3529406034849436 0.9685470438879695 1.120160669328246 1.2669133945056097 1.4876314228358243 0.5735971537129828 5.487877394665007
9.999999999998307 0.001464029890542755 0.0005830787617622218 8.79145817879633e-09 0.0036332399869682327 3.7545040013379665 3.99999999997816 3.999999999997087 3.9999999932356616 2.0933591645657015 2.6158985106476615 2.8060379581796604 2.5937201739621085 2.2007514371060872 2.225059842308386 1.1956621932148397 1.746014868551145 1.9556208765590712 2.6906685956046883 1.3352392229119006 0.9540407771325468 1.1011175252935388 1.2426395067577238 1.4557433167710343 0.5443510514960117 5.551335047173765
9.999999970454313 0.001964654829382415 0.0003201809584345147 0.0001986119638818767 0.0021128119560262777 3.8269155789786065 3.9999999999998743 3.9999999999999996 3.999999981646301 2.094319217034061 2.6176703547321343 2.8086624420016766 2.597869255081436 2.2061838840807533 2.2324574456493775 1.202241314268496 1.756141563945206 1.9689050809369615 2.7107600163417516 1.3496987831907874 0.9677735060025049 1.1180331528773015 1.2632751080998827 1.481554398793588 0.5780314896931914 5.46458407484271
9.999999999935806 0.0024404899311801617 0.00012168032808339974 0.055504470408427625 0.001841000087078135 3.968802782515822 3.9999999999999383 3.999999999999926 3.9999999997310463 2.094735969220408 2.6185305350207297 2.8099283343790327 2.599585087077437 2.2080058924966384 2.2347429389121025 1.2031869734027731 1.7583319862802762 1.9718327808826046 2.7158141561389395 1.3515521419704262 0.9685250949141537 1.1193824124796508 1.2652246600550225 1.4844302708003358 0.5779747835827389 5.496107436595595
9.999999999999998 0.0014241196379374025 4.049470951577039e-20 1.0827872913505315e-20 0.003613770864866803 3.8194698078464304 3.9999999999999996 3.9999999999999996 3.9999999999999996 2.092262933521729 2.6138565997425207 2.8031902652222933 2.590059201621237 2.196986642965637 2.2208070701555225 1.1932601020437925 1.74251195383878 1.951920881308517 2.686099572301232 1.333437338459895 0.9531717504776123 1.1007175351617413 1.2430005051928845 1.4572883825111003 0.5529274864658401 5.5536357347393785
9.999993929428026 0.002177095923250987 2.4327090059838262e-05 0.04200319355916994 0.0021915375828538836 3.6441591259924087 3.999999999994985 3.9999999999884337 3.9999998763479305 2.093948161088463 2.6169916619828224 2.80782369583136 2.5964951283631272 2.204269734694707 2.2299225424997564 1.199564168266933 1.7525179037882566 1.9644143459360068 2.7050039080338024 1.3444402363986132 0.962398412015674 1.1117749765723548 1.2559962542113556 1.4732765119227955 0.5679591658298957 5.502109250645027
9.999999999999998 0.002020447567772129 0.0006747798309116723 0.0003443936946894508 0.0019275561979418 3.99998695778214 3.9999999999916485 3.9999999999998512 3.9999999884404733 2.09516127823933 2.619287775659674 2.8110087240286745 2.60119195392389 2.2100102222487594 2.237316421300486 1.205472224229694 1.7615959133993462 1.975858372266319 2.7213258175126427 1.3557789535225284 0.9725174210245174 1.1240827662608466 1.270698458032629 1.4909001328582112 0.5831880607454379 5.461517331227145
9.999999990442337 0.004956548298250066 0.033503725346425275 0.1994547439690825 0.0001563644346683534 3.9999842049665215 3.9999719008255896 3.9999988389339647 3.9999577251392804 2.1646768046298805 2.7562518522277557 3.012557764887303 2.89073028929876 2.5457797596622775 2.6755338482658084 1.4897161429233925 2.2598699484770686 2.631333023009119 3.7632704925302667 1.934055464530761 1.43348791662278 1.718566279713798 2.0165475064255807 2.4622499322128846 1.3407012426518425 6.400701300168544
9.999999999999998 0.001424119678807175 5.46459754708785e-24 4.256955132229703e-25 0.003613770944367492 3.8194692810398245 3.9999999999999996 3.9999999999999996 3.9999999999999996 2.0922629340430308 2.6138565995220224 2.803190265878236 2.5900592012842742 2.196986642348257 2.220807071151686 1.1932601011978237 1.7425119528760769 1.9519208833710684 2.686099573452477 1.3334373384980902 0.9531717536723988 1.1007175357456482 1.243000506268702 1.4572883863422814 0.5529274869432742 5.553635729470787
9.999991939907936 0.0014842754975279279 1.2070811059144296e-05 0.007038226615432797 0.003202621630584399 3.0633802204794396 3.999999483582029 3.9999990990140804 3.999794913856395 2.0926770411129385 2.614062689026157 2.803490397652332 2.5904775499678805 2.1974278539747583 2.221339241173549 1.1935506412336174 1.7429917757727371 1.952494997350536 2.687010063960856 1.3338732120733083 0.9534825847035664 1.101049795079206 1.2433762833176039 1.4576985737354926 0.552934945934549 5.553152802936417
9.999999973488773 0.0021185156323349215 3.850336146134052e-05 0.009162422015885926 0.0018479156960711177 3.9659307507215615 3.9999999999583578 3.999999999999997 3.9999999998119353 2.0939695357346273 2.6169640736584863 2.8075642302248203 2.596096535558487 2.203864585076648 2.229196110441466 1.1997572531981162 1.7517335300156993 1.9628495986241554 2.7008185637331183 1.3435786692001135 0.9624749509469095 1.111102948553469 1.2544105951629505 1.4698246025383228 0.5670721540031496 5.463698999487862
9.999992302709737 0.001955122698329012 0.0003262026740525634 0.0002453773725312221 0.0021276496431714047 3.9959333004289475 3.9999996459002296 3.9999999990332844 3.9999990624951405 2.0942697471171203 2.617628602527179 2.8086049250306466 2.5977873280116888 2.206084825547005 2.232337153368968 1.2021395252423648 1.7559988294106215 1.968740708229224 2.7105739325745373 1.3495358476600672 0.9676263001662896 1.1178649776111262 1.2630888713367592 1.4813498795004816 0.5782456843202297 5.463281668869613
9.999999999989978 0.0014372732360095385 4.9772029410973454e-08 1.9303609413796595e-09 0.003559821550144037 3.908861920555864 3.9999999999999973 3.999999999999998 3.999999999989766 2.0962264922154974 2.613906152813889 2.8032613909650506 2.5901579811399955 2.197098868738411 2.2209491477410817 1.1933519501798693 1.74266854902263 1.9521215729211103 2.6864117250375705 1.3336094554319335 0.9533072484641917 1.100887683227596 1.243209503188526 1.4575525095113735 0.5530993122101763 5.549759119117233
9.999999999890813 0.002030533120836025 0.0011328379865072052 0.02928710774141675 0.002462706580199978 2.5972923973329642 3.9999999963125927 3.9999999999991607 3.999999861098893 2.0957109980113224 2.6203937685007044 2.812565369346985 2.6030410493947396 2.2116111508721032 2.2389446861623266 1.20547709505917 1.7620070975316167 1.976038959607874 2.721449774495113 1.3539773123045584 0.9699137592460407 1.1206975474081111 1.2662704663779971 1.4850362440376448 0.5713254607978433 5.515869805395163
9.999932865390875 0.001975192655206325 0.00037655868346197965 7.404686971184635e-05 0.0020410858448384585 3.999999999355865 3.999999999323959 3.999999999853558 3.999999902403795 2.0944667963434918 2.617948291592537 2.8090637984868563 2.598431055081206 2.2068222116925575 2.2332596026922085 1.2027164195330515 1.7570149580081404 1.970014565277569 2.7124170130352305 1.350597639300796 0.9683110873138523 1.1188278530829476 1.2643114101003678 1.4829138322394784 0.5773788560019568 5.461933946442228
9.999999999999998 0.0017090892024714086 0.0013873380510402975 0.00048956347331149 0.002358897267198593 3.9999278651745738 3.999999999999977 3.9999999999999956 3.999999999998714 2.0956594942783373 2.6204345577021804 2.8127274596431353 2.6033992898321077 2.2120746980053485 2.239839407516646 1.2054487660306987 1.7632093538656808 1.9782798680402742 2.7266333194667203 1.3556914010477514 0.9705725365323057 1.12248112731932 1.2694460602054314 1.4904130421413202 0.5735341934000736 5.487920128970353
9.999912733617409 0.002208431054537019 0.0003812904190673702 0.02432351568974063 0.001727965991882556 3.9905269785970803 3.9999999560005897 3.9999999992920525 3.999999958109371 2.0980464439743307 2.6181506283987437 2.8093669802874963 2.5987436731755302 2.206883924125683 2.2333341710705445 1.2013984267557565 1.7563243922870035 1.9695228514218088 2.712536734491006 1.3485708683856001 0.965132629775322 1.1157258728048043 1.2612649751224425 1.480161949007358 0.5681955280410813 5.475743980153955
9.999999815974606 0.002030259370876489 0.00016711966677714616 0.009481046180428054 0.0021281293348230524 3.9998086025338524 3.9999999997946216 3.999999999999566 3.999999998168489 2.0941090981938366 2.6172797650062263 2.8081004357973685 2.5970634685000205 2.205229960392094 2.2312473872711474 1.2012908719255166 1.7547151922570345 1.9671284486250236 2.7081808703741634 1.3479776626254898 0.9661865750869953 1.1161738164726522 1.2611363723567404 1.478999304844345 0.5760140426048931 5.4674664498041246
9.999999999983457 0.0017953980146496332 0.0008509773019908625 0.00042202491375886286 0.0021794919157022835 3.959868620021186 3.9999999999999996 3.9999999999996043 3.9999999968106064 2.094751509042691 2.618678387856608 2.810189923332668 2.599878689732052 2.2081213496700376 2.2348985448865775 1.202297098478362 1.7579235507949866 1.971629685113783 2.7166658004694257 1.3501864635955463 0.9663028301182564 1.1172042617944105 1.2631326433467225 1.4826306038630155 0.569289756784053 5.476419223202457
9.999998754625084 0.0020471479433098213 0.00011884819366929944 0.008898618098369542 0.0019552898830326364 3.999999949001067 3.9999999981904533 3.9999999999949414 3.999999975843624 2.0940486293267884 2.6171625772937848 2.807930133032041 2.5968232890495666 2.204956553468889 2.2309002416782064 1.201067462517634 1.7543341486576065 1.966641222427366 2.707426013375037 1.3475697306467596 0.9658743842563322 1.1157803094568193 1.2606334278085527 1.4783910608331943 0.5757730502390037 5.465437059250375
9.999999999999998 0.0014241197023994931 1.1150431534736533e-24 2.5122419914336076e-25 0.003613770659977964 3.8194692534040895 3.9999999999999996 3.9999999999999996 3.9999999999999996 2.092262933598827 2.6138565994636824 2.803190267554373 2.590059202349077 2.1969866446763264 2.220807071524016 1.1932601020284936 1.7425119535613527 1.9519208826637124 2.6860995778479713 1.3334373419674634 0.953171751818031 1.1007175325496465 1.2430005035358693 1.457288382992371 0.552927487101429 5.5536357169979516
9.999999999998849 0.002904720798844659 0.002924201916204967 0.07159443210432155 0.0016405590827647096 3.812920443437492 3.9999999999900853 3.9999999999750364 3.999999953094688 2.100570031158463 2.6299917406453117 2.8266864872373176 2.6232486775274917 2.234898413018679 2.269068724525761 1.2244971392776698 1.7960633748589863 2.0208788892791985 2.7937736468714793 1.3927494786644985 0.9999472034680086 1.1599375646602168 1.3158174688577708 1.5494763902281707 0.6160105666477063 5.508214510662434
9.999999995061733 0.002669263831889242 0.000424504438549021 0.07941436152067147 0.0016022601385742062 3.682656296279437 3.9999999999249525 3.99999999995807 3.9999999942861937 2.0959071366556192 2.620749568473928 2.813114311106277 2.604024444618668 2.2130205730685413 2.240965545403846 1.207286314792696 1.7650169172517225 1.9801457402097107 2.7286298114928753 1.3585387165008855 0.9742119648479847 1.1261456404544874 1.2730951627020137 1.493550724018686 0.5832621373877397 5.522259039779887
9.999999999997298 0.0014740893168664368 0.000532456122431104 1.906353662792948e-08 0.003610444010213851 3.82323104362487 3.9999999999987836 3.999999999999788 3.9999999994167053 2.093262488071138 2.6156919906136804 2.8057054895339326 2.593160313810788 2.2000076361697034 2.2239764550176555 1.1948735102496584 1.7445067243043049 1.9535018391954444 2.6870531835177602 1.3330699258279055 0.9521917267624965 1.0985982891563768 1.2393183431698738 1.4512380134261567 0.5392637070020323 5.549863292389033
9.999999744104873 0.0021028561983374256 2.1186473838310897e-05 0.03499409132938373 0.002230871668425153 3.435643716276321 3.999999998832807 3.9999999998706284 3.999999723338093 2.0938120480050735 2.6168146687305454 2.8074719290201537 2.596014028051112 2.203736423702786 2.2291783123046653 1.1991385898011833 1.7518693965431495 1.9636519209815675 2.7040060811803497 1.3438271705843654 0.9619095148893269 1.111229067505985 1.2554065216827879 1.4723157902351696 0.5674931513195385 5.500933386396016
9.999999999965926 0.0016466171149986367 0.0004016224950487698 0.006071633530925739 0.002471025380063863 3.685055174506415 3.9999999984212846 3.999999999997879 3.999999948160005 2.0898662425918015 2.616215805385373 2.806597407165555 2.594835955703409 2.202410914697915 2.2276526198761055 1.197681768623616 1.7500032372261796 1.9614559997232743 2.700669668271395 1.3415691122550855 0.9595514196292877 1.1086924470866668 1.252710194289593 1.4694612738141914 0.5605016327756394 5.508342329585556
9.999999999999998 0.0014241195858323904 4.7544345130303014e-23 7.373327587375609e-31 0.0036137709698970733 3.819468570871829 3.9999999999999996 3.9999999999999996 3.9999999999999996 2.0922629333804657 2.6138565991305196 2.8031902650588982 2.5900592010075782 2.196986640889018 2.220807068247606 1.1932601005594206 1.7425119528892274 1.951920879199137 2.6860995723845784 1.333437337342394 0.9531717491403049 1.1007175338323996 1.2430005013849657 1.457288380063098 0.5529274845986625 5.553635747375977
9.999982554750616 0.004994212259220469 0.03404833891415116 0.1979213939022021 8.823240320435369e-05 3.999997036213827 3.9999999887025828 3.999999962785394 3.999992348750874 2.165163816815889 2.758023394279459 3.013537587383534 2.892587054038896 2.548928076505581 2.6771519340847068 1.4937785766522993 2.2661968716040937 2.637205342423145 3.7899630655509298 1.9442834422066928 1.4453039574081445 1.732703046871975 2.0319793119238256 2.474208568154429 1.3912245824052822 6.771845535173533
9.999999999999998 0.0014241195142453847 8.076349820446793e-20 1.870031105630846e-35 0.0036137714390148527 3.8194671341154476 3.9999999999999996 3.9999999999999996 3.9999999999999996 2.092262932356931 2.6138565989738507 2.8031902647224882 2.590059200062116 2.1969866407156093 2.2208070677285714 1.19326009968275 1.7425119530273754 1.9519208787885314 2.6860995672949426 1.3334373357105487 0.953171749135779 1.1007175314670656 1.2430005009716028 1.4572883797400285 0.5529274824394907 5.553635774093693
9.999999999999998 0.001424119678246021 2.476131161669635e-19 8.838184598061352e-30 0.003613770756485248 3.819469567076196 3.9999999999999996 3.9999999999999996 3.9999999999999996 2.0922629326827287 2.6138566005875394 2.803190267606891 2.5900592035735164 2.1969866424221176 2.220807069352111 1.1932601016428943 1.7425119551520534 1.9519208789855425 2.6860995750223804 1.3334373413379756 0.9531717543535596 1.100717532795754 1.2430005045574024 1.4572883829891579 0.5529274875864378 5.553635724233353
9.999999999999998 0.0018522317298710457 0.0003918567101860026 0.0013998433596476801 0.00250962675927757 3.999810778136984 3.9999999999999996 3.9999999999999996 3.9999999999908806 2.0941721755126324 2.617428128808382 2.808330949506053 2.597386803256446 2.2055724819622764 2.2316960950634677 1.2013371290901016 1.755127836781106 1.9677451595894533 2.7092436530071367 1.3482313712079865 0.9659644283446094 1.1161908495403778 1.261359107003641 1.4797826146304573 0.5745722144670597 5.475513791214329
9.999999987603125 0.0018918395470979828 5.580736596382235e-06 0.00031762329548758926 0.0023363074209499604 3.8431586666064814 3.9999999996106332 3.9999999999934257 3.999999999999122 2.0934631485534094 2.616043222800644 2.80629293341068 2.594442066645258 2.2021330840584783 2.2272402181109343 1.1984260302858676 1.7500131921254443 1.961055118781842 2.6987913663309926 1.342400654998843 0.961498442245307 1.1103395725268148 1.2539983484838764 1.4700028327989778 0.5680718557783171 5.469269658442602
9.999999999646805 0.0019280881674858343 4.35037298621775e-05 0.0026471820664316402 0.002312860990851355 3.9982033105463533 3.9999999999997193 3.999999999999999 3.9999999795472108 2.0934767767420066 2.61607655963619 2.8063506724570715 2.5945353704291407 2.2022496010485004 2.2274089227371534 1.1985206055299378 1.7502296479839379 1.9613728304745197 2.6994075686937338 1.3426601587230889 0.9616314375008037 1.110583360168891 1.254361952953687 1.4705659411111258 0.5677158771309081 5.467958111706995
9.99999999597092 0.0017524869470730332 4.01610107165851e-05 0.018195172647781498 0.002480437401626016 3.935966746650758 3.999999999999994 3.9999999999994986 3.9999999895430483 2.0929986243100505 2.6151986175657935 2.8050920619907234 2.5927229826466416 2.200081517826552 2.224657829372193 1.1962729863260393 1.7469170366169735 1.9572739862458501 2.693421739510127 1.3385739202463796 0.9578626188317017 1.106132641415642 1.2491690698313795 1.4643978658735044 0.5607904737967575 5.5128618794047926
9.654346760822254 0.0023117398571847712 9.399706846590676e-05 0.10409425299080288 0.0023124800280908122 3.1620799028000204 3.9999804468276476 3.999998711876414 3.9999997451471754 2.0943287554513117 2.6177219128001905 2.8087799061847756 2.5979617711022533 2.2060886440738656 2.2323376946366227 1.2011888834793951 1.7554544705848185 1.9683283592929783 2.711556255060992 1.347948814886196 0.9651302206536367 1.114250845025716 1.2595699416886925 1.4790603412566778 0.5662554950747511 5.646329287422203
9.999999999916225 0.0014573627029815898 1.6860538439400326e-07 0.0012543377499676055 0.0035002751796371872 3.941551390204782 3.9999999999999862 3.9999999999999885 3.9999999997724203 2.092315654663795 2.6139573699768675 2.803334766234596 2.5902599361394127 2.1972157149531677 2.2210944922390263 1.1934511604617453 1.7428304162822785 1.9523221802670152 2.6866558434415255 1.333777042772797 0.9534398224190722 1.101060317960415 1.2434142729189595 1.457834003590067 0.5568425252812609 5.5471996812465125
9.99999999996211 0.002086395256540621 0.00027101555261572965 0.010299334771753793 0.0019304836925875353 3.927256609532407 3.9999999999969473 3.9999999999999996 3.9999999992541584 2.094434089281573 2.6179006821718165 2.809001423657502 2.5983467178215545 2.206721446494495 2.2331479304348893 1.2026252291453194 1.7568921894169647 1.9698986261385638 2.7123575746960196 1.3505028343634287 0.9682967538321877 1.1187930341070276 1.2642794559479218 1.4829106518594304 0.5785636121572681 5.466341668722956
9.999272790860886 0.002002549305464757 0.00042509148858686384 0.010877893880583616 0.0021914573495323063 3.8405569989085637 3.999999997612468 3.9999999999904166 3.9999999985872643 2.094564371031732 2.618186107828263 2.809430436990015 2.59894216912807 2.20736230693697 2.233973038231239 1.2028263755193218 1.7576805475093105 1.9710153399403596 2.714409355272123 1.3510676378564637 0.9681431761820839 1.1189923436165914 1.2648297406100137 1.48400339531453 0.5751558955759392 5.473197785929057
9.999999999751394 0.0019353897557800792 0.0005657727691702424 0.0001400505261527901 0.002158962524951484 3.997884389598405 3.99999999983261 3.9999999999999263 3.999999983841049 2.0947271747944445 2.6184652310672343 2.809822400001201 2.599510996941108 2.2080578735082077 2.2348434906219956 1.2037156258994182 1.7587590825233563 1.9722872873745882 2.716436406964257 1.3524916149311261 0.9698164730492634 1.1206931199573518 1.2665993061307512 1.4858628427225138 0.5801814425241912 5.464951802495337
9.999999996239417 0.002033762599558539 9.793786463663354e-05 0.011516497354819872 0.0020136666164675657 3.759204497699761 3.999999999979708 3.9999999999326774 3.999999314931691 2.0935689139891736 2.616247431236564 2.8066043730013464 2.594940036961654 2.20277507765008 2.228128698961427 1.1991349870893662 1.751187576384282 1.9626491325467799 2.701405046173011 1.3439824203913135 0.9628952383817653 1.1121086653206498 1.2562144556263495 1.4729102774892686 0.5713419334520284 5.471541830395144
9.999999823915449 0.0018352757064937168 0.0003696484019786018 0.001244724244410338 0.0024867969300930407 3.9999921065403834 3.9999999999795484 3.9999999999999885 3.9999999984931476 2.094100375210652 2.617284888805235 2.8081196835847213 2.5970909258411874 2.2052393910012205 2.231271059419128 1.20103871765273 1.7546544372463677 1.9671370481126473 2.708400379434092 1.3476689500712045 0.9654281820174386 1.1155688928957666 1.260641358980946 1.478719884740185 0.5713796138401365 5.475855563730599
9.998450271824357 0.001962046817726956 3.401716082787566e-05 0.01613490127236187 0.002265513022788692 3.9932451962723943 3.9999999999942544 3.99999999999888 3.99999999909729 2.0934890900812144 2.6161076235935314 2.806439774449245 2.594644717604457 2.202326919294243 2.227517614134924 1.198355001584581 1.7502301606594068 1.9614655410716089 2.699598737605428 1.3424710376325644 0.9612029620160338 1.1102174912034153 1.254067852706876 1.4704171141490632 0.5662299323380814 5.480706000210674
9.999999999999817 0.0017070856793525743 0.0004623349377086282 0.007157524093346807 0.0026776089583099958 3.758856738101928 3.9999999999999987 3.9999999999986056 3.999999998350348 2.0946273045455652 2.6170228155428186 2.807782975738969 2.596466843880724 2.2042188194716177 2.229946072585871 1.1990819539256454 1.752464771450196 1.964648842696979 2.705830944513943 1.3442187702706405 0.9616047837893729 1.111303829520884 1.2559322716151007 1.4735801644641948 0.5631580802278513 5.50280451457731
9.999999999999998 0.001424119477148823 9.635446427112984e-22 1.0002088813524191e-20 0.003613771721747009 3.81946773462821 3.9999999999999996 3.9999999999999996 3.9999999999999996 2.092262932724092 2.6138565981411124 2.8031902663458172 2.5900592005879175 2.196986639611535 2.2208070662167634 1.1932600999118914 1.742511951804139 1.9519208759342515 2.6860995655281563 1.3334373383607485 0.9531717522217986 1.100717529246926 1.2430005000046342 1.4572883802870786 0.5529274825807385 5.55363578898418
9.99999997926227 0.0017643054976573262 0.00022525115713067134 0.00621451487043066 0.0021544211631428795 3.8438311597881727 3.9999999995770397 3.9999999999127076 3.9999999997977027 2.0929332339202653 2.6160145908998786 2.806313162781921 2.5944389427162666 2.201959676457174 2.227097065584648 1.197308074957309 1.7493984688519602 1.9607107399262278 2.6996218997940873 1.340945575942538 0.9590654907185295 1.1080954788345094 1.2520091306379677 1.4686101048149303 0.5601268283486941 5.488750026894425
9.999999988898063 0.001972536298999607 0.0008736343967627596 0.0018800061794929154 0.002070753050508231 3.9964430023029864 3.999999999997763 3.999999999999989 3.9999999984470964 2.095423565642352 2.6198111418924914 2.811775002503261 2.602254423179516 2.211176758859413 2.2387844415964633 1.206241242985809 1.7630723454530188 1.9777830869539765 2.7244812163920327 1.3572260741948576 0.9736170687306738 1.125418674594174 1.272307795629701 1.4929551066772664 0.5855412368309315 5.465151893160879
9.999999999902162 0.002170545682327287 0.0005688291897310927 0.03220017934587448 0.002130987334545713 3.0226629885251617 3.9999999999997033 3.9999999999999973 3.999999994405081 2.095002017152795 2.6190475230817714 2.810648525723775 2.600494189504901 2.2089125942745462 2.2357427093442865 1.2037011676336076 1.7590692856923893 1.972566163731461 2.7164060841518634 1.3517709139217378 0.9685642874932647 1.1192212055175215 1.2647820126161968 1.4835517700663203 0.5742550117200926 5.4979308807854395
9.999999999998908 0.00306646750626516 0.00034017960046410034 0.1476771926348116 0.0020578402438107433 2.749234215774224 3.9999999987715453 3.9999999998673337 3.999999992758985 2.096353472250439 2.621657136109512 2.8144865511373482 2.6060924908556893 2.2155413809834186 2.2443886849334427 1.209653611417621 1.7692710076205516 1.9859079841689855 2.737590748087093 1.3637030865448247 0.9779870819305204 1.131526271511022 1.2802382042265792 1.5039229630999233 0.5909901145263522 5.61003221842714
9.999999813603065 0.004559613492052259 0.012741185158202974 0.1957476505224367 0.0006798062934096194 3.9900807257202144 3.999999963029419 3.999999990040509 3.999999914248918 2.1237196068043356 2.675009700201995 2.8919273851699026 2.717315760033632 2.3433728780737098 2.4085405337960304 1.31685943589066 1.9533901387628663 2.223554160060981 3.1078852884131187 1.571703425374884 1.1428537118765059 1.3411419421116724 1.539010618957514 1.829518505501025 0.8079505230849341 5.7326652309591735
9.999999999999986 0.0015473794202900593 6.114470687967659e-05 0.0017582282204707904 0.0032966606332934917 3.9999674291639287 3.9999999999999996 3.9999999999999996 3.999999999999556 2.0927066835348924 2.6146789442704583 2.8043699170392205 2.591786747637662 2.198989363447375 2.2233478550407777 1.195038202434449 1.7454030101545703 1.9555911451365877 2.6914312549999755 1.3367290523150577 0.9558769689477105 1.104390368968541 1.2473308354763006 1.462510217209377 0.5578044819127478 5.5276246981170285
9.999999868793642 0.0026013236686513903 8.52789859684234e-05 0.0738089781470687 0.0017138832155908937 3.9941789445611913 3.9999999942029874 3.9999999999922506 3.999999982772202 2.09494605795605 2.6189308786628187 2.8105152587816145 2.6004599263819723 2.2090712665882557 2.236146368105349 1.2042887100031612 1.7600666241439806 1.9740897529227288 2.719314847606312 1.3537753955367144 0.9705802027385562 1.1218671130400835 1.268208640072628 1.4880516867661802 0.5810359683583579 5.511025253536545
9.999999934938169 0.00522680088283957 0.03186710898280344 0.19969793400286867 9.60729517210982e-06 3.999999994824675 3.999999803499122 3.999999987967778 3.9999960863927853 2.1623878166355555 2.75140524555964 3.0056067322043747 2.879187274044724 2.496029740258569 2.654121519152125 1.4777369017254565 2.2350299425208764 2.5966924538630423 3.737547666969519 1.9072185413350013 1.4118856840232723 1.6904035706420153 1.9822656245981176 2.4120162382782784 1.3190453689792434 8.690195350749635
9.999999999999968 0.002001132974803654 0.00045036359438292234 0.0002793930137410333 0.0019500496238096345 3.9999985323741964 3.999999999998167 3.9999999999999987 3.9999999999958615 2.094660244264485 2.6183239383678347 2.809611366885919 2.599219479739558 2.2077487393794826 2.2344517323339756 1.2036007300683293 1.7584116291847902 1.9718008643546854 2.715150469741464 1.3522905883753065 0.9698418267504526 1.120663525426129 1.2664966674909133 1.48559455102289 0.5808198291505072 5.4613403672454375
9.999999999928699 0.0015341330818855875 6.000036808065338e-05 6.350179222422833e-06 0.003417544131997948 3.783377497817915 3.9999999999999996 3.9999999999999996 3.9999999997602127 2.092694322566313 2.61464737979082 2.80432217666204 2.5916835480318974 2.19891767732783 2.223253145267269 1.1951912326291048 1.7454114626483679 1.955515168919872 2.691237702535214 1.336927241841271 0.9562817556683286 1.1044282937191288 1.2473507904965275 1.4624864507292248 0.5578003966677342 5.530137275361853
9.999916556465699 0.0020823002852234356 3.463333640043274e-05 0.004682826013659763 0.0018581837804709663 3.9999952538884127 3.9999999946761937 3.9999999999785834 3.9999999716905505 2.0939340043490624 2.6168947721153555 2.8074767943733874 2.596030132013416 2.2038640815529877 2.229265743840189 1.1999404859523493 1.7520196648450777 1.9632924478539788 2.7015643256517192 1.3442359727746815 0.9631557545324094 1.1119994365887027 1.2555748790107222 1.4713753235818796 0.5693531874759235 5.460976246353459
9.999999983260594 0.004161088681523828 0.008326870086046498 0.1606760437473446 0.0006392442208420744 3.8135296916210937 3.999999959693751 3.999999998237526 3.999999712960687 2.1133726721776145 2.6558763814328756 2.8643939529191575 2.6770217052751364 2.2972132552249898 2.3487983163380894 1.2786470905802028 1.886755615160822 2.1377803512680664 2.972593026663554 1.4966311375175372 1.084979052702643 1.2663948640336464 1.4434562751724676 1.7119434300359917 0.7472754537183623 5.706497488979679
9.999999999999998 0.0014241196697670543 8.349239911981896e-20 5.478686629451926e-27 0.003613770682812284 3.8194694540473186 3.9999999999999996 3.9999999999999996 3.9999999999999996 2.092262932596829 2.613856599293669 2.803190265893748 2.5900592019317314 2.1969866418446773 2.220807072322568 1.1932601016804216 1.7425119548612953 1.9519208828134316 2.686099573701143 1.3334373380833913 0.9531717503321104 1.1007175340639856 1.2430005045250123 1.4572883839564428 0.5529274849375018 5.553635723693448
9.999999999999998 0.0014241196448561673 4.663476434069058e-23 4.0195275252365483e-19 0.0036137711473525755 3.8194692776118626 3.9999999999999996 3.9999999999999996 3.9999999999999996 2.0922629337307947 2.613856599738283 2.8031902673130444 2.5900592021373257 2.196986642093091 2.2208070711359063 1.1932601010926558 1.7425119554201265 1.9519208797096033 2.6860995723938195 1.333437338895082 0.9531717520730854 1.100717534848555 1.243000504197633 1.4572883854296994 0.5529274889046736 5.553635741587092
9.999999999999133 0.0015297066782999757 1.4314431291099082e-05 0.000720249551319852 0.0025425786856652856 3.949045429458356 3.9999999998781814 3.999999999966801 3.999999976887589 2.088852155767818 2.6143447901394987 2.8038985814641237 2.590985573109153 2.197942255617475 2.221964185784319 1.1940146048236857 1.7436356589678692 1.953268009925006 2.688431974623993 1.3345591482171062 0.9540939744363773 1.1017667555958741 1.244178245766009 1.458649318138756 0.5537387140899884 5.515601685818609
9.999999999896852 0.002130033792742244 0.0002416838684918777 0.03983973444046288 0.002414153042002548 3.337705823614834 3.999999999886843 3.9999999999999987 3.9999999949358513 2.0943465098127967 2.6177831394065865 2.808853926208404 2.5981157602036644 2.2063769403886258 2.232724322773942 1.2018397921141775 1.7561922712524356 1.9691728461544618 2.711772473787333 1.349256588050041 0.9665295924451955 1.1170644295562886 1.2625517572430671 1.4812790102441686 0.5701736660059 5.50899837727706
9.999999998841254 0.0019996222322925783 0.0005425176270464889 0.002768351397964934 0.0019989637577842514 3.9532429547878145 3.99999999999966 3.9999999999999996 3.999999999994209 2.0948182035009197 2.618635314381221 2.8100673088326795 2.599861548472939 2.2084732557379816 2.235373674087993 1.2041480685652917 1.7593988633852948 1.9730872418474916 2.7172239583392517 1.3532966994366764 0.9705507206803214 1.1216107168382703 1.2676714434087377 1.4871342306882864 0.5818820864371063 5.464074484923908
9.999999999905164 0.0015716369783349141 7.606621622040475e-05 0.0017678208644695385 0.003249860350233068 3.998612884862759 3.999999999996575 3.9999999999992406 3.999999983333084 2.092807576002806 2.614862137694152 2.804631466413619 2.592160960401634 2.199440192523314 2.223918938458796 1.1954973393005113 1.7460891382254788 1.9564258722350802 2.6926254585408547 1.3375624831944553 0.9566187618683013 1.1049551313926516 1.2480837718415159 1.4637675895950593 0.5590565066785843 5.52278127915882
9.999999999777703 0.002048961828082769 0.00030000200464529213 0.012598154785105955 0.0020740943625057818 3.4881298299604944 3.999999999999982 3.999999999999652 3.999999999983156 2.094391479620478 2.6178443560551377 2.808931186786524 2.5982343096978937 2.2065516257120454 2.2329384512693355 1.2022060113946653 1.7565392471660184 1.9695340394925813 2.7119373099057134 1.3498550149288964 0.9673164164201752 1.117858507185229 1.2636681023105965 1.4822705613447924 0.5770237603007763 5.475603782974857
9.999999999999998 0.0019756221464695984 0.000588025121337922 0.003980104245418993 0.0021668441312106467 3.998439868035746 3.9999999999999996 3.9999999999999996 3.9999999999987486 2.094842801479125 2.6186935825556468 2.8101558670038274 2.5999792451524315 2.2085877395428497 2.2355171431173906 1.2041484150694102 1.7594882149404922 1.97325107422079 2.7176314047472534 1.353341712689952 0.9704963609540767 1.1215826886537015 1.2676976032099898 1.4872382342321875 0.5814426487400797 5.466628573937227
9.999999999999998 0.001424119709909933 1.0827261376719411e-24 2.2802376477258932e-26 0.003613770368853316 3.81946865902318 3.9999999999999996 3.9999999999999996 3.9999999999999996 2.092262933124457 2.613856599564852 2.8031902660375625 2.5900592024064557 2.1969866422907347 2.220807071376087 1.1932601010964028 1.7425119559988518 1.9519208815587943 2.6860995798149006 1.3334373374285775 0.9531717521865054 1.100717534849265 1.2430005014169898 1.4572883826185705 0.5529274853273872 5.5536357072593185
9.999999923272934 0.002656533346234829 0.00023783588409390113 0.07547867325557686 0.0016537751547314008 3.8472456605233147 3.9999999985536583 3.9999999999649796 3.9999999963863178 2.0953753798091213 2.619755048272389 2.811712165176035 2.6021602813862317 2.2110363073835684 2.2386479397137027 1.206003319907388 1.7628981177463552 1.9777004968237837 2.7247876467199106 1.3569908655685055 0.9732121620997527 1.1251422299995415 1.2721783006763647 1.4930274451842702 0.584635172292604 5.512973343708255
9.999999999843672 0.0014310847088880093 3.534444197687504e-06 6.281210951524246e-10 0.0036046820299750573 3.8180652326549818 3.9999999999999996 3.9999999999999996 3.999999999980706 2.0922908170561367 2.6139073010425005 2.8032626376198797 2.590163355678882 2.1971110815597337 2.220964531733491 1.1933849950171147 1.742699230433369 1.9521523649407921 2.6864276149453405 1.3336619103908534 0.9533696670548295 1.1009543918560867 1.2432786819206254 1.4576211852147636 0.5532153893199439 5.552106956573423
9.999999999999998 0.0014241196826327552 5.922531216956052e-19 5.2714872174026634e-30 0.0036137708512869455 3.819469422683057 3.9999999999999996 3.9999999999999996 3.9999999999999996 2.0922629334130893 2.61385659949135 2.8031902667281723 2.5900592004832736 2.1969866435682097 2.220807067971893 1.1932601001046548 1.7425119548651606 1.9519208797377106 2.6860995782657433 1.333437340694728 0.9531717526024727 1.1007175361250934 1.2430005054379145 1.4572883809837676 0.5529274873840996 5.5536357260727325
9.999232801233251 0.004195484930717271 0.04078433021349246 0.17128403843542273 2.2123073155197142e-05 3.9957605391993596 3.999798515460542 3.999992227372335 3.9999732318080885 2.2780720036971664 2.779430352630448 3.0463448418446415 2.941955306667993 2.6085696598800427 2.7556250250468786 1.6190105466179783 2.36425255728314 2.7680099388208417 3.941686317760101 2.067996563424575 1.544151569048068 1.8683875874556684 2.1968404123554914 2.7094438986091025 1.5599645176829746 7.926783881885022
9.999999999999998 0.0014272984044851678 3.125943637576559e-13 4.4809054255774435e-08 0.0035889078551135586 3.9546301541262157 3.9999999999999996 3.9999999999999996 3.9999999999999996 2.0922692446173814 2.613868684728451 2.8032076501369034 2.5900834018429633 2.197014121778327 2.2208418379673316 1.1932825685115567 1.7425502325788467 1.9519698894636406 2.6861755024447476 1.3334792218734322 0.9532046872354822 1.100758959063051 1.2430512365186892 1.4573524224846717 0.5529688596196866 5.552382089603476
9.999999999980968 0.001850135811272649 0.0002250617936327457 0.012238466438674638 0.0026492737695674143 3.999999664757162 3.9999999999989444 3.9999999999999925 3.9999999999982236 2.0937568659962875 2.6166580313566468 2.8072217493164318 2.595801556807428 2.2037069120287076 2.2293271321337755 1.199538657326859 1.7523558870755302 1.9642768197625737 2.7043056998172723 1.34492195278438 0.9630460740942035 1.1126831566641715 1.2572112086415317 1.474581223353519 0.5679768066832598 5.491946777769393
9.999999999616495 0.0035915084997259835 0.0009438225520727667 0.15170517314564222 0.001630336749366312 2.5089585499719127 3.9999999999945377 3.9999999999853495 3.999999974522195 2.098631569291824 2.626029412063781 2.8208331187313926 2.6151041590298303 2.225952494156324 2.2576479852031124 1.2187621196405867 1.7842942281746603 2.0050723697669386 2.7666921353099507 1.3811360377076236 0.9927925954594308 1.1496365208164314 1.3019726452180909 1.5304304474596415 0.6125951626561986 5.5857367723592395
9.999999999999803 0.0023618481581063893 0.00032772000056063676 0.05404589779018648 0.0020076509585732036 3.999986674990965 3.9999999999997766 3.9999999999998592 3.999997819135751 2.0950135983942855 2.6190823437709874 2.8107427381906422 2.6007815125733913 2.20941535835443 2.236592329147856 1.2041840719140222 1.7604335942498839 1.9746690578780473 2.720093179832679 1.353808977033847 0.9698444230222998 1.1214391112588349 1.2680755376934192 1.4888598808888096 0.5778782948219218 5.49960527700499
9.999999999999337 0.0016301159041928037 0.00011605442553032973 0.002464844025016495 0.0031271442849348744 3.999999948784391 3.9999999999996327 3.999999999999957 3.9999999999997162 2.093051681854029 2.6153120838297856 2.805301529471617 2.5930739362308715 2.2005316013688563 2.225301681578471 1.1965754691074137 1.7477314902980552 1.9584640094541987 2.6956714572749667 1.3395266165921598 0.9583301972321933 1.1070238319215877 1.2505291359430615 1.4664829320255128 0.5603154658829684 5.512771292711321
9.999999999999295 0.0021017233016867054 0.000305387981275656 0.030310303954881147 0.002580179476364002 2.922987936846708 3.9999999999855853 3.999999999960512 3.999997978503067 2.0944531134729676 2.6179751973617758 2.8091289168775453 2.598515647409013 2.2068605120181033 2.2333369116700386 1.202397934415148 1.7569461956831716 1.9700887264834075 2.713035421103716 1.3502478685078194 0.967565397103119 1.1182142682178213 1.2638398320292146 1.4827343661940522 0.5751131048475536 5.505184884095591
9.999999997381332 0.0021298471016390043 0.0003240079792731423 0.03199044043891879 0.0023980478737456873 3.236759600107036 3.9999999999989497 3.999999999999683 3.9999998967841583 2.094538742943408 2.6181591633563945 2.8094172282637304 2.5989049908710893 2.207261591683386 2.2338513896184566 1.2024889219819705 1.7573998537646283 1.9707509139679005 2.7140675112959753 1.3508092202117865 0.9679837091925387 1.1187666078093619 1.2645276902724365 1.4836154227757072 0.5756236855373806 5.498731093295467
9.99999999998256 0.001973248895117309 2.5090190173760046e-06 0.060596904835495624 0.002515154482495286 3.9998812811075517 3.999999999999998 3.9999999999999956 3.99999999983971 2.093424166375195 2.615990451819032 2.8062819131633536 2.594405206560767 2.2019549326413808 2.2271127029837436 1.1974698550831429 1.749536792888865 1.9608870102851357 2.6999192574075748 1.3412833339362782 0.9595236522222856 1.1086141137673862 1.2525740669154695 1.469245046520011 0.5616229200710082 5.572062714267397
9.9999999999966 0.002612942560116336 0.00035333468131813945 0.06894924402935296 0.0016771335854992237 3.9692365380105743 3.99999999999668 3.9999999999999325 3.999999999976807 2.0955398011565887 2.6200678932121066 2.8121645040569248 2.6028039647111716 2.211781940529851 2.2395931627704657 1.2066165412074152 1.7639531639159431 1.9790445933311795 2.727001191658153 1.3581305318297507 0.9740587924261397 1.1262331521001774 1.2735409296723534 1.4948356587180593 0.585600630060365 5.505154492075352
9.999999992607423 0.0025198924130172265 0.0003679397583027002 0.06536323408915629 0.001936713868372586 3.2817105338570363 3.9999999999999973 3.999999999792964 3.9999998879915175 2.0953796060958614 2.6197649455861596 2.8117278125246465 2.602186930264092 2.2110682143206524 2.238688529119603 1.2059280943331865 1.762918827457824 1.9777441419931454 2.724839680452333 1.3569020192336196 0.972877563272092 1.1248952345683716 1.271996560241293 1.493069058798272 0.5842423932852485 5.513157621809187
9.999999986777093 0.001998017958693813 0.0006028217041917378 0.00471645542745777 0.0021100176731683306 3.672959096326595 3.999999999999993 3.9999999999999027 3.999999996063615 2.0949278847411086 2.618852056864734 2.8103840902850505 2.600306775706229 2.208973323199146 2.2360081681047195 1.2044857433373652 1.760068038132203 1.9739632658921407 2.7186416277584673 1.3539602616891253 0.9709550579858911 1.1221701841815601 1.268427293977919 1.488174118333181 0.5824339653661197 5.4695277212960365
9.999999999999998 0.0014282472589967662 2.9588597399227184e-24 1.2079641990984993e-05 0.0035821718348755193 3.989534264596447 3.9999999999999996 3.9999999999999996 3.9999999999999996 2.0922711211160907 2.6138722815238857 2.803212830394095 2.5900906243051356 2.197022325497253 2.2208522269402224 1.193289288900994 1.7425616745409804 1.9519845440175312 2.686198202897471 1.333491753779584 0.9532145519499029 1.1007713744941443 1.243066427935749 1.4573715983048972 0.5529813335379347 5.552067360385301
9.999999999999957 0.0019356181048846648 0.0005587779578256331 0.0002453491955806567 0.002209299124232033 3.990158869014098 3.9999999999993787 3.999999999999958 3.99999999990927 2.0947125429228217 2.6184385904424152 2.809784835773632 2.5994612639044337 2.2080060566799116 2.2347823596549015 1.2036745594156526 1.7587130744088844 1.9722326166680682 2.7159659358803636 1.3524744538278066 0.96975133327929 1.1206897863564669 1.2666384078547555 1.4859325087816277 0.5810125594241407 5.46564789586487
9.999999999997028 0.0017092791396543451 0.0001756883785307746 0.0025662525663882074 0.002972765571706716 3.998332630112403 3.9999999999999276 3.9999999999999996 3.9999999878009436 2.0933756153539127 2.615912914169655 2.8061665107850446 2.594311167667464 2.201990467640736 2.227152294879902 1.1979788025461533 1.749897633467222 1.9611704103328937 2.6994844928483848 1.3420958466439614 0.9605647350322667 1.1097242253908162 1.253727622598225 1.4705890655021565 0.5653655590954508 5.499776979157403
9.99999999794846 0.004375165752346057 0.0022860319998725172 0.19653383748097733 0.0015081537971368185 3.791655475879294 3.9999997857473777 3.99999999995531 3.999994828302478 2.1027965309035137 2.6340870596301627 2.832564692513279 2.6317719520734526 2.2451581632288753 2.282168029985645 1.2348495488848392 1.811871039233913 2.0405363113014556 2.82131709591904 1.4122566780264088 1.0174103223059083 1.1809430943831218 1.340491643091862 1.5792283120494197 0.6446266095827163 5.597930315184797
