4.085649862602282 0.06219029614156042 0.09975124634699578 0.1998429357154093 0.04577291145151358 0.8284282017332393 0.12123131943400303 0.36907859572357765 0.6107603701844554 0.4298797755078309 0.34319101716118683 0.09772769316808685 0.0863143744802915 0.4736142066612303 0.36171522293989844 0.8078824907471251 0.4736503320446853 0.5468903328245144 0.2913980989994189 0.6773181632911492 0.5497574893999578 0.6763676827328211 0.4645411983104311 0.7615942296824445 1.121378253715982 0.007845177734235181
2.481182183492302 0.0668754309287894 0.08538037698865594 0.19980046895850403 0.042903492466563935 0.8827487431943232 0.16788623486802554 0.44814099020086207 0.6797788327548439 0.4519830446997195 0.34021950302663645 0.09455528012440002 0.08208573648037192 0.4454852513813081 0.33677043686549574 0.744638986478391 0.43221508704806016 0.4941711702530749 0.26089317170932086 0.6004778282918064 0.4828967530379334 0.5887287709090776 0.40076860638342066 0.651396657569205 0.8793614602344664 0.006789986667552708
1.6682965818103126 0.0765302002734752 0.0533709773848973 0.199951412739263 0.03514704684852057 1.0784305751834853 0.22685601835308292 0.5579950524405063 0.7920211773626724 0.4991433330701399 0.34813148769533075 0.09222720616809299 0.07610345858124416 0.4007445200179411 0.2955730663445626 0.6386066790825583 0.3623357485560665 0.4052495017716468 0.20945837683442953 0.47192447978839736 0.3717940726724451 0.44417878216441065 0.296427410866836 0.4727644068737079 0.5329344807898511 0.0060055326990856505
2.215230253899947 0.06721172566861076 0.08434600131149309 0.19964149591371905 0.04259220026589024 0.886025945496787 0.17761613240813862 0.4716424440720823 0.7070366830786894 0.4653078346015137 0.34359357752151454 0.0944656127162247 0.08157462760458065 0.4424115893599172 0.33418933126458406 0.7384987142389727 0.4284367870840213 0.48953344733034093 0.2581884419162948 0.5939112865193472 0.47722987901391456 0.5813340206960673 0.3954161645306409 0.6420833223835414 0.8613032352094693 0.006806789047570268
4.2312151066881745 0.05716190347198005 0.11994831261212036 0.1998131646290817 0.049384961803309015 0.765145248454813 0.1196993738996693 0.3674559637819736 0.613404078206957 0.43459382773990846 0.350467872281138 0.10062909185372117 0.09038344016991759 0.5037417704446809 0.3906362334489282 0.8855152152595679 0.5268789387657098 0.6169146744459258 0.33320123009166586 0.7845163881120426 0.6447263531015158 0.802958369246426 0.5579506791915859 0.9243393059474312 1.4946324060338156 0.009860293146056204
1.060932343515084 0.08949016361207635 0.013363497022827738 0.19943249777373995 0.025635951663387002 1.4868923615899534 0.33112770221329063 0.7602709885554211 1.0152339726966313 0.6061731059613553 0.38679529364779963 0.09576015219942761 0.07222418118650828 0.3595942674808627 0.2549507252120012 0.5330283089386292 0.29356784188915763 0.3194931816646568 0.1607813474026749 0.3528392788622481 0.27080456105509076 0.31511851185334294 0.20488288958458006 0.3183634810583007 0.27690128112699636 0.00606833506242649
1.5554207560418547 0.07643586357121374 0.054977965363584104 0.19962784433190317 0.0346897014909065 1.0948501043907013 0.23822930725377064 0.5819154278180422 0.8206210828214834 0.5144545060153489 0.3548382698624786 0.09321696979334121 0.07625795528736663 0.4013817570912791 0.2964479772267492 0.6413331678093815 0.36436470973774654 0.4078345503857456 0.21107410838530313 0.4756289414099089 0.3749526414484773 0.44835882317765957 0.299415431566183 0.47757542042809686 0.5400036984493218 0.006097311242746926
2.211759807352459 0.05691634886113037 0.12832295732689955 0.19938678236509574 0.048283133063278874 0.7854940849036188 0.1820627202268077 0.47819847598067067 0.7177815769084873 0.4743434090091623 0.35597833187329614 0.09957974731563492 0.08957362781528927 0.5015530393328193 0.3917201062590022 0.8946671613688291 0.5360596303014963 0.6312929828758493 0.3428266333842631 0.8112287638146186 0.6696272603334447 0.8380585406949151 0.584711614519318 0.9726611309207643 1.6384062360737994 0.01226933388072995
1.5286398681084596 0.07924468183779271 0.04475394177374011 0.19999322809776024 0.033224887264338705 1.1395848943041018 0.24373641453184608 0.5899429309383519 0.8260078820500979 0.5144724827843575 0.35237612596974727 0.09217441550467233 0.07486939951282694 0.3904589489354007 0.2859306723711564 0.6138554401698387 0.3461906267433117 0.38494596551013927 0.19784393046289983 0.4432814626655873 0.3473552727143955 0.412779705301571 0.27404059279335036 0.4349161537613152 0.468129617990491 0.005935869196035878
3.6715268212564287 0.05634801100298535 0.12499547960742963 0.1999130832881675 0.05039702915805362 0.7510098777313099 0.12990528049762398 0.3840741622301152 0.6268646578593149 0.4387856641087125 0.35093773330148553 0.10071099438926734 0.09079653235795115 0.5082460371225818 0.39579183485405783 0.9011425096707174 0.5384784426942245 0.6331807987007532 0.34343884541256015 0.8120142327868105 0.669948749908914 0.8378414592666391 0.5841322213727103 0.9719573758641106 1.5971906554236897 0.010685276730017335
2.5533528250451663 0.06531093792410005 0.091379483844884 0.1999438869329959 0.044143787744627114 0.858685153867928 0.1629781117520261 0.44149800397510586 0.6749795936196331 0.45127360430978813 0.34162148375971246 0.09529302100302864 0.08321349546438274 0.45384141247236703 0.3447156903724384 0.765817875931593 0.44655062590942013 0.512874893399102 0.27198211672933265 0.6287213475495248 0.507764265079825 0.6216960148917993 0.4249608122493374 0.6935032614898935 0.97314027529971 0.00708665784574746
3.436161498291242 0.060388418031056414 0.1088449912842954 0.19993225127557587 0.047409281786976905 0.7970515727045343 0.1354519940722182 0.3917761946254577 0.6304573275776901 0.4370270571083761 0.3453261251996006 0.09833120915361179 0.08750427234046587 0.4836365154295162 0.3720499396183696 0.8368419516213877 0.49411897768397306 0.5742974939166691 0.30789117065488697 0.7201062640993987 0.5879023145792774 0.7273869102366576 0.502311832869656 0.8274174384646881 1.266333580972512 0.008467664677449773
1.5554683586172675 0.0790071138442465 0.04522731383015606 0.1999981184295757 0.0334991744676899 1.1306691742703767 0.24029431303304127 0.5832586634206828 0.8186226018920763 0.5109308496480427 0.35107651468074674 0.09204242742470589 0.07493451348174349 0.3911801823799585 0.28661200319294217 0.6155277804659104 0.3472451683844104 0.38619791900171613 0.198546152397753 0.4449998460910128 0.348798400517933 0.41460165461695003 0.2753206510240346 0.43706226525632813 0.4704968108877379 0.005928029725207982
0.9223750468110639 0.09441944613806268 6.255453710391172e-09 0.19999999999999998 0.022483816548196846 1.687355324388627 0.3743004330673849 0.8451249190744492 1.111163399095036 0.6539035320910032 0.4067805242590562 0.09856065674932478 0.07199379583680167 0.35072037316284915 0.24468244085609972 0.5053826933732486 0.2754283094694077 0.2966742532429608 0.1480121342411301 0.32174998298725704 0.24490867548138243 0.282852954615599 0.18256414146527536 0.2818272251716879 0.2312772286494515 0.006267575252280197
3.148248494249252 0.06310112826227288 0.09847402806631696 0.19995423487172612 0.045782576353810285 0.8268550125778807 0.14302549486485955 0.4041013996170001 0.6394793580745721 0.4382608944390305 0.34186977064707974 0.09668123978467509 0.08522617275592645 0.46736177698860043 0.3567436852280769 0.7963564144421715 0.4666565407488735 0.5385043626922135 0.286795543701464 0.6661777987959924 0.5404268364198318 0.6645465768568958 0.45620184663638425 0.7474545933799821 1.0868895663707858 0.007556264322479911
0.20674717513482643 0.11134948657508248 0.08068518855149873 0.19940912385270562 0.00717785281425676 3.99967164353313 1.5446403477557973 3.2477105942994338 3.991173236836006 2.2024032498921544 1.216294818970797 0.26515265481269473 0.16275737043480143 0.6957990387699368 0.4413707431229025 0.8522266259390912 0.44434320487238005 0.46486968195255235 0.22841907761522887 0.49228660875492664 0.3750125236895718 0.4361273616025554 0.28532830264495707 0.44384270064128145 0.4791332185753022 0.035203075865901295
3.135834770029502 0.06286861280652122 0.0973910852852081 0.19932424045321157 0.04615971808466156 0.8233077163845264 0.1383026839942641 0.4026554641415632 0.6401607927404394 0.43908387681013733 0.34152973567393985 0.09667696482548188 0.08524739729711905 0.4666101709392064 0.355695086384735 0.7929438947266092 0.46407933631302645 0.5348445727134769 0.2844925212694211 0.659816171411291 0.5345959609239809 0.6565954225337862 0.4501910847278465 0.7369796436728604 1.068496244237851 0.007517056856393178
0.9242985062803843 0.09435617445601464 0.00016480037208178728 0.19999999999903323 0.022526993066470994 1.683976653380924 0.3736117902378231 0.8437666887377961 1.1096151314693432 0.6531223814667755 0.4064386214948808 0.09850747042689942 0.07198808720247543 0.35080515236225335 0.24479780886602653 0.5057088126505209 0.2756454314454029 0.2969454029877646 0.14816291258989012 0.32211605955168027 0.24521356017448376 0.2832336460114816 0.18282886436487142 0.28226431565133264 0.23186127963685133 0.006263776301492335
2.798385634892323 0.05238053035552813 0.14108298984625317 0.1991301254057654 0.05246566222894038 0.7222099389942427 0.15508907727150165 0.4285093782058471 0.6694421465303793 0.4560795499690149 0.3564716844427914 0.10195087619543139 0.09424672485630832 0.5281941087974633 0.4163076095550272 0.9578399169791423 0.5781532939332927 0.6850997839908713 0.3745151097740009 0.8888432488806941 0.7363011424473714 0.9239198115798138 0.6461202993538426 1.075131863355442 2.100505782187215 0.014644677601791726
1.9981182867259843 0.07331466778160822 0.062385526814920045 0.19997141296754267 0.03828468967974987 0.9898341279775139 0.19611869911694818 0.5004214734728265 0.7313370540851074 0.4720554822592708 0.34060345751640375 0.0922014873346744 0.07774050756425034 0.4137877572869898 0.3074649537406985 0.6686257966135806 0.3817424973701969 0.4295701327191166 0.2232748815212623 0.5061980584061991 0.4011095640746409 0.4819075666688246 0.323403188577821 0.5186358426472638 0.6154859887609928 0.0060958186445103195
2.5162799683543913 0.06297787101710697 0.09809039906845811 0.19909849016253273 0.04599751460348136 0.8233708720758864 0.15972405550224397 0.4421045047142061 0.6797697658392002 0.4555645460063403 0.34426234705026665 0.09606374390057766 0.08448484581259866 0.4630567652886964 0.3532292872446171 0.7882282352251176 0.4616572461179633 0.5322657979021357 0.28311347882745436 0.65679346216451 0.5320316589628623 0.6531305408589914 0.44760839311979655 0.7320843345697494 1.0488320382134118 0.007610943100500577
1.587918034692629 0.07841081661686092 0.047179511380451386 0.19999154698683103 0.03394640025729265 1.1159533890100406 0.2363294048625852 0.5756591821090622 0.8104461552254926 0.5071765258496346 0.34997217343297116 0.09203594469120262 0.07521017866305331 0.39348457713784335 0.28878309006460945 0.6210977751362479 0.3508859327359923 0.3908119578331937 0.2011622624024636 0.4514711378630301 0.35432805612172946 0.42170992366477167 0.2803922870947493 0.44564737521497433 0.48477681628361696 0.005940286069929143
1.3282514727215133 0.08305714693379898 0.032982619339192554 0.1999187885871493 0.03022819987047986 1.2528060668678174 0.2736481750958808 0.6478154580254598 0.8894529970330263 0.5445265006952535 0.36265335183063174 0.09287974550136119 0.07348885015606478 0.37734784314609865 0.273307727375395 0.5814087433845331 0.3250975248869764 0.3585459664307692 0.1828685020947759 0.4064442835798345 0.3160595900211473 0.37275693087192324 0.24564893263584195 0.38699861458581586 0.38786954677176794 0.005932544357622874
0.9228027085618115 0.09441350635465982 6.956370961633245e-09 0.19999999999999998 0.02249167043495663 1.686725787236301 0.3741445669894232 0.844811571027434 1.110802722570117 0.653718372576836 0.4066936207679863 0.09854512607164581 0.07198805255882124 0.3507085531812215 0.2446801859412163 0.5053838522472897 0.27543019006131736 0.29667667214897603 0.148016690515009 0.3217524819178619 0.24490919798721006 0.28285526541171685 0.18256583689477898 0.28182540978669407 0.23126112607725602 0.006266468025126132
2.1386905828858906 0.06984210165257122 0.07527497158574203 0.1999471181215391 0.04074855230372461 0.9301472919300965 0.18454102667557915 0.48155608753729057 0.7145687997925655 0.4667648252634013 0.34187184520518465 0.09346449679246879 0.07992965032349841 0.4303097189889864 0.3229141124976772 0.7089320198725463 0.40857546231516667 0.4640268530255508 0.2433452319140639 0.5566444469359482 0.44489582721113774 0.5390979404632497 0.3648127003779874 0.5897414638116145 0.7551669404427935 0.006428653845525569
6.804995151571346 0.06013808493319665 0.10719710677888938 0.1999783212671579 0.04393324933288223 0.8623250419295142 0.09547087476421043 0.33544610030678146 0.5941692924043396 0.4307638888157057 0.3502980836869618 0.1002648640758583 0.08904432679546768 0.4913105116597678 0.3773146159609394 0.8474188851746545 0.49958696253428647 0.5799981697651164 0.310676924164172 0.7260346108094512 0.5923570294330075 0.7325238031171536 0.505981144341677 0.8329415412138225 1.2946285035433827 0.009024319528737876
1.3966415640934617 0.08168329739639481 0.03719044121211288 0.19994032294802236 0.031312618044960494 1.2103836464563495 0.2623864200557439 0.6261060167460964 0.8655278394825604 0.5331430331297072 0.3586645971823123 0.09259175237804099 0.07395132760238848 0.3818822028889902 0.27773679890320385 0.5928005008581309 0.332512016535769 0.36779527839990284 0.18809280914800963 0.41924788306807775 0.3268840358028589 0.38654524045159144 0.2553739433685407 0.4033377636764243 0.41222684873876597 0.005922641321559147
1.3979470389877184 0.0816000816757636 0.03755392407947834 0.19998929947617297 0.031301724079779145 1.2107223033905157 0.26226376066543217 0.625751795168386 0.8651700056665991 0.5329483604054704 0.35858566177237494 0.09255573856864774 0.07397601906999195 0.3822259914520877 0.27805403963031927 0.5936585028103545 0.33305907737704665 0.36850419492808795 0.1885261930987532 0.42031639160333756 0.3278293955220851 0.38778554739704846 0.25630676369088295 0.40494004526249255 0.4179904534345767 0.005930831605452842
0.9223382316475462 0.09441994111660923 8.560440515199637e-12 0.19999999999999998 0.02248311135914041 1.6874134297647634 0.3743117570803724 0.845151911349318 1.1111944697175098 0.6539194958030663 0.4067880175028288 0.09856200775923146 0.07199420801149874 0.3507211994772233 0.2446826218528155 0.5053825698178553 0.27542797407746633 0.29667399661702665 0.1480111891771474 0.32174979180735414 0.24490859512447063 0.2828525448119821 0.18256372355999173 0.2818275139680224 0.23128001653638097 0.00626770467409918
4.927195608458582 0.04950998661042134 0.14764637717089082 0.19820864839846422 0.054841173441616854 0.688466298035718 0.11083004434841824 0.35656514613972096 0.6122787095694345 0.44109325546726946 0.36229766357494214 0.10543613425296514 0.09729465763427227 0.5508518322567962 0.4358362413689768 1.0070882915676098 0.6105913415519634 0.7272360020196964 0.4001877470001419 0.9537569832031713 0.7946234868891621 1.002958802894708 0.7056915951527376 1.1821260382467682 2.429690757666866 0.015929193061652067
0.9223602932057624 0.09441965309659217 7.95972055660916e-10 0.1999999973815369 0.022483496272138928 1.6873839863723243 0.37430431990347435 0.8451359200335208 1.1111759646270383 0.6539099583395019 0.4067835391759095 0.0985612079418969 0.0719939564455628 0.35072069913296866 0.24468252861336515 0.5053826809573578 0.2754281524623003 0.2966741801028984 0.1480113616076842 0.3217499370131522 0.24490867469185484 0.28285266259925346 0.18256380839529326 0.2818274600798753 0.23127921116328268 0.006267645732630637
0.9223552942646582 0.09441971909806497 6.237863670802785e-11 0.19999999999999998 0.022483412717805833 1.6873904739803394 0.3743060810273538 0.8451395395334604 1.1111801576453673 0.6539121202048845 0.4067845542073813 0.09856138930433014 0.0719940178247852 0.35072083895276 0.24468254941983644 0.5053826534718416 0.2754281238571838 0.2966741460061454 0.14801131610406792 0.32174990397813635 0.24490865390227262 0.2828526406601557 0.18256379275308626 0.28182745480611565 0.23127933809082032 0.006267658043860504
0.9223464516893716 0.09441983313879003 5.705685405761158e-11 0.19999999999999998 0.022483254223378712 1.6874025812170284 0.37430891787266596 0.8451459608138963 1.1111875795860522 0.6539159432058848 0.4067863491616651 0.0985617103983729 0.07199410995531788 0.3507210053514958 0.24468258681018068 0.5053826105844336 0.2754280307719975 0.2966740569254217 0.14801125741723578 0.32174984355820496 0.2449086229428069 0.2828525796402744 0.1825637457441095 0.2818274922932349 0.23127973752243705 0.006267683488913399
2.5580301941520256 0.05494057533105527 0.13565351091517994 0.1997653200425706 0.05007444461595976 0.7586977909825148 0.1651424457646477 0.44623695031702404 0.6855732671882723 0.4613451211994518 0.35512709288720407 0.10075016471422796 0.09323849238827828 0.5157298932985037 0.4052816004623455 0.9307951594415361 0.5609301890751637 0.6645936246286986 0.36359438962722784 0.8639429098425152 0.7170599967488817 0.9019575838311995 0.6332323312792592 1.055457524219219 1.8481077942933146 0.013683608476988022
0.9498250251060878 0.09347111028409036 0.0025935657761677754 0.19999997374517978 0.02308694041358675 1.6424322162037415 0.3647635026955021 0.8263171153810581 1.0897841727125477 0.6431597452648719 0.4021413624045425 0.0978590307522141 0.0719600776339875 0.3521962193503567 0.24654809401881875 0.5105717873447113 0.27886531104156054 0.3009611829783138 0.15042191107512093 0.32755238435601464 0.24974333291102258 0.2889076386642771 0.18677293689536448 0.2887841542662378 0.24069829461278644 0.0062192584384623845
0.9227079546628102 0.0944149336463774 6.549015556297342e-10 0.19999999999999998 0.022489651542125795 1.6869015035254176 0.37417933608350973 0.8448832311983719 1.110883910658639 0.6537595916395202 0.40671293648188434 0.09854861829086044 0.07198933216445444 0.35071133392312176 0.24468088388811624 0.5053840561881846 0.27543002863390925 0.29667636601234143 0.14801463430992218 0.3217518866751726 0.24490924946323467 0.28285416497904675 0.18256486507435607 0.28182650810919635 0.23126754716541337 0.006266773084702542
1.8220705368998416 0.07435328101030765 0.06013169786789187 0.19994599457014472 0.03696154633105585 1.02508599939726 0.21125592544667418 0.5286419800244048 0.7610544267337098 0.4853541100734919 0.3445138157375519 0.09235253977816106 0.07721379774674425 0.4096139935920084 0.3037880088627811 0.6595979243680531 0.3760349953305715 0.4225138405886746 0.21933548105579562 0.4964176670676151 0.39277841540089437 0.47123562524336965 0.3157934864656248 0.5056708940939537 0.5921466876937079 0.006080684035867975
0.9226930759195595 0.09441500878742813 1.517323855919106e-09 0.19999999999999998 0.022490682635582265 1.6867602980185274 0.3741837423467889 0.8448953036106437 1.1108971733543807 0.6537661607957872 0.406715958455211 0.09854920312418054 0.07198952875052196 0.35071166371120005 0.2446808978376633 0.5053838564633029 0.27542981035855457 0.29667630449402405 0.14801199975405818 0.321751573002335 0.24490955929671152 0.28285300351127207 0.18256372896924178 0.28182668405371086 0.2312718702874068 0.006266711434717891
3.1277804435350234 0.05986982786291655 0.11181939109097382 0.1997570748399622 0.047388275159305986 0.8106486560126015 0.14200784753339427 0.4054194675516411 0.6434670015752506 0.442026146640948 0.3461755814053474 0.09837059355335943 0.0877194666901263 0.48607952806001375 0.37486636507018656 0.8453398877370106 0.5003400353301806 0.5829398433313353 0.31342797737362027 0.7345238316157824 0.6010724403976209 0.7455972274779238 0.5161162940067375 0.8522765942758225 1.3393910595208194 0.008776453422611711
0.9223368087958129 0.09441996683366581 1.2683931676161408e-09 0.19999999999999998 0.022483109279802967 1.6874126717359623 0.37431295776997936 0.8451528944957358 1.1111956317997829 0.6539201012334744 0.40678830340907 0.09856205719465727 0.07199427239296473 0.35072129741495395 0.24468263167674653 0.5053825704020802 0.27542803087309364 0.2966740422946431 0.1480111827324839 0.32174980627167227 0.24490860213738616 0.28285260036960425 0.18256379391466615 0.2818275202318794 0.2312798568092995 0.006267697505888398
1.146348493016858 0.08740597632742475 0.020066208321058102 0.1999999997043377 0.027085849668737675 1.3977167011187281 0.30991256145822127 0.7185760374315245 0.9682581357625756 0.5828355436562143 0.37724001427130477 0.09446568290073579 0.07248277153029085 0.36507281332223734 0.2608847829816993 0.5490473787749447 0.30406715273725604 0.33233715294052946 0.1680624128141184 0.3703113709708388 0.2855600160739354 0.33402915060096705 0.21832917559383366 0.3412388277104536 0.31623673922556 0.006004969800549608
2.717327925323573 0.06682437256681283 0.08424550461351844 0.19997317990713415 0.04344366993062767 0.873016052815811 0.15571565248468047 0.4280994236139013 0.6607777815633775 0.4445681636390922 0.3385580164994413 0.09454492846918601 0.0822464721967052 0.44602678112924043 0.3368455394667029 0.744178545439542 0.43158262123978386 0.49311796665409274 0.2600934755446593 0.5984883091453669 0.48106842521074433 0.5861969826972248 0.3988569108269571 0.6482102097010299 0.8819082061665726 0.006754712571540623
4.5138340914114226 0.05966537227068651 0.11011331005504864 0.19983877253642324 0.04720274526240497 0.8006221308188302 0.11526169219680214 0.36030857479528394 0.6065848503138466 0.43117311727106916 0.34753213791976156 0.09946313017431892 0.08859261281396348 0.48996128008870277 0.3771660875126162 0.8489429209142622 0.5016384865653213 0.5835660679608802 0.313372372001411 0.7331102480661945 0.5992594289981767 0.7424665785724156 0.5134510983924968 0.847410179231235 1.3488742651353627 0.008740915511833067
1.841967812835458 0.0736789483145223 0.06245309013531214 0.19982106408008257 0.037395847423683855 1.012963136143554 0.20914973457851888 0.5251195882359216 0.7578142626739091 0.4842588513329521 0.34464337273215284 0.09255091156677761 0.07757558459306113 0.41235379678691014 0.30637040578354113 0.6663456178290524 0.380511202004601 0.42822611897161245 0.22266811279654 0.5046752272753853 0.3998938599512941 0.48047579885825004 0.32244135529577717 0.5169823482690493 0.6131916100306386 0.006125519899961962
1.6378503611484643 0.07755225548673003 0.049647944931942765 0.19999452054481265 0.0345697104333303 1.0966117602903234 0.22998917484726855 0.5640421524940057 0.7983290568989801 0.5018611975792746 0.3485009113037114 0.09200896875833137 0.07555493822126962 0.39648930773655067 0.29158448685434984 0.6282855677415631 0.3555291048560292 0.39662905221847455 0.20447786926953693 0.4596382047943745 0.36126973696814857 0.4305970814125987 0.28670892343571236 0.45631577284972236 0.5039371599952768 0.005957534400780227
0.9223915518965612 0.09441922648822706 1.2196687195778083e-09 0.19999999999999998 0.02248402447768055 1.6873437136365557 0.37429321688433015 0.8451132755503535 1.1111497492104745 0.6538964452826392 0.40677719084797104 0.09856007162045541 0.07199355838132623 0.35071992165994015 0.24468238127909173 0.50538280185325 0.275428319721433 0.2966743584113551 0.14801166723321238 0.3217500903202957 0.2449087408201612 0.2828527593795951 0.18256385890547178 0.2818272966223476 0.2312780923906717 0.006267569534960275
1.0890254509834463 0.08901611462592178 0.015360695000006822 0.19999269715207765 0.025955736999117657 1.4599404230776967 0.3238611575235214 0.7459076592725752 0.9989375994465602 0.597944023327178 0.38329068763103447 0.0952277063168836 0.07223997156543553 0.36117262580586007 0.25673987814770677 0.5380895558353949 0.2969229800411346 0.32343919983791125 0.1630634571833 0.3581304048861817 0.2753403874082014 0.32111225237341595 0.2092863801568309 0.32609275177281555 0.2940596206566918 0.006051497434753938
2.868817624784317 0.06560641204181106 0.08887451072549284 0.19997933753458694 0.04421078895424887 0.8575937639947553 0.15073171709608835 0.418592952480737 0.6519119538959084 0.4415710720689055 0.3393437370408752 0.09522096523386804 0.08319799855379245 0.45286267860841944 0.3432326378788833 0.760896853812555 0.44277678410426907 0.5075726496038011 0.26858980138162347 0.6199786843343419 0.4998866075891347 0.6110006179496223 0.4169954646754336 0.6795868771969757 0.9460889263845522 0.006969890293545529
1.8385002409097253 0.07500858652454173 0.057676344190539144 0.19991210032472653 0.036976830147829834 1.0217093555087933 0.21037202571465677 0.5261160912448158 0.7574872132296661 0.48312978182907396 0.3431626175551514 0.0920643515830717 0.07687081976486201 0.4069997647714043 0.3013240527522165 0.6530664115850184 0.371711675503325 0.41700429395819294 0.21614030199909626 0.4885337060837297 0.38605050224035853 0.46255249315322544 0.30958736376161483 0.49517808372889 0.5710195406255976 0.006017943591066024
0.9223827273839955 0.09441930195818748 2.1685754351681327e-09 0.19999998217363188 0.022483960809106873 1.68734491880724 0.3742975413008445 0.8451192095675752 1.1111569020330045 0.6539002250029752 0.40677896610231074 0.09856036329702912 0.07199370712837037 0.35072020346650645 0.2446823539139585 0.5053825865441067 0.2754283079632624 0.2966742238085632 0.14801224669950977 0.32174993741251273 0.24490855420241 0.28285290600721524 0.182564089667555 0.28182685013990244 0.23127638701699846 0.006267555685880489
0.9228616086259197 0.09440052314862922 5.462517619948918e-05 0.19999999999999998 0.02249469932064922 1.686539911166288 0.3741275599079313 0.8447831550599363 1.1107758218931294 0.6537093746456276 0.4066976057961851 0.09854841442178248 0.07199398804119517 0.35075260267439146 0.24472134515342234 0.5054901022069396 0.2754994658739334 0.2967630139755767 0.1480619899122499 0.3218702505708213 0.24500894923072405 0.2829786155802797 0.18265156950452263 0.2819716745784398 0.23147169215091679 0.0062667414643596195
1.0374410201156952 0.0905991034261176 0.010727070489985354 0.1999999821531923 0.024923521173880178 1.5205444152605678 0.33773019270597043 0.7731187669633147 1.0295706469554757 0.6131033089452768 0.3894754779630553 0.09604551302535956 0.07206513358594183 0.3576182786060696 0.25286280683306633 0.5277420252228863 0.29015625098402065 0.31502139687251557 0.15831618951323106 0.34664592920561044 0.26569838170131976 0.30895351366179996 0.2007558704018585 0.3119619548260796 0.2731458777302621 0.0061010931032187635
3.3807712481951175 0.06237750947697394 0.09950540376855703 0.19981065111617183 0.04616206905196673 0.8187888915562311 0.1365492499220244 0.39323719412767205 0.630157738995012 0.4353689211744346 0.3423449287236468 0.09709858830905924 0.08572805160255043 0.4703907210261729 0.35919628104288004 0.8018991122517993 0.46994606856688814 0.542179778257218 0.28865021086625775 0.6700827738032992 0.5432295292559594 0.6674389979837699 0.45778830504899365 0.7491247144320864 1.075237964817954 0.0077231403084970255
1.458482429694101 0.08061124222895727 0.040359762430689554 0.19996929256410048 0.03214778800781369 1.1788313812788591 0.2532564901209323 0.6082604098769722 0.8458887154587089 0.5237333688436149 0.35529767304601545 0.09226577676897253 0.07429382166109076 0.3854395765453675 0.2811562622575642 0.6015935215900505 0.3381868522134705 0.37489486835604513 0.19214348755003618 0.4291846530953107 0.3353518879249898 0.3973833142349232 0.26311330745116773 0.41640811852437887 0.43619204770999964 0.005922335923871036
2.9692762186955206 0.0637556941498744 0.09653178583443704 0.19994360215045223 0.04534267492985152 0.8354798916866971 0.1486496638817976 0.41380744758838317 0.6480339090735255 0.4409905031663801 0.3414327015822078 0.0962528929744979 0.08465336956637465 0.4635406156016966 0.353346645331308 0.7877559633278886 0.46101286941461245 0.531361842205567 0.2827230185173664 0.655893691060171 0.5315033305271534 0.6529163012244711 0.4477652062467057 0.732948074244142 1.0578280416401349 0.0074081824394125
0.2073701493122007 0.10829506512081576 0.09800423451868288 0.1993725807142905 0.007302569256118622 3.999984665498323 1.541933764157673 3.2489595943360046 3.998614073739292 2.212829772175094 1.2272133288695846 0.26845682038623064 0.16639138862612118 0.7160938248059092 0.45757470254906857 0.8898672657603857 0.4673261159392878 0.492402505906012 0.2430248445737397 0.528072334728851 0.4042016673603556 0.4721988170022573 0.30945130794178816 0.4845645532550487 0.5127172770254743 0.03549907307501777
1.627003395613102 0.07801392681098275 0.048110738170741615 0.1999326781463405 0.03436366110103962 1.1020429824589038 0.2317336780280922 0.5667653474636886 0.8007143374665088 0.5025738563483113 0.3483714268693169 0.09187631970642403 0.07533753559470276 0.39477793686855633 0.289974976335247 0.6240952080565295 0.3527761299192892 0.39315250928954504 0.2025246328646463 0.45473713089829343 0.35711009227368073 0.42525535458688374 0.2828801055148614 0.449861925888126 0.4929350803970913 0.00593667323321748
1.4229141403989443 0.08149666870055472 0.03732612345997219 0.19998408047590113 0.03160102456718897 1.1977623300271212 0.2584224651994698 0.6181707778427543 0.8565953868937973 0.5286831461497472 0.3567885247522668 0.0922859666603807 0.07391739292944502 0.38215683645409276 0.2780252451533366 0.5935086341491619 0.3329004824814654 0.3682459634283437 0.18833081619292305 0.419828922244616 0.3273716125196051 0.38715139672092375 0.2558056413932279 0.4040978414677499 0.41550173811945257 0.005906328790852332
2.24884757292355 0.06693925605742138 0.08557644446846907 0.1998733710759696 0.042929297034703884 0.8855561281553513 0.17766934311930407 0.4691604517208803 0.7033268842941608 0.4632264677422908 0.3432261101128229 0.09459267715504735 0.08196228061967015 0.4450867498026557 0.3364821706751082 0.7437788683539348 0.43159939148795057 0.4932232203234812 0.26019584086987135 0.5983478786721275 0.4807119501146576 0.5855616082798908 0.39817325641685136 0.6464163994493839 0.8647419983363147 0.00685875819988256
1.6897133036714995 0.0770664544498092 0.05115650626721247 0.19994360322987012 0.035096250315010125 1.0798953240655695 0.2248191285231548 0.553565794123598 0.7865747129789481 0.49612845989835763 0.34652704570980997 0.09187508471648209 0.07579049408799793 0.39857129140887115 0.2935086314049358 0.6331400960147003 0.35866213511639705 0.4005578402901496 0.2067434190569062 0.46520233215658413 0.3660507231636853 0.4367639298082129 0.29115941113561145 0.46388487369038856 0.5192164565047496 0.005962586682388609
0.20861543934921775 0.11163797136644514 0.07432960065830166 0.19978948988412262 0.0072420812647767865 3.9999387761570793 1.530045898201007 3.215054564857434 3.9489084573821405 2.1783063767475284 1.2019021510816643 0.2616238074642395 0.16038983958789005 0.6841492882248538 0.4327571791574069 0.8339304236100579 0.4336605936418111 0.4525835486832533 0.2213420639190651 0.4766721869632319 0.3617724233802702 0.4192389066310311 0.2726523350304781 0.4241550622754171 0.4251051885697458 0.03405247891705467
0.9223567848135422 0.09441969564050852 6.664553504183951e-12 0.19999999999999998 0.022483432014721434 1.6873891149070188 0.37430533409298933 0.845138479223796 1.111178917399628 0.6539114775108499 0.40678425188110623 0.09856133658965771 0.07199398529084919 0.3507207592107012 0.2446825413949754 0.5053826587103026 0.2754280994709362 0.29667412802049326 0.14801134450256495 0.321749904890123 0.24490865415405344 0.28285262110708265 0.18256377171005406 0.2818274579295162 0.2312793769116943 0.0062676571886708474
1.4598962765401755 0.08047074214487951 0.04088307468382249 0.19993099929957484 0.03224310836471467 1.1743226263538615 0.25306622846793225 0.6079219723267942 0.845581238060457 0.5236366714315337 0.35534620192211885 0.09230789298016899 0.07436509251306797 0.38595866887759495 0.281648574436659 0.6028787638710904 0.3390406076088559 0.3759799973237042 0.1927627640176375 0.4307371265862246 0.33668833281173255 0.3991049274015629 0.26430617688134417 0.41844929157644845 0.4396748666299055 0.005925672460216885
2.056440473380812 0.07267753765296477 0.06489574256296426 0.199991303641141 0.038761362506650736 0.978208805070884 0.19254866898263404 0.49307068503998797 0.7233783442149381 0.46844416886192114 0.33990995163877963 0.09236650332774951 0.07819563833284882 0.4171700876241415 0.3105745603339307 0.6766580548373944 0.38705203633794 0.4363588134639493 0.22722888227730528 0.5161037377535365 0.40970630810698755 0.4931402214648776 0.3315385482523638 0.5326450953178429 0.6437204996551342 0.006144534083581177
1.4841356403417623 0.08015417012902382 0.041649394320657784 0.19989265134396234 0.032573067444314485 1.161715744520338 0.2496608222137816 0.6013002041092818 0.838263682471747 0.5201248925378987 0.3540629441164037 0.09217663356152973 0.07444228897099599 0.3869006220704105 0.28255098056526184 0.6051653985343993 0.34049782557987335 0.37778154650913026 0.1937665415880557 0.43320363780590626 0.3387551140659911 0.4017334673409009 0.26617314326725094 0.4216006031791706 0.44591325230390394 0.005919280206444772
1.2663241717993772 0.08450520962209998 0.028527623193863993 0.19998299019804514 0.02924495590374433 1.292827756818508 0.28480730966144446 0.6695040206540145 0.9134412972714597 0.5560579084764501 0.36684375363395094 0.09326385761727371 0.07305932404305114 0.37286872155951506 0.26888487634719194 0.5699561073955947 0.31765114736690836 0.3492476067128489 0.1775950613710895 0.3935549137967072 0.3051437489211378 0.3588569251077267 0.2358028554811903 0.37048259016440255 0.36148269541830835 0.005940216101937255
1.289453649637183 0.08393852746852146 0.030249499130991557 0.1999407260769077 0.029646521181345212 1.2752818468870104 0.28051332846585847 0.6611509494417571 0.9041912689953105 0.5516019230875734 0.36520998984180825 0.09310890349542357 0.07322475530525503 0.37456091784105955 0.2705635567336605 0.5743101279749677 0.3204821826364941 0.3527814657122644 0.17959763733307785 0.398447574843185 0.30928259906328687 0.36412337296317937 0.23952561483623758 0.3767278883083632 0.3714616989344217 0.005934902955979693
0.9391286805647819 0.09385322601595823 0.0015290414261055262 0.19999998740106031 0.0228481301520953 1.6599431717433646 0.36841043127217343 0.8335031789180753 1.097938955197313 0.6472479005193293 0.403891815067156 0.09811893413879674 0.07196257330970121 0.35156228387124316 0.24577353125984475 0.5084332843462037 0.27745217073848233 0.2991991432154641 0.14943006789577706 0.32516515137919016 0.24775448732031027 0.28641440858197736 0.18504312553978292 0.285917931085308 0.23688054698508834 0.006237414618378287
2.7692332641659068 0.06411148285629859 0.09441967261271321 0.1997929754862328 0.04482030648920972 0.8424416325087655 0.1545162079479091 0.4255017490639259 0.6593362734096224 0.44524924642018276 0.3414590669861217 0.09586658635837578 0.08421898603664274 0.4597117600553149 0.3498046350160447 0.7781687888844144 0.4544171711050289 0.5224329274027485 0.27732040474790837 0.6416223518166002 0.5186653619823927 0.635633987169638 0.4348476621280396 0.709989801004769 1.0158767149061296 0.0072637111906043335
1.3570901425720168 0.0826803907021711 0.03383143649178212 0.19995837873962388 0.030650578687751708 1.2344578641050727 0.2687675361138942 0.638257939634075 0.8787566908163323 0.5392905812624623 0.3605910118845689 0.09262384165065768 0.0735459528959937 0.3783196180352945 0.2742961544563417 0.5839337668466147 0.3267038326794898 0.36052003313404835 0.18395977661689536 0.409116624555873 0.3182955269639158 0.3755814260174613 0.24761367451234778 0.3903111923532231 0.39296407644089504 0.005915143046195102
3.0041268187445946 0.06317178759225697 0.09742929507286051 0.19960205807433104 0.0457591019719983 0.82858660270295 0.1449087894750017 0.41056453085066297 0.6462722335503469 0.44095980007945507 0.3417369973377541 0.09640540555465997 0.08493996209100438 0.4652562816457073 0.3548654500032795 0.7914645816741832 0.4633370697173227 0.534115024811852 0.2841805760125212 0.6592674177548256 0.5342858145752227 0.6563968004404073 0.4501723765564975 0.7369546338458343 1.0715769678110516 0.00746796092693391
3.3323945121824172 0.06032093412804319 0.1092310861994239 0.1995905929908094 0.04752619097226368 0.7957375171046454 0.13788819438923697 0.39618575156363434 0.6342746202989443 0.438251420150506 0.34531025689852246 0.0982428301621606 0.08740589288189905 0.4832732871319504 0.3718655899846854 0.8366495430198084 0.49410414299008015 0.5744232689027807 0.30820816047989913 0.7207236333406233 0.5887723042227113 0.7291514532132373 0.5039586490532482 0.8311077718066081 1.2933150000257958 0.0084667903355943
1.7114431599150821 0.07662118639755974 0.052330551974453535 0.19997453221972444 0.035412748684592196 1.070299650686003 0.22194767955226227 0.5487846080506944 0.7819045934864539 0.49432792292915356 0.3462214679654461 0.09194150757766047 0.07597752239738935 0.4000290631329055 0.29485790759989816 0.6365536327742373 0.3608717730745594 0.4032943427793171 0.2082558247746479 0.4689333063086416 0.36917347509014237 0.44071238205457647 0.2938974794977885 0.468439186919126 0.524309053613812 0.00597185462809338
3.139701922673786 0.05824771349927481 0.11781166877289118 0.199916625194832 0.04988743977078632 0.7614587663165221 0.14092610881382223 0.4049009966267643 0.644403205768806 0.443493931964325 0.3479382883306818 0.09909228467629663 0.08909776245001691 0.49600545369177435 0.384026545956033 0.8694342399130883 0.5166473345124158 0.6041983685805308 0.3260380583201306 0.7664433311078365 0.6289998259840792 0.7825314386038008 0.5430388487943433 0.8986039521489556 1.430555937610763 0.009527829019969843
0.9223518180070086 0.0944197608935125 8.243367062282628e-11 0.19999999999999998 0.022483346506079027 1.6873956004857376 0.3743070430488891 0.845142075150024 1.1111830798542315 0.6539136229820486 0.4067852590078929 0.09856151485327941 0.07199404439341954 0.3507208748758044 0.2446825622685501 0.5053826332533492 0.27542806326494473 0.2966740930423388 0.14801130484770275 0.3217498735492119 0.24490863698746454 0.282852597812099 0.18256375661612725 0.28182747112481754 0.23127954861859584 0.006267669977285565
0.9224503712041694 0.09441831247931455 1.81474041950372e-08 0.19999967459460477 0.022485106057665523 1.6872587109043313 0.37427307190795783 0.8450702040382004 1.1111001039056325 0.6538709321401306 0.4067651979501673 0.09855790599945874 0.07199275778631346 0.3507183132999788 0.2446819972072706 0.5053827604491403 0.2754285295133363 0.2966745372491931 0.1480126719120967 0.32175010615936495 0.24490859728577072 0.28285286315487984 0.1825639846287612 0.28182644518598315 0.2312742860492284 0.006267396961568758
0.9230790385304922 0.09440967748526334 5.7895917894626395e-09 0.19999999999999984 0.02249848393625017 1.686105464955509 0.3740440101317156 0.8446164781047524 1.1105741080244254 0.6535995427667929 0.40663767700965514 0.0985352974797197 0.07198440593975083 0.3507012410582467 0.24467907155315044 0.5053853682175303 0.2754317640947184 0.2966787595124419 0.1480129317132384 0.32175355320537513 0.2449106801492584 0.2828534489657492 0.1825634984251561 0.2818259734801782 0.23126341321650726 0.006265689366801161
0.9223378986921174 0.0944199554041952 4.246425445332793e-09 0.19999999999999998 0.022483126935919584 1.6874117155511594 0.37431265112910234 0.8451521028796676 1.11119472339132 0.6539196347037523 0.4067880854325439 0.09856201910162868 0.07199426246781246 0.35072132164094655 0.24468263164395834 0.5053825856816065 0.2754280743171421 0.29667408345734514 0.148011186591305 0.3217498263444056 0.24490861548045098 0.28285261881927354 0.18256380090734334 0.28182751966763353 0.2312797650378046 0.006267694677867313
1.1685115777075707 0.08682885909412624 0.02171212480552999 0.19996074075571424 0.02749543880154176 1.3767797363050163 0.304884669325784 0.708730042796194 0.9572206921697255 0.5774130559483623 0.37508819102283397 0.09420083672873758 0.0725762719795867 0.36649954296484916 0.26238050175495703 0.5529806908305459 0.3066252861774448 0.33551885947979476 0.16985353395236563 0.3746685064918327 0.2892235033220102 0.33866356858540975 0.2215843133343531 0.3466745403820255 0.3244674838968084 0.0059901099393587015
1.4862912257748975 0.07985087239082124 0.04294563709351646 0.19990216901623342 0.03269691351157927 1.1572939500373904 0.24939548915465293 0.6008767528494272 0.837973790872228 0.5201230194690576 0.3542900467665312 0.09228992024290997 0.07462096952337846 0.38823231198828795 0.2838103516666971 0.6084649764356839 0.34268885654726927 0.38057199283197635 0.19538372361094067 0.4372064326119354 0.34219104911334847 0.40617126590901903 0.2694814390970873 0.42699038533814354 0.455622968981071 0.0059356788236081875
0.9223385645815042 0.09441994052831014 4.3902157185901265e-11 0.19999999999999998 0.022483120479311162 1.6874126524347215 0.37431171015473225 0.8451516670849045 1.1111941898810633 0.6539193525759077 0.40678795114733474 0.09856199722163488 0.07199420818200673 0.3507212030717087 0.24468262337725033 0.5053825781513434 0.27542799027032305 0.29667401470606625 0.14801118368646396 0.3217498048510621 0.24490860478068321 0.2828525569504191 0.18256373266874695 0.28182752674884 0.23128001932610565 0.00626770281809977
2.038126811846175 0.07073274684063859 0.07170314076814205 0.19992373461821067 0.04000086952432434 0.9469617364890189 0.1904722128324343 0.49348556707729596 0.7274089234375208 0.472571542566185 0.3430172486607436 0.09321818257758915 0.07921914413170758 0.4251226434507018 0.31812846029351144 0.6965405260831093 0.40039642688739085 0.4534926915793904 0.23717540415875302 0.5409989161349262 0.43118738860549466 0.5210380805780217 0.3516031019462667 0.566824473569289 0.7072163104862963 0.006336540200360549
0.9224056420540117 0.09441903886316304 1.946880889831474e-09 0.19999999324865264 0.022484297874002218 1.6873206828687237 0.3742886782113076 0.845102895889973 1.1111378428057443 0.6538903406816857 0.4067743266854858 0.09855955654556782 0.07199341181993721 0.3507196069423725 0.24468230932245097 0.505382842208531 0.2754284699152084 0.2966744608537555 0.14801208894606394 0.3217501709894993 0.24490876957145988 0.2828529567799761 0.18256406349314513 0.2818271680727466 0.231276800714595 0.006267521091640377
0.9225729540820742 0.09441667368435626 4.311691285989575e-09 0.19999999999999998 0.022488154867103875 1.6869770493345768 0.37422706562771396 0.8449821496561168 1.1109977855203481 0.6538180515776784 0.40674034356399935 0.09855353746684616 0.07199111066559415 0.35071488430312436 0.24468148016708496 0.5053834204113365 0.27542919127611604 0.2966755246726121 0.1480117224235505 0.3217509699570445 0.24490923354919406 0.28285283921081283 0.18256371001762625 0.2818269706608226 0.23127465619311344 0.006267043443850098
0.9223573169519944 0.09441968255987893 6.502063103183329e-11 0.19999999999999998 0.022483445024725116 1.6873881286379888 0.374305090643386 0.8451380983743761 1.1111784719161155 0.6539112461535266 0.40678414222071185 0.09856131771096503 0.0719939738003641 0.350720727232845 0.24468253459384393 0.5053826503915976 0.27542808268535535 0.29667412253701536 0.14801134298914043 0.3217498938363839 0.2449086448365952 0.2828525940493532 0.18256375028367655 0.28182744207051946 0.23127934113157225 0.006267656003863613
0.9224267971402688 0.09441871749987442 1.637668458554097e-10 0.19999991614360632 0.022484650090252592 1.6872950925929575 0.3742809701977637 0.8450876148989039 1.111120058305336 0.6538811436513602 0.4067699959830764 0.0985587780906678 0.07199310497651759 0.3507189579758831 0.2446821857862276 0.5053828708983577 0.27542845639970087 0.29667447941677055 0.14801208560014012 0.3217501549897919 0.24490876053225144 0.28285279709851585 0.1825638909788606 0.2818270524977725 0.23127651593897847 0.006267474176993214
1.5102805342204617 0.07956210952409465 0.04376316442625755 0.19999302641430455 0.0329703012639493 1.1483995641300093 0.24614412991179127 0.5945799332977261 0.8310472625090308 0.5168251094031686 0.3531306097050983 0.0922096119018272 0.07473846972549451 0.38929287628118087 0.28482641809006803 0.6110247142492207 0.3443499726754324 0.382636948863332 0.19652844232506678 0.4400379213865578 0.3445908224365323 0.4092337555348148 0.27151583072671953 0.4306449129235037 0.4605887790125643 0.005932472982251165
0.92240217859379 0.09441897483314403 5.631228757176389e-11 0.19999999999999998 0.022484452552560045 1.68729866173902 0.3742912936489442 0.8451036713702672 1.1111399053415967 0.6538918737686276 0.4067750951820219 0.09855963318947701 0.07199338126069232 0.35071939298398874 0.2446821236710202 0.5053823172712838 0.27542842134104945 0.2966742601457644 0.14801351148025108 0.32175006050863125 0.24490839767904893 0.2828535055857701 0.18256469673923173 0.28182617657132963 0.23127303574258118 0.006267454199168377
0.9661746600102304 0.09291498012024503 0.00414192302351231 0.19999996137000525 0.023444643701287977 1.616791085981588 0.35934483320417543 0.8156378738910715 1.0776669942727697 0.6370875825261425 0.39954561171783365 0.09747506353323708 0.0719580349662159 0.35314197279007875 0.2476983145209669 0.5137370777785616 0.28095563391467715 0.3035662691821085 0.15188046379592918 0.33108326748418776 0.2526899279611566 0.29260275728442336 0.18934696255247016 0.2930413276966914 0.24654423380161622 0.006192947911030172
0.9229354994036769 0.09441126499018498 5.0830191368710025e-08 0.19999999999999998 0.022496085512364337 1.6862794153064282 0.37408832585642554 0.8447076581537518 1.1106919260492072 0.6536646862368859 0.40666860021949924 0.09854047490062567 0.07198624643939014 0.3507043051562276 0.2446788855108486 0.5053824655771381 0.2754298449257083 0.2966765916101474 0.1480219251561452 0.3217538827373215 0.24490945936506095 0.2828590594090727 0.182569374963309 0.28182240802102565 0.23124690683295512 0.006265884667808602
1.5561202631935684 0.07892871317535088 0.04548942703818124 0.1999066371111301 0.03351509250032306 1.130245518907044 0.24022587907990148 0.5831289515125645 0.8185118288099495 0.5108990350441346 0.35109661263102604 0.09203633539477178 0.07495737547000787 0.3914253887895204 0.286835782565466 0.6161371280606767 0.3476325326764422 0.38672818016607763 0.1988755570040181 0.4457615637241609 0.3494675791012814 0.4154684021068408 0.27597779094681224 0.4381485968242938 0.4731498531080765 0.0059330358833568405
1.1654352781201296 0.08683617594899914 0.021819116335397373 0.19994548714939825 0.027415754249293336 1.3823411769499947 0.3055827256506585 0.7101281079550362 0.9588368522220875 0.5782430342797099 0.3754748056844347 0.09426920373294821 0.0726001274325716 0.3666078864765207 0.26245866069908547 0.5531764796627289 0.3067573823568946 0.33569094582781467 0.1699651078845145 0.37492526286042327 0.2894503161094025 0.33895866789189694 0.22181337006913368 0.34704179920393796 0.3255124712014584 0.005998504274813833
0.922771238912105 0.094413944552547 2.327185509417698e-09 0.19999999999999998 0.02249074187624031 1.6868179349543986 0.3741575546873183 0.8448353570973163 1.1108297978788944 0.6537323590945414 0.406700235403077 0.09854629138420731 0.07198850572328265 0.3507094965090048 0.24468035523112106 0.50538372862024 0.2754303301908064 0.29667665346829586 0.14801537266911297 0.32175219463533405 0.24490934740762788 0.2828545409922568 0.18256505043121035 0.28182527690017656 0.23126352800632685 0.006266590140256673
0.9223385557003203 0.09441994039887831 1.6559531206279038e-12 0.19999999999999998 0.022483119856671698 1.6874126817756048 0.37431170419217047 0.8451516739719099 1.1111941973737922 0.6539193562877742 0.4067879529699856 0.09856199793875368 0.07199420768540951 0.3507212004941529 0.24468262337137953 0.5053825782447451 0.2754279887063542 0.2966740135302526 0.14801118393583682 0.3217498044511216 0.24490860439535372 0.2828525558868081 0.18256373164835416 0.28182752720496207 0.23128002489441352 0.006267702968165537
0.9223444482822091 0.09441985990058659 4.625916285098202e-11 0.19999999999999998 0.02248321936612195 1.6874052124540724 0.3743096071892146 0.8451474116405203 1.1111892593846564 0.6539168093333527 0.40678675619182714 0.09856178378555523 0.07199413368556863 0.35072105139370996 0.24468259596472172 0.5053826022694127 0.27542801718227194 0.2966740430197133 0.14801123860401752 0.3217498319909725 0.24490861780310877 0.28285257125618934 0.18256374020196772 0.2818275015401857 0.23127981361699793 0.006267688693246929
0.9223532101195459 0.09441973671362462 6.336097834121247e-11 0.19999999999999998 0.02248337458145837 1.6873934774501618 0.374306529385682 0.8451410682428318 1.111181911300355 0.6539130192145716 0.4067849742337183 0.09856146360658224 0.07199402444965011 0.3507208300938192 0.2446825514422481 0.5053826280556925 0.2754280577555769 0.29667409307724 0.14801131122193337 0.3217498684619029 0.24490862969036536 0.2828525805961123 0.18256374273509007 0.28182744843858715 0.23127947207319327 0.006267666294494442
1.4195649143198652 0.08121609404519094 0.03869628187013449 0.19999943296389372 0.03161789489205223 1.198602354406161 0.2589676236142276 0.6193510350379721 0.8581204564316091 0.5295841740198246 0.3573962324966899 0.09245612246722826 0.07410406097947173 0.3835063510996338 0.2792920053343929 0.5968369147115699 0.33511819772535406 0.37107569206611124 0.18998471677959367 0.4238949725492091 0.33086643091049917 0.3916637661042298 0.25905669537185216 0.40957740625472433 0.4256742870547343 0.00592872704515921
1.4125885086638834 0.08134776084891812 0.03829623202736805 0.1999999904852794 0.031514010301155 1.2025563104284747 0.2600223871596468 0.6213940352797311 0.8603640185651508 0.5306499318680453 0.3577654386095562 0.09248397711806139 0.07405825877731774 0.38306183407915334 0.2788634265048783 0.595735433100285 0.3344031647264384 0.37018145699592525 0.18947701687346544 0.42264791543715113 0.32980713386613464 0.3903098780056023 0.25809564859102874 0.40795712174980325 0.42297775947802585 0.005928866362652556
1.4191666915810406 0.0812200855918306 0.03868897176275029 0.19999978944845975 0.0316136708501438 1.198748005268367 0.25902802250206486 0.6194690350936389 0.8582522710283426 0.5296484990796321 0.35742136783240613 0.09245921662030138 0.07410358297903592 0.38349634058941356 0.2792820516763551 0.5968121191589779 0.3351026904704044 0.37105688819850474 0.18997453390160168 0.4238700188695139 0.3308456487420419 0.39163769962847605 0.25903862519076 0.4095471747294845 0.4256300849096467 0.005928890465611462
1.4190479262244295 0.08122607734344758 0.03866620187242689 0.19999994966308887 0.03160999459920727 1.1989067427895324 0.25904548526467475 0.6195016917547882 0.8582858063570014 0.5296626431101531 0.35742329617472024 0.09245810696247378 0.07410073073848883 0.3834730784466577 0.2792599301428737 0.5967545204699501 0.3350646450965981 0.371008695335789 0.18994669704084868 0.4238014924036597 0.3307869139457765 0.3915621398526716 0.2589844095205325 0.4094558329318293 0.42548510700798575 0.00592874699389789
