0.32998250353554137 0.022634716318681865 0.09921268372240588 0.11123598410673659 0.04421731923801638 0.9680100802824134 0.33697899368422124 0.5433642009637646 1.2491594362403928 1.525136114134422 0.92476071495485 1.7228465988985897 1.9498759964075512 2.658773900774363 1.9930831314877036 0.8178773916201393 1.9499110492285883 1.8167639906872444 2.127715727510259 2.066024605933869 3.199380884965617 2.6125286394377576 1.8145691360369194 1.3367439813498871 0.416230792088441 0.05127902700436188
0.3476755989109034 0.02072048411200902 0.12415948434356609 0.12035236537625495 0.04738265727898867 0.8005460646641022 0.31504913176085064 0.5057764880884635 1.19997653595539 1.4743448264506938 0.9045184899320506 1.7033660142199116 1.968930739812878 2.7423987525466402 2.09992894586188 0.8810100375559065 2.145364073192344 2.04328354339358 2.446291711649473 2.4294556396146545 3.8148220159321893 3.217784192348616 2.2808134572660608 1.7230669991109535 0.6689106607466545 0.05270040793004231
0.227292438533136 0.023608673421918445 0.13641802957388205 0.10931044308637847 0.03240223968567022 1.1719206593033564 0.4846795694568784 0.7618567330752509 1.7675471741518478 2.144630654327378 1.2832240500844414 2.359938575351836 2.607522637823738 3.4821660816951905 2.5637324162731225 1.0366017792745772 2.4424798895931463 2.2550899811990512 2.625176616681552 2.5397633380145477 3.9248370101553367 3.2128261732431427 2.2392650181933016 1.6536001043023334 0.6076339222161473 0.06680025474844915
0.7490198829570834 3.6375656315904134e-07 0.12653887424089671 0.018686805115024747 0.07669548197615268 0.509032945832968 0.15311114713503848 0.2557782741976179 0.6420267215925266 0.8203483046967557 0.5422197607113769 1.0955802089529114 1.4306625675123446 2.198927505837744 1.8194680828831378 0.8098185335917568 2.0634954084447004 2.0299685040903683 2.4859769889232193 2.5036943085878645 3.999691652378795 3.3431462641092096 2.368420486890439 1.769628481940933 0.5097572848152103 0.03755619037497505
0.5331864282700256 0.01003833276919187 0.12526562636106417 0.0748287751173306 0.06454256732005745 0.6042702306366585 0.20942014782467458 0.34249353076416805 0.8356575859199135 1.0458899485096365 0.6649724407664092 1.297392913157334 1.59867377409672 2.353114477253023 1.888200020186044 0.82337078273214 2.071711336423896 2.0247119702080894 2.474215431009327 2.4947415216511293 3.999721377463123 3.361356388753129 2.3976313602199073 1.8056211119355443 0.612417628353245 0.04392984247480825
0.7459925974727607 3.20637851827614e-07 0.12154539148114968 0.013825306816268632 0.07625169371901597 0.5120866896401471 0.15320395417690647 0.25628037553855265 0.6425799698708556 0.8201703913218563 0.5409537126570649 1.090668765078967 1.417913175697065 2.1693081949632513 1.7865013800131582 0.7913323154140407 2.0065854185974854 1.9642997286248551 2.3936888637033396 2.3988013205425562 3.8131245769238977 3.1713229637086724 2.2354993347794196 1.6619697571247845 0.4547525235570385 0.037010477005172376
0.7493814918849143 2.9852653904563738e-06 0.1264552644659634 0.01865255829275331 0.07671024212717983 0.5089894966582968 0.15262392362587712 0.2555846575238452 0.6415404741264007 0.8197488449783334 0.5418761980399729 1.0949741845775236 1.430025552858743 2.1980841396877238 1.8188233692332878 0.8095383259850881 2.062747876730728 2.0291622359732964 2.4848729668317664 2.5024291794910156 3.9965572494147277 3.340992299066268 2.3667057095924533 1.7681855321600464 0.5079111620058078 0.03752877945939771
0.33403165928516054 0.019631215741361195 0.10149393159957701 0.09152588476454043 0.045130594624302765 0.8695633627061041 0.32416981595112676 0.5195933282071938 1.2347106948093616 1.5089354617894264 0.9153810248477342 1.7071107834559809 1.9345185486546304 2.6410263516386063 1.9814600061908354 0.8138371979788095 1.9415644665269898 1.809876599241228 2.1205349206039514 2.0594127131427546 3.192749310593885 2.6035604200790963 1.8072660492343626 1.3278043357956917 0.3971449379964878 0.05090276192540027
0.7341379977201713 2.922754818817622e-07 0.11005065279514965 0.002299292955205416 0.07506099148493839 0.520450903932207 0.1552567640787764 0.25885178424972044 0.6473423033571772 0.8238689378849069 0.540239237818695 1.082896961421095 1.3915633600146666 2.1044920306565644 1.713210574495069 0.7501600985260156 1.8803960148570524 1.8197018667173068 2.1921129946440963 2.1716772667839597 3.412628058901977 2.8058098764433184 1.9552614308368177 1.4370505983980542 0.3504323319590007 0.035874602487480964
0.7477993640033131 7.5034546137693895e-06 0.12515482262007277 0.017280044105576733 0.07649324290206452 0.5104838280180609 0.1527038040883548 0.25590977433827555 0.6424522511751832 0.8206178105496884 0.5420409518329781 1.0944928024231741 1.4273359256113536 2.1908643678685356 1.8103397107545118 0.8046581461443651 2.0475472669343406 2.0115146291859505 2.4600013058452244 2.474119512543356 3.9470178026680496 3.2945445385620182 2.3307602937829714 1.7390822645870057 0.49287403486208803 0.03743587897108776
0.7490121359516434 3.853721414438067e-06 0.1265428892722888 0.018709697286527063 0.07670581892792881 0.5090203864631007 0.15282596568085272 0.2557743793996141 0.6418200279424273 0.820075533082922 0.5420689356325448 1.095326193823473 1.4304231774537977 2.198676084284454 1.8193539939693155 0.8098110028568833 2.0635634745931717 2.0301068185225644 2.4862124352624986 2.503974541879591 3.999525389579419 3.3436002812146257 2.3687475010704704 1.7698465741499818 0.5087371190260428 0.0375379190756244
0.7336466226564917 8.494113826200314e-08 0.10967461121124489 0.0018596211707501535 0.07498008898541604 0.5208553203341122 0.15507319325246915 0.25888274327498784 0.6475844164886253 0.8240927617832563 0.5402709039905764 1.0827289740610555 1.3907759259643502 2.1024580906500163 1.7108818004715642 0.7488487337573093 1.8763885787454928 1.8151320150702868 2.185774520416726 2.1645758375300908 3.4001743964476203 2.7945075021245867 1.946646660207686 1.430177876133092 0.3473344180142418 0.035858726086114255
0.748633787303233 5.4095095864633e-06 0.12654084214456598 0.01869539407257425 0.0766998020182672 0.5090346476504467 0.15293111746552357 0.2558637517206338 0.6419237120995289 0.8201845005312568 0.5421196868438469 1.0953926534016607 1.4304305894801344 2.1986066587266695 1.8192581010093962 0.8097615877676055 2.063429411341312 2.0299739139844863 2.486050874295903 2.5038119894104756 3.99933638027851 3.3433759114085375 2.36858366866372 1.7697181344812263 0.5086500985435568 0.03753572843285768
0.3338819442482792 0.01919313289600752 0.05585820507805274 0.05341755876110975 0.04382299174899852 0.8944169760906934 0.3225406871041393 0.5133897004059582 1.214254506070788 1.474435770677544 0.8829574918103862 1.6249551604439831 1.791208191466829 2.3747204229967807 1.7273448604540873 0.6867313915108648 1.5835666427635144 1.4248917531676288 1.6093947116495275 1.5050975734218914 2.2447239686085467 1.759321021060739 1.1728327173157616 0.8269457428333544 0.15559070601251063 0.04598604586547256
0.7273261614158129 0.0023345484537872123 0.10446380315191725 0.014985503744576174 0.07409327107839894 0.5233057609334296 0.1937157455410526 0.25998372767564426 0.6505214137134591 0.8272094962032199 0.5413548310089361 1.082703875316863 1.3855590960336075 2.08713770756317 1.6928320846201612 0.7385675045656592 1.8448974956927853 1.7793817414568482 2.1363723146823124 2.1096164109430475 3.3047190978527534 2.708914680220004 1.8822677002084272 1.3794343461184826 0.3423504790181434 0.0360041150977095
0.7429962772160229 1.5385539573360685e-06 0.12178728504901258 0.013877700399040576 0.07617969507804578 0.5126714517412015 0.15420448588435737 0.2572021283774995 0.6443294398846054 0.8222197362671058 0.5420842775114394 1.0925534644572017 1.4196194658104797 2.17125974879983 1.7878787731069308 0.7919449365912601 2.008328960485036 1.9663133853848578 2.3965910339852705 2.4022168011483234 3.819431584790927 3.1772947308294257 2.2402272323047283 1.665872552190293 0.4566554215817042 0.03703760224067384
0.7441312221647949 5.87953248007622e-07 0.12074566000267829 0.012950256051420283 0.07613336027584003 0.5128589998750669 0.15359438460691982 0.256787291643621 0.6436580050600289 0.8213004724786162 0.5413714473789324 1.0908570465992133 1.4165966605271665 2.1650865709365723 1.7813257319570004 0.788324875213205 1.9972238680356371 1.953491218315346 2.3785517566707224 2.3816984804919827 3.7829100605367993 3.1436635060158085 2.2142340702118344 1.644867463310698 0.4464800251178057 0.03693200814883383
0.7457520350743175 1.1059147640753047e-06 0.1233438800956023 0.015502308552526623 0.07637763274114368 0.5112935712091379 0.15329592940202807 0.2563494121244785 0.64307113343575 0.8210782436201871 0.541889082223109 1.0931834572199581 1.4230118691978522 2.1801939487240865 1.7982474454037218 0.7978342698337207 2.0265013152230917 1.9872386262162418 2.42589871326192 2.435369982244512 3.878098066267794 3.231021701613185 2.281590153782588 1.6992110682908645 0.4729775194101241 0.037218342408313454
0.4106607323275579 0.015402126470334308 0.08982662836785796 0.067601020089728 0.053165503825902446 0.7243994447550973 0.34616802527379487 0.4332670111053892 1.026484084961896 1.2619938164264295 0.775363649704625 1.4635843266016846 1.6928790595519345 2.3502964279275997 1.786893292711384 0.7411543082257419 1.780082977275809 1.665837756149809 1.9540654788069491 1.8955908164879374 2.9292478046030515 2.3765676682680117 1.6386202629990614 1.1938593228896752 0.30300064245493646 0.04438039549573615
0.27857845942953635 0.02310434650935464 0.07855833309062449 0.08580308940608573 0.03795941255450421 1.0378714310076858 0.4014521066298791 0.6112283276982106 1.4403751314222812 1.744333045504573 1.0392470490078396 1.9038544703238338 2.084004221894433 2.7513599866193763 1.9984748207239929 0.795488358248218 1.841188245316027 1.6668176546190938 1.8983010407132759 1.793722597767636 2.708032102560432 2.152238131105327 1.4571641618922808 1.0449058600490344 0.25074245794310784 0.05338744080833829
0.7419421616220594 7.351803137931405e-07 0.11939011957317118 0.011556688068878695 0.07597666223651854 0.513960254049998 0.15394696579164086 0.25715904620655106 0.6445612529826484 0.8221685856541489 0.541533088017557 1.0903183579014686 1.4137096196483843 2.157433132356626 1.77246482974444 0.783295040215055 1.9817217742202837 1.9356612238428876 2.353620382263503 2.353502145496256 3.732984164378046 3.097879567680775 2.178970392745826 1.6164142652758113 0.4325638822773177 0.03680312685687763
0.3542673956724364 0.019358186921827916 0.1293484811217332 0.11533620613232218 0.048140298817971675 0.810843882382513 0.3074735857934753 0.49593311349850316 1.185085313705131 1.4571446130099512 0.8947990330937919 1.6892499288412726 1.961896688920418 2.7456745948983703 2.1122044441534005 0.8897493130330068 2.177459581131427 2.08257123619553 2.5040283570206547 2.4960223108187294 3.972438533078319 3.3257061691429324 2.370369368667216 1.788363551490518 0.6768800270413915 0.053441395645965506
0.28214361735887855 0.022433316877383126 0.10945684391920205 0.10334874314429847 0.03907035524329971 1.0034488281746923 0.381501751728451 0.6089639089790332 1.4398295671283017 1.7516381775166179 1.0531246515839932 1.9471104321210257 2.1717461404990237 2.9235297893167855 2.1667229812605733 0.8806306807951104 2.0824810255084243 1.927330213376158 2.2454093756973825 2.1715748510379633 3.3572510863676848 2.733536564387345 1.896868941083147 1.3947207301020879 0.4282387112242151 0.05662603743269078
0.746853019954928 2.174247237243231e-06 0.12336867772384907 0.015573744384933292 0.07640648091846292 0.5110028941276283 0.15327084978763217 0.25625489032024196 0.6425149026049225 0.8203982675459466 0.5415091201640722 1.092596760062621 1.4226344819770584 2.1800728155493703 1.7984133705982206 0.7979974691795931 2.0270680543777293 1.987919638779355 2.4268614918024527 2.4364723139273607 3.880046061516572 3.2329046778488912 2.283084164400939 1.700450142450497 0.47391092765749393 0.0371997251166304
0.28038359954393416 0.022402636796573793 0.1030106977565107 0.09815822109308704 0.038745453801694925 1.0113222062827778 0.38380879974635945 0.6114639702836269 1.4444275444300156 1.7553423166997757 1.0530804192596588 1.9428013366655486 2.1573781540670316 2.8910430719457176 2.132702052774087 0.8626802554825892 2.030113158724664 1.8695323683154341 2.1670258579144868 2.084942484973581 3.2063856573570275 2.5967516134736948 1.7921822736822852 1.3105042026253348 0.37852406697605934 0.05601164471945475
0.7456566225345652 1.7141744286881978e-06 0.12367857879996069 0.015871698548471973 0.07644512133863257 0.5107439944926473 0.1535318017265036 0.25651841502198774 0.6432519507100772 0.8213336238176171 0.5420955448309202 1.0937044465963053 1.4239906423920463 2.1822334463596067 1.8004212188567814 0.7990333477501288 2.0301707542027474 1.9914697437785354 2.4318635682913374 2.4421678231376003 3.8902344405086824 3.242190378241466 2.2902413390466627 1.706218134963367 0.47656694900491336 0.037238107459417566
0.21587787122696037 0.02517942992331483 0.090044845996083 0.08813818226558438 0.030206537412515253 1.2958341997035872 0.4928901107933961 0.7790925691623866 1.8251641289033498 2.1980418073398114 1.2951602391906716 2.347383247037207 2.518177761065306 3.263770409098582 2.3312796299934044 0.9140858223622187 2.0874681869166203 1.8675382365427415 2.1051490503189334 1.9717582146278427 2.9549942813370604 2.3344250980778387 1.573066072894335 1.124092306116112 0.26738890351483674 0.06390013508366897
0.2169983872497206 0.02490189839841679 0.133708432856981 0.11274335771987938 0.030730664097636785 1.2717273448921802 0.4932120061626396 0.7841945453310883 1.8457789897228625 2.2358838228009783 1.3328715189612668 2.4441670796328374 2.6848964118359797 3.56521114556663 2.6104972713783035 1.0498519822097427 2.4603481452199296 2.259993988311594 2.6171163222139264 2.5194576069769283 3.882712668747737 3.1556067634981617 2.1886367690735153 1.610473434952908 0.522812292587709 0.0690527245199255
0.7367130003583096 6.666944694580382e-07 0.11407465569972225 0.0062099614126183075 0.07540374783612147 0.5177868968428955 0.15479652937908578 0.2583245670111138 0.6463850835806602 0.8233715323490922 0.5408993907303232 1.0862182481685503 1.4010691560625481 2.1269882884215896 1.7382855158447292 0.7641528542513325 1.923108665906089 1.8684997597774906 2.2599353465510554 2.247872130558062 3.546575145349784 2.927670486075633 2.0483812008241555 1.5115178778830953 0.3835781502448384 0.03626919161190784
0.3247644537134597 0.018899210714032794 0.11597022446461092 0.09410537841862734 0.044613443896000055 0.8738056182130306 0.33405930081567753 0.535656115845637 1.2715770304359195 1.5553900278685584 0.9452758158881651 1.7662771866594869 2.0100585644736513 2.7577587116462308 2.080762281976918 0.8601008804110105 2.06636444645172 1.9409146285954637 2.2928895167316212 2.2463263378280964 3.514773113791683 2.89370931953863 2.0287743302352035 1.5060263224173973 0.484813081523762 0.05328685014557678
0.3065706083165399 0.020234480757451625 0.13157873186419586 0.10975610645264294 0.042718306161422054 0.909768926578126 0.3534880727260493 0.5672695548847743 1.346503000642575 1.6473447541357937 1.001573741180016 1.8725710859101914 2.1350415041596325 2.9375960709594753 2.2249268455789517 0.9240835228428226 2.232677286095771 2.1108793702176185 2.512141601867597 2.481326444411893 3.917283820136034 3.2563584908301095 2.3066995788474594 1.7311995717343192 0.6340301754154078 0.056961641295600204
0.35310920444066557 0.018944319944129397 0.11729227433047747 0.10297723845612147 0.047716865658063067 0.8183252008000468 0.3080214099839061 0.4958165723472935 1.1828910233475902 1.451775311031843 0.8882136559634395 1.6705174020137747 1.9250579207074803 2.6721695037162214 2.0381521288841453 0.8509386056505777 2.0633093477569346 1.9546025232027169 2.327073924121371 2.2962058740394964 3.616541306575328 2.9957302404262 2.1121319581450013 1.5760226125697507 0.5355758381324464 0.05164657556673313
0.31622854921728627 0.020985158687563718 0.11713396097973147 0.10822290319920602 0.0434049083378072 0.9008784847196651 0.34221875411758595 0.5488617356281463 1.3039362183469403 1.593976662706009 0.9675590731082937 1.8058737183083997 2.0513805573003556 2.810365676059286 2.1181492090672385 0.8748603249254984 2.10092978970844 1.9732261782056983 2.33147144519641 2.285326236328949 3.578750571204523 2.94989757516177 2.071187448854646 1.5401154789592792 0.5222388422738422 0.05442433524713673
0.3567488510349167 0.019124248512965316 0.12747736360586556 0.1128386431529163 0.048381463557401014 0.8066387556108929 0.3053772796660228 0.4925214146315052 1.1769806191053565 1.4471744586812008 0.888662332246414 1.6775913071603614 1.9479587996148273 2.7252006411788146 2.0953963003614287 0.882098207874396 2.1570441843986314 2.061160415736573 2.4757208926235723 2.464968478789458 3.918095998226769 3.2757639924706483 2.331403623459712 1.7562859094593608 0.6520775183591342 0.052970230700163455
0.7395477131420931 4.0204070716890355e-06 0.1154343394068223 0.007689710547180871 0.07559298939536045 0.516562836975332 0.15410134716672683 0.25762464122525414 0.6452384602250161 0.8222892594219756 0.540655291792723 1.0866600170085154 1.4039420594956213 2.1346873095253924 1.7471824912213458 0.7691681245734012 1.9384588397346703 1.886019768368037 2.284283228354199 2.2752151736745496 3.5946005363936075 2.9714145989553167 2.0818565769545776 1.538359920316411 0.395905423210283 0.03640177702591338
0.3629267974894514 0.018488369369843775 0.12187380035156584 0.10542098716628644 0.04894261622871417 0.7975762904927564 0.3002434534094313 0.4840996449337904 1.1568482938797742 1.4222064625595456 0.8730445176495699 1.6474403666100772 1.9107761038042792 2.6690141473194853 2.0481373927946414 0.8601571337629865 2.097600132820394 1.9981192988356677 2.391731929288225 2.3723915306983376 3.755671158075465 3.1264293261833984 2.214988354183448 1.6606339042962204 0.5834262482333002 0.05166402352835259
0.3880717814364679 0.01696482164147057 0.1224205961323179 0.10025378104640625 0.05169625837320741 0.7553486253744247 0.2817972293911145 0.4554402409393259 1.0915668090907171 1.34557726829249 0.830421384981609 1.5751097133811387 1.844431007517725 2.5985811129506007 2.009398598444295 0.8496122805816049 2.084172362282536 1.995510675024234 2.399131211648024 2.38858142082174 3.793024567749034 3.165512571669292 2.247226462500232 1.6874708232062958 0.5915973361794246 0.05013943265744254
0.7439580318384738 3.435625951049555e-06 0.11982118250474628 0.01209466348071124 0.076057168699719 0.5132195499091632 0.15382411957140188 0.25666433225593516 0.6435306035479446 0.8210233748865922 0.5410129019033098 1.0897615975233221 1.4141428884500775 2.1596431228790505 1.7753797972227634 0.785019823524208 1.9870982187266475 1.9418493577090716 2.3622430824546723 2.3632185218220663 3.7501191474643556 3.1135790730370028 2.191042123906842 1.6261477216657731 0.4375357556286781 0.03683668369920768
0.7398257521619325 4.1679071836306794e-07 0.11666977699693813 0.008859952768081871 0.07570815768044967 0.5156989285846691 0.15451591443928633 0.2577875250494183 0.6453637186261113 0.8226375260341278 0.5411261491210794 1.088102469072809 1.4071887086062644 2.141870601224443 1.7550042066845954 0.773500920213713 1.9516705756780033 1.9011537051379035 2.305397381387595 2.2990485029075987 3.636764131552076 3.0099189924896272 2.111408780124584 1.5621077757130397 0.4070330716691671 0.03651197798475179
0.2864332140425042 0.02255843638107475 0.117745550986648 0.11157266070475591 0.03997224326761148 0.9428910210594739 0.3853189020414068 0.6099064003118259 1.4216939891399936 1.7316598399265142 1.0468250561179802 1.9424745526354559 2.1814338048309394 2.9568654151614653 2.206470333664966 0.9029042174673972 2.1504420234644663 2.004191546912084 2.3518493827669635 2.291061577077225 3.564382935107941 2.9258716375095526 2.0477702787673566 1.5166155654283828 0.4939559182780176 0.05667843676178721
0.30151798314365974 0.022051743864847265 0.12769653921325733 0.11908154722467575 0.04176569896461382 0.9424294675362753 0.3590048366703945 0.5752326722440843 1.366124286126405 1.669739251766195 1.0132761342673144 1.8909313356321453 2.1485453268103347 2.9462819520769927 2.2242596160868753 0.9208277386028028 2.217929489685138 2.0906776695116163 2.4807277771199403 2.4433815596215167 3.846901095244138 3.189725147983513 2.2539432683541594 1.6875477396528349 0.6208186225595348 0.057241270202401946
0.748203722228318 1.5671542618267165e-05 0.12650579494800865 0.01873995151033281 0.07670137326151934 0.5089571841997502 0.15295692591075463 0.25584727797486334 0.6418273572479328 0.8200563928947455 0.5420315705367864 1.0952063707713273 1.4301694108405945 2.1981953696117795 1.8189234174497668 0.8096177864477698 2.0630736428055667 2.0296284719505278 2.4856134492271043 2.5033469158079296 3.999070736681595 3.3426528766873904 2.3680248539674538 1.7692572227401266 0.5085749514041853 0.03754415275957979
0.7511561214599022 1.6287834185122916e-06 0.1244114984445537 0.016806399428025462 0.07659539328888643 0.5097553492588494 0.15243884337948843 0.2550766828859276 0.640030229253482 0.817671025886098 0.5403045975684854 1.0913207425698481 1.4236904700238515 2.1853667527086964 1.805460373931039 0.802187535757097 2.040247495745192 2.003182429419618 2.4482088188281166 2.4605737171581277 3.922674832476457 3.2718456972751837 2.31299049554916 1.7244785337387374 0.48594314160009233 0.037306808806831675
0.24535013638056064 0.02394477552595393 0.10877796631081733 0.10167409517987808 0.0343382507917872 1.1385951891925739 0.43647130336642204 0.6939604258584421 1.6339054088206484 1.9793128641185977 1.1799972123434699 2.1636734313861314 2.375113405388463 3.149261900696682 2.300811439757126 0.9225463271335663 2.1539426344363366 1.9697026097452488 2.2690826865249036 2.1714868991484586 3.3243125346487767 2.6820626460644705 1.8453933304736636 1.346212966118189 0.38920884454954696 0.06112249137989144
0.7492787374106836 2.5635837648644737e-06 0.12644682099590818 0.018637123674050612 0.07670637101670903 0.5090286447212607 0.15265907622490024 0.2556335583323721 0.6416321226388488 0.8198513617594383 0.5419282108413297 1.095055257974759 1.4300734605372392 2.198088003848962 1.818777881003577 0.809500613605847 2.0626132827277748 2.0289957247693526 2.4846364740517672 2.502159895423127 3.9964136875109872 3.3405581325749036 2.366375009071861 1.7679257847138132 0.5077726612972628 0.037534779439230316
0.22142731390420972 0.024822923966838155 0.12376239461518317 0.10820068778983191 0.03126259184813062 1.2531141468505638 0.48307403052035436 0.7673825548393377 1.8051245056724046 2.184964983854727 1.3005305823623725 2.3811683690819283 2.6073371968906267 3.450631960490712 2.517751249460416 1.00884433967731 2.3552296452488015 2.1548590385936777 2.485084486763074 2.382146247035471 3.6549073796508367 2.9569460230512137 2.041233135433594 1.4947579393925026 0.45957120653158007 0.06691766005337171
0.34364298847085684 0.018964151343067205 0.1067544441626638 0.09285648959714105 0.0464001014147616 0.8421338051656102 0.31570945934372846 0.506903573979174 1.206416080618973 1.4769311323550243 0.8990729158002496 1.682448778077357 1.9193445303818695 2.637401310615323 1.991299896728606 0.822944740915135 1.9751328374548383 1.8519845443981553 2.1823430290365207 2.1313137151394663 3.3223808169022973 2.7237091818092867 1.9005385014136167 1.4034987052687913 0.42536408139327925 0.05083775446252886
0.2673381122884193 0.0234896990614213 0.12927250966315412 0.11932847214839296 0.03744811563445482 1.0443140210168087 0.40300569208225323 0.6437701708611314 1.5231552951085068 1.8548983435624518 1.1175192003086285 2.0707482505454866 2.3212091631140455 3.1427828110905036 2.3444728878687946 0.9598405898710212 2.288077804765761 2.1362112494617205 2.512400504019045 2.4545350414223317 3.8358073387917444 3.159122957951448 2.2187048404843632 1.6520326874574216 0.5922837464210028 0.06092199490899074
0.3078728370679007 0.02130647861696889 0.11862112054269788 0.10921675017638058 0.042442579749490006 0.9195751473786916 0.351142525495142 0.5628602872915847 1.33604774545456 1.6320626923340835 0.9892704520739048 1.8438628814985933 2.089216894244106 2.8557361148436105 2.14808421375231 0.8857103789334407 2.1239130537345003 1.9924347487926835 2.351936630798758 2.3037293491183624 3.605829475128259 2.9712824493970014 2.0859638851103544 1.5512121035824715 0.5212791344174696 0.055341346270163405
0.22987379821585094 0.0244485976078862 0.08537345216146755 0.08483383558462707 0.032025480938516065 1.2221001646921208 0.46336070074092767 0.733299292760946 1.7193528530134299 2.0726502623396175 1.2236215856491734 2.2218444431706925 2.391672838755075 3.1093285401588906 2.2269981671917556 0.8752691054370999 2.002866758132535 1.7948617983159862 2.0259603553897114 1.899522091986123 2.8487264416773184 2.25133621817953 1.517200093206291 1.08394691855564 0.25380885229210465 0.0608412100719619
0.2728532953891894 0.022626039776722656 0.03505769893974633 0.04905907123798227 0.03643733622685132 1.0767680364742767 0.3907585771285978 0.6161054642610365 1.4437128768678795 1.7367136372963365 1.0209217175130716 1.8450207745245102 1.963827299734294 2.5181451013966165 1.774394487458381 0.6843865710661801 1.5332926568664986 1.3422443766529437 1.476705127982778 1.3467488113802046 1.9608099162380677 1.5017191026394496 0.9790884885183897 0.6756585780378808 0.10549248008279212 0.04999289484352158
0.7462692435177484 2.8347113820156847e-07 0.12313846802237631 0.015292777331357704 0.07634228118145446 0.5114496488780276 0.15327330050658317 0.2563819019433687 0.6429162359334692 0.8208251847384983 0.5416813246681358 1.0927386635561933 1.4223403807100996 2.1789575033710222 1.7969742363520351 0.7971404942643179 2.0243646853246293 1.98476914491884 2.422424632584628 2.4314364332457625 3.8711168926690775 3.224698362945069 2.2767555735062257 1.6953446929421092 0.4711303938980682 0.037192032848584175
0.36155732790367456 0.017370363382835992 0.08427570323928804 0.06779404749522343 0.04771706843013914 0.819743616210057 0.3000247496578108 0.48085320736600706 1.1439058278863539 1.3985486300192675 0.849024512905628 1.5839679384599883 1.7939822635202665 2.4435660672689354 1.8260143273221505 0.7458027259233923 1.76664171688647 1.6328174144163083 1.8943486610419424 1.819532601149213 2.7868831986515343 2.2429267841389797 1.5352659649390714 1.111417085841075 0.2701004278963715 0.04680567674845407
0.3681785744277691 0.0181767101130103 0.1215444070244472 0.10410548575162856 0.04951444466645654 0.788468084045995 0.29616593143010683 0.4777335535703794 1.142285684060594 1.40501400242356 0.8633521865819924 1.6307153986230694 1.8947073639991647 2.650674041640118 2.036799738981928 0.8563797095745312 2.090402780823364 1.9928343834133797 2.386904536246232 2.36873132557716 3.751132680532526 3.123321778355952 2.213002296247356 1.6591378362413391 0.5817587755665625 0.05126771945217869
0.7503450891741056 8.649011652635084e-07 0.1217585249291688 0.014283731064822733 0.07639724404219804 0.511100025728097 0.15241156680872042 0.25505658861200015 0.6399925325796743 0.8172578715723877 0.5394939120495524 1.0885215900407628 1.4168925174409053 2.1698114143962997 1.7882158963453616 0.7925230930947844 2.0104830212597755 1.9688304152590868 2.3999277962906813 2.4057130426424576 3.8251191801139273 3.1820746087516683 2.243606155853091 1.6683547024415128 0.45812591420293225 0.03701897883298376
0.6538487377928341 0.002966261066370999 0.08888288814479074 8.000555695703684e-05 0.06998558826389711 0.5580843731935172 0.17225984593329738 0.2839602976103157 0.7013056114245675 0.8830123732728092 0.5672110592278878 1.1151719790254329 1.3838389291664361 2.0299570428017826 1.6086547119188639 0.6875418676985634 1.6855312370409008 1.597479991223046 1.8864416636094106 1.8331842795710975 2.8269799415360195 2.2817626797822603 1.561405281429151 1.1271528116632026 0.23814188601816108 0.03542901321509574
0.7492436684623234 2.4133590031999905e-06 0.12654273544759034 0.018713025692249592 0.07670843487158795 0.5090032339406895 0.15279219296817367 0.2557361721311324 0.6417567086473666 0.8200070749028435 0.5420366796819772 1.0952774546729414 1.4303952694902176 2.1986658814620346 1.819363922575271 0.8098196142628429 2.063588968740425 2.0301314043941936 2.4862405623579638 2.503999046713292 3.999551853408131 3.3436195773204025 2.3687588886339714 1.7698563012116082 0.5087323329740016 0.03753968938480469
0.32598561586500147 0.01986174335740261 0.09437059118633814 0.08590822622192354 0.0440434470704604 0.889451470810741 0.33152983795106694 0.5304007571781556 1.2581641206876149 1.5347409814095896 0.9275839928963592 1.7234630181076338 1.938698740044166 2.6273931203210608 1.9569039881044716 0.7979351983612029 1.8899306681351236 1.7491327382340034 2.034752772990945 1.9620843844923672 3.020438307791987 2.4457117095685343 1.6858021860768284 1.229927275438762 0.3348265995224705 0.05067432079090097
0.23072457784062497 0.02474201460142687 0.11537342845482955 0.10623321767640924 0.03242521322715986 1.2106707845067686 0.4639504067385829 0.7366139840595038 1.7330181924651993 2.0976837055787843 1.2485931985266454 2.2860182313602944 2.5026433804302313 3.3106329741179734 2.4139735229726536 0.966373565584283 2.2534913581403093 2.058941409335793 2.370641208220936 2.268287459465079 3.473088670448669 2.8035268576653594 1.9305722741035172 1.4099632095714825 0.4190662637545866 0.06424788665681387
0.740205712930617 1.6112327472010725e-06 0.11630140768310569 0.00857080187523904 0.07570689775965317 0.5157599095498352 0.15419105564628535 0.25758078062813095 0.6449564489569533 0.822092350052903 0.540759156616184 1.0873226552749233 1.4059703908985646 2.1395621316448845 1.7526662243890647 0.7722471591983088 1.947893780312657 1.8968386053027426 2.299364867713768 2.2922080840935544 3.624522561333423 2.998739555240017 2.10279720697007 1.5551420469600519 0.40374085392461406 0.03647258103488187
0.7458499911066822 2.262111690986401e-06 0.12171330237373534 0.014047626383238488 0.0763162834899758 0.5114584884347456 0.15377720342720422 0.2564308533875423 0.6427232109967094 0.8203799051445265 0.5411162611262732 1.091005571232887 1.4184141347759616 2.1701837166427156 1.7874426016031864 0.7918768938915768 2.008245376874241 1.9662960550008757 2.3965815120014295 2.402188404846165 3.8193244699656264 3.1770852004885524 2.2399741306327536 1.6655938330549602 0.45736010099544105 0.03700880521055358
0.22819073664042017 0.024629746944872428 0.12887374333423515 0.112565036868093 0.03222794119658486 1.214160733594749 0.46944583960066444 0.7468980391204298 1.7592096639524408 2.132512267786604 1.273026689124454 2.3376096623434273 2.5745107488229255 3.42689397705372 2.5148323551159946 1.0134587750131618 2.3795184439856585 2.189462393029272 2.5393005469379206 2.447842688402047 3.77678272685529 3.0726102422546724 2.1328659630575446 1.5705015729690595 0.5095426153658686 0.0663897881121196
0.3283206216061147 0.019863505651110464 0.09849641217097767 0.08957526134295098 0.044400910372350715 0.884184613372754 0.3294521442420837 0.5274999727151883 1.252236764056903 1.5287806727399076 0.9255211396125061 1.722513372512556 1.9442108336645585 2.64396630728481 1.9761676059606257 0.8086685687654754 1.9222928287923906 1.7856187038349138 2.0849280819290734 2.018034535487163 3.1183686384073255 2.534700374147516 1.7539007907313984 1.284596405927546 0.36583548655632075 0.050994052926210974
0.7493994107416332 1.6334273435762662e-06 0.12653349242136852 0.01873664608876686 0.07672506547361298 0.5088791087843699 0.15269672987587854 0.25559307346759697 0.6414380529133036 0.8196321327487586 0.5418292888403214 1.0949404238024127 1.4301293147501417 2.198460814109306 1.819309892788701 0.809831796078682 2.06368173394562 2.030260561164902 2.4864262229480416 2.5041995384686397 3.9994718642493163 3.34389474168681 2.368951480101438 1.7700012381904964 0.5088410731708175 0.03752743038890411
0.7083862344821013 0.002050817562388043 0.09302566235985778 0.0007198231006821245 0.07261569410065949 0.5370867003963965 0.15950532120809224 0.26533779574824157 0.6609678747099076 0.8371962585510452 0.5437948707496977 1.0799232718327298 1.3632094184004617 2.0267567984102643 1.6230648558377 0.6994209686469548 1.726023716605929 1.6448309962544567 1.9514513430713007 1.9042926817266965 2.947957587133219 2.3880961012823274 1.639914019953673 1.1878697407197816 0.25896691252217835 0.03509204098128686
0.741088920791197 7.128087130583141e-05 0.11867593752887287 0.011357357367405332 0.07586042982949676 0.5146595546353258 0.15425309261661022 0.25746355053891784 0.6450924405773995 0.822648694775 0.5416142209672851 1.0900680684640642 1.412360461315289 2.153875577671309 1.7683237280900206 0.7809379853152121 1.9744310419012714 1.9272700935715488 2.341886175157494 2.34027710557139 3.7096802833006395 3.0766749622679264 2.1627499614186427 1.603432400461614 0.4271405040396271 0.036752428507711946
0.7313236294097297 4.2778069085919544e-05 0.10780058065836132 0.00031252107232586314 0.07477887886463457 0.5222992482519614 0.1554648868782858 0.25941929405652 0.6486420960137566 0.8250228411507584 0.540336191133649 1.0817790887343648 1.3868335198858746 2.0924687220376192 1.6995281706480898 0.7424861863710337 1.8569893013553878 1.7930462631984934 2.155206156055146 2.130387206728808 3.3403348847736978 2.740314332275244 1.9054198251862016 1.3973513223300142 0.3335013375291882 0.03569905582549356
0.2514803457079806 0.02355334990913099 0.10296844713172497 0.0971712636446265 0.035073267018496196 1.117015767745829 0.4258917516731938 0.6769895155574547 1.5939643130633514 1.9307652607442871 1.150843640462416 2.109730211820787 2.314415640495542 3.0660792729547355 2.237531611830245 0.8959576558150033 2.0885405621778927 1.906423307500745 2.191703598192038 2.092695931871764 3.1957740222464364 2.5714502338612557 1.7641985717406505 1.2830373205966266 0.35665043878743935 0.05954443390377569
0.229153951600498 0.024648552655377565 0.08926771960691816 0.0885662800136097 0.03195499587404633 1.2275647579791709 0.46509376081058534 0.7362523005674317 1.726996673452136 2.0827907986060437 1.2307190818940876 2.236795060537643 2.4123908857667504 3.1425796286733076 2.255559090166526 0.8884433114444636 2.0376696598053003 1.830397216031415 2.0711674823944155 1.9468671595585971 2.927431163885784 2.3198306795926347 1.5677350358072442 1.1232691081692088 0.2716711152093172 0.0614077240532044
0.24651041752758443 0.02391925097931789 0.09813354588099234 0.09499376195181582 0.03432859806125748 1.1475127011405462 0.43395390674556944 0.688935371901328 1.6205659873767615 1.960617651605471 1.165839298083414 2.1321438202925935 2.3280067098306145 3.069636628379798 2.229664811736118 0.8886410664674534 2.061857497936486 1.873352455382629 2.1437201415714653 2.0374577125177744 3.097135126752899 2.480729315277382 1.6942361797266874 1.2265822493289888 0.32983882141816795 0.0596915035419851
0.7459076376258806 8.086099273937807e-06 0.125265241617444 0.017461352997831633 0.0766074565132608 0.5092164226470476 0.15334102087355875 0.2560207634928652 0.6415895167067522 0.8195277914282023 0.5414112595598404 1.09337692076987 1.426179257039093 2.189538572350145 1.8096727670026733 0.8045744893097048 2.0478325541584406 2.012261023066872 2.461393221380206 2.475947744369763 3.9505582357974127 3.297935078943471 2.333437018185248 1.7412198817400983 0.4948711928717711 0.037395587173835926
0.7462825896035308 4.9758969016153444e-05 0.12655742587794908 0.01895306898861943 0.07664538064473961 0.5092160544510398 0.1533121851390556 0.256305228476988 0.64271762859416 0.8210768025406391 0.5425714944896088 1.096063309308186 1.4307797460059992 2.198602132471872 1.8190054753862703 0.8096062837299207 2.0630200997642523 2.0296222084680977 2.485724488247768 2.5036063153584815 3.9998606716473475 3.343457468563843 2.368770216706324 1.7699535612712165 0.5095412183512141 0.03757075028960889
0.7485746078628417 5.848320714061814e-06 0.12653240160960916 0.01869088055516934 0.07670042856980244 0.5090198476961554 0.15292027811062142 0.2558483837144445 0.6418967609076984 0.8201510777786921 0.5420976919399636 1.095348109444114 1.430371821792683 2.1985152295019215 1.819180944946943 0.809726139527016 2.0633351661840296 2.029875598828181 2.485919588346389 2.503667017151484 3.9991312820987184 3.3431417715460428 2.3684013920300573 1.76956837124769 0.5085858571009189 0.03753580534712587
0.36768816192652065 0.018630300584955864 0.12955859029753872 0.11344952518943377 0.04965830315586785 0.7860236596941915 0.2968064201692601 0.4793552171644628 1.1472829078189222 1.4127200711902215 0.8700241711459096 1.647079995516051 1.9229572904786347 2.7040314917834185 2.089135985185655 0.8834372787187289 2.169461371202022 2.081233869471514 2.509104147837334 2.5068764605158216 3.9976392177443154 3.352477183693205 2.392839289860211 1.8074342800659584 0.6869383804194852 0.0526020490396721
0.7491063325610738 1.1126670984241342e-06 0.1265424720690921 0.01871369401664462 0.07670864521320495 0.5090174091675949 0.15273805995307962 0.2557108933499058 0.6417592437669876 0.8200093218538721 0.5420334173621487 1.095276661786799 1.4304062116913203 2.198706072101821 1.8194037384844586 0.8098391183739609 2.0636427873012275 2.0301847163825566 2.4863124327507005 2.5040761733151222 3.99964969839189 3.3437392987764736 2.3688490558473716 1.7699333263038526 0.5087922135478663 0.03754141294528596
0.23148713243065835 0.024515061918638673 0.12531016543209644 0.11091133794849065 0.03264944957520523 1.1979452309790128 0.4627453382220113 0.7361857790556375 1.7338962747146152 2.101661785405546 1.2544090878869594 2.303017667092326 2.535353031708408 3.3730604010444236 2.473847020705498 0.996256337290927 2.337312797219376 2.1487694295960926 2.4897326175231695 2.397569710598735 3.6950664272247153 3.0025101422154266 2.081528290422616 1.5306105068891858 0.4880010912208277 0.06536594612875031
0.747478091049754 2.6131074051851674e-06 0.12658288469368878 0.018696496605003617 0.07668265682127272 0.5090541216261681 0.15311564530283403 0.25604476818201605 0.6421960678533313 0.8204821190059354 0.5422640494924666 1.0956030037182147 1.4305290554293442 2.198607693668776 1.8192178200650455 0.8097559987893211 2.063483008095202 2.030113799761313 2.486344912309202 2.5042325160801293 3.999122018271708 3.3442621786622593 2.3693208648870985 1.770347256107566 0.5091617746629843 0.03752194724773132
0.2409711453335424 0.02422207512819932 0.10656793715599597 0.10072814851260356 0.0337162365078388 1.1623477989417073 0.44401818849585084 0.705425425557282 1.6597897966266966 2.0090764805784214 1.1958639225881234 2.1893622261366024 2.3959854966922958 3.1674038907744544 2.3072304333114286 0.9224244725748277 2.147489316877036 1.9582689963819186 2.249644172062862 2.147009786390483 3.2780221740059163 2.63775127901195 1.8102061374920912 1.317178832475333 0.37227855203479165 0.0615200023052247
0.7387933201039235 2.667294290287285e-05 0.11706982798992566 0.009305147047176136 0.07564316059266668 0.516256948105382 0.15437959734503598 0.25795122159841644 0.6461251778721 0.8235613133490729 0.5417094506845539 1.0892568892408665 1.4087670324272994 2.1446267787545397 1.7576940526454523 0.7749239644212748 1.955948189631855 1.9060399005700521 2.3122324847272084 2.3067937222424386 3.6504937842058114 3.0225520244820356 2.1211574126399335 1.569975290058182 0.41060159820634423 0.03659450081500121
0.7444325212691205 6.027032727433052e-06 0.12074181508144786 0.013004671127445145 0.07613410475208063 0.5126974688286882 0.15377567936837436 0.25659314395869387 0.6434631539064645 0.8210895002057279 0.5412618798291073 1.0906887933751208 1.4164895550332532 2.165046230494574 1.781363159399672 0.788362915253678 1.9973549076641801 1.95364376839798 2.378762186008344 2.3819257097399764 3.7832800823522503 3.1439975674126623 2.214483687185127 1.6450582786785248 0.446645165623631 0.03693611649433269
0.3447777552522866 0.0185790954944826 0.093068518291106 0.07981770349333497 0.04607362536887811 0.869770660377286 0.31412385101596496 0.5034373482125385 1.1966710596311012 1.4623377211611395 0.8869367939518867 1.653490383936182 1.8714706608542626 2.5500182231331543 1.9081601457556345 0.7811570850667975 1.856300534437996 1.7225883096498877 2.0080575642632046 1.9393085537058772 2.988447608557914 2.4211493299743765 1.6690980777877251 1.2174559633161106 0.32513572146952563 0.049090909999154705
0.2984608506628346 0.022019904236474853 0.12589570563688857 0.11665982194303276 0.0413873563323608 0.9459361228357467 0.3620808142158768 0.5804291731261212 1.3775524044924057 1.682708135863142 1.01992966294632 1.90108917851557 2.1549866264017123 2.9482233930755792 2.2205957143169064 0.9172201888326504 2.2042769722149904 2.073194106544604 2.4545876128746813 2.412388057265926 3.790012254719057 3.135810093462896 2.2111740242462656 1.6520702685225503 0.5900251562748411 0.057235529672999094
0.24798795991119618 0.02395114475798749 0.11640519340783984 0.10751996892304821 0.0347561643834903 1.1295676678315547 0.43245315244057236 0.6884039031185782 1.622729945999743 1.9683736899829358 1.1765832439402464 2.1631486588580464 2.3873218285346596 3.1827681986825627 2.3382271691737504 0.9428507955122499 2.21398204040981 2.0363964889397854 2.359780651375072 2.2718100494431037 3.4989957469926147 2.8403331802114593 1.9664303143268491 1.4435233602329862 0.4458667460927405 0.06171184879734249
0.20158597290451705 0.02578205493168799 0.10222612585629866 0.0944110323126734 0.02835824207078941 1.3839040031068326 0.5277941592013692 0.833978721254035 1.953592022521684 2.352553786646681 1.3860578118500073 2.5120327813738865 2.6954092514927375 3.4956196271120654 2.499383656617493 0.9813601762398902 2.245075766246532 2.0128683795994613 2.2747123999779357 2.1367597678543397 3.212731386895136 2.547230241980508 1.723275741668521 1.2367293623515447 0.31190086392407784 0.06831575734681719
0.7482199515406632 1.3190221880356903e-05 0.1265133683269285 0.018727071464395246 0.07669597264166762 0.5090195449484406 0.15296364692727013 0.25588325561699254 0.6419352970678044 0.8201859352244079 0.5421055799162333 1.0953378161013583 1.4303019287731271 2.198352130252362 1.819020091036811 0.8096492089812252 2.0631317735019756 2.0296702562222 2.485657864874855 2.503390287684546 3.9990144498953115 3.3427255487555585 2.3680864800988894 1.7693153953895222 0.5085629524563459 0.03754393200255957
0.6669613153736226 0.0039655311903405216 0.0971365750893325 0.01651415262515751 0.07090141584924785 0.5508841749218552 0.17027702313053408 0.2799252048651845 0.6931179111146603 0.8753303763748029 0.5652955571177394 1.1172210843673689 1.4007360955765884 2.0754409239551337 1.6609299644034283 0.7167504970469991 1.7739349352663452 1.6972189069055683 2.0230816430589416 1.9844607472266522 3.0891383996561226 2.5169224120964855 1.7386593074595273 1.2670256305779168 0.29871484245824526 0.036411875574057936
0.28163726505036735 0.02223371874063405 0.08779090731793716 0.08669801019677335 0.03861031606690974 1.0173139857480158 0.381177596593085 0.6064789608276867 1.4304888340072186 1.735031376641315 1.0368570850022856 1.9053047229273523 2.0984366298837402 2.787856918855602 2.03800310208856 0.8165729450394488 1.9026661482086444 1.7342155594414508 1.9888076778715482 1.8924725972538872 2.877493379854125 2.303328271883539 1.5707528055958417 1.134604085368515 0.2857103463146692 0.054110386148231694
0.6688533742053628 0.003915489929426639 0.08803987360355006 0.00786394239524184 0.07040583157752044 0.5532738986512149 0.1682114765398993 0.27828993144542363 0.689406072701928 0.869370219820527 0.5600243566817542 1.1037715901265999 1.3754423501305957 2.0239882270918725 1.6076150448313322 0.6882005061576193 1.6890817768807707 1.6021646590414094 1.8930251636072324 1.8404034189341405 2.839194095113526 2.2925185106174397 1.5694176728049747 1.1334395977614797 0.24454299440035326 0.03554168334809024
0.3263293773955451 0.01987888137759839 0.09298294419690208 0.08509863336106455 0.04404168202668763 0.8892215874036419 0.3311753652938036 0.5296961097540612 1.2563745723916684 1.5323236522058594 0.9258396657332854 1.7196782183591213 1.933149822087919 2.617976269791643 1.9483697576624468 0.7937911713880225 1.878451377184224 1.736888106379874 2.018529929008931 1.9444588431100265 2.990147539887004 2.418555343669812 1.6652245046748018 1.2135262824431032 0.3265268289643598 0.050489010646291285
0.748544476533266 8.257775253844337e-06 0.12604447345806005 0.018166766135025762 0.07657953328539811 0.5099086699404134 0.15262213245206396 0.2557868819369028 0.6422096540600112 0.8204733814984041 0.5421719315140343 1.0952223913352563 1.4295064454376665 2.196092778779472 1.8162437121576855 0.8079925720566625 2.057847293302726 2.023422518452385 2.4767635224805247 2.4931924977560262 3.980984321838069 3.325853400119236 2.3550015092368977 1.7587309213307005 0.5028855908035623 0.037532858432546494
0.23973557811733945 0.024468217281792853 0.12580072707355774 0.11410261482590077 0.033743409829853244 1.1603124754298928 0.4477078043735107 0.7124516295263918 1.6797851935691281 2.0381737079497104 1.2190391074184717 2.2427132621906196 2.4790115668627095 3.3111795355157536 2.4378122835602607 0.9854167250176766 2.3202858446879917 2.1406442706843114 2.4888011298195454 2.4046288574146994 3.71774663037049 3.030463373001664 2.107285824031446 1.5540961678633174 0.5197114406492095 0.06411763426384698
0.30105589233358726 0.02114456130147924 0.0978091567389889 0.09129249553094917 0.04120879503084598 0.9488626161202002 0.3578834487901851 0.5714857998138372 1.3522166642165536 1.6458248370134754 0.990385260900191 1.832443057431458 2.0454925122022285 2.7534368106619507 2.0388286772006983 0.8272250177336496 1.9512614812263305 1.7999398537750153 2.088544206531505 2.0102935311176346 3.091113167753664 2.501612082778331 1.7244028563397868 1.2587966110389328 0.348699481092616 0.05326728933763505
0.3714897789745471 0.01808533895306453 0.12415517496375662 0.10619298359449313 0.049949258574776015 0.7815525429008646 0.2937464845788815 0.4741722102862783 1.1345651606227416 1.3965247427999512 0.8593720450322737 1.6255279744653695 1.8940570486956139 2.657230933388641 2.0475331484892334 0.8632719317668063 2.1129946232758425 2.019835264307071 2.4257564139754684 2.413712329134834 3.832509258007389 3.199448893284463 2.2728622559826865 1.708439572603608 0.6125821354410367 0.05146371615950951
0.34722911306977217 0.01861169923825538 0.09675793805613662 0.08355277024750557 0.04652282323606962 0.8397479672236321 0.31224804919741955 0.5007438377023051 1.1909516573746255 1.4564993294609412 0.8847929425944064 1.652136775101602 1.8759521190981459 2.5644686616594075 1.9253135801024868 0.7908175225088302 1.8856307791372338 1.7558055009229963 2.053870089853764 1.9904888009690973 3.0781187342145557 2.5026642272351998 1.7314670945036568 1.2674912432060341 0.3520295790840274 0.049307162192069556
0.748504597362625 1.6031636900997012e-06 0.12655074956445958 0.018702477359207534 0.07669889050128421 0.5090414797170875 0.15290736799528917 0.255857161457572 0.6419534315229162 0.8202211683174425 0.5421390269634305 1.0954285822565024 1.4304755097674016 2.1986856813776203 1.819334315872087 0.8098022207446165 2.0635546528891577 2.030119705859385 2.4862599450938334 2.504053721062416 3.9992010519446874 3.343783835358552 2.3689021286512055 1.769979575392838 0.5087845190939151 0.037530592965084285
0.34801767477216766 0.018173386437211756 0.08178955760781872 0.06895356631035116 0.04618966273047675 0.8461202114737676 0.3110288422958696 0.497663339758653 1.1817649890311241 1.442306157329855 0.8725578922092974 1.6223847390178694 1.8258037568216012 2.4722503167856926 1.8373976214050787 0.7466850667411644 1.760566473254163 1.6202992068400492 1.8724741680248578 1.792055934139397 2.7357041901744195 2.1950044497976178 1.4982050152632589 1.081723081614581 0.2578695956674242 0.047491262940853825
0.2894105824840774 0.022229861247827665 0.11990746722620833 0.11126943186289204 0.040172394375565974 0.9719628553251524 0.3726934560228387 0.5963510476397578 1.4127992784381713 1.722603479768803 1.0402990319984489 1.932008837210014 2.174287952693554 2.95347868343117 2.2089093133665507 0.9060443976322641 2.1624389435906193 2.0200033067534107 2.37549965604958 2.319098951526556 3.619414325082797 2.9751029384728263 2.084283312986437 1.5472835236828995 0.5189372969368808 0.05724735206464599
0.33905539509833565 0.019063374078865037 0.10179833162544315 0.08874656086390395 0.04575840089933505 0.8537057520320146 0.3195930314055351 0.5125277782910059 1.218447261157233 1.4898875635551014 0.9048079126862276 1.6891606130966963 1.9178675275863806 2.622859700383177 1.9709026353828378 0.8106324638684618 1.9362983802958103 1.8068981167281346 2.119022591998425 2.0595641634342767 3.195152603401787 2.6068572820483524 1.81028637070208 1.3304413639241843 0.3843670700458562 0.05053257975274893
0.2994883130375321 0.021279942694680785 0.0883119832747837 0.08505155983556126 0.040791328118074385 0.9605813228087097 0.35925094849405015 0.5728373451489492 1.3538594137746567 1.6454002621692962 0.9872251919634788 1.8211675823949385 2.020574779749743 2.7027876506216555 1.988289326036727 0.8012797735619689 1.8769400109109486 1.7190255524616014 1.9800219857421364 1.8915403904923853 2.886235397081547 2.317595195473925 1.5848917132695295 1.147637097532035 0.29239580556100714 0.0523316181936768
0.7485224597614073 2.778527406175268e-06 0.1265093146260193 0.018663322647455342 0.07670033035511171 0.5090225901583821 0.15287318189209942 0.2558146731056007 0.6418680860363454 0.8201148631742375 0.5420703928228183 1.0952907415295337 1.430286925406852 2.1983667149746466 1.819034953646516 0.8096489041421361 2.063103514681814 2.0296080284815843 2.485544610110816 2.5032377940804604 3.9988099434362 3.3424256410979014 2.36784290686972 1.769117388864225 0.5083700811687492 0.03754579192931328
