5.068552202073218 0.03370319466685423 0.030344910655771735 0.11008878162552459 0.006316367437625863 1.445707633817375 3.047189950714388 1.649734842618914 1.8956338226683473 0.8844630262763586 0.8904110748876748 0.5843253179601968 2.2885803998261514 1.8754044563806533 0.6877156176165775 2.185425443730246 3.1891155377474196 2.4884290301525716 2.260302492012454 1.88595485626082 1.7110556420179233 0.9348537730704867 2.986949330781961 1.0107449094201544 1.4365701844508267 2.4130740427452606
6.684735432593318 0.033148950348940796 0.05040681964255868 0.12710305589906468 0.006552522304404956 1.2976537029106074 2.693280644865169 1.573960836516815 1.8874036652486303 0.897383652025972 0.9167478284291816 0.6077287278866479 2.42732512731167 2.0282590906907574 0.7584066387636395 2.4573716649594735 3.6552145068379787 2.909162380852254 2.6945352881809774 2.2925070150385567 2.1207716445230784 1.1817197379721716 3.8475161838677674 1.328031733278252 2.2847239538902016 2.59391412641169
3.8083180946604225 0.034346343140747956 0.04950381079010881 0.1322083357698431 0.005908517391073573 1.4696452021890782 3.577690857106908 1.7815791695510432 1.9796058978274729 0.909106828877161 0.911332966701547 0.6025021406656234 2.4059356329659236 2.0110226859200555 0.7521520000091321 2.438024173068654 3.62872100811653 2.8880027440634874 2.675684627005585 2.2771836239986474 2.1073620069120875 1.1745192824108743 3.827376747720354 1.3212935641810115 2.289079513050666 2.913560151220725
3.5575581451942506 0.034448106655201954 0.048202896766312404 0.13116550365680266 0.005818216822366558 1.5381302786607198 3.730419499187338 1.8222704152786144 2.003548027760403 0.9134741365110782 0.9102637119244887 0.6005799729002179 2.39448856899681 1.9989616129355274 0.7467309969146235 2.417391723114502 3.593692739349449 2.8565271611481027 2.643260761544334 2.2467303572959048 2.0765650699944267 1.1559976075358729 3.7624861423803004 1.2970242404260115 2.217099113609561 2.941757803826487
8.805572971321876 0.032634286078444756 0.050366248113239996 0.1241736808924723 0.00667589359825086 1.340414934989762 2.475249953139027 1.5439102925961867 1.8866729583041286 0.8987112831457318 0.9186328283280221 0.60882351066539 2.4303420797154485 2.0297076243450953 0.7585399936183692 2.4567092723546646 3.653695441907101 2.905407641696208 2.6894661473580412 2.286756450380893 2.1141466869196806 1.1771857452877055 3.8321810325159507 1.321222095575866 2.255852922559267 2.5175041822657382
5.538572906685304 0.03326797826212147 0.045829604014267625 0.12283824371066755 0.00662833108181642 1.3483823738895837 2.927386142280536 1.6173076309712164 1.8992383120233731 0.8940936188226938 0.9090516275748478 0.6011856477582365 2.390458910468669 1.9886230209823241 0.740284672441154 2.388220288441639 3.5380212391151944 2.80250958690654 2.5842112850876733 2.1888264820966725 2.0158895644317556 1.1182209032152126 3.626502329203317 1.245629592312851 2.051148633683306 2.5309486532724925
7.157549940333943 0.032856529858773256 0.04825269998672202 0.1231795487252178 0.006752840905570053 1.3255277439567699 2.6393689355693497 1.564604013928561 1.8864849914374846 0.895798479543854 0.9142979905885426 0.6053700279147882 2.411991817998703 2.0105952797965227 0.7499854005796067 2.4244444626483985 3.598980711010485 2.856577597303217 2.6393802755968987 2.2400464725995897 2.067182882315455 1.1489493271249749 3.733522514942314 1.284905135469418 2.1563892565077105 2.5174239241726584
5.69232613862292 0.03321337832592744 0.051894958781851484 0.12860748073485462 0.006646922667773526 1.347317555802093 2.8846069490118627 1.6103303055376659 1.9015914916939776 0.8980658670761432 0.916644350479537 0.6080976605428261 2.432532718894573 2.035814672905755 0.7624174628355378 2.474435962087534 3.6878099838691774 2.9387428159694107 2.7261373575915484 2.3229256556864435 2.15225545099429 1.20103720392076 3.918475266186764 1.3539982887086202 2.3668014979297314 2.600666659503979
3.4289669129112674 0.03624156051957201 0.028327078515760544 0.12398571411870894 0.004704497226016325 1.877707676309976 3.814079171174295 1.8386507337019902 2.0030662794266165 0.9051194633462745 0.8908955972151402 0.5819370467517981 2.2777922530310892 1.8671755358474673 0.6852477379750672 2.177098309549446 3.17871679855637 2.481798212450247 2.255936199367895 1.8838212799331064 1.7106979831081002 0.9356576642961456 2.9913161096150667 1.0138873546069767 1.4644066673240634 2.7261237189062753
3.965902082678382 0.03408242409643089 0.038826393665935405 0.11992078739032826 0.006058093390541157 1.4776890901650317 3.476291119957512 1.7476205901890411 1.9538711856727182 0.898478026504308 0.8989802935228164 0.5915623615336495 2.3370550044044327 1.9321687857939074 0.7148028771466153 2.2916763672174114 3.373910782797138 2.655935087600594 2.4339086191041264 2.048800167697425 1.8753257581748055 1.0338779147259 3.3324866568373905 1.1376727051919706 1.7643010008697324 2.721310122361495
5.1590528058385265 0.03341720147180606 0.052254400035433884 0.13000852838321333 0.0065462239126808375 1.3673219458302301 3.0279757147109017 1.6421942301204917 1.9142379993585052 0.8994744298567885 0.9160830844172065 0.607746377497006 2.432448994036061 2.036891183872069 0.7632469415521271 2.478512851392587 3.6959606448303504 2.946898334910142 2.735260540951938 2.3320384047999356 2.1619541866280505 1.2071582122574072 3.9407798531812617 1.3625231303127576 2.396824045605003 2.6453291046588623
4.992828358347777 0.033485989111748785 0.04323781365217488 0.12134741933270977 0.006498356773835435 1.3773064099685215 3.075895005429728 1.649250885055697 1.9096692118745437 0.8936088587115901 0.9051163712821185 0.597713609341501 2.3709526556724025 1.9677106196800815 0.7307556399442534 2.3518582541828574 3.475857126378249 2.7467163297778545 2.5267501928299256 2.1350829942860137 1.96174180557002 1.08561740532001 3.512474971314335 1.203629779739478 1.936476039265327 2.5510253485967906
6.166790506600668 0.033072016964494785 0.03855580097952171 0.11457726671717265 0.006709189614211793 1.3340670868375162 2.792038380996145 1.5865502074656823 1.8824176767735734 0.8882413359177741 0.9011984913346268 0.5938382849181167 2.3437022548639845 1.935226360831493 0.7150533697284975 2.289681031107052 3.3668373869204284 2.647089147994824 2.422741629914726 2.0367911795858378 1.8618965198712878 1.0251031552779797 3.2997281897166424 1.124928604964538 1.7182046319614013 2.4280061798562533
9.04233608590404 0.03261044260158616 0.05087975060753771 0.12453684161409745 0.0066455706625411295 1.3462661744099234 2.449823173575361 1.5406392826455297 1.8867957848931596 0.8992856955640094 0.9195408793310735 0.6095761932295413 2.434542283228162 2.0342310574217763 0.7606147102238341 2.4646830674658604 3.6674419695756466 2.917856562014234 2.702408227140031 2.2989781427349762 2.126582200517733 1.1847488578146765 3.858901197911561 1.331164461076557 2.2859841081724332 2.5230371616104676
4.951214761314594 0.033511507028602984 0.050702125059737445 0.12894297595246665 0.00649259381732982 1.3867633154083725 3.094064310831496 1.657091375177433 1.9194256086434365 0.899237398016489 0.9138680769394739 0.6057211921600026 2.420759794610125 2.0241495560476457 0.7573658055967312 2.4558288247717845 3.6567984908686735 2.911426624927379 2.698407425620872 2.297278034603933 2.1266432437232594 1.1857249363609978 3.8652241727129 1.3344749565261393 2.314237451671705 2.6496380059802154
3.473087992302219 0.03454674777159961 0.052409063088090686 0.13586973078833114 0.005749943667748379 1.579236981383139 3.7899818398101783 1.841161747874473 2.0177105719206674 0.918519575771176 0.9151796067594582 0.6047466136717892 2.421054296598555 2.0298600894742083 0.7615547940563813 2.476056517224805 3.6968157503593115 2.9513020029725077 2.742852066797005 2.3415522378547617 2.173664421646339 1.215351204282299 3.97309274532586 1.3756240136820717 2.4583612554620133 3.0451454113528644
7.665098309117398 0.0327692693806925 0.05224785728863007 0.12670278856718542 0.006730002066865213 1.3303582261078573 2.567833684188602 1.5547397505240534 1.8884015467941615 0.8991316729612884 0.9199611862047893 0.6103238135846779 2.441230691086346 2.042924825171047 0.7650259534633069 2.482739232177556 3.6999283023827134 2.9481865494942543 2.734671515162189 2.329988613761048 2.158580675962297 1.2044308483366502 3.9290755022162034 1.357477251638245 2.368318723343748 2.560941070502078
4.0551713620297996 0.034030038690858626 0.04626112205369738 0.12709278493490359 0.006086838370265246 1.5045561802344296 3.431333692424211 1.7388012636350176 1.9544777271652785 0.9021599550213452 0.9073382469396174 0.5994640593977082 2.38600038376329 1.9872513479087868 0.7406258012402063 2.3920642683807274 3.5478031139587585 2.813515800046747 2.597419053450112 2.2026361917440287 2.031070458348334 1.128032390016757 3.662893912530176 1.259732761177006 2.1031926106481986 2.819740424463197
6.171292445717944 0.03307592246447131 0.05304664926527371 0.12908613030699279 0.006724180913636648 1.331100972639788 2.7979753655673254 1.5948530141217 1.8987250038080719 0.8991173011296725 0.918836174072211 0.6098622125754222 2.442080415702101 2.0458984184921682 0.7669823575072506 2.491825712199339 3.7175616059708654 2.9655093792555673 2.753799740424834 2.3489104706277817 2.178563557521932 1.2169617309519054 3.974490215497311 1.3747516716927426 2.4273237442364657 2.598252236872043
8.877462680665735 0.032624695022151325 0.05098713463441775 0.12471782025161846 0.006660461612258116 1.3447575554702444 2.4602426835626328 1.5415954020166054 1.8867610918972066 0.8992400964391826 0.9195605525902123 0.6096273194910844 2.435031883356048 2.03488713314264 0.7609519508029904 2.466062727202425 3.669924506022808 2.920174471665745 2.704870298506074 2.30133933754099 2.1290120234328995 1.1862386238692606 3.8641965327601318 1.3331425368227579 2.2919326010818417 2.527675636809712
6.095640624083323 0.03309408048310575 0.047690824667720545 0.12381882776592179 0.006706946553654981 1.3346567793175763 2.8076743927474275 1.5938445756563235 1.89313956539531 0.8950381202559119 0.9121746074539412 0.6038281781267916 2.4050449824282056 2.0041428448619723 0.7473277850048365 2.4150373675814922 3.5838174144638937 2.8435970601383698 2.6265306463267364 2.228424691965656 2.055811775463325 1.1422782867030954 3.7107240642399058 1.2766835287004563 2.137071744200021 2.5341577388679433
5.40285253898451 0.03331683087597479 0.051274364639342276 0.12851026356165118 0.006590495064541158 1.3626084734842125 2.9545136077041794 1.624866489887355 1.9061625528573014 0.8979406217578865 0.9153419098202167 0.6070309226180047 2.4270015372889198 2.0301335113881325 0.7598945759467941 2.4649647481861012 3.671793115875934 2.9244688930775107 2.711505911157507 2.309280701546013 2.138531007620899 1.192779701081175 3.889593257969328 1.3433543585733467 2.337100149973408 2.621995269183617
3.377865914151209 0.03463816907208896 0.046237031148314386 0.13015482586323907 0.00567168234770988 1.596263788675848 3.8535336730753142 1.8566310165182565 2.0226824220526733 0.9169367685623628 0.9086888767160605 0.5982381371679932 2.3800000134591546 1.983321544382331 0.7395807230547085 2.3900233247666285 3.546754745286766 2.814313752309976 2.5996770605019566 2.205871911792362 2.0353055260870025 1.1310990151974025 3.6752131404147788 1.2648084409409015 2.1273623858149127 3.003008545344695
7.014898516658773 0.032878780223255986 0.0496726072770208 0.12468951256302375 0.0067398728420152085 1.3284870051755069 2.6485297320137247 1.5655988201679214 1.8873511558371998 0.8966214704802328 0.915939643490044 0.6069054926749081 2.4215795631535215 2.0214880279889162 0.7551316928253936 2.4445831995457667 3.6340853324408497 2.888583932708423 2.6727890332402384 2.271661468918876 2.0993736982968705 1.1685206450908545 3.8025852921247907 1.3105589250387801 2.231452435972004 2.540132447805706
5.760896805968286 0.03318481456085204 0.03811118882815535 0.11468336992835206 0.0066435620885804784 1.3479791495609814 2.862247316970193 1.5990365699031135 1.8850830974867478 0.8877719534468792 0.9001406724422535 0.5930515004403216 2.3398148724981804 1.9313627231845454 0.7133817437375845 2.283538793527936 3.3566518516190005 2.6381762575199925 2.4137635202628935 2.0285562405801802 1.8537466048324298 1.0202767792482679 3.2831037958401206 1.1188950318737783 1.7036686635770375 2.4368749573646538
9.819292316777588 0.03255100031123748 0.04776649941833781 0.12114803278273628 0.006598402373420147 1.3553422081311848 2.412131190100197 1.5368582263176245 1.8840637760996237 0.8973209387972633 0.9160279370888585 0.6062862280741524 2.4137564559088593 2.010480411987344 0.7493554338521312 2.4205175693548595 3.590322913692076 2.8474507804521205 2.628838681029166 2.2292956514462934 2.0555757721237384 1.1415497230657923 3.7063697083364704 1.27447469491745 2.1195533125433066 2.4765488864492
9.951527453328064 0.0325402850317892 0.037481180163425235 0.11080778423200709 0.00659018056025176 1.3580278313579588 2.4025550231084134 1.5302434629785606 1.8716391739914526 0.889125433233147 0.9029899356164771 0.5945790451455976 2.3427972843825144 1.9312644908179237 0.7123973775923113 2.277331894807224 3.342934955794548 2.6237214926952226 2.397087229185747 2.0115790381072856 1.8354539112953194 1.0086404062277474 3.240508495674454 1.1025751668178492 1.6478585954805909 2.3599279631092642
9.99997644160414 0.0325265332838614 0.04093811812153937 0.11413962257729769 0.006575926195775078 1.3579304427298902 2.4014653709420077 1.532179473975472 1.8758785639654747 0.8919557316444714 0.90746225743163 0.5986112985499396 2.366699562795809 1.957929867742408 0.7249635342763969 2.3252970448670203 3.425467742011701 2.698335961346886 2.474258433128319 2.0839476016846294 1.9083998759187368 1.0525485735571392 3.3933351719495644 1.1589085021469447 1.791873750893189 2.396798156323861
3.5270315862989507 0.03449901102367598 0.0520021005506015 0.13523854357383674 0.00578422726166126 1.571588519645557 3.753373620953742 1.830617987574486 2.0111926367695663 0.9168879429687419 0.9145893027148988 0.6044402110157281 2.419005671847508 2.0272282685006533 0.7602191608925124 2.4705982545800964 3.6870150486225963 2.9421438411120953 2.733102761487565 2.3321712800691476 2.1639715316629995 1.2093750062468165 3.951728742092513 1.3676113677480477 2.4328187154166376 3.0215127441624823
7.695977415764721 0.032769127205110146 0.05221003650697725 0.1266905328209298 0.006740376589196779 1.3279157259821341 2.5748719190955693 1.556924311973997 1.8894307818579898 0.8992491032805696 0.9198915796816703 0.6102597870590893 2.4409057468506994 2.0425883053453684 0.7648752310694841 2.4821732341693616 3.6989638266884826 2.947318998453202 2.733772714067296 2.3291416216776906 2.1577190793445276 1.2039061602402492 3.9272185925806715 1.3567849057665762 2.3661011901378792 2.5570648500416353
5.81077539508525 0.03317351833197443 0.04744607880498898 0.1239572365254594 0.006659679861091114 1.344718052244512 2.856040326895859 1.6023219120062668 1.8948099345593208 0.8946637931622905 0.9114471599164656 0.6033076804424985 2.402568134446714 2.001734849374988 0.7462995364234535 2.411285703585518 3.5776183741536713 2.838178459866125 2.621068738199991 2.223404428244348 2.0508280131306633 1.1393154592326933 3.700471433762702 1.2729439682186448 2.127459190071215 2.541158378691826
5.4927460006544875 0.03328742530158247 0.05165972728689629 0.1287634838582665 0.006622648562549211 1.3515941712306405 2.9410434270322026 1.6229460821395962 1.9064929306504177 0.8984462792273538 0.9159911204676222 0.6075408832868875 2.4298934847812363 2.0332852305938136 0.761349598607155 2.4705831457017267 3.6814964929606 2.9332593797717395 2.720638597642943 2.317894971385532 2.1472809403224895 1.1980898409804055 3.908312189964904 1.3503015263736597 2.3574693709187122 2.6043459777803704
7.184644867948225 0.03284621551474846 0.047918446265639444 0.12276824590181343 0.006736698496098838 1.329070654674016 2.6236911103199096 1.5606245282990148 1.884514342055858 0.8953692071791807 0.9139761913537922 0.6050662094756648 2.409932454077073 2.008174667251585 0.7488201143388763 2.419825714791845 3.5908640537565684 2.8491354932171613 2.6315808548175856 2.2326429231395832 2.0596271521608402 1.1443478021673599 3.717262092101828 1.2788587551596204 2.1387072565961533 2.515585165724476
6.664354830608858 0.03295203959939368 0.04816809014062955 0.12356968295114105 0.006740879929606022 1.3267230815033846 2.705692690881389 1.575044966964417 1.8883044456603015 0.8953950898811808 0.9135872470581726 0.6048988264274688 2.4101278498971275 2.0090546364211845 0.749413935755972 2.422605347339342 3.596266403151304 2.8544387010482586 2.6374251031469877 2.2384088760007166 2.065697610873805 1.148141778456449 3.730963545017495 1.2840506995352121 2.1557125435277884 2.528231158634304
7.102432969217124 0.03286092982079177 0.04464239326043962 0.1195714777612621 0.006736121133953395 1.3271989813565688 2.6345339379299855 1.5607917953628292 1.881206629838289 0.8928118431706283 0.9098038130277146 0.6013206575468084 2.3872195358093635 1.9827734136355104 0.7369416812726639 2.3736873483363556 3.5109358311668055 2.776650970335933 2.5562860569602464 2.1617063208722787 1.987700616724231 1.100792987207418 3.564151876154512 1.2221970157548043 1.9785167069041998 2.4788268666206186
8.889945563043852 0.032624282953159715 0.04764062451313589 0.12139678923042395 0.006661731052166151 1.3431867188936764 2.4653330719978 1.5410583862246847 1.88325839453911 0.896608975507015 0.9152623051908826 0.6057606385250437 2.4115041811949287 2.0084662249759573 0.7485476754435744 2.4177082904513583 3.5858445759897566 2.8436377935410286 2.6250691061473708 2.2258776573976715 2.052213363772364 1.1395613423523696 3.6995035314804094 1.2719698786390752 2.112551488365365 2.4826890456153734
6.017137080595532 0.03311334661944754 0.04420497646527155 0.12042404107416338 0.006688170366086088 1.338477161116291 2.817504414964168 1.5936368431818295 1.889478691825413 0.8923361381067638 0.9078335591799389 0.5999204243480774 2.3812110463167064 1.9774114562409189 0.7348063335533286 2.3663470607158557 3.4994035561276253 2.7670019689000456 2.54693260389321 2.1534090300340774 1.9797290001708263 1.0961964784549274 3.5487011984241756 1.216713100666652 1.9673406261049229 2.4956994340272556
9.999999999999789 0.03253380817180241 0.041888700339935116 0.11517202776097175 0.006591144522490928 1.3577273207226521 2.401854163016514 1.532756509728986 1.8770257521376799 0.892684869482116 0.9086155878760053 0.5996131132976543 2.3731731407126375 1.9650800384969118 0.7281413042062694 2.3381921756832784 3.4478965230631666 2.7184670255172727 2.49505392361526 2.1034491665576684 1.9281719819338736 1.0645212455454753 3.435945396877534 1.1745858262845692 1.8412620633390948 2.4064850029703853
3.2944237262349354 0.03466175536327962 0.04762802280399472 0.1314517684327474 0.005531776130597766 1.6398577183235132 3.9205091953285756 1.8861769335450531 2.040947872498853 0.9183838366635266 0.9090882268416911 0.5990507539125577 2.386911292651724 1.9925298922098562 0.7442277430433231 2.408812074760626 3.5788419687362354 2.8439070373094517 2.630424773182005 2.235051373661989 2.0649268319002902 1.1488528111816794 3.737495836590833 1.2881726515754781 2.1945869235078903 3.0657097008366705
5.225104616778187 0.033387534273658113 0.04145954640261617 0.11907693067423873 0.006555294702565806 1.3731065466531425 3.0085029108648436 1.633160713029949 1.901598455777903 0.891628482628114 0.9033706050653559 0.5960774303518875 2.3600640393360988 1.9550066117414975 0.7246801751366851 2.3279491156988645 3.434094373950984 2.7086415759599523 2.4870614541180287 2.0976102473524083 1.923696878429902 1.0625646410694913 3.4314281949531535 1.1736437747713484 1.8527772959084285 2.513747565615765
5.755693785982077 0.0331957241225456 0.049226776438740794 0.12586545101231045 0.006663905262219045 1.3433196618912835 2.877276229921272 1.6082989708302142 1.899070939093153 0.8963101102411273 0.9135059443836138 0.6051758348433068 2.4143497333834647 2.015187632496085 0.7526734170552246 2.4362815105769746 3.6212445396251285 2.87798717481282 2.662644396806774 2.2627640804125835 2.0909154606052494 1.1636919093904847 3.7865035448183173 1.3049034540720226 2.2208848768615828 2.561464861979945
6.560667430845352 0.03297926178599276 0.05173112859186103 0.12728020229418333 0.006745223166419216 1.3269755217085542 2.7285570761505236 1.581362389376194 1.8937476706901137 0.8981704238706731 0.9178201239828604 0.6087810139606958 2.4343212085470967 2.0365239043304215 0.7623935967509132 2.473432694488551 3.684927354342916 2.935335813488984 2.7219334181995576 2.3184481071971152 2.147265100377684 1.1977759613597236 3.906271003795061 1.349230192697751 2.348196480188266 2.572475164806985
6.399219825894097 0.03300811953408454 0.04283807547405081 0.11851045751929805 0.006711636577843094 1.334285381437184 2.7384731435347853 1.5772810291390624 1.8829068510253317 0.8910696242052787 0.9067216793288978 0.5987842247687996 2.373207734657152 1.9678639921933334 0.7301836875035628 2.348002322701556 3.467167975442361 2.7374780147878486 2.516041330540207 2.1241492074678194 1.9499392272745133 1.0781005504968897 3.48493541097725 1.193071012676933 1.9002933978777339 2.4732118644059744
6.536857183783285 0.03297464191630297 0.04740551437964954 0.12290799967213417 0.00673521968262345 1.3243985766361808 2.718935144257278 1.576248437579873 1.8872990191211603 0.8946114890113661 0.9125013771112201 0.6039678658673897 2.4046292320793965 2.0029793321364395 0.7465910292179686 2.411677294256813 3.57737013340919 2.837320170516122 2.6196505645221673 2.2216630970884967 2.048713168418005 1.1378518648311997 3.694764845185634 1.2706435156679055 2.1173543816584095 2.5285025742816387
3.4132213318727973 0.03588662407703591 0.040433256939444114 0.13352826627556336 0.004493101838639182 1.9882464525175203 3.8282240284949576 1.8567878940647935 2.0189935679472004 0.9130988046305613 0.9036428136211763 0.5937270103241101 2.351524726984983 1.9503353144988842 0.7238844029902899 2.327838428640866 3.4389141062931015 2.716508364162233 2.4982424673814525 2.1105667560003925 1.939012797388678 1.072811995826722 3.471046375832841 1.189906921146751 1.928743577255645 2.8665837273611237
4.342476194544429 0.03383690631378223 0.048780243707060376 0.12864124829697957 0.006240782482261969 1.4570343529384149 3.3048532071366434 1.7071054420408847 1.9403458347370741 0.9010144766119066 0.9105437913587305 0.6026606277193773 2.4045256120031167 2.007350527153347 0.7498673449249277 2.427575952126759 3.6088893384847713 2.868647409775787 2.6544915218992826 2.256275743181916 2.0853648197365016 1.1608712264171086 3.7782429269848836 1.3024032431347397 2.2244937577582204 2.749249151526672
6.781308510614016 0.03292409533451438 0.0442988569568537 0.11955070303332511 0.006730753164958388 1.3304049703380518 2.680219593486172 1.5681091064136687 1.8823727448570693 0.8923826459555527 0.9090066841836654 0.6007072011513216 2.3841127918065723 1.9796349791294066 0.7355662882571008 2.3685808317713253 3.5023824722583927 2.769095587331573 2.548604596880642 2.1545978710026725 1.980603263820808 1.0965527825060706 3.549423536647643 1.2168049535454952 1.964361956900142 2.4803279091613954
9.999999999969738 0.0325356396611448 0.029900401081850273 0.1032027952612916 0.006583166685032398 1.3594792311277575 2.3969032368619128 1.5253689504247745 1.862450558458384 0.8831009773419716 0.893474028520429 0.5860823235017141 2.2918232043220983 1.874914887384531 0.6863600083689235 2.1774172908749017 3.1719489730541928 2.4705549257093367 2.239934219137218 1.8653448698591124 1.689009378129082 0.921058899120886 2.93645165154823 0.9914511981028731 1.3711087777860935 2.282144005324562
6.931372833959806 0.032896132527554314 0.03754404817162153 0.11267405488594334 0.006745861359673679 1.326723047818414 2.6665975680258764 1.563581552297532 1.875309633488401 0.8875049398880696 0.9008398738860735 0.5932812535275436 2.338742622036129 1.9288467899607886 0.7118561352285794 2.2767603524462667 3.343892576679732 2.62594643138999 2.40054340813487 2.0157319450501445 1.840447609240341 1.012080390381734 3.2538961581533563 1.107964247776926 1.6715535360280793 2.3994947319682858
3.4341979892514183 0.03458468808844304 0.051052673529901144 0.1347005155004118 0.005714259601846684 1.5883941971433555 3.8145170876951116 1.8474863890576387 2.020437108625864 0.9185013653220062 0.9137489050912512 0.6032647914801041 2.411790353041267 2.0194231218508163 0.7566391221892064 2.4568256837994236 3.663321421524342 2.9206646004676804 2.710795754405138 2.3111319630876053 2.1425982102857346 1.196402984979109 3.9059256206064332 1.350620831297873 2.3822058676328335 3.0461414853132833
8.39441491193674 0.03267805403457508 0.04429800912219261 0.11831637884002809 0.006702487117697937 1.3352015851733612 2.505745027493254 1.543932905518008 1.8794644074599995 0.8935789816354969 0.9105870619626165 0.6016767130470212 2.3874051746320637 1.9819003869821261 0.7362389864835751 2.37021528904591 3.504002674810448 2.7697426209903226 2.548601720572992 2.154082726252516 1.9796458166756952 1.0957480661006278 3.545918841770096 1.2152839368786768 1.9561314974462418 2.4501253937632086
5.248990943017347 0.033379571954672456 0.05144421572917215 0.12900798836016553 0.006566642913840069 1.3630980737058647 3.0020429378220412 1.6359611771378642 1.91103903713022 0.8986433220908109 0.915281005644567 0.6069869891522286 2.4273627490872207 2.0309107992664397 0.7603623487999129 2.467057702117117 3.6757676484708175 2.9283179210295005 2.715712151852669 2.3134088736635148 2.1428629186277166 1.195481501340558 3.8993420509931553 1.3470473250306583 2.3493717161072167 2.6269112583099874
9.999999999999998 0.0325321509788162 0.036339666562369026 0.10961013116337036 0.00658706463835502 1.3585228978410857 2.399561673322352 1.5293341116645682 1.8702699378477705 0.888241021067589 0.9015877515791662 0.5933272047426054 2.3352964642728202 1.9230161467569036 0.708613680957762 2.262884279374283 3.3183823553048666 2.601871740009991 2.3748223134102195 1.9910044517247352 1.8149898844396388 0.9964842017867146 3.1985023519038416 1.0873645820320446 1.612054786038302 2.3450122340671875
6.973152403055167 0.032889368408659386 0.04260416383538084 0.11769889933794228 0.0067506344182978635 1.3257840478746916 2.6628137368314357 1.5655400401565758 1.8808828790590066 0.8913748363358472 0.9070870312961307 0.5989076187074005 2.372881602436802 1.966916790186703 0.729583701923335 2.345282979268252 3.4619791129384963 2.732452334295701 2.5105608571805513 2.118792422569578 1.944345530129682 1.074630641366924 3.4724963948215413 1.1883882092909162 1.8857762443045978 2.4546628063462537
4.1908929478524515 0.033932110295441714 0.047072603633677185 0.12742339198591293 0.0061885802973229076 1.446148627569584 3.376113332446866 1.7250683311523576 1.9484776039492768 0.9016633076073636 0.9085096595900399 0.6005782778764596 2.3921604914572137 1.993807360511175 0.743606397394472 2.4034161267380507 3.5671979840534256 2.830924817529977 2.6153537681405545 2.219420304745894 2.0479920761631916 1.138229209390934 3.6985843332380863 1.2728912434504314 2.1394270005589675 2.737632238654295
9.425723410483007 0.03258140383513583 0.05084720847247966 0.12437189744512994 0.006622709031581756 1.3512238854607357 2.4320391269135437 1.5398692481362979 1.8873976769392378 0.8995437291978932 0.9197331334253871 0.6096853377267413 2.4348485949257075 2.0343736069034533 0.7606266414532309 2.4645929818842176 3.6671169552177845 2.917445986161138 2.7018870021983563 2.2984156875015422 2.125951489500586 1.184335717696719 3.8573575652891865 1.3305621903611335 2.2837389273292104 2.517105950295573
8.19488671852318 0.03270345537992138 0.05288583087417185 0.1270364104372696 0.0067265879551716016 1.3303965007444891 2.52908365218928 1.5516952550990792 1.8899510112388502 0.9002047179935186 0.9212342378706645 0.6113379595324707 2.4467229528086807 2.0487135942222596 0.7676420250685493 2.492693771485961 3.7169392339870533 2.963474820726429 2.750456464930668 2.344803730360059 2.1735680733132394 1.2134959770836027 3.960939257332565 1.3692744145095639 2.4024615364744593 2.5584166088073257
6.769404237825715 0.03293043712978516 0.044800016055841226 0.12009832216073958 0.0067406412356437375 1.3279715786058643 2.690060772898793 1.5708724890928647 1.8840867219300539 0.8929138416896925 0.909570432310256 0.6012188666733289 2.3873645913779287 1.9833487659565843 0.7373233089939685 2.3754582064229965 3.514355537243225 2.779989321389205 2.559946613565855 2.16530108756154 1.9914684005629484 1.1031372904500292 3.5725835791978007 1.225378588760141 1.9885244755699405 2.484261899842831
4.093668105456662 0.03400310111956379 0.049731718149049 0.1304438421268669 0.006142087778331245 1.456836761071507 3.4246923308604655 1.7390961455762068 1.9579077385951844 0.9047584827898165 0.9115157460623496 0.6032099005886999 2.4090677023572096 2.0133844631983755 0.7529584449158521 2.440287727268747 3.6318107170441554 2.890071861642135 2.6772915498975256 2.2781912109825613 2.1079728171233447 1.17477106763459 3.827772810464102 1.3209621349255554 2.2819779593662255 2.79561105717153
5.916299829619683 0.03314445950369013 0.04799608870746266 0.12436744025279697 0.006674157006422678 1.3427582843795265 2.8376539550060813 1.5992550536804397 1.8946311301908287 0.8951395611778192 0.9122793060765491 0.6040098276487333 2.4066192123068837 2.0061603753519552 0.7483420627600139 2.4191585610163844 3.5911885716251533 2.85044282153625 2.633779111343039 2.2353610948226033 2.06293982203477 1.1466455837605911 3.7262334056152153 1.282478355786094 2.1546164561495496 2.5441810332899717
9.416618156607004 0.03258067681879152 0.043302345939130286 0.1168354877455278 0.00663705708137181 1.3483993774527516 2.435186324756522 1.5364122296814646 1.8784972534379458 0.8934790517789252 0.9100586120454562 0.6010006783717067 2.3821255252988456 1.9753546803242548 0.733005105026668 2.357223852905037 3.4809732131212767 2.7485126988019974 2.52627337871543 2.1328447954632974 1.9579461867282284 1.0825257853370673 3.4992015872754005 1.197921110295061 1.906060415766365 2.4268774765878005
9.999999983203226 0.03253249409143773 0.04511751620664061 0.1183899047977753 0.006593914688340045 1.3572876217609258 2.4031883165974604 1.5347503197093344 1.8809658114932073 0.895279842221991 0.9127286572316501 0.6033004974266939 2.3954846706235298 1.989968576052836 0.7397488269705644 2.383144444990269 3.5255464073985348 2.7886760320009367 2.5677688874364866 2.171751003779864 1.9972184878873018 1.1062093531056993 3.5819988495712534 1.22847925776307 1.9885955836339844 2.444082740433555
4.510053678053906 0.03373711296967586 0.04989608941790243 0.12925718874720873 0.0063180522080075316 1.4342067977813506 3.2388710361123954 1.6910560286270249 1.9335172530872886 0.9005480022029452 0.9120970082914416 0.6041519385481678 2.413004591062391 2.0164801536895167 0.7540472518181512 2.4436050384814183 3.636429379918228 2.893489513047364 2.680205601750725 2.28044828452484 2.1098431228435235 1.1756851196669458 3.830319673925915 1.3216826978282845 2.2799446469006925 2.709599398238691
8.73191577672819 0.032631240006666375 0.03712088329395769 0.11088554752769694 0.006707442633815819 1.345244084246783 2.4733878377887524 1.5368276170459874 1.870845477565678 0.8881957082767461 0.9019621776205189 0.593868582490983 2.3392101333602753 1.9280127586467588 0.7111546274228531 2.2727631472640017 3.335802279980512 2.6177211051888047 2.391283222037606 2.0064516275556112 1.8305545807562005 1.0058477766960252 3.2309187452231187 1.0992945637455536 1.6411828868390432 2.3828856918291113
5.643245149648313 0.033233934924500816 0.04795477958934043 0.12479359138794735 0.006650349775902902 1.3458649231147803 2.9056311130770585 1.6138916120878524 1.9000790656470763 0.8955964245445559 0.9117812326463123 0.6036311488418342 2.405209529691105 2.005084857514956 0.7479766639992814 2.4180931687735407 3.5897806021442635 2.849465566454234 2.633011077482726 2.234827959498238 2.0625623367576122 1.146502143527551 3.725991932734915 1.282475710500627 2.156219023643239 2.548224648684701
6.043452289353372 0.0331068824674257 0.04859994629024208 0.12478119363396466 0.006692343997763819 1.3376744712684825 2.812487496713278 1.5946273019856279 1.8938024160301643 0.8955614447272772 0.9132169905073908 0.6048105621360554 2.4111774476510632 2.0111001092370024 0.7506108858890057 2.4278730715940084 3.6061714964629137 2.8639600872718223 2.6477680517929065 2.2485054210493316 2.076241948440067 1.1546896051193392 3.7544865037147352 1.292927323566684 2.184262593960215 2.5472975316063766
7.218416537659009 0.03284489393713297 0.047984021851148306 0.1228466828630324 0.006749389163083974 1.3261055648004707 2.6294502551583414 1.5626968920585493 1.8857142397274878 0.8955988500161176 0.9140417481139744 0.6051181150128192 2.4103108267378075 2.0086296286351866 0.749042123249994 2.4207169631063055 3.592442353579281 2.850590678322496 2.6331121973261737 2.234102033089578 2.0611208068951163 1.145259787705911 3.720494115968071 1.2800628828386458 2.142265511841255 2.513269980640122
3.9929459240916243 0.034076671709357846 0.05047458236432774 0.13156292134162434 0.006086360005261873 1.469981548374432 3.474609986141134 1.7526570384769293 1.9656577842772678 0.9065810648929837 0.912317599368248 0.6038023743924817 2.413260712062351 2.018531415827562 0.7554963198195015 2.4504972775954075 3.649958218908868 2.9068640940343626 2.6950292079815483 2.295143340684144 2.1253814667763726 1.1854349225210192 3.8656566744162726 1.3351218984729443 2.3253504069400397 2.8361739942136146
4.710046200986882 0.03362698269600669 0.05182286507820086 0.1306373803173291 0.006419461381581575 1.3938778026953769 3.172569347766475 1.6760978782974651 1.9285826749833588 0.9010449719972955 0.9147547620161767 0.6065618618305445 2.427057596907143 2.0319185421136794 0.7612080492126624 2.4713182228594484 3.684380939816157 2.936993122492404 2.725456090948164 2.323167692903413 2.15326844598058 1.2020575955460835 3.9233260247832984 1.3562194777345107 2.381653935940889 2.684271513525288
7.397019241173186 0.03281451493878883 0.047364576076356676 0.12207178687127172 0.006744025956071605 1.3266716821792048 2.606251511392854 1.5587742069026789 1.8843471342117162 0.8952325309379732 0.9134802423936231 0.6045521674058699 2.406493378901106 2.0041464462547993 0.7468855591256185 2.4121818584010417 3.5774538719609166 2.836854646285279 2.618721161649625 2.2204463749449146 2.047188045586569 1.136776117355184 3.6905213804463477 1.2689204305066442 2.109675213282871 2.502674752066059
5.660176578842574 0.03322620298307043 0.05215297865390663 0.128932663769327 0.006639823045032175 1.3515598382875036 2.893220638336633 1.6123602360541647 1.9025920353787327 0.8983156595505318 0.9168838966480328 0.6083288679539046 2.434114223708629 2.0376923671939795 0.7633286499939135 2.4780705742086595 3.694241870340262 2.944679536416972 2.7324012115348686 2.328910845304546 2.158404298225275 1.2048069666100136 3.931883650967016 1.3590175225458891 2.3825208307413726 2.6080522270834305
8.064192565949003 0.032709648407527006 0.04680194782908357 0.12097596780600411 0.006705295318550231 1.3353090236214507 2.523355527522814 1.545851834691845 1.8814971876936903 0.8952373580610409 0.9135715779171717 0.6044205680893701 2.4043584731275818 2.001024227528138 0.7452198571706228 2.4051689739421382 3.564613971634742 2.8247264277856976 2.605711308137877 2.207863047425491 2.0341412547704776 1.1287208583604753 3.661713301739652 1.258093086083825 2.075534157809863 2.486072315204037
8.30711759766907 0.032689180104179594 0.048833695583296595 0.1229143042972817 0.006720467591724626 1.3297497426073104 2.5183178914785973 1.5482724243272863 1.8851356697018582 0.897097197704211 0.9162022264675946 0.6067640971609362 2.4185665742486493 2.016921192206742 0.7526637910159341 2.4341401050011466 3.6149068029688682 2.870433208467547 2.6532944283732376 2.252794068694714 2.0798040239681437 1.1564358062136337 3.759374163608647 1.294318565356243 2.180392759865122 2.5079535752714337
8.0643899541337 0.03271700111034922 0.040993945660188776 0.11521116445511885 0.0067198577287558795 1.3317976183971623 2.534466631309573 1.545698075364518 1.8758579842373793 0.8907620580640447 0.9061698589334918 0.597780358953798 2.364210604814339 1.956246163270745 0.7243388793025917 2.324297146142334 3.4249160088741153 2.698400468725484 2.4748618552483945 2.084940396611153 1.9098600062505608 1.053678299167455 3.39867724316215 1.161028502604715 1.8089658779125002 2.4170778047131725
4.065423272313413 0.03402323065585467 0.05063108518546638 0.1314205154127574 0.00610179379794138 1.4916005000222032 3.4285575746307364 1.7398643415634445 1.958320110747398 0.9050495703131549 0.9123289043477621 0.6040934934900404 2.414943306034305 2.0201513598053102 0.7561805353617128 2.4529754995146056 3.6540433394986294 2.9104355172575933 2.6986391232705147 2.2984746416320254 2.1287069452344345 1.1874255569116052 3.8725935819014827 1.3376740519442782 2.3327308468447256 2.860504595278858
7.415941648839837 0.03281290766908553 0.04948130671397099 0.12419033301388488 0.006755085614628997 1.3249696476573052 2.609506927934581 1.560884516022414 1.8872670112395076 0.8969421548246865 0.9161175568753245 0.6069361922177177 2.421106148584041 2.0205895246290484 0.754609281791594 2.442293899344319 3.6297861743868154 2.8844521798212317 2.6682993314859282 2.2672769612770267 2.0947917656333757 1.1656728647722023 3.792346937352937 1.3066921870089836 2.218860247071733 2.52763866810713
5.7856144476782 0.033186208088204 0.04806662090082481 0.12466066786983684 0.006670605474409357 1.3419551003618526 2.871840932644587 1.6067925892887185 1.897619924720569 0.8954794336737727 0.9121467643939656 0.6039197671239223 2.4065230808975113 2.0063090380784034 0.7484824331433139 2.4198880170431667 3.592680303749564 2.851953309516712 2.635478556092865 2.237063661693825 2.0647535258164553 1.1477898366647288 3.7304003093983313 1.284067358614889 2.1600130424286133 2.546532856842778
6.772514182175647 0.032930086326481776 0.05167715871455394 0.12696375036488472 0.0067419764575090664 1.3275863296859658 2.6883900292150016 1.5736588735770798 1.8913773064780954 0.8980836705943523 0.9180850428943831 0.6089433433516943 2.434712803620142 2.0366367971604866 0.7623563426863919 2.4730515150144337 3.6839728016688635 2.934266834677193 2.720653207094971 2.317109246712354 2.1457924250371994 1.1968233817236669 3.9027307681068475 1.3478564428459263 2.3430437873481442 2.5684693843876216
7.156942855418047 0.03284895453854791 0.03659305594563986 0.11147082476858555 0.006728352224254123 1.3308190356954837 2.6246931786015706 1.5551786459234538 1.8718540247618018 0.8867078090252024 0.8999702854434151 0.5924290686098018 2.3330447167658517 1.9222216143608015 0.7087005561095607 2.2643904349061814 3.322380055485287 2.606424116969073 2.3802903824477246 1.9967013368532962 1.8212204718446698 1.0004872229681887 3.213337257829818 1.0930331395080222 1.6319698845964492 2.3864542723167146
7.441107021288964 0.03280768748728764 0.047813938191082074 0.12248765845212542 0.006744376102610284 1.326829208137308 2.601798261460602 1.5584216321692599 1.8848201250222214 0.8956205106409637 0.9140872658139065 0.6050876702255477 2.4096925228323105 2.007699784596753 0.7485413381574766 2.4186011966597616 3.5885629872173053 2.8469244332608574 2.629179988988357 2.2303009876816486 2.0571830377338522 1.1428310375057018 3.711817626546004 1.2768062077301903 2.132145597372112 2.5069846268047327
5.773805193073817 0.033188424361182634 0.05081253891621965 0.1274024255380779 0.006656194531439576 1.3478796196046232 2.867161361651326 1.6063706396991815 1.8993694450044432 0.8972409052632537 0.9154599270905898 0.6069782354484248 2.4253688153949615 2.0275772076733882 0.7584950280348978 2.4589932417229066 3.6607622218065003 2.913979572344397 2.7001930192413126 2.2982897325119915 2.1270897622545517 1.1856900552959717 3.864157386053327 1.333763610436111 2.3060327960343363 2.584396918184018
5.778331526130688 0.03318367347427265 0.040994699313390476 0.11756751812828105 0.0066488580790657155 1.3478810858627102 2.8636862580086953 1.601084453201156 1.8887156086244163 0.8900218020685459 0.9036197806312888 0.5961868348546995 2.358970282726919 1.9527974145492877 0.7233821036380113 2.322241059800274 3.423401678926256 2.698411409968607 2.476007260712339 2.086878718010593 1.912553273659431 1.05568458523597 3.4068558676031113 1.1644263007054783 1.8249168315307245 2.4669487496172353
7.562553320004827 0.032786457480563774 0.0487015646611959 0.12325863520689348 0.006736734945607041 1.3288476789481625 2.5835591713558226 1.5557397024953237 1.88506990050115 0.8963469347230986 0.9153566791415559 0.6061945288069509 2.416185465949184 2.0148506758282894 0.7518575448977487 2.431417305705664 3.610698138326421 2.8669625361732836 2.6499741023564107 2.2498824317945543 2.077036344476062 1.1548557585100991 3.754107702699386 1.2924657991821522 2.176907571682054 2.5168022044284823
9.623640729361524 0.032565974305843765 0.04573609743145405 0.11918898148293891 0.006610259903374061 1.3538167997378125 2.4214286827373313 1.5363565193677429 1.8814366473369486 0.8955619859135266 0.9133080453399443 0.6038771608248519 2.399330689988972 1.994451658738713 0.7418896753162991 2.391596694452175 3.5403258311617405 2.802183800249635 2.581881217824981 2.1851080722613383 2.0108184775925038 1.1144728806161919 3.6112706512606736 1.2393097257005705 2.020852109915978 2.452623651565177
6.6099982420087455 0.032964295193763586 0.03902005276919726 0.11449732967868453 0.0067380502845788455 1.3283565788252 2.715982638001066 1.5728362808395153 1.8790555339163002 0.8885613393279549 0.9022921205232436 0.5946866952291837 2.347898929132674 1.939387933658628 0.7168500934171982 2.296266399790235 3.37773937332364 2.656616281574087 2.432329204802862 2.045576980465967 1.870585323922783 1.030245650376394 3.317428183374747 1.1313499933613604 1.7336494453219036 2.422247384355971
6.999770078649399 0.032885283674641615 0.052223801366160526 0.12728385399973385 0.006746347813950687 1.3260291846115775 2.6568449530885934 1.5688251334748107 1.8910305812775634 0.8986667532526279 0.9190709747885305 0.609752042724161 2.4391763672500093 2.041397720506715 0.7645239016412777 2.4813374367124403 3.6981818350476092 2.947069733508165 2.7338990654645716 2.3295603211709457 2.158404138872742 1.204459363137647 3.9295912844414755 1.3578082636090587 2.371956132151394 2.5708395642373585
7.865054259607594 0.032743264773303374 0.04554557916599017 0.11990444134456682 0.0067312086480046775 1.329581947741089 2.555994276191473 1.5509731536105082 1.881492799152304 0.8941866534643877 0.911688033066775 0.6027982574075257 2.394993598050628 1.9908079280727276 0.7405159010321878 2.387100767297813 3.5335745214230565 2.7967645295902916 2.576827423658554 2.1807835135811326 2.0068030660697604 1.1122316707814714 3.6039637614231568 1.236794185151448 2.017000220217617 2.4719537532454603
5.486500213082842 0.03328515068300314 0.04503919322579066 0.12212733609686895 0.006609041923529115 1.3543965380435043 2.9361236325837328 1.6184286107057984 1.898664853731288 0.8934510530634892 0.9080232581022998 0.6002820687848929 2.3850234166070203 1.9825637062567325 0.7374563748069495 2.3772473237935894 3.519030972830778 2.7853019137768573 2.56634993045565 2.1720098990128163 1.9988486418800557 1.1079073121160137 3.59026524276837 1.2322256270315366 2.0133974732922546 2.528763243205619
7.4642345145745885 0.03280282459193817 0.043662156052838 0.11831619315599286 0.006741527708586294 1.327694699546858 2.598061545266186 1.5557722590268965 1.8800153871612357 0.8924351098196995 0.9089450455570247 0.6004346224662939 2.3812476170060193 1.975771656379685 0.7335820258676323 2.36043273907899 3.4877292017496337 2.755448935912973 2.5341408670751018 2.1407582911839333 1.9663939743170007 1.0878594691810786 3.5186056782096857 1.2053166712693937 1.930640846278364 2.457241486759157
9.0433095468021 0.0326081264961357 0.04844559677252838 0.12208529607855394 0.006642504184360703 1.3482124381772083 2.445410348136934 1.5384578183217472 1.8836302045562954 0.8973303792532448 0.9164583415837569 0.6067934202633151 2.4175183436920773 2.01508821762647 0.7516230686570636 2.4296103005513547 3.606450540816421 2.862345134784801 2.6445410625014407 2.2442718353548785 2.0709235750123147 1.1509316599844404 3.7396281690035784 1.2868783970972542 2.1567267719708765 2.494165954783657
9.999999803882627 0.0325248070780843 0.03734901278457245 0.11067207339611969 0.00659093365850169 1.358432365808263 2.3999861934987434 1.529965545145521 1.8715119338826391 0.8890538138335242 0.9028631699660374 0.5944582531942043 2.342016762140628 1.930358736856774 0.7119627228176402 2.2756056088759427 3.3398849641553454 2.6209098769416004 2.3941208948458654 2.0087438211687365 1.8325389947073458 1.006852523420606 3.2341325503346066 1.1001895364715601 1.6403588275086611 2.3565742925594133
5.206818529341112 0.03339174157298825 0.041672420455529484 0.11930146617064621 0.006546225091977797 1.368612828668009 3.0089969389555566 1.632934066184383 1.9013454668019207 0.8916237624221259 0.9035780440514194 0.5963012277123398 2.36147341011615 1.9565957835605703 0.7254253820647296 2.3308407753223426 3.4390956788956077 2.7131669711096773 2.49175012387541 2.102014268048251 1.9281481828717515 1.0652510543845186 3.4408381480877153 1.177113497060217 1.8622218869827394 2.516979563669449
9.999999506429594 0.032499286869557206 0.021054725371317338 0.09437780123634719 0.006585684332186778 1.360774832154882 2.393269070419787 1.5199582838325683 1.8518018550445983 0.8761165759129713 0.8824936880003453 0.5763185523771316 2.2336878932099054 1.8111099773028332 0.6570858017227585 2.0658585717726305 2.982347055539711 2.3018869098791286 2.0680674766665903 1.7065197325893027 1.5310478804547518 0.8272404237531961 2.612942157977798 0.8740384818394678 1.0981154929833097 2.196540202566512
6.424125158241822 0.03301025153225061 0.04912126783262378 0.12482635622767711 0.006733797608260251 1.3293333281659965 2.7492062448582435 1.5836630983662443 1.8916896045575662 0.8961314042214447 0.9144110169692999 0.6057343604393544 2.415896780198827 2.015902794340711 0.7527288805201184 2.435780915144009 3.6194825421891044 2.8757733238448977 2.659830988633545 2.259715714113429 2.087480157546078 1.1614297374728704 3.7779896399880273 1.301564133238004 2.207730349279308 2.543332306972115
7.642638200112014 0.032776672307817854 0.048443601245169464 0.12296288132286529 0.006741006377400225 1.327709713135856 2.579984094648103 1.5557257585186113 1.8851938960412036 0.8962708765861864 0.9150910640601461 0.6059344186756578 2.4145138327037876 2.0129236193994333 0.7509395227417296 2.4278073166518657 3.6043821953387045 2.861187774125108 2.643932643412481 2.244155015596391 2.0711954952560174 1.1512997605187263 3.741544173113975 1.287794391258183 2.1631332600066973 2.5109473147087713
9.842702276804458 0.0325499631882623 0.04424871113108966 0.1176221572753338 0.0065936763769264255 1.3572544792183234 2.4096823128123113 1.5346294569998318 1.8797822708539762 0.8944980752250695 0.9115416834796902 0.6022569222168356 2.389302509576906 1.9831341092528247 0.7365727931850202 2.3708939152805577 3.5044141213039306 2.7695975460300324 2.5480269424730615 2.1532196396991305 1.9784986317026372 1.0949132621408029 3.542563113977368 1.213903932432204 1.9498450037529047 2.433301949959954
9.999999824242392 0.032507884567912225 0.04036922410857772 0.11373435740445345 0.006607388807555606 1.358015998352212 2.4012564069640363 1.531862066456018 1.8752542128821639 0.8915161148722421 0.9067553054163909 0.5979382542742321 2.3629557820254328 1.9535873404380792 0.7227346454211774 2.3170978565086946 3.411149526413939 2.68498143768147 2.460099255882269 2.070361447506567 1.8944672533120068 1.0440237559434997 3.363600462084394 1.1476838000047969 1.7626292016451528 2.3890453731811436
7.422909672937949 0.03281062096155084 0.04952551629075648 0.12421183731638058 0.00674468989716061 1.326310679937044 2.6036495913440496 1.559478175915989 1.8867460935833116 0.8969215296404949 0.91621004674609 0.6070135450150084 2.421507879829869 2.021004995690843 0.7547945158542981 2.4429897160091443 3.6309661112414693 2.885506003325124 2.6693826921394046 2.2682898108276954 2.0958134770681087 1.1662895711852204 3.7945090058790134 1.307491740098184 2.2211808920505636 2.5288478724719248
9.999999999999998 0.032534053462472574 0.014251899835587212 0.08754528180102 0.006572472976954628 1.361690921038432 2.390454088736673 1.5157781850915035 1.843597496586079 0.8707505031708809 0.8741037993631444 0.5688991259970708 2.189997169659177 1.7636873094259937 0.6355678636961395 1.9847811295698405 2.846113112386762 2.1820570111769233 1.9473507691087149 1.5962345808373593 1.4226220871244866 0.7635825685323859 2.396040149119864 0.7962220527863684 0.9380015375338919 2.1395820604517186
9.999999995027133 0.03253561472852305 0.03039204493320673 0.10369424054156766 0.0065836656640211755 1.35937649564857 2.3971064141775056 1.5256724840066531 1.8630501865922284 0.8834957417853514 0.8940992906218247 0.5866424511119452 2.295208039349147 1.8786847634208497 0.6881152522094531 2.1842040204918782 3.1836533210319637 2.481119886829386 2.250857161832448 1.8755864787985608 1.6993437727746277 0.9272863236888389 2.9582354059446963 0.9994723181130591 1.3926150318802424 2.2846962515784064
