6.995205915843458 0.09070634701914615 0.09804314209356389 0.1273523177616307 0.012722625248013146 2.4315256555777363 1.5239138365714517 3.5209994018944775 0.9628658783909688 3.3013301123081344 2.9318788048925817 2.5186946865833333 3.509605091886728 0.19219586259630633 2.4079889151028957 2.4724321271128726 2.7283210126203405 1.6563720786929008 0.3224107043364128 0.7969057309235498 27.542088744211185
9.39897243699915 0.017712443408764236 0.17125578714753806 0.13815374003778816 0.10578095518929416 0.20161891291184392 2.0023926700841814 0.7032959989050046 0.8193222986587673 2.044350344411602 2.525981156541393 3.7313295260447523 2.5406867778594 3.0819507773001766 2.2066610607176043 0.1504266670935553 1.3517805039189825 0.5169212821963227 2.4413973266670084 1.2512337199755283 25.64764484662444
0.9941046861255842 0.019704921659379517 0.08286175703825392 0.15808479716355328 0.18151370413682508 1.576425871805492 1.0596846836310256 2.323831884463598 1.8042846465608426 1.0329390523781348 0.5512615271717748 0.2682943019201161 0.39817483857261676 3.1197686930545934 3.8231478326655206 3.2200015779338393 2.698062987008896 1.8146485793103746 1.1399832158111272 1.9400024762123556 11.583229949084977
1.9317780250375869 0.012088065900128292 0.06394196837960096 0.10068828396669423 0.11887003122385527 1.6643358248624502 1.2123942212968049 1.3876162697462864 0.9618858760105075 1.096288239783652 1.4369582096199018 1.4421906817013261 0.9921298031727407 1.7781125525218016 1.7245629894055898 1.884807789694779 2.979818226030514 3.107514083926046 3.4232221298836354 3.999488332364017 0.3342525132421788
1.927148741284176 0.012098133940271785 0.059833493238612506 0.09663645379145586 0.11860542426220537 1.668048918682396 1.213959590669351 1.3879461282450956 0.96108790848873 1.0942218174195097 1.4312478989469384 1.43348207431179 0.9820863977815402 1.7529043802325328 1.6862309111007496 1.8278680766229003 2.7063986272463234 2.810827945589082 3.08368534653248 3.5881141285799623 0.332387586101888
1.930759113558178 0.012081698015675012 0.06215911547679575 0.09887524202135042 0.11877632376836174 1.6656411201901868 1.212621735873688 1.387335044885777 0.9613187754645378 1.0952042967011866 1.4343471887296355 1.4383375908664404 0.9877384505987488 1.7670912274477537 1.7077563390650803 1.859773761405735 2.857268211438623 2.974385424410366 3.270696780709532 3.814472900491209 0.3334151517155732
1.9309442737227709 0.012088918847656623 0.06306031199568554 0.09981244735806044 0.11881645388003531 1.6650864684085673 1.2126620969563842 1.3876186706298665 0.9616793017909661 1.0958148735271962 1.4357101352403796 1.4403074391237858 0.989963112478612 1.7726683080780772 1.7162567057521843 1.8724280900757542 2.9188259913802352 3.041227188432183 3.347239655939904 3.9072858726935804 0.3338362955911755
4.832178251028102 0.03964755378075189 0.0657399950352281 0.07067884435119542 0.047178789598709886 0.08961115058602351 0.2563275858548652 3.8228411792941426 1.6289076168381662 2.096092270218623 0.44858991091320555 1.9518496761434798 3.122466352557358 3.5949820378559956 1.027826272213141 3.9108700072674742 2.9711565992465987 1.2367019840201061 0.5475017256951579 1.01704093418002 16.112760125706924
1.9316456030171558 0.012087590000221204 0.06370955804263415 0.1004540236685209 0.1188576580848571 1.6645092345432555 1.2124279969270553 1.3875798340109708 0.9618123258433796 1.0961475568835821 1.4366180215690614 1.4416889728651696 0.9915568962502129 1.7766739488070071 1.7223658700831235 1.8815299353834323 2.9635746178590026 3.089854835084982 3.4029728506485846 3.97490824461092 0.33414157781959786
1.9299534227723876 0.01209473379687896 0.06264701492497102 0.09942874558883467 0.11877945806332735 1.665604128436379 1.213038115295955 1.387872847173897 0.9617123825722538 1.095701906168568 1.4352004724058751 1.4394611494545453 0.9889590559838022 1.7701384735991048 1.7124070725491403 1.8667054090739394 2.890996040614524 3.0110008357678137 3.3126150430628662 3.865301301163154 0.3336467474311742
8.376394971705608 0.0360908738873492 0.18820275882874152 0.06202717623684462 0.03924364868034553 2.8270198049850537 2.356376363691348 2.154710948859778 2.2250441773083796 2.7790320798807318 2.37483349242597 1.603335014531229 1.420895690885091 0.6367156212633963 0.45058888030800615 1.3607525955119844 0.41134746449409904 3.242749837869145 0.2467520997540943 2.473945656617602 27.940930616017177
1.929205157921225 0.012098234765515335 0.06393856838984475 0.10072691601803148 0.1188263208119278 1.664944249016324 1.2134735021457386 1.3887101437409788 0.9624405477174165 1.0967522208250673 1.4372480051393086 1.4423108295584683 0.9921290354002331 1.7780826791000848 1.7245384939330533 1.8848020308801463 2.980156149121184 3.1078644072082535 3.423518412649673 3.999949998160041 0.3342525702588724
1.927191953999433 0.012090146809704968 0.059621142365584044 0.09637983271070963 0.11859990061445139 1.6681255262805785 1.2139059638475624 1.3878360582900524 0.9609794499032639 1.0940555430300456 1.4309077092596325 1.4330012817566868 0.9815516507255492 1.751568500956889 1.6842064808876898 1.824870890084699 2.692447080710408 2.7957192396317803 3.0664331022253943 3.567250484210819 0.33229233459646845
1.9305165046963344 0.012087488120235922 0.06254161096211175 0.09928639722994946 0.11878660509487395 1.665504876617528 1.2127911895923962 1.3875920782781122 0.9615430926226856 1.09552340339278 1.4349664035549223 1.4391936291422056 0.9886864375876789 1.7694633685249002 1.7113734703895715 1.8651595391006097 2.8833999439592457 3.002752486397375 3.303170867785632 3.853843273612437 0.33359471558755005
1.9184871385072346 0.012091326651320563 0.05056670904685212 0.08733874556391867 0.11804886992837445 1.6759132905810943 1.2167398509848082 1.3879427544604799 0.9589077248814009 1.0892521805832467 1.4182304328629083 1.4139160350544722 0.9597605364713276 1.697253294416094 1.6026989301521364 1.7053959602775526 2.1768892527152297 2.240006601367856 2.4347081655287925 2.8068952764880497 0.32877288567849144
1.9302184477995876 0.01208972814685588 0.0623860792448242 0.09914287848999336 0.1187739323190771 1.665682562673212 1.2129032621299471 1.387657787488148 0.9615404136517018 1.0954686425651248 1.4347669565067969 1.4388728947012102 0.9883095037164308 1.7685149523947312 1.7099305623129022 1.8630153278358186 2.8730319735800016 2.9914962287361546 3.2902802927370245 3.8382201742276134 0.33352392308560397
1.927926491283936 0.01208971279983779 0.06010818426679548 0.09686594868948262 0.11863386407475841 1.667649117394801 1.2136497700725724 1.3877215143020212 0.9610360785606737 1.094269690050407 1.4315639621574676 1.4340253061184973 0.9827384400362895 1.7545443270635104 1.6887118489895752 1.8315340103119064 2.7234004151039954 2.829238685235547 3.1047141536650393 3.61353652671786 0.3325033112941555
1.929177417845352 0.012088302085486486 0.06123029173999628 0.09798026802938938 0.11870535175314598 1.6666449075558158 1.2132301261577705 1.3876373430721294 0.9612572617230812 1.0948370691232958 1.4331245137646258 1.4364027680105318 0.9854758140933736 1.7614069018862035 1.6991220298973155 1.846959873047452 2.7960232674487457 2.9079433670270056 3.194672859986968 3.7223929447912143 0.33299868738287614
1.9277973330731912 0.012095814142517371 0.060368313746651914 0.09715840365587099 0.11864107830954444 1.6675475857146143 1.2137341845183682 1.3878826195030283 0.9611808851677479 1.094481078369759 1.4319827261012203 1.4346079777758027 0.9833855780979619 1.7561601792978674 1.691163990409292 1.8351693322733191 2.740456184255014 2.847716032067657 3.125823319887635 3.639075276347924 0.3326198000367111
1.9312790709028407 0.012096131630258902 0.06381887084120605 0.10060930036345789 0.11885324479613021 1.6645710237396314 1.2126003790291682 1.3877833926073138 0.9619438861186544 1.0962974234945002 1.4368391101577145 1.4419614907123817 0.9918438016123686 1.7773886756271928 1.7234603137623183 1.8831677007940362 2.971756322568394 3.098751911858254 3.4131738461084975 3.9872976580590134 0.334197359116775
1.9297657923968763 0.012087774206674826 0.06193269000957594 0.09867839950691029 0.11874692374439685 1.666061206292184 1.2130460721723342 1.3876672491335693 0.9614377324225306 1.0952270103685213 1.4341252549097865 1.437901716044217 0.987193491941105 1.765713691334046 1.7056685587396172 1.8566806215022233 2.842477020238724 2.958332424620012 3.252319531796226 3.7922132410838207 0.33331562549319277
1.9293367873849716 0.012063578629801812 0.05983112891672533 0.09645075719590275 0.11865713464651022 1.667284776937748 1.2129525833174353 1.3870042107158282 0.9605938508704597 1.093799526723648 1.4309407193977688 1.4333041737471408 0.9820103227293745 1.7527429213821564 1.6859669608059533 1.8274530044839414 2.7041789725230987 2.808416266208131 3.0809265139346844 3.584757540531217 0.33236870954373804
1.9228027539377803 0.012090905204531741 0.05492029852010137 0.09168782771363106 0.11831579202723409 1.6721331390640575 1.2153233926885432 1.3878341914259382 0.9598737983080904 1.0915342860096522 1.4242940312016648 1.423052480738305 0.9701752911763217 1.7231550969207559 1.6413857201402522 1.7618340719472534 2.4111442954976647 2.491882846615136 2.7203240279991427 3.1498187654772054 0.3303727420332389
1.9308754661208405 0.012089474968449964 0.06307475356336655 0.09982947798170479 0.11881580872325871 1.6650954507307192 1.2126917737211 1.3876538031990902 0.9617006702885077 1.095837659950231 1.4357407956325683 1.4403428447246287 0.9899995332218894 1.7727585310208653 1.7163949583486318 1.8726350303445785 2.9198488288154016 3.042338156313225 3.348512206857319 3.908830281492176 0.33384327848708834
1.930563600192961 0.012091831701074947 0.06292712066401507 0.09969435628053425 0.11880315606574023 1.6652726879881 1.212810193993546 1.387727948865275 0.9617041613102051 1.0957906817839222 1.4355547287968629 1.4400396928441497 0.9896416033973358 1.771857139336233 1.715022455172924 1.8705936084011547 2.9098955470617835 3.0315265038392605 3.3361250467008694 3.8938085362493777 0.3337753996155121
1.9292709057684476 0.012087901653227848 0.061299645847312866 0.09804744401938273 0.11871014312598015 1.6665776389816096 1.2131970600148076 1.3876250716203724 0.9612672565808787 1.0948689755916339 1.4332187032843597 1.436548463091348 0.9856445996449783 1.761830520664054 1.6997652848667657 1.8479139855704287 2.8005551717132304 2.9128576844114384 3.20029350215499 3.7291978141002655 0.33302961279294246
1.9313249548636462 0.012088630005880955 0.06383408538375127 0.10058131628754907 0.11885784441903437 1.6645045469887003 1.2125648354835443 1.3877606660094908 0.961933678979651 1.0962903003460853 1.4368440453350515 1.4419739067393642 0.9918637169943345 1.7774387652696981 1.7235375543150626 1.8832828942633262 2.9722960753632686 3.099334268054292 3.413841619944763 3.988102088055817 0.33420139511254954
1.9691439678209637 0.011500768206712647 0.06304946394314348 0.09668584933277512 0.1197250468592052 1.6512400330970556 1.1950215028185958 1.3715785794251338 0.9532563655825033 1.0886518192065504 1.4305647955689422 1.4373824549363423 0.9887833240505243 1.7701456080882092 1.7120107657033563 1.8656628604735261 2.880452190355451 2.9994056745243105 3.2991358382420177 3.8487298530549077 0.33352078041717254
1.9243327749905137 0.01209062268608938 0.05645512019304936 0.09322031679697788 0.11841014358317443 1.6708000129165008 1.2148208789252424 1.3877939279786702 0.9602137894956094 1.092339607463864 1.4264383755642414 1.4262884925059631 0.9738747384205391 1.7323820454995298 1.6552469433011252 1.7821736594351885 2.4996007119979438 2.587270433923128 2.828805321293911 3.28044383891575 0.3309763873081006
1.9211977059096679 0.012090526594952822 0.053268191085955575 0.09003458075120424 0.11821527073269675 1.6735542608122804 1.2158450744203568 1.3878602984040502 0.959499070105621 1.090660690472212 1.4219844794009227 1.4195749093079473 0.9662081124625675 1.713276213152813 1.6265913235129446 1.7401933858572767 2.319389731655305 2.393096055797607 2.608156331821854 3.014968339801166 0.32974625683433806
1.926664921326293 0.012088923500979848 0.05896707891872801 0.09571994165749123 0.11856227497411004 1.6686553473025505 1.2140670321832991 1.3878001194183982 0.960806999659079 1.0936885160937966 1.429974057859341 1.4316061655213876 0.9799577511446627 1.7475809004958214 1.6781724022092073 1.8159515685304541 2.6513445186461913 2.751236104239369 3.0156610091871348 3.505893717944978 0.3320118766254108
1.917775814063306 0.01235186880594531 0.06369308334341076 0.10185845193261583 0.11850923159974078 1.6694116333905826 1.2188533536524264 1.3935625964423517 0.964962005947515 1.0988400360435213 1.4385836677873673 1.4428368028638687 0.9920563786921608 1.7777569671748337 1.7241678779188 1.8843882527831912 2.9799564814194253 3.107736100784156 3.4235167995049722 3.999999605957255 0.33427284537798896
1.9672725022971371 0.011531848028014224 0.064100934152435 0.09789171194102654 0.11971568525190363 1.6520110671746309 1.1959732810484969 1.37275197459745 0.9541212239469073 1.0897394221561703 1.4324190411158537 1.4398260065736852 0.9914331294768599 1.776766006743346 1.7221211130530225 1.8807414431190017 2.9544507295400244 3.0797903496632544 3.3912768719575532 3.9603958567177027 0.334034795686693
1.9313662659461912 0.012091488291172299 0.06384370395905739 0.10060760223919538 0.1188577370610059 1.664507506273383 1.2125568519721406 1.3877515840159909 0.9619321495203174 1.0962939148793174 1.4368593976148518 1.4420005997096796 0.9918943151575451 1.7775162406152756 1.7236551363521784 1.8834576967887455 2.9731699801866203 3.1002859024980043 3.4149313825026706 3.9894285712521187 0.3342071199803494
1.931802018016841 0.01208831628774074 0.06390176944188845 0.1006500772737699 0.11886859299728134 1.6643561122272237 1.212381426387444 1.387590731205631 0.961863411558214 1.0962562047550286 1.4368944901279908 1.4421029159037064 0.9920316701683588 1.7778669516524155 1.7241871856628743 1.88424634763371 2.9770292012341346 3.104482013669126 3.4197434979585624 3.995266791422668 0.3342333166247034
1.977636798031256 0.011268025021769582 0.05850011118691119 0.09088011100269178 0.11975255009083675 1.651064638768048 1.1905822232321464 1.3662996914451486 0.9494006449920026 1.083826090795967 1.422381124134685 1.4266244946212092 0.9771626081529421 1.7412023384390771 1.6680683306542874 1.800512197267378 2.575121000518743 2.6685957411098222 2.921148525224153 3.391427203328316 0.3314124994338085
1.9316205074719548 0.012085749132578177 0.06335781895711182 0.10009424995531002 0.11884233219824257 1.6647226275122005 1.2123915160170076 1.3874494713283603 0.9616617787625742 1.0959013556836428 1.4360816818693987 1.440919184047867 0.9906892433189105 1.7744973585817558 1.7190417250873091 1.8765715465239134 2.939090571627735 3.0632464645710105 3.372475899187816 3.937896230458721 0.33397402070421056
1.8848552951529864 0.012097630930029385 0.017159961647797366 0.05397546595066106 0.11598921516742439 1.7056728009413284 1.228108233139906 1.3892426913034717 0.9518073448873803 1.0721809417725359 1.3728564791007276 1.3459972995221845 0.8836371860643338 1.5113013569692721 1.3348885126927688 1.3286392736672077 0.993887492762921 0.9890990394766468 1.0396989728157775 1.1593266873123558 0.3206087195421314
1.898369431373421 0.012095832477192592 0.030529701194272882 0.06733327564140448 0.11681441778887203 1.6936237639942702 1.2234780457075332 1.3886468741209104 0.9545951878662989 1.0789308608762878 1.3907808713589571 1.3727257992084485 0.9133167697972498 1.5830871519562286 1.4361840824717584 1.4681938666612566 1.3601942014607782 1.371862818542942 1.4614753762228976 1.651535630928554 0.3231650639129272
1.930108605310843 0.012096544291436275 0.06277296924148827 0.09956535797094483 0.11878688041421892 1.6655007688979184 1.2129911313076676 1.3878609511009663 0.9617367133865017 1.0957664638800557 1.435378293017961 1.439733684308934 0.9892725923802606 1.770926396853306 1.71360683662865 1.868490200600995 2.899683734583099 3.0204366749471747 3.323422454676891 3.8784070968774027 0.3337058841364588
1.9315716540199726 0.012092295104981483 0.06384607603952915 0.10061621768604084 0.11886076889129996 1.6644656757805745 1.2124771649767592 1.3876684896446072 0.9618908879652198 1.0962614434073148 1.4368417723634785 1.4420001364803836 0.9919030911351402 1.7775413286061632 1.7236911563538835 1.8835086667185492 2.973405589105389 3.1005435485385284 3.4152263251449275 3.9897875784911476 0.33420849960843646
1.9318280019087997 0.012088005263365587 0.0639094229002509 0.10065605868540686 0.11886947781304512 1.6643437258819866 1.2123709907327112 1.3875825944175237 0.9618609974437813 1.096256721170437 1.436902728635472 1.4421178254595117 0.992049865900199 1.7779129662382818 1.7242573127187215 1.8843507117485825 2.977543587810768 3.105041262719591 3.4203850555102893 3.9960451075324674 0.3342368379882017
1.9278675668034957 0.01208836549706731 0.05992884326033097 0.09667977084038543 0.11862530265876553 1.6677695626381208 1.2136573703205342 1.3876743476872677 0.9609695477167208 1.0941527342837547 1.431296190934109 1.433636428568356 0.9822984668400798 1.7534442478998868 1.6870443146635763 1.829064562182479 2.7118769934898173 2.8167585429073445 3.0904600826336104 3.5962968686944152 0.33242470286554937
1.9272239134518006 0.012088591760366783 0.05928337009502822 0.09603593614281959 0.11858560852845318 1.6683278175083873 1.2138674840634425 1.3876904904487286 0.9608258657395466 1.093812794574539 1.4303901064868574 1.4322668501652747 0.980727056014939 1.749510017558221 1.6810882575269204 1.8202565625761529 2.6711006913217346 2.7726146611697984 3.040058522532687 3.535371031029674 0.3321465310642877
1.9325936196160127 0.012083526490769386 0.06384682484225286 0.1005736622220771 0.11888176149038336 1.664157163873398 1.212009308058212 1.387233249909559 0.9616649015266544 1.0960711710735378 1.4367133462606434 1.4419378902531506 0.9918906225035357 1.7775223735824384 1.7236519560172965 1.8834375680846793 2.9729075085709327 3.100005980876702 3.4146181210320847 3.989036418213574 0.3342036223127204
1.9330569508194628 0.012069026136005656 0.06389542826741185 0.10054175207750404 0.11889801733441989 1.663922559884036 1.2117905054129812 1.387050073141713 0.9615782430852925 1.0960112281954548 1.436712088547166 1.4419918461141337 0.9919782057970289 1.7777482514369132 1.7239926554061493 1.883940660109987 2.9753191676853152 3.1026197463680134 3.4176088902111856 3.992659863021499 0.33421956820990933
1.9316517586962147 0.012087691833815648 0.06372204793300981 0.100467050978324 0.11885828563576262 1.6645004454010806 1.2124266828429895 1.3875822742571677 0.9618165397551409 1.0961553773252288 1.436636524667898 1.4417161542517416 0.9915878499016016 1.776751663324774 1.7224845239586455 1.881706921730198 2.9644506089720086 3.0908070835741928 3.404064489251814 3.9762334099569747 0.3341475478758784
1.9266947379605373 0.012089423339998533 0.059020732411566766 0.0957762815948603 0.11856497204206315 1.6686173848286259 1.2140601030977691 1.3878090532500433 0.96082430646256 1.0937214091543153 1.4300527798212272 1.4317220507836734 0.9800892763924155 1.7479096741989744 1.6786696812468531 1.8166863275827516 2.6547167432680916 2.7548846399135343 3.019823764976095 3.5109234153828477 0.33203488205346327
1.9264061349503383 0.012091467496980497 0.05861343910464781 0.09538190979533069 0.11854098654153712 1.6689558071035828 1.2141512283598648 1.3877727044972104 0.960710781000307 1.0934893439605922 1.4294716998277532 1.430859263680343 0.9791045273692947 1.7454481662499328 1.6749478028545608 1.8111893636393093 2.6295836585202816 2.727698609889423 2.988807367258382 3.473462206927222 0.33186327706306085
1.9318977892972382 0.01208692455985192 0.06391322637163421 0.1006540841813488 0.11887117217004227 1.6643200066062214 1.2123412117666956 1.3875538542953851 0.9618470000830468 1.096246031535101 1.4368989112109818 1.4421208100701246 0.9920569816766113 1.7779318253536285 1.724285638174502 1.8843921236104613 2.977737817788767 3.1052524130370514 3.420628228914415 3.9963383929687804 0.3342382190222409
1.9313979391987273 0.01209329384794316 0.06378662984233067 0.10056171093167345 0.11885489108182402 1.6645479647004986 1.2125449308505596 1.3877186455658717 0.9619026522846358 1.0962510732986261 1.436772266049275 1.4418799794556298 0.9917584540245673 1.7771761705320093 1.7231349049027862 1.882680615615011 2.969320213048443 3.096101991796373 3.4101333976819843 3.9836064637307613 0.33418067261796147
1.914805583964496 0.012092315529916365 0.04690081806600382 0.08367981642603486 0.11782301424073954 1.6791259138431218 1.2179603028964874 1.3880604883501781 0.9581096026955122 1.0873477528645517 1.4131568343447445 1.4062774754175997 0.9510827892941884 1.6757544221542822 1.5708415105657176 1.659290262096363 1.9974161438927829 2.0478077208617664 2.217641844528686 2.547316317412665 0.3275457201457078
1.9304560769638792 0.012103588417519694 0.0637052786500093 0.10053364826932124 0.11883162242896211 1.6648727689390646 1.2129367735774075 1.388082811821774 0.9620711480882169 1.0963655488769015 1.4367674531552186 1.4417625242674983 0.9915779662185579 1.7767112347734975 1.7224328188308877 1.88164438080314 2.9643114991113992 3.090660710590848 3.4039028082358564 3.976045195980326 0.33414739735564697
1.9305647727720143 0.012092310122039695 0.06317817555188629 0.09994619024362875 0.11881439555415872 1.665113971734444 1.2128270239623575 1.3878234306610673 0.9618117394006551 1.0959654896313091 1.4359361839356675 1.4405855057045074 0.9902584029085792 1.7734030514841126 1.717381172037091 1.8741089345488173 2.9271168537151335 3.050233629781714 3.3575587496780757 3.9198068576130316 0.33389311583988923
1.9307972640782807 0.012087369700702203 0.062820112506564 0.09956408149514027 0.11880377951697778 1.6652641397731163 1.2126996878902845 1.3875841248605976 0.9616046884049614 1.0956699904200713 1.4353584829158288 1.4397874231313088 0.9893698353380603 1.7711794966476082 1.713987297165999 1.8690485808008328 2.902309588043112 3.0232868842166756 3.3266888057766093 3.882358751426511 0.33372370718165273
1.9424860100884296 0.011901024852848064 0.06412640748946502 0.0998720847875709 0.11914541181830184 1.6601195959576323 1.207411035851976 1.3831230472791844 0.9595604722666784 1.0943644237862755 1.4357401523934368 1.441719060763201 0.9922071484575625 1.77843577863068 1.724941442285916 1.8852438564781269 2.9803622015029356 3.108043966741179 3.4237424868401667 3.9999995297307915 0.33423837163839804
1.9332753246392897 0.012084357532062754 0.06387036657715568 0.10060700367309185 0.11889502401973112 1.6639299043618883 1.2116944352675358 1.386954765272051 0.9615273512834855 1.0959655951475953 1.436672928455551 1.441960945029778 0.9919550635289001 1.7776918702744666 1.7239034886446574 1.883804451583977 2.9746527506838527 3.1019086538975786 3.4167872472281524 3.991696858904138 0.33421300717493224
1.9315678304770627 0.012090032942900722 0.06392173100765998 0.10067806451912531 0.11886506784968716 1.6644051072143724 1.2124799016702783 1.3876976230360372 0.9619228125166408 1.0963125844140356 1.4369537345635979 1.4421593763369218 0.9920836284090154 1.777993875522062 1.7243833317397463 1.8845422151671058 2.9785282291945734 3.1061114953854823 3.421612006176153 3.9975367924596252 0.334243651026731
1.930663731429151 0.012090215534694162 0.06286526151694757 0.09962438358584147 0.11880261101143655 1.6652804683104092 1.2127622194738947 1.387660493027742 0.9616548991851678 1.0957281680190312 1.4354468376056069 1.4398975761538122 0.9894866130012888 1.7714702033374863 1.7144314993451593 1.8697119179531287 2.9055718366955876 3.026830245767435 3.3307456189135385 3.887282801105604 0.33374586295526654
1.9318914275860135 0.012086946236550149 0.06390787686849911 0.10064885577094225 0.11887081902795753 1.6643249509765083 1.212343406523603 1.3875544245003426 0.9618460350518279 1.0962434021440408 1.43689150833925 1.4421094657200746 0.9920438534240992 1.7778988063429046 1.7242352332713478 1.8843169560704078 2.977365256358388 3.104847345694478 3.420163723310583 3.9957745187761087 0.33423567741920834
1.9315121248447318 0.012092926930902997 0.06377137227984081 0.10054535860224685 0.11885616017050758 1.6645301688260317 1.2124963405843046 1.387664341954636 0.9618713440925614 1.0962199224635008 1.4367355589787083 1.4418413657051137 0.9917207386065533 1.7770832146399465 1.722991535679088 1.8824651043636762 2.96823890620521 3.0949273788705187 3.408787952339102 3.981971707555815 0.33417326906173156
1.9290980104941131 0.01209242218754255 0.061391205182444716 0.09816321467513577 0.11870975086151916 1.666583125725335 1.2132824566125915 1.387737685766062 0.9613472918234353 1.0949684244113778 1.4333846262559664 1.4367646253943842 0.9858780999566851 1.762412291155113 1.7006507999504359 1.849231163921701 2.8068655719965556 2.919701835570761 3.2081193308139673 3.7386798456922254 0.3330726020652274
1.9248614888383113 0.01209131527350919 0.05703424035646824 0.09380281757835669 0.1184446286924475 1.6703135540342038 1.2146530963580695 1.387800122655203 0.9603532598683454 1.092653224102481 1.4272553817361615 1.4275155635403711 0.9752761373100137 1.7358801989517234 1.660513312531566 1.7899181352571347 2.5338596392121584 2.624252839326548 2.870908497691865 3.3311952386233203 0.3312101719506418
1.9314412438790136 0.01208917180767098 0.06381143406482781 0.100562733581431 0.11885844856084772 1.6644974121120426 1.2125190031118225 1.3877056596890487 0.9619005077902867 1.0962556627068525 1.4367982272408735 1.4419218720158264 0.9918099902225281 1.7773055857286226 1.7233327001814678 1.8829755677038258 2.9707630568203287 3.097668464783851 3.4119306273543404 3.9857836197569423 0.33419071898790376
1.9307667621501055 0.012088730366353278 0.06287581366007468 0.09962700524666178 0.11880531854892443 1.6652425309914998 1.2127187759450866 1.3876201759931002 0.9616364994315874 1.0957159844057203 1.4354489326337045 1.4399129234573949 0.9895094564978427 1.7715288934972593 1.7145202434891185 1.8698428744724926 2.9061959700749234 3.0275079499158646 3.3315227361039965 3.8882232297674917 0.33375015355073095
1.9306936821838034 0.012100159290267741 0.06359889682757439 0.10040999933781082 0.1188321412006853 1.664866403976175 1.212828225926976 1.3879435504337523 0.9619745307053992 1.0962484473829175 1.4365753089735929 1.4415150509290147 0.9913098203575311 1.7760417312793444 1.7214082099141816 1.8801126408472695 2.956702023467581 3.082387619941213 3.394412980874286 3.964529410892503 0.3340949417483706
1.9320811048873225 0.012084826579820924 0.06394858468196128 0.1006783981065857 0.11887673830071313 1.6642416846774493 1.2122604859924144 1.3874898087053575 0.9618217093690101 1.0962365178665536 1.436928746608772 1.4421853032268053 0.9921400506317969 1.7781424681962923 1.7246056226136282 1.884867580447991 2.980074042362532 3.107792181369513 3.423540311193288 3.999872352600883 0.3342538907557507
1.948770270737825 0.011775624636761699 0.06424734100036644 0.09931728365952802 0.11932048427325145 1.6572433695902444 1.2044566654436621 1.3804924713126812 0.9582014905653279 1.0932416629271455 1.4350264680589013 1.441439706049444 0.9922457108473426 1.7786091283421366 1.725137261866915 1.8854613323880458 2.9804392865693004 3.1081291053436284 3.4237682787239523 3.9999982899580195 0.33422985661466376
1.9302655793440047 0.012087669539746795 0.0623135740131397 0.09905935985695564 0.11877218456199337 1.6657070875124118 1.21287481562191 1.387607625055742 0.9614972744112459 1.0954072274507618 1.4346480294390387 1.438708683950018 0.9881273498335511 1.7680594094337154 1.7092363584837562 1.8619816614949398 2.868012923273463 2.9860475436563934 3.2840436038541423 3.830657437309469 0.33348975663144514
1.9378078587303673 0.012036112807559786 0.06396982716130968 0.10046399025797181 0.11900730586970128 1.6619316483945767 1.2095508155919596 1.3850569137513724 0.9605607137017371 1.0951837647429934 1.4362323600258562 1.441871666771804 0.9921136653277675 1.77814541157936 1.724547653462914 1.884710379009566 2.978513788910965 3.106121336848398 3.421570031476717 3.9975726662921907 0.33422669652420417
1.9318021529417428 0.012087750168864023 0.06387832057269106 0.10062352747104138 0.11886775384786706 1.664367862339782 1.2123785892596917 1.38758095998785 0.9618527663595319 1.0962391019650624 1.4368578453852865 1.4420505387514952 0.9919726929313135 1.7777190138925747 1.7239611963681325 1.8839090042787403 2.9753521654721213 3.102658604418997 3.4176531928409895 3.9927281946651223 0.3342219130842779
1.931905824121896 0.012087131185011459 0.06393897854892684 0.10068088711171941 0.11887239711162392 1.6643028556426378 1.212340385651024 1.3875608817834415 0.9618567002049344 1.0962629883096482 1.436937608304403 1.4421770538055196 0.9921208085880067 1.7780920287308948 1.7245303839919572 1.884757408338388 2.9795523403501445 3.107225278759635 3.4228903556673007 3.99908500930593 0.3342505857355648
1.919995104843795 0.012090856902536584 0.052134771313822804 0.08890302257616861 0.11814444686543041 1.6745574476203116 1.2162466015611624 1.3879225423850132 0.9592648811039298 1.09008092337961 1.420415581990446 1.4172004032294165 0.963497415428265 1.7065335634287695 1.616521994543412 1.725506123704439 2.2584972998268618 2.3276280124775535 2.5339244525487765 2.925849546037597 0.32933042708543736
1.9318287388840394 0.012088142528908415 0.06389417134981684 0.10064173568164524 0.11886873232610579 1.6643541675085585 1.2123697878594137 1.3875762352905394 0.9618542210512969 1.0962459557443784 1.436879561730115 1.4420849099247597 0.9920127004110485 1.7778198091283266 1.7241149098158246 1.8841380891132462 2.9764882107712145 3.103893933665306 3.4190692831819165 3.994448011678234 0.3342296254201854
1.93109578783369 0.012095838147074866 0.0637727541882696 0.1005603782956828 0.11884823243157136 1.6646407379655963 1.2126704467043343 1.387840200772975 0.961961814293502 1.0962958119660375 1.4367884887789641 1.4418671723634187 0.9917288714282574 1.7770977701726802 1.7230178108463627 1.8825096600141873 2.9685109421697824 3.095222492882892 3.4091263193370165 3.982385022674784 0.33417543252552595
1.9317653453936767 0.012087074600787055 0.06378802115549947 0.10052976339577745 0.11886331564038193 1.6644300134445225 1.2123850029774328 1.3875600730483044 0.9618206629512366 1.096181245716542 1.4367232447858922 1.441853815815688 0.9917490136339532 1.7771575000974167 1.7231035954674274 1.8826293830072738 2.969006299869225 3.0957595684564008 3.4097432531240717 3.9831251846444515 0.33417865309756783
1.9317693528415663 0.012087059318580982 0.06379061326066783 0.10053227400293367 0.11886350195566861 1.6644274045084912 1.2123835648805912 1.3875593986571217 0.9618209279010947 1.0961823509603732 1.4367267173734966 1.4418592637555787 0.9917553656138113 1.7771734892190718 1.7231279891232711 1.8826657389705361 2.9691860100488583 3.0959549473350485 3.4099673265836343 3.983397094272062 0.3341798813166011
1.9851828665832472 0.01109225860950984 0.05455782630225669 0.08600188469326903 0.11977809380273215 1.6504715576327589 1.1866550409861207 1.3616790138582526 0.9460509303123006 1.0796517921706035 1.4153394825957912 1.417398281170791 0.9672443588479402 1.7166177140299255 1.631091948842289 1.7461873532467282 2.338173312757417 2.4130634619645153 2.6305160107325167 3.0414658846088938 0.3297668686385255
1.9292082708330138 0.012087912803869075 0.06124349601752896 0.09799133694285578 0.11870659196609727 1.666627494989512 1.2132179903152034 1.387629271829403 0.9612561634471989 1.0948405295438475 1.4331404756508048 1.4364292462968251 0.9855072640828646 1.7614860190334127 1.6992420915271493 1.8471377948017496 2.796865593514765 2.908856713342442 3.1957177602084927 3.7236574211007265 0.33300444906496973
1.930624800360011 0.01209286510811213 0.0630099544479162 0.0997829884976869 0.11880747055497713 1.665212301068993 1.2127942875737248 1.3877359381799583 0.9617280713514 1.0958394385998518 1.4356755931451524 1.4402198830616146 0.9898473892781627 1.7723738433119636 1.7158100144346253 1.8717663071047612 2.9156302741452413 3.0377562937354776 3.3432620001055025 3.902465568896662 0.3338144844021746
1.9318508601965194 0.012087826092251225 0.06391275300087969 0.10065849134193548 0.1188700570662107 1.6643356191116785 1.2123618214705223 1.3875740957583698 0.9618574321641084 1.096254858003121 1.436904919433786 1.442123755728697 0.9920577279341081 1.7779330396638362 1.7242878059816427 1.8843959349803259 2.977765069467032 3.1052821180833914 3.420661463629651 3.9963802759483076 0.3342383604490973
1.9317239528022043 0.012087972272571555 0.06382074425723583 0.10056712151190182 0.1188638165891272 1.6644229852254357 1.2124058685714978 1.3875912527282988 0.9618444582359919 1.096212509432673 1.4367792651004332 1.441928800302582 0.991831353784675 1.7773633820941144 1.7234184546527012 1.8830998595484871 2.9713466025637 3.098303750347394 3.41265952283808 3.9866667399752815 0.3341945769312929
1.929219940171167 0.012095482946351804 0.0622506316929968 0.09903469203641933 0.11874928404536185 1.666024458478122 1.2133077962372238 1.3880223924464536 0.9616963537141247 1.095552415434574 1.4346804973893452 1.4386312072593421 0.9879863619891711 1.7676922335612788 1.7086867400285448 1.8611766592693586 2.8642418751283762 2.9819533973002748 3.279356244057372 3.8249831237101457 0.33346477720682133
1.931925120860088 0.012086945360831684 0.06394353018369514 0.10068446955636895 0.11887297683599095 1.6642947397697887 1.2123326591152113 1.3875543861716866 0.9618544283808624 1.096262605405102 1.4369420604014025 1.4421857643496736 0.9921316459174763 1.7781195002788894 1.7245722185187011 1.884819618065561 2.9798586912518963 3.107558391056789 3.4232725536460604 3.9995486530278845 0.33425268719004336
1.930836767663317 0.012087764275428082 0.06289081384781593 0.09963680195704377 0.11880748396782678 1.6652121839295384 1.2126899985629875 1.3875958800652368 0.961627432053382 1.0957132498808067 1.4354623289920345 1.4399404756290548 0.9895442664957507 1.7716171174830455 1.7146542965456792 1.8700417357881773 2.9071569266429917 3.028551608685647 3.33271906293554 3.8896725229288074 0.3337567491264766
1.930608729509272 0.012102825874936659 0.06382761966657777 0.10065175507226023 0.11883997464334292 1.6647554969252993 1.212881411847764 1.3880656396449913 0.9620909434948405 1.0964235661150106 1.4369351791321212 1.442020603967535 0.9918775490159619 1.7774646510383847 1.723582444575614 1.8833583070978308 2.972787749093507 3.0998752910359664 3.414468391104794 3.9888689936752257 0.33420521242817025
1.9336706247555837 0.012113960352597573 0.06391680751519352 0.1008278726073066 0.1188953249868808 1.6637883469224044 1.2115132352304492 1.3868124683281309 0.961474568433425 1.0959479948370132 1.4367430196406963 1.4421082892541968 0.9921426028423963 1.7781664686310628 1.7246238939286147 1.8848739990259906 2.9799964194168975 3.1077394682014585 3.423459876857147 3.99984490613892 0.3342449318521606
1.9289698910447237 0.012088012752623533 0.061000440596871985 0.09774902069538076 0.1186917012868528 1.666836585095182 1.2132953612145783 1.387633506952671 0.9612010848398058 1.0947116194909823 1.4327981921591522 1.4359120917343935 0.9849132653802426 1.7599967495677031 1.6969806937031418 1.843783436889506 2.7809560666934696 2.8916071628698132 3.175992908106723 3.6997780055034424 0.33289592208297547
1.9107243514597982 0.012093570919425704 0.04293951322541082 0.07972621936372638 0.11757721491634551 1.6826360228540727 1.2193279941312738 1.3882380086051798 0.9572745182120207 1.085316848460447 1.4077132329258109 1.3980806928573681 0.9417983729556221 1.6528353410576957 1.5371341171395236 1.610875999124527 1.8200878308467523 1.8586274443864237 2.0047996891732973 2.2937517311273554 0.3263312873543992
1.9375032068026574 0.011972180338396176 0.06287348401696054 0.09900251822595504 0.11897269116968975 1.6626795941099615 1.2095585340866473 1.3847379568844658 0.9601170537916435 1.094417424159255 1.4344999520561683 1.4393565603851242 0.9892686080949309 1.7710078103185567 1.7136557090663802 1.868476050426033 2.89853084320288 3.019151351266249 3.321911263574389 3.876501480900203 0.3336855244817842
1.9315053540311815 0.012087082053220436 0.06352327042820141 0.10026523396010154 0.11884713485976522 1.6646566220090968 1.2124689597164278 1.3875645296623251 0.9617604780888617 1.096040428719183 1.4363491168188687 1.4412879034252342 0.9910974974124741 1.7755199911533246 1.720604671363657 1.878904008997729 2.950607163438239 3.075760056770195 3.3868155991219595 3.95529826657647 0.3340531529883223
1.9316012099370026 0.01208703685600751 0.06361802634660307 0.10035968497496835 0.11885298730024416 1.6645746526765024 1.2124376769073053 1.3875617194707222 0.9617813864184025 1.0960902862340043 1.4364826199862453 1.4414902055863492 0.9913305415788267 1.7761057112198146 1.7214983374120478 1.8802360180398447 2.9571763973929794 3.082900079597633 3.3950003309938226 3.965231032259607 0.3340979624020832
1.8873682481185898 0.012092537277452024 0.020008355961056667 0.05679183386329366 0.11616072180555284 1.7031505920023564 1.2272671989188133 1.3892659434880898 0.9524760367334207 1.0736752587444214 1.376688046361655 1.3516522424978101 0.8898664957608134 1.5262842601204436 1.3558103125747538 1.3571596617400141 1.0624676992345126 1.0603587955437253 1.117782068023495 1.2499360824386176 0.3210909807544547
1.9307005793993581 0.012087419424682382 0.0627249603995406 0.09946925677266413 0.11879789492532324 1.665346626315766 1.2127313052232034 1.3875871667302584 0.9615838129509158 1.0956200474521998 1.435224611788512 1.4395845724488685 0.989136309047035 1.7705930114500434 1.713093870510075 1.8677190427009942 2.895835638420142 3.01625603912385 3.3186356632306664 3.8725934644879563 0.333679546462933
1.929559013335055 0.01208776011880752 0.061604866098809566 0.09835155818980693 0.1187286773154735 1.66631747303154 1.2131044620891813 1.3876245726739527 0.9613388744177702 1.0950328934661517 1.433649985743959 1.4371986626294508 0.9863910775810454 1.7637024959678884 1.7026097635375927 1.8521361512960899 2.820687578779264 2.934692953556564 3.2252704227268754 3.7594454368606653 0.3331669489203092
1.9310989509163528 0.012088862951463407 0.0627889154459077 0.09954388674048388 0.11880697144373709 1.665216498461261 1.2125562563126144 1.3874448987585597 0.9615259864739287 1.0955945566992207 1.4352788824454505 1.4397093473467164 0.9892990301203075 1.7710054141661364 1.7137183947774686 1.8686442724642784 2.9003060683159774 3.0211146493687 3.324202202947681 3.879343558461709 0.33370909406097565
1.892923763625482 0.012096512159328983 0.025117263235037192 0.061925684204371216 0.11648084919875969 1.698473788193273 1.2253321920976956 1.3888685513160721 0.9534541655544718 1.076181969480491 1.3834848834425741 1.3618322748992058 0.9011776312327826 1.5536147751066696 1.3942736885245652 1.4100053235909265 1.1979390066490596 1.20169294212032 1.2732708700620727 1.4311007879587818 0.3220382772089074
1.9316088010490837 0.012091768236093961 0.06390155326117752 0.10066844219757853 0.1188641128172445 1.6644188356748066 1.212465946643814 1.3876744305879198 0.9619068684515516 1.0962934773147572 1.4369213211563039 1.4421182321018382 0.9920383165175575 1.7778810255810822 1.724210146378306 1.8842829828591616 2.977243411189902 3.1047156292607214 3.420010059044648 3.995594626230392 0.334234703682275
1.9163364619955172 0.012091936207635722 0.04842656840965921 0.08520286116636373 0.11791698254303852 1.6777878453493746 1.2174523212757857 1.3880114760151288 0.958441596823284 1.0881397669409645 1.4152658454030225 1.4094511368318454 0.9546845533909647 1.684668408418673 1.584022492250733 1.678325744183775 2.070242555587852 2.125712835903856 2.3055301074895467 2.65230329197111 0.328043883322615
1.931771742353679 0.012086988823871422 0.06378886117793521 0.10053014635200802 0.11886348535599421 1.6644276369514812 1.2123823657208146 1.3875576323749068 0.9618196015807534 1.0961806222415411 1.4367236636794265 1.4418551899762482 0.9917509038158523 1.7771623350082184 1.7231109368331494 1.8826402590719489 2.969059198057561 3.0958170814347934 3.4098093050295026 3.9832051834354356 0.3341790213777456
