5.798001523715048 0.03451103857117215 0.12177766966765412 0.19166518157899393 0.01301700816315135 2.242489842316051 2.445204235727723 0.6397526859741021 1.1098266818425468 3.9797914312955935 3.9919588691386636 0.5292757174462616 2.836599637861192 3.8061450066362394 0.9853050890480866 2.463953417125343 0.219971440040939 1.4954900889872011 2.7127927386174555 2.381523216386617 21.392970111939277
4.6344573032785865 0.010918779389404339 0.06236344809723881 0.19988101167858727 0.03513557243370857 1.6422078164554317 0.6741385686394422 0.9401156147424727 0.758953785930016 0.9496316692643659 1.3789587916007178 1.4318413553174865 1.0068846516240664 1.8038594668215278 1.7363886938066297 1.8872543760977454 2.848145783971047 2.9639268346551155 3.3171264572348043 3.787657340856608 0.3426736215313961
1.6738626267576902 0.00622669725661341 0.05638132785570688 0.1168854513711576 0.03203068560335089 1.8834321374736902 1.3774088266137492 1.502594803925524 1.021637989989196 1.1389295129894268 1.4560005449738687 1.4271826040780256 0.9613627562890962 1.6931555442944086 1.5929883184018179 1.6946736572249284 2.147201585012247 2.2178824579320167 2.4471690658308716 2.7891025419877504 0.3058452333433808
1.6870822973713535 0.00622593456631869 0.06957279332020434 0.13006070947613912 0.03228329039059058 1.8686949786409268 1.3711344604746236 1.50069515738605 1.023719212901887 1.1450216758049117 1.473479219347332 1.4538752668993367 0.9923486712807841 1.770935441408498 1.7107078096590214 1.8685581611154922 2.9238260465645873 3.060172495014952 3.4213771195215457 3.9512006936060686 0.30785292622423144
0.25521299428330124 0.10388333417162464 0.17509182058357106 0.1938235513570143 0.0306042488471544 1.89473762129061 0.09573689379371464 0.15040384704153476 0.35997415601932525 1.0961447796668045 1.8263692424023787 1.9273042409428458 1.7968929988578628 2.0862912999528764 0.8098973729673353 1.585015962025592 3.375267493234217 3.3597848765398104 3.510599591737723 3.6760949563966583 26.37770584810492
1.6810589247102175 0.00622630460514444 0.06356206134855476 0.12405790670815833 0.03216819663529231 1.8753809339583531 1.3739791657145841 1.5015488076181036 1.0227624714037031 1.142232930024574 1.4654778880690735 1.4416402831105948 0.9781004338475103 1.7350481075767057 1.6560142194685377 1.7872047587392683 2.540124828624357 2.6426470275994105 2.9368614847481957 3.3713344858425813 0.3068580318219168
1.7995219095835884 0.005649904102813377 0.07019077739902024 0.12269727123026875 0.03329719008201104 1.8075048842320678 1.302580762969772 1.441480974691825 0.992559136793112 1.1187286253442166 1.4557149476595936 1.4461219967641703 0.9930662818176821 1.7753535865942647 1.7160906679147085 1.874682011729289 2.9353421517964384 3.072328530695821 3.4350798881738775 3.9671322437784804 0.3076385860774985
1.807732477753677 0.005524280532573385 0.04448130073564925 0.09527573245972093 0.03305962057788889 1.82424639507694 1.2934955911540076 1.4268945583635249 0.9788959285425624 1.098693378837025 1.4158043345892801 1.3910460763205632 0.9323787165638369 1.625041444940109 1.4918841359612265 1.5476991033117136 1.602866140227852 1.6348776057464045 1.7812765492624951 2.0047222303754624 0.30410842880817085
1.8128723795014063 0.005452816743464233 0.07068845994830897 0.12021925239859323 0.03349596337768694 1.7942269393974402 1.295052841657708 1.4350923601313366 0.9892837796228929 1.1160888783775649 1.454288152309611 1.4459821008902634 0.9938942314222188 1.7776716505802015 1.7194594760288844 1.8795010631934275 2.957025577840446 3.095938659501415 3.4624833124949412 3.9999936739145445 0.30767253665521466
1.67165517832405 0.006226798978442801 0.0541769733521163 0.11468328139695144 0.03198848581249024 1.8859167957399794 1.3784673807100676 1.5029206387500076 1.0212963027375976 1.137921104458433 1.4531085307840792 1.4227785947700482 0.9562857741300045 1.6805055052537254 1.5741317391505787 1.6672471142118326 2.0392479192049926 2.101737325604883 2.3139099964216006 2.6314178283007394 0.30556805420834654
1.6844813678231803 0.0062261155781175685 0.06698007916265623 0.12747176591307066 0.032233619843865885 1.8715746171919945 1.3723604451874871 1.5010625355597071 1.023305646597496 1.1438168477415638 1.4700207354449715 1.4485830516520533 0.986175945951558 1.7553626549294299 1.6868951722787549 1.8330192772348397 2.751675562665623 2.8725372975065415 3.2032776364861406 3.6897507459980714 0.3074058659860099
1.6875277385135716 0.006225904351544133 0.07001712179846056 0.130504394600651 0.032291799776625114 1.8682025486898117 1.3709249854256078 1.5006327319369905 1.0237904378315017 1.1452286304559545 1.4740731409737058 1.4547845359975742 0.9934106364641554 1.7736184904173553 1.714822731508835 1.8747179020761295 2.9543920680713724 3.093538052215002 3.460218275311468 3.9978321313307092 0.307932421928407
1.6874339349875271 0.006225915415858594 0.06992451268631429 0.1304119842943596 0.032290017538764475 1.8683056635699413 1.3709692608527344 1.500646278718674 1.0237758757775326 1.1451857338384979 1.4739495008538686 1.4545950537994314 0.9931892048619578 1.7730589227780944 1.713964252038271 1.8734323901125014 2.947995329421683 3.086554216642847 3.452086905835412 3.988068163844773 0.3079157853297552
1.8455375760211485 0.00535807352034372 0.07075215755236719 0.1190791063061042 0.033744803803746025 1.7782684055747386 1.277025827630529 1.419572176652657 0.9811736683319563 1.1093108793512274 1.449829407349175 1.444106084986394 0.9940729984850152 1.7786414650723639 1.7204913716556398 1.880530558684144 2.9571896013329906 3.096012657997559 3.462461246641398 3.999836916098842 0.3076440535759159
1.6841241013794852 0.0062261361572294675 0.06662336043014044 0.1271154981397804 0.03222679090941869 1.8719712606067953 1.372529086205436 1.5011130362110872 1.023248773498701 1.1436512423167935 1.4695456999204812 1.447856644358498 0.9853298561578088 1.7532311377804204 1.683645253998878 1.8281831576686611 2.7287975207218635 2.847638452425116 3.174379273046783 3.6551598908157383 0.3073465374913909
1.6841082869406248 0.006226140333751913 0.06660790579908953 0.12710011181469244 0.032226491938254026 1.8719885735157307 1.3725366078944081 1.5011154183002824 1.0232464127323118 1.1436441572561902 1.4695251886605647 1.4478252170190262 0.9852932243936449 1.7531388590260508 1.6835046111517333 1.827973952956635 2.7278108437823554 2.8465648226030074 3.173133409447203 3.6536689058657457 0.30734397997565854
1.8521273516542516 0.005426904116526447 0.0706780367417387 0.12010321882585798 0.033708761416501344 1.785858879443972 1.2734799860647266 1.416512491038664 0.9795803639579194 1.1079828191929837 1.448965442111192 1.4437497249760747 0.9941137585052306 1.7788375972898818 1.7206962157796686 1.8807355513992678 2.9573485526772023 3.096182346359412 3.4626015571555033 3.9997496192032203 0.3076548128436731
1.567291542798299 0.011279403791920427 0.06354047734678984 0.1986370354770342 0.031052362072960592 1.7664548551774726 1.4543636426170203 1.573464220664439 1.0621432247578804 1.1776644638149112 1.495293208247 1.4630679377886129 0.9898688396893844 1.7603626439690554 1.6959257505413932 1.8486091674694665 2.8684597912757566 2.9975341775301487 3.3238681580820275 3.8005373652135765 0.3158353579889428
1.6829547488646617 0.00622620755217917 0.06545638585837718 0.12595005103087362 0.03220444596101146 1.8732701204933304 1.3730817329120841 1.5012790637963653 1.0230632394023438 1.143110158069046 1.4679933058695054 1.4454833206616018 0.9825673324994165 1.746276683543373 1.673057645581384 1.8124517726330085 2.6552756621512783 2.767683152833781 3.0816510996538073 3.5442500044899936 0.30715601498144957
1.7635385420817733 0.005764974250373186 0.0703353275393577 0.12432781713416673 0.03302456580041402 1.8229968331119504 1.3235870722326344 1.4596697018989948 1.0021581235916133 1.1268773273082324 1.4614142168972524 1.4489418507596725 0.9934543861760231 1.775620368513057 1.7169735720268036 1.8765975176604324 2.950556746078705 3.0890607552140312 3.454695043844714 3.9908185244958845 0.30772883518863
1.6873734625154968 0.006225929518131248 0.06986630072949064 0.1303539928532564 0.03228888273647569 1.8683714675618481 1.3709980742179164 1.5006556518608118 1.023767177908457 1.1451591606418783 1.4738720674179784 1.454476100849436 0.9930500565257251 1.772707270048656 1.7134248486807397 1.872624820841601 2.943981951436076 3.0821728242695507 3.4469859852674625 3.981943560372959 0.30790535288858534
1.8575575012895449 0.005373902694727191 0.07060814386700677 0.1192549325085232 0.03377599499754454 1.780479148040708 1.2705334091658285 1.4139581947410294 0.9782211698578237 1.1068113990651625 1.4480779079407406 1.4432031677823727 0.9938594425705746 1.778276602610895 1.7197633432769266 1.8792571220390224 2.9491524643027005 3.087204461642297 3.4521754067171955 3.98743448258241 0.30762444523931415
1.672188916041859 0.006226778847151666 0.05471072649495229 0.11521657148295282 0.03199869689033586 1.8853149817642767 1.378211280856591 1.5028419350261157 1.0213790975429675 1.1381652131346416 1.453808176031036 1.4238435624254868 0.9575124862059236 1.6835595695250332 1.5786767696404815 1.6738468188095106 2.0648785539572247 2.1292895413064437 2.3454953384071446 2.6687610389377507 0.30563382289721075
1.683590723615939 0.006226184909799947 0.06609408631522302 0.12658714318424247 0.0322166274204078 1.8725619961648103 1.3727816036566038 1.5011899647774711 1.0231654744136833 1.143406519612828 1.468841890071642 1.4467799510528159 0.9840759422163604 1.7500734480328717 1.678834945598548 1.8210313985780304 2.6952038444999764 2.8110936486408598 3.1319830249898417 3.6044347555188683 0.30725946761237527
1.8421276669510078 0.005461140846690839 0.06989568626803634 0.11977191381066313 0.03361451244093407 1.7927440158177508 1.2787597805924364 1.4208561639960973 0.9816689097005598 1.1094683622213282 1.449136277111149 1.4426644287463046 0.992212927191629 1.773918728222727 1.7133191263619498 1.869867463358944 2.905215533552324 3.039314301658462 3.3965073331144158 3.920680925848829 0.30752365456603026
1.680625124103028 0.006226331698724725 0.06312969950982983 0.12362610350248429 0.03215991264118368 1.875864008642902 1.374185038069631 1.5016112738315188 1.022694350195033 1.142033292482706 1.4649048357881183 1.4407649366820248 0.9770839402493202 1.7324957285337188 1.6521489095257118 1.7814921685142016 2.5145513145080405 2.614910573071297 2.9047807225375797 3.33306671087502 0.3067919276518216
1.6870860252547528 0.006225942319196766 0.06957802592307005 0.13006604544031755 0.032283376690286074 1.8686899831828452 1.3711329788173443 1.5006952815323629 1.0237205078915501 1.1450245032946598 1.473486490549048 1.4538861101113807 0.9923611843726717 1.7709670048673998 1.7107562133808114 1.8686306138200388 2.924184583016225 3.0605637889584254 3.421832533002407 3.9517473375405747 0.3078538629780021
1.8816266851563173 0.00514989601458426 0.05161671683951537 0.09709445866272826 0.03379984557263194 1.7758135853999915 1.254595806122288 1.395327410421673 0.9640346501538178 1.0885585075528212 1.4160644896009293 1.4009366502506522 0.9481276950701254 1.6649290353555926 1.5496422376229129 1.6295342468785883 1.8803974656798046 1.9309500223965677 2.118115379147382 2.3999709504964115 0.30476285284125604
1.6836445223143799 0.006226154916546245 0.06614269064913351 0.12663531399968073 0.03221760689553351 1.8725047718431949 1.3727552588359115 1.5011801548384898 1.0231716642561952 1.1434277400349528 1.4689056111682484 1.4468783387807296 0.9841909720145844 1.7503631996551616 1.6792760883465851 1.8216868762574598 2.698270225636604 2.8144285847779478 3.1358509899699705 3.609061463843935 0.30726739783872026
1.6794761529552091 0.0062264251553481925 0.061987705615485035 0.12248589242370826 0.032138000503201175 1.8771431704411174 1.3747314980645102 1.5017785742748557 1.0225157379951828 1.1415073555491138 1.4633933821560376 1.4384562190722374 0.9744045208510802 1.7257727691377527 1.6419834164644715 1.7664919103247463 2.4482373614116453 2.5430443650930146 2.821723446661505 3.2340688900216668 0.30662064669375133
1.6393297659208905 0.006227897334585688 0.021903647542174928 0.08243265823659143 0.0313705306432238 1.923066695511456 1.3943450381989932 1.508007782476853 1.0165141734790955 1.1234876582996085 1.4117051777210219 1.3601098360223498 0.8851305601453422 1.5060643186473277 1.3225533973817287 1.3132300713938885 0.9584308004062069 0.9564306628563356 1.0195408100813848 1.1226222932322267 0.3028161266526972
1.6720881972093309 0.006226801248834592 0.05461358268956292 0.11511976731240232 0.031996803440996396 1.885426844581269 1.3782602429507231 1.5028583068124974 1.0213651139927735 1.1381217099188716 1.453681479680708 1.4236500143020223 0.9572891476742582 1.6830033099592865 1.5778486135131837 1.6726438045846084 2.0601906037721673 2.1242490369667526 2.3397157491853346 2.6619263795225576 0.3056218040595016
1.6865187334363738 0.006225970083670053 0.0690101369989534 0.1294988270085676 0.032272519327577236 1.8693186620432996 1.37139957672321 1.5007740770477747 1.0236289788321251 1.1447596465902845 1.4727275305102343 1.452724767484594 0.9910056203348802 1.767543879778924 1.7055113893487563 1.8607872444550575 2.8855735728202316 3.0184374774697007 3.3728174317301804 3.892930800451854 0.3077534877611229
1.6830399749640688 0.006226207254260323 0.06554237759987318 0.12603599850251787 0.03220608355212939 1.8731749164290903 1.3730415949569632 1.5012673393451927 1.023077177268662 1.1431502452300948 1.4681077923103918 1.4456581365477827 0.9827706255690078 1.746788166585185 1.673835521182368 1.8136063400835356 2.6606252543112516 2.77349770072922 3.0883908652964234 3.5523068995106555 0.3071698737444497
1.6873680394460324 0.0062259152414573336 0.06985777793536496 0.1303452828362056 0.032288748468747915 1.8683790950669246 1.3710000619395615 1.5006550821740403 1.023764873536991 1.1451543883864916 1.4738601035536798 1.4544583758923222 0.9930296591851404 1.772655823390274 1.7133459012394747 1.8725065688062315 2.9433939734563177 3.0815309383256384 3.446238693913034 3.9810463164761645 0.3079038140073134
1.6855984867469398 0.006226034763388138 0.06809353603062547 0.12858356259684958 0.03225495374361577 1.8703366658869331 1.3718333095398858 1.5009042372104087 1.0234828945442889 1.144333742546646 1.4715045498722974 1.4508530206195829 0.9888218474111055 1.7620331083495326 1.6970802575334945 1.8481975257485779 2.8243277087460563 2.951665037786309 3.29518345939205 3.7998415117517883 0.3075943987815076
1.6863786541329913 0.006225981012012529 0.06887154562732288 0.1293604446282016 0.03226985618715503 1.8694729315976326 1.3714657237328651 1.50079425794964 1.023607149837175 1.144695455458216 1.4725426877302952 1.4524416516653809 0.9906751025346566 1.7667094770344727 1.7042338421569707 1.858878105276994 2.8762285328687667 3.0082452377465874 3.36096268823412 3.878710523989179 0.30772920662086706
1.6758787844100216 0.006226602509153794 0.05839482991266739 0.11889689702111149 0.03206922813591198 1.8811686544817285 1.3764448517559515 1.5022996195527163 1.0219517980679789 1.1398531700984935 1.4586494433070178 1.4312194136627587 0.9660251891345225 1.7047961170076253 1.6104120518716671 1.7201222841385757 2.250798516363724 2.3295752398187655 2.57558997809704 2.9413825464309564 0.30611166966445763
1.8612245328118904 0.005358698485593208 0.06989064558025043 0.11832526968511714 0.03378776021897007 1.7808991970449404 1.268456394557178 1.4119828554175904 0.9770205292166213 1.1055654578883038 1.4464962232777914 1.4414335789899895 0.9921046908587154 1.7739237297017274 1.713065406101096 1.869198903396156 2.8991789112412008 3.032667569208452 3.388704859381949 3.911260404451307 0.3074916217602141
1.685608717496272 0.006226030601242632 0.06810288210459627 0.12859284978395832 0.03225514047761335 1.8703258382407795 1.3718283355598282 1.500902427166007 1.0234841276142275 1.144337865043287 1.4715168577104356 1.4508720156028816 0.9888440824184517 1.7620892193277373 1.6971660187499311 1.848325457693281 2.824945422233765 2.9523381820943744 3.295965741555696 3.8007790992898456 0.30759600015654937
1.6860581863531758 0.006226019736267936 0.06855440584601162 0.12904400537384594 0.03226375687532487 1.869826506949472 1.3716171208235384 1.5008404387959025 1.0235572109158795 1.1445486018969937 1.4721198415599355 1.4517940650429135 0.9899192479816465 1.7648017174782678 1.7013141916256267 1.8545170075097848 2.8549589072456842 2.9850526363411314 3.333993167529189 3.8463667897460816 0.3076739565756909
1.6830018960576207 0.006226196899458261 0.06550202602604117 0.12599552232494737 0.032205333672502084 1.8732183699038982 1.3730591774584875 1.5012717514025373 1.0230700581700087 1.1431309383462038 1.468053713094484 1.4455759220898956 0.9826752041118336 1.7465481388237978 1.6734704469266788 1.8130644191506728 2.658113092236084 2.770767126950654 3.085225721531622 3.548523105819008 0.30716335926477245
1.7649290723721338 0.005814045350272552 0.07032474461590915 0.12508342361171795 0.0329923406232981 1.8273682519404224 1.3227828880841697 1.4589727606168978 1.0018024388191276 1.126590532937064 1.461262891048274 1.4489337610576254 0.9935553727061268 1.7759023484964367 1.7173862528166246 1.8771931788090135 2.9533309281422677 3.0920845066493663 3.4582036882376967 3.995060283450022 0.30774256575658276
1.6732743429817638 0.006226723201817932 0.055793756670855864 0.11629844839422844 0.032019438674479254 1.884093701794213 1.3776905975864362 1.5026813275734192 1.0215466936422013 1.1386604105564277 1.455228846125584 1.4260071289127791 0.9600066904016776 1.6897741037006073 1.5879398475180537 1.6873190102380344 2.1178795915936024 2.186310315652092 2.410915838486473 2.746170051913002 0.3057698999988719
1.681877885643899 0.00622627207823121 0.06438184417703835 0.12487688425830613 0.03218386987938276 1.874467716579388 1.373591472624767 1.5014326723539815 1.0228929063521297 1.142612678533498 1.466565970731209 1.4433020463671868 0.9800308859904582 1.7398982014801898 1.6633682349693442 1.7980869094476766 2.5893313034856655 2.696048718638937 2.998666118338926 3.4451048299977773 0.30698530777411975
1.678500741997543 0.006226449647480772 0.06100907845097277 0.12150800448715836 0.03211931079470069 1.8782352786749201 1.3751944291200628 1.5019172560723173 1.0223602875135822 1.1410548758213677 1.4620982063025574 1.43648036420951 0.9721144870816815 1.720032924185626 1.633322406660956 1.753738372086052 2.392801430094416 2.4830306022176614 2.752437809273325 3.1515732295588683 0.30647756672584714
1.8495635561813346 0.005376513589462072 0.06520862003762057 0.11387887208818384 0.03366351792522661 1.786258837630564 1.2739178125749706 1.4154582043430066 0.9777339056511117 1.1045821980012338 1.4409258524684596 1.4320079282354687 0.9807298880116501 1.7452884105584026 1.6697262989139887 1.8049903653039625 2.598268164015495 2.7052552731837647 3.008785318640139 3.4566016252733958 0.3066938420632944
1.6841611469268858 0.006226120523722876 0.0666577493053881 0.12714965676744916 0.032227473791877806 1.8719314779978715 1.3725111247950281 1.5011066851844082 1.0232534683301053 1.1436665311006782 1.4695910044949243 1.4479264125243845 0.9854113627648076 1.7534365189467933 1.6839582735867946 1.8286487604701815 2.7309940453286248 2.8500286000288195 3.1771528941522 3.6584793223196446 0.3073522245162892
1.6844908115187085 0.006226110738437765 0.06698904995330832 0.1274806608741211 0.032233796115883846 1.871564410281835 1.3723559050650538 1.5010610046222645 1.0233069380539195 1.1438208931975389 1.4700325971024844 1.4486012783741444 0.9861972244015333 1.7554162837427811 1.6869769648373145 1.8331410274868627 2.7522531228610574 2.873165986923776 3.2040074498332647 3.6906244686814236 0.30740736258411083
1.6824170894006243 0.006226227977669267 0.06491822094014799 0.1254124050794762 0.032194157721447965 1.8738686435873195 1.3733358342767221 1.5013549663936043 1.0229773692693402 1.1428604841137855 1.467277888578233 1.4443902202338634 0.9812961044508998 1.7430791159620374 1.6681977237010408 1.8052429306493467 2.6220405663881925 2.7315707129314752 3.0398054619983843 3.4942421851195933 0.3070699536903828
1.6752484344958152 0.006226623688468369 0.05776350395873689 0.11826610492013268 0.03205716038614427 1.8818766830278157 1.3767456252494554 1.5023908958123195 1.0218526845796747 1.1395628312077049 1.4578178073518373 1.429952065517957 0.9645607013884695 1.7011374112349316 1.6049282383970953 1.712101803802486 2.2177885518904703 2.293961293633493 2.534614170302132 2.8927607332030285 0.3060267199344508
1.686768416160658 0.006225953843242942 0.06925982578920632 0.12974815967151532 0.03227729638874437 1.8690420015153855 1.3712821619875788 1.5007392647296978 1.0236691284408326 1.1448760066894377 1.4730611096790185 1.4532352213857211 0.991601382668342 1.7690481009923271 1.7078153958113629 1.8642316782188255 2.90248652654386 3.0368873101090696 3.394280885321887 3.9186821382458783 0.30779744753928245
1.682158385460545 0.006226241798627776 0.06465946476341443 0.12515395990690342 0.03218920796627137 1.8741567895230007 1.373458209185585 1.5013916267551073 1.022936180909101 1.142740550892182 1.4669341242369922 1.4438650157229953 0.9806855127320582 1.7415438520202609 1.6658661307946052 1.801787155494234 2.606209471656946 2.7143758907444933 3.0198887407472275 3.4704501044315 0.30702897586401445
1.773497096477085 0.005654199070507569 0.07052349807722118 0.12286150820771148 0.03314288121199521 1.8163056652370624 1.317733548198317 1.4546253927340884 0.9995249919714223 1.124688014563489 1.4600287169495103 1.448461331819897 0.9937060290086328 1.776460161764307 1.718131352913343 1.878163203217867 2.956650372219776 3.0956681903961387 3.46231959514503 3.9999733858727966 0.3077267547736489
1.6869117337761457 0.0062259465305390645 0.069403464680895 0.12989162215123443 0.032280041444257675 1.8688830604843063 1.3712148412351266 1.5007194337244334 1.023692332019431 1.1449430441918274 1.4732531160938809 1.4535289966074727 0.9919442837242683 1.7699140345633924 1.7091422561789147 1.8662160813293678 2.912261090805226 3.0475521842808497 3.4066902134800103 3.9335734801964937 0.30782285926595765
1.6861691994307866 0.0062260076324463206 0.06866398885462965 0.1291533707192999 0.03226586676820353 1.8697040769990292 1.371564612745895 1.5008243186168528 1.023574379016117 1.1445992680499086 1.4722658827073947 1.4520177704215498 0.9901803573275595 1.7654606937766497 1.7023224856866146 1.8560227860956995 2.862290570748928 2.993046318812415 3.343287645004475 3.8575122336024954 0.30769299825334734
1.681606907106194 0.006226276610801556 0.06410958706520647 0.12460480671340128 0.032178674443809105 1.8747702848510104 1.3737195201887489 1.5014706280244903 1.0228492542052208 1.1424862551227932 1.4662042927914183 1.4427498134897005 0.9793893048251715 1.7382858922167816 1.660922229948821 1.7944654396283573 2.5728842031372605 2.6781945154645945 2.9779968615337045 3.4204271704343965 0.30694275230112994
1.7880738419213167 0.005655227834374121 0.07040943000923433 0.12289379649577624 0.03322718421532627 1.8117908796347821 1.3091958226942795 1.4472419233580378 0.9956285946948606 1.1213776308594186 1.4577048254866338 1.4473003992183977 0.9935292823016502 1.776303273085447 1.7176973602030954 1.87727079495378 2.9499321367861384 3.088288124658104 3.4536817464646985 3.9895412435084143 0.3076891267308358
1.6810365756998626 0.006226308161149909 0.0635403049078228 0.12403620684592438 0.032167775034754216 1.8754055153431062 1.3739898602024203 1.5015522449483516 1.0227591989877969 1.1422230159491853 1.4654491404114058 1.4415962682054888 0.9780492616398734 1.73491957494697 1.6558194962689035 1.7869168661907278 2.538831869300228 2.641244427326384 2.935238866613238 3.3693985401475226 0.3068546906203219
1.6864907904646445 0.006225973173309128 0.06898327952167103 0.1294720147401093 0.03227199702441575 1.8693489156516614 1.3714129071340062 1.5007784377492193 1.0236249863661029 1.1447474089139413 1.47269184944331 1.4526699637471678 0.9909415603358713 1.767382126161634 1.7052637110052822 1.8604170931370976 2.8837602339813815 3.016459637791144 3.370516855253996 3.8901710038935984 0.30774877789942334
1.6869387576155808 0.006225946716330155 0.06943040690719089 0.12991855811872263 0.032280556815615216 1.868853222978004 1.371202130410728 1.5007156351099946 1.0236966436782322 1.1449555851902458 1.4732891115940288 1.453584099782143 0.9920086193225502 1.770076520056159 1.7093912711604666 1.8665885587837547 2.9140982790499352 3.0495568824438006 3.409023019652102 3.9363731123831514 0.30782763593988105
1.6860727214030535 0.0062260011954470154 0.06856620697569604 0.12905553766669148 0.03226400984802803 1.8698116857628773 1.3716097778248169 1.500837237913988 1.0235582806364167 1.1445533895615463 1.4721350879256265 1.4518179089192107 0.9899473311724077 1.7648726643621775 1.7014227090993537 1.8546790055397666 2.855746609763604 2.985911413422811 3.334991636130291 3.8475640233261506 0.30767599369185566
1.6868273479694036 0.006225966743215491 0.06932103868462662 0.12980952746856417 0.032278445024788216 1.8689754916068384 1.3712548569688596 1.5007320315987835 1.0236796633204577 1.144905129678726 1.4731433317149643 1.4533606137044468 0.9917475285272844 1.7694170876500677 1.7083807669114193 1.86507719472354 2.906648938109086 3.041428670471209 3.3995648479244527 3.9250227341355686 0.30780827477673584
1.7916727620163322 0.005709048907038957 0.0704051719699297 0.12376515291859301 0.033218025720712537 1.8128806266710071 1.307132005403495 1.4454716717583895 0.9947140198531087 1.1206265229412975 1.4572581649568288 1.4471852324751482 0.9936727757956425 1.7767312207178043 1.7183039162563905 1.8781214167612046 2.953633052312215 3.0923204720546544 3.458387990819197 3.9951542206637547 0.30770103184528325
1.8759738784243631 0.005260368235478089 0.0697965398417667 0.11681603704598531 0.0339325139799011 1.7707109844898201 1.2606195651180458 1.4052151838879765 0.9734552696816646 1.1025418271156349 1.4443483467899585 1.4402801571213162 0.9917583639465919 1.7732528086344153 1.7118395869642613 1.8671507324517866 2.887087298168065 3.019432358167862 3.373256122439665 3.892676657361544 0.3074491246909254
1.6781053220782707 0.006226489496511938 0.06061780703039952 0.12111744194439811 0.03211178639170659 1.878675539401267 1.3753832626490725 1.501975956895439 1.0222998901315665 1.1408755403040212 1.4615818496923891 1.4356917990692932 0.9712005598662325 1.7177435512118986 1.629872589530291 1.7486654144699105 2.370991661317788 2.459436017862936 2.7252166639255204 3.1191843449901904 0.30642132722328913
1.6871281200897947 0.006225931938571178 0.06961892915570259 0.13010678112472518 0.03228417057250407 1.8686440312648025 1.3711129795919839 1.500688912794141 1.0237267329052127 1.1450432679270304 1.4735409482353528 1.4539696829979893 0.9924588817710526 1.7712138219370408 1.7111345924376544 1.8691967800416904 2.926985019789997 3.0636201121155184 3.4253897252624514 3.956017138241681 0.3078611414857325
1.8628908616990576 0.00532822407466569 0.07058303408650449 0.11857236625436332 0.03384549805480855 1.7740757962530098 1.2676736100522379 1.4114879578993302 0.9769179466995506 1.1057048479098086 1.4472891473439138 1.442778114631268 0.9937314244528068 1.7780295128133352 1.7193118201088382 1.8785013416149012 2.944623158210635 3.0822419259826455 3.446375945371228 3.980458417631384 0.30760519216384735
1.6869107354829598 0.006225946146340954 0.06940169776627947 0.12988985990994678 0.032280013434079186 1.8688846820938714 1.371215181331165 1.5007192450321962 1.023691818263804 1.1449420255473792 1.4732506183829785 1.453525320317725 0.991940066106102 1.7699034057066352 1.7091259593118862 1.8661916903690035 2.9121406841272366 3.0474207989524933 3.4065373233130654 3.9333899951199474 0.3078225444949492
1.6860562134258683 0.006226007316638649 0.06854993145070568 0.12903936436955832 0.03226369505097509 1.869829929616991 1.3716175924239018 1.5008396461207785 1.0235557392220975 1.1445458735757168 1.4721134087781886 1.4517846973734685 0.9899085658121619 1.764774834179173 1.7012730350994436 1.8544555056280978 2.8546592885409305 2.9847259716452856 3.3336133521905587 3.84591135620009 0.30767317019859314
1.6850565300567892 0.0062260781974947735 0.06755355769428091 0.12804445626235947 0.03224460520285456 1.870936929312681 1.3720889736529187 1.500981038277486 1.0233969395017568 1.1440830336915033 1.470784738645305 1.449751685777481 0.9875377699419474 1.7587949892122237 1.6921332117260102 1.84082104599416 2.7888581973878037 2.913023077067265 3.2502885442161533 3.7460481850255105 0.30750233037090435
1.684081123686449 0.006226128225205136 0.0665784283923917 0.12707047925887188 0.03222595007279059 1.8720199872524108 1.372549012345505 1.5011182522149433 1.0232410026512972 1.1436298653153836 1.4694855066886792 1.4477649897376994 0.9852233180824164 1.752962852336158 1.6832363412985778 1.8275748726212124 2.7259288269128015 2.8445169888452235 3.1707571264582763 3.650825106117688 0.30733909316327496
1.6863759596578658 0.006225999126924448 0.06887147866963224 0.12936063602371356 0.0322698280361252 1.869474758749963 1.3714674783108678 1.5007957582412532 1.023607932464373 1.1446961051835016 1.4725430876182053 1.4524417657169397 0.9906749768705799 1.766709083739207 1.704233268380398 1.8588772946054095 2.8762250344119598 3.0082414331156935 3.3609582740303794 3.8787052429720785 0.3077292066231224
1.6758343099293338 0.006226611892950102 0.05835126327936231 0.11885348237080723 0.03206838633529796 1.8812179076413569 1.3764662244931838 1.5023064741805028 1.0219452514514886 1.1398333830502814 1.4585922192428955 1.431132012282444 0.9659240711495382 1.7045433933628804 1.610033046988066 1.7195676516926346 2.2485052187091537 2.3271003109893225 2.572741587987443 2.938001689146657 0.3061057690887954
1.6869582588899477 0.006225944519667274 0.06944948648289996 0.12993760077403796 0.03228092528841392 1.8688318908256984 1.3711928885583666 1.500712739634318 1.0236995875015924 1.1449643723945624 1.4733145358783635 1.4536230890879915 0.9920541782016369 1.7701915960562808 1.7095676332442908 1.8668523673806452 2.9153998898366407 3.050977201505052 3.410675835092795 3.938356726604093 0.3078310189237984
1.6688977664191906 0.006226936300211177 0.05142713913504555 0.11193624769423963 0.03193580835956186 1.8890276974594236 1.3797948472939188 1.5033330217587215 1.0208738549283591 1.136668161110278 1.4495131603694973 1.417307646141918 0.9499923899721802 1.6648615864490828 1.550925341747512 1.6336590947985161 1.9121619529212897 1.9653454621562128 2.1578069953589463 2.447157554427878 0.3052423643842086
1.878456675528402 0.005231990965042343 0.07072921590390643 0.11733015239602287 0.0339874977976908 1.765455980483243 1.2594651685413367 1.4044634191391696 0.9732770402067561 1.1027016594286787 1.4454157823300102 1.4421148689892977 0.9939870052863288 1.778876062709081 1.7203860830797157 1.8798710376763414 2.9491136987213222 3.087090583543694 3.4519596408638225 3.987101892057982 0.30761051705476206
1.6859585595951807 0.006226014118565611 0.06845254905497496 0.128942124033616 0.03226182972275559 1.869938040186394 1.3716636000532771 1.500853412332834 1.0235401860838598 1.144500597743063 1.4719834637777405 1.4515858446176266 0.9896765856233027 1.7641894617093465 1.7003775403423862 1.853118448484592 2.848160181008097 2.9776407805219347 3.325376077439103 3.8360347300221505 0.3076562889635425
1.679923424345758 0.006226374006946167 0.06242962661205361 0.12292691617834196 0.03214650525320251 1.8766463778649334 1.3745181975223455 1.5017122337720223 1.0225839918046367 1.1417100979375503 1.4639775126748102 1.4393488600159297 0.9754404248767861 1.7283711766511933 1.6459096345156385 1.7722813936664057 2.4736882287396966 2.5706164377011684 2.8535778446309354 3.2720234681817697 0.30668635406319766
1.6714339637867641 0.006226808071030981 0.05395593443220164 0.11446244346374022 0.03198425553958712 1.8861662287015268 1.378573613153404 1.5029533823044734 1.0212621035842362 1.1378201105595196 1.4528189683495982 1.4223378612799316 0.9557782565395558 1.6792424223837121 1.5722534226095446 1.6645217085737904 2.0287271784031793 2.0904320936705303 2.3009547868422064 2.6161067230118693 0.3055410660348284
1.6867177537229892 0.006225960167085422 0.06920929656020243 0.12969775001598327 0.03227632764771526 1.8690980988817996 1.3713060106108135 1.5007463840341322 1.0236610430948112 1.1448524926188561 1.4729936229553728 1.4531319217954164 0.9914807949517188 1.7687436000994543 1.7073489040235756 1.8635341485940145 2.8990560812801673 3.033144769013224 3.3899265972227197 3.9134574540906066 0.3077885309856132
1.6838949344417051 0.0062261395344278105 0.06639251910284567 0.12688481382805042 0.032222391113174154 1.8722267518409335 1.3726369311248123 1.5011446013910417 1.0232113836389813 1.1435435913196497 1.469238036246259 1.447386610575141 0.984782723152447 1.7518532163819807 1.6815455315411505 1.8250603989462242 2.7140936432919776 2.831640482384582 3.1558169790506065 3.632947662705032 0.3073084105343179
1.6867517692264005 0.006225964602921424 0.06924441141956474 0.12973290884212524 0.03227698912418966 1.8690597940335063 1.371290210097309 1.5007421138034496 1.0236670217796326 1.14486914243165 1.4730407447226126 1.4532038226502286 0.99156461177101 1.7689552127453192 1.7076730998823582 1.8640189213410354 2.9014401154441636 3.0357456817315245 3.3929526219721273 3.9170883538062893 0.3077947312238717
1.6847689386937863 0.006226084768994293 0.06726496384245967 0.12775608483830064 0.032239094905983534 1.8712567092942365 1.3722243565588934 1.5010209756635708 1.023350422829047 1.1439485758604386 1.4703998502868758 1.4491632743421248 0.9868521805607751 1.7570668525091808 1.689495170596091 1.836890690274458 2.7700835527601066 2.892577668441914 3.2265445653042946 3.7176097677216213 0.3074536101847251
1.669345883746931 0.006226908832081054 0.05187266298023313 0.11238125465082655 0.031944355749459016 1.8885221623117745 1.3795785270293113 1.5032651351414397 1.0209416808434248 1.1368704995214507 1.4500945472486788 1.4181922179879003 0.9510090239884339 1.6673859642312459 1.5546615617359618 1.639054358255361 1.9322006117212391 1.9868263909792412 2.1823636353025537 2.47610981974376 0.3052936709189465
1.6866307194117243 0.0062259678081987456 0.06912354274403887 0.1296121348375126 0.03227467685509943 1.8691936998902983 1.3713471608627938 1.5007590636450485 1.0236476366239116 1.1448128545610037 1.4728792820538976 1.4529567083158192 0.9912761690616525 1.7682268936128154 1.7065574327764967 1.8623508686224968 2.8932432091633142 3.026803487606132 3.3825493010175274 3.904606071376281 0.30777342511611383
1.680745341849631 0.006226331425071054 0.06325027792230606 0.12374663476041475 0.03216221498527648 1.875729724441147 1.374128116068071 1.5015942782188867 1.022713573112112 1.1420891573065046 1.4650647641422692 1.441009071662823 0.9773673261695264 1.7332071717149669 1.653225992540017 1.783083522439775 2.5216576989896633 2.622616795939029 2.913692563525527 3.34369561542598 0.3068102969214734
1.867291356291933 0.005304401669562682 0.07074091715321244 0.11835965870411536 0.0338586650531708 1.7772059232776056 1.2653638467934254 1.4095387884405999 0.9759359960554789 1.1049351359787778 1.4469379039315813 1.4428478133634806 0.9940968978540399 1.7790055712509742 1.7207401378970735 1.8805678588641308 2.954183937379818 3.0926619433246008 3.458485917424896 3.9949805017963764 0.3076343377643023
1.8715337687284586 0.0052585140990396555 0.0708296310137945 0.11780168550697301 0.03394490533546016 1.7666439121534983 1.2631270825083167 1.407634868710195 0.9749541733779075 1.1041350533236476 1.4464686089921248 1.4427281701197616 0.994236947026052 1.7794147260684243 1.7213075420059007 1.8813526037680541 2.95746095763124 3.0962264555666237 3.4626192872633568 3.999808231364886 0.3076337663648313
1.686723545616785 0.006225960131526107 0.06921514894239175 0.1297035989349391 0.03227643904258234 1.869091648094401 1.3713032989936909 1.5007456023467352 1.0236620024939715 1.144855235783051 1.4730014534987796 1.4531438933297511 0.9914947621799107 1.7687788664207265 1.7074029301102072 1.863614929765573 2.8994532346098194 3.0335780454077446 3.390430685408664 3.914062292843609 0.30778956356043613
1.6781655976159036 0.006226493861656546 0.060679390949587464 0.1211790602730388 0.032112951490864135 1.8786075009393657 1.3753548244806306 1.5019678334483744 1.0223099884984248 1.1409042714451494 1.461663470723319 1.4358160676910268 0.9713443702550391 1.71810367748192 1.6304150968685034 1.7494629405357873 2.3744116334966407 2.463135260576641 2.7294837934737397 3.124260726922065 0.30643015152315684
1.6864546357156616 0.006225976390135615 0.06894727656163042 0.12943607604837962 0.032271306855838094 1.8693888943727002 1.3714299409984532 1.5007835471851156 1.0236192454907256 1.1447306738277965 1.4726437889496906 1.4525963956033174 0.990855695350463 1.7671653592189416 1.7049318026129174 1.8599210678691205 2.8813312594580602 3.0138103928861586 3.367435401875608 3.886474579553806 0.30774246607733724
1.6863060574088975 0.006225999729871002 0.06880145936479602 0.1292906536981439 0.03226849086340541 1.869552192294274 1.371500332833967 1.500805466025316 1.023596645122458 1.1446634546004533 1.4724495536230022 1.452298673778778 0.9905080281594489 1.7662876835184151 1.7035881885318394 1.857913484776614 2.8715149882972844 3.0031049171565605 3.3549845349666794 3.8715402309055396 0.307716966949535
1.6763930501515287 0.006226570870000946 0.05890676984235706 0.11940820837969648 0.032079043286040776 1.880592950688227 1.37619908475063 1.5022239810919116 1.0220313345373497 1.1400879661581227 1.459323732615428 1.4322477807557445 0.9672144360566604 1.7077689129387996 1.6148727727471148 1.7266537660923338 2.2779262249766834 2.358859616554216 2.6093024984928346 2.981408603712936 0.306181503661188
1.8418012782080662 0.005433717164323391 0.06991257109256942 0.11939304368668072 0.03366109160333169 1.7849495722963458 1.2789258923722795 1.4210030994588017 0.9817421551476181 1.1095259600742544 1.4491612228189208 1.4426578009007216 0.9921840149655383 1.7738426497632231 1.7132093338219756 1.869709257341548 2.904475198634915 3.0385063738104763 3.395563282536567 3.9195633917831705 0.3075111216916572
1.6856851062998468 0.006226027259003532 0.06817905637952235 0.1286689452705319 0.03225659893269713 1.8702412728949498 1.371792331768174 1.5008916434826038 1.0234962832775114 1.1443732654049474 1.4716184579776854 1.4510274731162247 0.9890253792673718 1.762546541336634 1.697865129457517 1.8493685495223202 2.829986558725839 2.957831945339074 3.3023505129028337 3.808431792543753 0.30760908999520525
1.6633556878651583 0.006227167717992865 0.045894741900159394 0.1064086963610324 0.031829875184283776 1.8953145649958918 1.3824771902582862 1.5041722558932233 1.0200311836589668 1.134159447772006 1.442317408537839 1.406375344059241 0.9374635615232914 1.6338408002389626 1.505280003332434 1.5681321467065585 1.6799816368387352 1.7171813657413624 1.8749383872450223 2.1146283037128066 0.30464898015347863
1.6555329223396233 0.006227440034466318 0.03808330747923475 0.09860298314477363 0.03168032089863241 1.9042617292844635 1.38629802591931 1.505385101804903 1.0188610937905036 1.1306474475884916 1.432244776385632 1.3911089738335392 0.9200716756243684 1.5910527116130428 1.44313647606288 1.480089856017972 1.3993698792205336 1.4192267935808598 1.5375525381596902 1.7206201756792676 0.3039344968184867
1.6861144370407342 0.006226006168327491 0.06860868928771646 0.12909807446916846 0.03226481352524187 1.869765227706221 1.371590293219705 1.500831737869849 1.023565335284781 1.1445733739156345 1.4721919493663942 1.4519047578936306 0.990048568828424 1.765128120138736 1.7018135773824532 1.855262723462189 2.858587986497115 2.9890092934270776 3.3385935574223846 3.8518831648802885 0.3076833781217332
1.6803764595465391 0.006226349328389259 0.06288168260183685 0.1233784435177454 0.03215516150272259 1.8761411800462475 1.3743030852138787 1.5016470512112101 1.0226552541744296 1.1419187806519857 1.4645762300837382 1.4402630828140837 0.9765013569925567 1.7310333650196212 1.6499357897960274 1.7782235728128057 2.4999980924186884 2.599131847120879 2.8865368152823154 3.3113117313948948 0.30675432107350115
