9.9993872311741 0.01146239300058524 0.11672080409527898 0.19999955900436664 0.0010959250831067508 2.9102952394541655 0.8591600434388849 1.3983818105351702 0.8615142016005152 0.7738627100385582 0.8883832371705968 0.6185293993439617 0.32709975814587394 0.5533905630300798 0.27159440690460374 0.2811045042636766 0.43844057988697827 0.5601482052579762 0.6279986456952226 0.8718398140676875 0.557448681868755 0.15031562167205365 0.7587523062420441 0.24890021245085853 1.9874508893540452 0.982857304983772 0.015840331782791726
5.6257723928554935 0.010867209787728383 0.16043895059763869 0.18963504168742545 4.0698710268754e-06 3.799134038041702 1.4895174102236526 1.1893287391474792 0.7253622666836539 1.22621425341236 1.6168011950580077 0.38811113298056454 1.4051404546858257 1.4717784151191458 2.415230803834048 1.4256754082927785 0.708858267751184 2.0802942841359964 0.6016429793470677 0.7249435919590348 3.1932095368366955 2.043300565739065 1.5703666806799739 0.8924701756882971 1.3608847675728515 2.4383879239987 6.447599526255684
7.395549068529736 0.012791948107608269 0.08954017524218402 0.19995122704851098 0.000767879565301887 3.999600097875001 0.9307489389246435 1.4056986218417973 0.8470903247184282 0.7537284086833542 0.853580931022705 0.5865996893288412 0.30226137699165334 0.4982800071281758 0.23827865850258376 0.24032282066362315 0.36531155733696435 0.4548578216489055 0.4970047967977271 0.6725025006467862 0.4191108968275638 0.1101460813839364 0.5420909044858541 0.17334385655611445 1.1017448772840663 0.5318606548221453 0.014095496165419186
7.560545412212975 0.01276749028851625 0.08944368767339123 0.19946112481318717 0.0007661577210198155 3.9999897067285035 0.9238258008019645 1.4030893616601257 0.8468693450984436 0.7538021008667833 0.8536978509834114 0.586646878894156 0.3022492822749597 0.4982000491317714 0.23821185468024686 0.24022655195208426 0.3651207262798352 0.45456507112041394 0.49662480846615203 0.6719070665314364 0.41868887271031047 0.11002178502362699 0.5414131123349214 0.17310602381929915 1.099026870686693 0.530480321841559 0.014083484804183111
7.529123785547896 0.01277157880300717 0.08980162861116013 0.199881494725596 0.0007665786726051864 3.99999995921468 0.9251600087114847 1.4037449664782176 0.8470854199326623 0.7540092008035061 0.8540718125511734 0.5870097153257481 0.30254570234727796 0.4988691696393675 0.2386181390203531 0.24072338701355545 0.36600834934273185 0.4558351361034083 0.4981927276549396 0.6742724515077545 0.42031500980548364 0.1104891232658757 0.5439096629908862 0.17396724784185094 1.1081010678767316 0.5350540108262574 0.014099814294938038
7.333134696797444 0.012793691915298697 0.0886917918915549 0.19910039363400625 0.0007700346673288495 3.999828682989266 0.9333117755899717 1.4062624589526163 0.8467193569898699 0.7531212839057363 0.8524972619408796 0.5856064406427584 0.30149393342859593 0.49659416446829163 0.23727174637806747 0.2391047896181402 0.36315170521292894 0.45178553751736067 0.49322997288222764 0.6668298149599917 0.4152237264430329 0.10903229791565769 0.5361532393593205 0.17130010258021192 1.0804858361193832 0.5211502088320807 0.01405899729660896
7.669345005015703 0.012749736296101495 0.0900669908389624 0.1997860180908 0.0007654784777227626 3.9999999999849134 0.9194710367375611 1.4017988725531756 0.8470942389715086 0.7542990759502936 0.8545708273211483 0.5874256738769825 0.30283369187465475 0.4994651650511992 0.23896100637223372 0.2411273907016788 0.36671137672003057 0.45682099817694966 0.49939011241721465 0.676053413193178 0.4215265749479773 0.11083504596138156 0.5457333668724424 0.17459253468405808 1.1144513340250584 0.5382292881729157 0.01410441274663933
7.443869506952743 0.012784316805768674 0.08938688222959074 0.19967379815786895 0.0007674481389166131 3.9999996217619405 0.9286429930222334 1.4048315226469865 0.8469535303345836 0.7536673971791972 0.8534701188613826 0.5864771481984487 0.30214933950055844 0.4980147933006762 0.2381134814715519 0.24011735784338456 0.36493945791613575 0.4543204518247853 0.4963367859038435 0.6714888682672391 0.4184107704823264 0.10994430969679424 0.5410065934663024 0.17296878962982556 1.0977254195852697 0.5298237157890825 0.014085947336699127
7.163862627949494 0.012826271411109341 0.08465980455612088 0.19561723246618304 0.0007701040236821026 3.999999999946926 0.9404057579714299 1.4071479894363395 0.8448758615134734 0.7503889170610866 0.8476016606776783 0.5810767615043536 0.29796783086723355 0.48882710500275384 0.23262786364787824 0.23348907221061788 0.3532082852461971 0.43766189463603017 0.47590369775303204 0.640837273840448 0.39744644959367026 0.10394761979817066 0.5091122402263366 0.16201150332750755 0.9857848566048716 0.47358574085906596 0.013908733406031286
7.07985400357722 0.012840468463744347 0.08853881664985955 0.1997218398883317 0.0007711342467915241 3.99997794601082 0.9449709166440255 1.4107804981861527 0.8470249987814773 0.7528318631970972 0.8519541728906108 0.5851966590554869 0.3012508984694722 0.49614078330733213 0.2370292413048197 0.23883467716550785 0.3627043097381269 0.4511816683640105 0.4925185671012593 0.6657973904712807 0.4145375895383543 0.1088405688686266 0.5351566000501122 0.1709638103120625 1.077357374410431 0.5195997916714145 0.014073572522018692
7.367257692314622 0.01279271549135111 0.0896177137957488 0.19996793149868008 0.0007688462495748953 3.9999999999525935 0.9313778906020687 1.4058354276721248 0.8471006531788796 0.7537486955642239 0.8536411951145705 0.5866642640729586 0.3023180762878452 0.4984120317475816 0.23836039226797703 0.24042388021944985 0.3654927257911325 0.4551181123544842 0.49732732546346464 0.672990426220979 0.4194468745321178 0.11024289134999896 0.5426069722831933 0.1735220485477998 1.1036214338038017 0.5327984496454673 0.01409586799837029
9.98292956995379 0.010274333459945724 0.13833555024288902 0.19982760441051617 0.002188421616823322 1.1161504342406612 0.8624791595719484 1.4099272694783673 0.872957087685144 0.7881265089817755 0.914009816610832 0.6428746046426319 0.346952457180556 0.599054960674592 0.30006205130639596 0.3169684411707223 0.5044998779893186 0.6577803610790136 0.7526217590827207 1.0663708447743452 0.6958121613425914 0.19146490782725112 0.9863734863212666 0.3301947001330055 3.165424193501829 1.5988650027777476 0.019382602225244107
7.500065131769188 0.012774314908660182 0.08924002942234069 0.19935457780917715 0.0007670036990346191 3.9999802792408063 0.9262775332918264 1.403887787829279 0.8468190938365158 0.7536174850947537 0.8533754915943218 0.5863669711463775 0.30204550435983457 0.49776609726952137 0.23795751908908896 0.23992279999389024 0.3645872084265649 0.45381153425000165 0.4957039930321614 0.6705291285572974 0.4177481163597783 0.10975313224690626 0.5399835748785239 0.17261508141879187 1.0939744313094149 0.5279352158022373 0.014077099756100449
7.120933885663212 0.01283373772195431 0.08709336399629114 0.19817034842278788 0.0007707357254314118 3.9999999966290005 0.9427910262037178 1.4092323235077315 0.846206447673294 0.7519286990400319 0.8503460007508296 0.5836691325820846 0.30002855735426126 0.4934106888245553 0.2353829882630873 0.23683177650329246 0.35914052510898103 0.44610018244965566 0.4862648702419627 0.6563896891787208 0.4080870460098124 0.1069914152393223 0.5253009919475727 0.16757173078383286 1.0422682829531948 0.5019456315199631 0.014009981521343633
7.9659020927992685 0.012711799850653672 0.09048144730452531 0.19960756601706028 0.0007622708405957537 3.9995550765220957 0.9084705146986575 1.3982328682650653 0.8471433891664932 0.7548299154435651 0.8554427127096241 0.5881385762452668 0.3033158367907703 0.500449832655867 0.23952334669463246 0.24178690954834356 0.3678523849982998 0.45841543337511514 0.5013234891470164 0.6789307538837213 0.42348055957497066 0.11139013473843198 0.5486836355373232 0.17560264154058153 1.1247540596155075 0.5434198229571405 0.014115203878731598
6.827974877429728 0.01287386390065104 0.0682709782904982 0.17997978070629309 0.0007741839095754976 3.9999999999999996 0.9545543848893413 1.4054507890087695 0.8371799539630306 0.7397543499721151 0.8285363646878622 0.5633762494655803 0.28420822302562626 0.45869626545202813 0.21475055339654367 0.21205170949530716 0.3155798218007113 0.38469826899967224 0.41153211602908074 0.5451746311105012 0.3326365713088122 0.08558734806228188 0.41239386489328844 0.12910659095467883 0.6781393560948128 0.3205101485929617 0.013341410917116804
7.148148720113992 0.01282775604442621 0.07967527296091431 0.1906568920028627 0.0007700981800435494 3.9999999999999813 0.9403907715616725 1.404823030983522 0.842327650727214 0.7471709008167462 0.8418592140866379 0.575703620036738 0.2937451394392509 0.4795042530505853 0.22705694503860308 0.22676471722521852 0.34133097431974024 0.4208423643959027 0.45533987236232826 0.6100989015740945 0.3765017528938827 0.09798032207759202 0.4775003130979694 0.1511965656721376 0.8796328684871225 0.42048812391910473 0.01371693500496084
7.205027247725674 0.012818414504676726 0.08473246739534374 0.19556453422808248 0.0007703743395647816 3.9999999999923688 0.9384963558125424 1.4064234697762938 0.8448468356805889 0.7504639702704891 0.8477418905721923 0.5811928117607374 0.2980465622629361 0.4889880060065279 0.23271976572639952 0.2335965795197881 0.35339324178635295 0.4379192088951468 0.476214361411614 0.6412973793683555 0.3977573716712315 0.10403564912463573 0.5095761089541748 0.16216956043688902 0.9873183952635223 0.4743497031732791 0.013906332366498676
9.993786615981302 0.011644969490181616 0.10937692891498935 0.19540303947009147 0.0008550353229063212 3.922507210830103 0.8581907753608317 1.3943229069692509 0.8574479383451277 0.768806242012223 0.8793668843552137 0.6100065634889429 0.320242784084938 0.5378605315812294 0.26204178837408837 0.26924536306001146 0.4169531260990043 0.5288840920489538 0.5886846683074924 0.8113420127361171 0.5150741440496379 0.13792626817457282 0.690987995705538 0.22507179638534744 1.6873597474875919 0.8279843644370407 0.015306810293922645
7.482742229344121 0.012778382958363732 0.08971886757572706 0.199907625812418 0.0007669994245409909 3.999999999924783 0.9270759868538785 1.4044116555386956 0.8470883949240257 0.7539164670480426 0.853910977152229 0.5868762537414675 0.30245390439089814 0.4986798607010832 0.23850938435689636 0.2405953384710756 0.3657860219801185 0.45552371131848896 0.49781455269309277 0.6737093986297026 0.4199322197653275 0.11038013099605293 0.5433320465324811 0.17376934064213861 1.1060866391816455 0.5340423839993673 0.014098623549260779
9.997192805582268 0.011508793662135863 0.11576243710989087 0.19994188811398447 0.0010610733899566681 3.0475076835422317 0.8590712010292261 1.3978823833260476 0.8610199477003585 0.7732504741711529 0.8872888293586533 0.617503507085889 0.3262754474746332 0.5515011276886903 0.27042751533770376 0.2796412619452103 0.4357521064476316 0.5561902941663117 0.6229656247115677 0.8640059950659565 0.5519021464275519 0.14867611380683562 0.7496844326213863 0.24567736418362685 1.9423797252325727 0.9594878211290618 0.015726837372509926
7.134365155195423 0.012831730728324397 0.08828174412120161 0.19932594152219235 0.0007705418151108456 3.9999994628958206 0.9423354777587714 1.4096037980795852 0.8467994067695871 0.7527063296427484 0.8517393235413074 0.5849726238169174 0.3010556023358048 0.49568745235985784 0.23674981078844204 0.2384897754295392 0.36208415866180516 0.4502904786479652 0.4914150744781444 0.6641291161409336 0.41338889281580854 0.10851009548641014 0.5333897096295961 0.17035400943407306 1.0709462883851295 0.5163691761846236 0.014058728392205662
7.166444307622541 0.012825072479839814 0.08055943208078706 0.1914994557647464 0.0007701261986053641 3.999999999999995 0.9396664560545168 1.4049448105543854 0.8427525536647187 0.7477504817948015 0.8428956749488821 0.5766669504867824 0.2944961143099044 0.4811540964951745 0.22803920410022877 0.22794660792887927 0.343412363507869 0.4237819258611697 0.4589247822390286 0.6154446195035669 0.3801355687008335 0.09901321543334379 0.48295953022371524 0.1530600287235655 0.8975664268899912 0.42943803855917534 0.013748162259470877
7.092024350666047 0.012838493299435158 0.0884560721617896 0.199607671523669 0.0007710031527183224 3.9999734716634423 0.944374335873175 1.41050170162848 0.8469610101814337 0.752787419667138 0.8518770244419417 0.5851191790713445 0.30118551110016956 0.495991091870875 0.2369376719917959 0.23872219825686805 0.3625027571908692 0.4508927365256309 0.49216146315655274 0.6652582879183067 0.41416682199149935 0.10873400247415983 0.5345872886042746 0.17076745527318932 1.0752990749450737 0.518562852589904 0.01406917235406168
7.3168737820155245 0.01280000902691461 0.0894741981090551 0.19999999999999524 0.0007693723636585358 3.9999999999822555 0.9337213405737582 1.4066905495546296 0.8471005771999623 0.7536126396278127 0.8533945215337523 0.5864535899872024 0.3021676575559695 0.49809491932009353 0.23817559263104204 0.24020384372680703 0.3651067567976002 0.4545732871267162 0.4966615391539925 0.6719936129436618 0.41876574387310794 0.11004818024847689 0.5415693080342783 0.17316516964679615 1.099884641542741 0.5309113641119635 0.01409395077249522
7.145520036797699 0.01282990043072698 0.08799451763664959 0.19900959977457117 0.0007704137324823495 3.999999352575601 0.9417669769210666 1.4092434271421286 0.8466323606191274 0.75252898823003 0.8514237577289508 0.5846716436033194 0.30081375230104507 0.4951461185852709 0.23642292774512766 0.23809167011775542 0.36137524427034745 0.4492789710557075 0.4901694768521502 0.6622542815326017 0.4121027377023763 0.10814122508839721 0.5314228211838227 0.16967676097992715 1.0639166360967929 0.5128312032173439 0.014045944951590143
7.447939370891141 0.0127834548395522 0.08952014010772198 0.1997900670738825 0.0007673535599626894 3.99999999350344 0.9285096197422787 1.4048495631829934 0.847020973798584 0.7537580069607311 0.8536307983995832 0.5866263950763936 0.30226656435082816 0.4982744253930199 0.23826927415430862 0.24030655231111525 0.3652762935464182 0.45480088131041807 0.4969283801276918 0.6723798857798294 0.4190224221418759 0.11011967463913427 0.5419451523267198 0.17329225225063444 1.1011309641583829 0.5315475750142192 0.01409184197233652
6.94998509183838 0.012854959442567869 0.05908939636820643 0.17050342334914934 0.0007714664838424215 3.9999999999999996 0.9469147958275326 1.3980316513088422 0.8322148651525965 0.7340100728242543 0.81844180477386 0.5539616957213911 0.2768997937900528 0.44280820496896683 0.20541349695645736 0.20097442493346807 0.2963554705425523 0.3579549537337495 0.37941641789332126 0.4980261293798956 0.3010861031198002 0.07675990424432207 0.3664721720294979 0.11367928585080275 0.5496527237310118 0.2574040462839173 0.013046813295527567
7.162116085997451 0.012827135594753538 0.08655801697672091 0.1975300950068894 0.0007702675433066471 3.9999999997233493 0.940772665368369 1.4081784295580944 0.8458613877544109 0.7516130151144219 0.8497883523325017 0.5831292611822855 0.2995886899187327 0.4924204319248517 0.2347833685081596 0.236100518795157 0.35783756376213316 0.44424087529518885 0.483975788317641 0.6529457875351686 0.40572590664126285 0.10631472561174539 0.5216956577602659 0.1663314186534588 1.0295175824946208 0.4955354725271359 0.013985101231410073
7.106947909517744 0.012833480769159257 0.08862610356164186 0.19969536003376817 0.0007719349912657059 3.9998020383292725 0.9436603671964752 1.410286932712024 0.8470215094719166 0.7529066304582362 0.8520933448220197 0.5853166297764049 0.30133676306744145 0.4963220473183201 0.23713508714845308 0.2389606056393052 0.36292408288600314 0.4514909553936391 0.49289564352817916 0.6663607507676655 0.41492130850816633 0.10894997400821069 0.535737534721754 0.1711630102574112 1.0793825309176592 0.5206160875185291 0.014071694381883442
7.789413824428608 0.012735183395213234 0.09047214145548417 0.1999718108297475 0.0007640356722694521 3.999999991874787 0.914933364954441 1.4004129975975617 0.8472291167528202 0.754670357963751 0.8552063100745564 0.5879787383265577 0.3032375261486745 0.5003273663856693 0.23946781252959295 0.2417340372149337 0.3677773742964447 0.45832843455231753 0.5012352747880856 0.6788205915168303 0.42341792464811046 0.11137523678321977 0.5486184300122389 0.1755843054171726 1.1247817716433122 0.5434448372723976 0.014118615073199824
7.473343588686177 0.012779575835825615 0.08947916235170777 0.1996860922145626 0.0007671026179450641 3.999999999538191 0.9274335554519015 1.4044302032262703 0.8469726213620862 0.7537522253442352 0.8536184320748254 0.5866051079294744 0.30224206014651245 0.49821172042068534 0.2382286430681852 0.2402548223046922 0.36518122562861866 0.45466209346923164 0.49675444620722814 0.6721143838566703 0.41883813031715444 0.11006630707784604 0.5416580260115282 0.17319264896545464 1.100052462308537 0.5310023766174823 0.014088861365119732
1.7383744513763275 0.01573503474532749 0.04573979467934038 0.19995694248473694 0.0006851657789590864 3.9999999999999996 2.2062103953750993 2.3114401351902094 1.118325924339213 0.8701190730864186 0.8544667352572497 0.5479652835889939 0.26326453145323514 0.4144104952939621 0.1900552551693726 0.18397071275055546 0.2684583791551366 0.32088280976066386 0.33657434020253657 0.4371726588940599 0.26155446968407303 0.06599052863969027 0.31177373497664473 0.09570808058883422 0.4210687241449922 0.19519984235505436 0.018916343132417593
7.168777266210584 0.012825501541502698 0.08622991316434969 0.1971750213267997 0.000770586826794179 3.9967860633263514 0.9404128269272243 1.4078825424120638 0.8456805078151632 0.7514056213296129 0.8494186447095105 0.582779586324157 0.29931037045722936 0.49180079446082936 0.23441060128920949 0.23564793732621242 0.35703394276141015 0.4430970998763572 0.4825705398240292 0.6508352215762424 0.4042811111561103 0.10590120610207641 0.5194951154920991 0.1655752084835349 1.0217990050068777 0.4916583681578097 0.013972013897623354
7.121219130537437 0.0128339531474495 0.08891168580602322 0.19999120008144847 0.0007707076412888394 3.999970596688087 0.9430520767477262 1.4101834238485516 0.847147490185789 0.7531037319064321 0.8524484442984027 0.5856444128827729 0.30159191612577424 0.4968844833718844 0.23747158755475806 0.23936811435679672 0.36364752565340697 0.45252068253927447 0.49416125643177483 0.6682627960860682 0.41622497779868267 0.10932363187321266 0.5377285929328387 0.17184837568761094 1.086505682333251 0.5242029577045316 0.01408611769023025
7.467948560690159 0.012780535144445493 0.08949529665589921 0.1997187346363692 0.0007671420974103821 3.9999974472509767 0.9276624285091449 1.4045227974398062 0.8469867676653846 0.7537583835062382 0.8536298939069323 0.5866179178829743 0.30225382298781617 0.49823961769280695 0.23824604416889658 0.24027647264430935 0.36522039328542344 0.45471863829335984 0.49682472158656427 0.6722209667707917 0.4189117203963889 0.11008751747343948 0.5417717800169918 0.17323198725464123 1.1004719025352026 0.5312141971473457 0.01408982464511212
6.983360590581686 0.012855424721784199 0.08860873952775193 0.19997037879160173 0.0007725485956646227 3.9999999999955236 0.9496217277943966 1.4126914402239585 0.8472314204911027 0.7528056810969724 0.8518866343105514 0.5851727889741268 0.30126390249150653 0.4962040647401879 0.23707954385927565 0.2389055434195701 0.3628424127830149 0.4513915606869918 0.49278938243921316 0.6662199187312885 0.41483578548949174 0.10892810831823958 0.5356322480912574 0.17113027708489126 1.0792292890408361 0.5205456693105582 0.01408186770629844
7.158276807436536 0.012827648476497814 0.08690247074610993 0.19788177049234823 0.0007702404551154902 3.9999999999770046 0.9410044052211005 1.4084310988735596 0.8460459414361438 0.7518326472775623 0.8501803621468804 0.5834987623460683 0.29988198142049816 0.4930725609492713 0.23517537193742674 0.23657629614676032 0.3586824638150093 0.44544345091871385 0.48545334674202784 0.6551651108593131 0.4072454227734324 0.1067497152409251 0.5240109236261113 0.16712723619853984 1.03765958236224 0.49962732516974295 0.013999894868060081
6.961683978230431 0.0128583223258273 0.08327568346260429 0.19474089278655068 0.0007722317997609972 3.999999999995454 0.9499795411640437 1.4103934122625303 0.8445364597661129 0.7493647495507267 0.8457195780189422 0.5793896917916581 0.29670103043348234 0.4860908918997065 0.2310128679952193 0.23155459682533358 0.3498090260222263 0.4328643855079506 0.4700510634626536 0.632101039417877 0.39149890380873636 0.10225383854574112 0.5001404484782677 0.15894159662270788 0.9554193147376189 0.4583816883096657 0.013869878187168332
7.645332760807486 0.012754997494965377 0.08986634780639854 0.19968065946143534 0.0007653830663477005 3.999998273967989 0.9204819856120471 1.4020857290608137 0.8470180477977948 0.7541496926755666 0.8543053126829316 0.5871857316372098 0.30265108390075257 0.49906712018164096 0.23872448393749643 0.24084237716955853 0.36620666596217444 0.45610397373717904 0.4985105174484728 0.674735041772287 0.4206234200321405 0.11057548629090855 0.5443604961030964 0.17411971738484125 1.10954647544508 0.5357747972515343 0.01409795383605116
7.105006600835105 0.012832579558500156 0.07216565768071291 0.18322502849131544 0.0007706196211676991 3.999999999999999 0.9412961718484525 1.4017080753508506 0.8385443468771714 0.7423423125100521 0.8332611106572585 0.5676889586910333 0.28748998853564867 0.4657846462825334 0.2189113657796804 0.21699500844365457 0.32418316054736335 0.39671157302140825 0.4260218293000368 0.5665486766074662 0.347012180466161 0.0896308191287762 0.4335436973426894 0.13625172092200505 0.7409158905554343 0.3515290048595874 0.013449447817854392
7.666178711583415 0.012750285838107455 0.09025681849237455 0.19999999999999998 0.0007656021148073485 3.999996904400821 0.9190817708004014 1.401632369815664 0.84714828356217 0.754418718142956 0.8548008373689034 0.587640077286556 0.30300141023428145 0.49983617054706636 0.23918406269821194 0.24139828218216852 0.36719093965264854 0.45750344532824194 0.5002299473581527 0.6773190296003946 0.4223937419495867 0.1110828627397177 0.5470628584208189 0.17504988559972395 1.1192174254757814 0.540634801074249 0.01411120104834143
7.1455127431242955 0.012830038741796473 0.08858234933769514 0.19959966332953025 0.0007704338218225136 3.9999968627736173 0.9418558781714095 1.4095528783495708 0.846937012040991 0.7529091181546849 0.8521038889062321 0.5853107228048992 0.301319672577106 0.4962705796682561 0.2370992016529118 0.23891314935745914 0.3628353590857449 0.45135956332355587 0.492729056632261 0.6661039935997835 0.4147420941107986 0.1088978369529872 0.5354556817906786 0.17106495392699309 1.078312071845722 0.5200758583327701 0.014070506905554302
6.8469706218622095 0.0128757739292418 0.07693558612965323 0.1886801122855624 0.0007735917257697413 3.9999999995169513 0.9548863422107501 1.4095452291683408 0.8415469814828769 0.7452533785162969 0.8383296764166017 0.572511031092951 0.29133046109663935 0.4742837881176021 0.22398090120823216 0.2230910869971654 0.33489899105297555 0.41180232617721735 0.44436121241457044 0.5937885529993867 0.3654518220095677 0.09484918102008293 0.4609992286075783 0.14557951468671246 0.8266968393023293 0.39412526298856176 0.013640003714116493
7.029481467823194 0.01284417413418207 0.06847468016101818 0.17971750206832915 0.000770971355542706 3.9999999999999996 0.9443884777577063 1.4012726577490298 0.8368085660791508 0.739960933031994 0.8290087124448116 0.5637519803168336 0.2844476802308013 0.4591629191848376 0.2150065171721436 0.21234150209609443 0.31606626011416056 0.38535835506533384 0.4123099435318492 0.5462999175563178 0.3333810248830513 0.08579376800766338 0.4134600000956221 0.12946277086359867 0.6810704070818824 0.32195037910975205 0.013332710082629758
7.146857688728274 0.012829495449896953 0.08717101981552657 0.19817960433893075 0.0007703723797857992 3.9999981045612985 0.9415800860255421 1.408785190007471 0.8462035767352615 0.7519977510391845 0.850473813257409 0.583778828014192 0.3001070404983712 0.493576032986328 0.23547915347915954 0.23694593563609678 0.35934006242489847 0.4463808086339079 0.4866064594686346 0.6568989426867581 0.40843360382530686 0.10709012691772318 0.5258241318180502 0.16775090171028575 1.0440701870330003 0.5028502234462591 0.014011749636413134
7.0679960872294485 0.012838137010159975 0.07057040279387151 0.1817180984108099 0.0007709440458469311 3.9999999999999996 0.9428300862179748 1.401596369842563 0.8377999373683918 0.7413088024201149 0.8314142895066274 0.5659798814064863 0.28616915150702665 0.46290813738801034 0.21721382086358298 0.21497027864023116 0.32064821575640295 0.39176252243406945 0.42003886825110875 0.5577048897120054 0.3410527971014075 0.08795163891835954 0.4247458400389039 0.1332747750003935 0.7144340579804237 0.33842678480862376 0.013398139680819038
7.132800077380671 0.012831773278359822 0.08734927317760226 0.19839418654244237 0.0007705258052850541 3.999999999615404 0.9422688275689819 1.4091428062553988 0.8463190360675741 0.7521025786125833 0.8506590014967851 0.5839583334819957 0.30025350309197985 0.4939060503634128 0.23567912223980633 0.23718995130407233 0.3597750974649009 0.4470019236108571 0.48737152761410546 0.658050540781766 0.4092235188263733 0.10731661897314645 0.5270314241283653 0.16816642744544621 1.0483591791966542 0.5050074158940278 0.014020117301941585
6.973672102606868 0.012854788122194774 0.07809726944383875 0.18950876021582427 0.0007723253367809417 3.999999999999961 0.948591369787846 1.4074324920768357 0.841851643301662 0.746057966803737 0.8398231202356684 0.5738619550387946 0.2923513701531475 0.4764892352666242 0.225279456205943 0.22464072059252632 0.3376098858251214 0.4156094138965141 0.4489811381446252 0.6006468339635669 0.3700945071831538 0.09616371615353696 0.4679213828677319 0.1479340053572689 0.8487298118553029 0.4050886865766878 0.013670561008965403
7.210881030537914 0.012819662824948634 0.08719757292109759 0.1980509264228769 0.000769799907817475 3.999999998259924 0.9386100190062575 1.4076230951596012 0.8461168185448418 0.7520626495212376 0.8505982583400832 0.5838705394098214 0.30015924339689704 0.4936702392209322 0.23552817788330094 0.23699931766519758 0.3594267947199146 0.44649591969937036 0.4867400899875575 0.6570904161887536 0.40855935700879203 0.10712485661283407 0.5260032811494494 0.16781079875477886 1.0445972216634813 0.5031104358517074 0.014007887443208814
7.153780464589689 0.012828200598904578 0.08616628978681753 0.19715444027849813 0.0007702618921792297 3.9999999977255745 0.9411040389882918 1.4081275460738925 0.8456720167959079 0.7513538936415952 0.8493238978197852 0.5826965047558056 0.299249449494186 0.49167071250994276 0.23433429589002716 0.2355568595889834 0.3568742409812553 0.44287193601231367 0.4822959367041341 0.6504252389997826 0.4040018577967242 0.10582161968992591 0.519073123065406 0.1654306472413352 1.0203482281717757 0.4909307380531783 0.013970135201149324
6.999077562593332 0.012850762727903874 0.07626839066333505 0.18761521970239076 0.000771560009381608 3.999999999833429 0.9470590157598471 1.4059583336670145 0.8408607417513965 0.7449045797333059 0.837778583601828 0.5719410789500633 0.290839356037223 0.4731568769327445 0.22329420972496986 0.22225332689049906 0.3334104973255273 0.4096883087182396 0.44177408197811285 0.5899228074478126 0.3628211828537045 0.09410120043311009 0.45704692014671044 0.1442314098530343 0.8139476295786853 0.3877771188306236 0.013603417894572855
7.043571364796163 0.012837577895560996 0.04933030893469238 0.16046844698002546 0.0007701377836057456 3.9999999999999996 0.9408214936794268 1.3910357035456133 0.827051797495275 0.7279157323673701 0.8077665220040892 0.5440726174572161 0.26931100925302326 0.42648269841593306 0.19591567223137643 0.18981710052165865 0.27717966686417234 0.33153611256257726 0.3479947509204408 0.45233775534519866 0.2708041676386975 0.06836802016102995 0.3232312453202731 0.09929047500538501 0.4396420956491834 0.20388160886399942 0.012764189618919904
7.585229419339749 0.01275996831808351 0.09013014312953871 0.19999999999999982 0.0007663514226054764 3.9999999998005777 0.9229271727612725 1.4030889061963379 0.8472047497804629 0.7542683627324192 0.8545267870168118 0.5874160872657835 0.3028499761479599 0.4995272121986171 0.23900776188050454 0.24119140613779655 0.366832574749788 0.457002256219598 0.49962162129834065 0.6764123203013456 0.42177739515429424 0.1109078076677977 0.5461286733636637 0.17472975881911565 1.1159126738168517 0.53896269242694 0.014111112099120174
7.110001401503294 0.012831595063076368 0.07044761548203517 0.1814898531106621 0.0007701828530675701 3.9999999999999996 0.9408041851917143 1.40071616883687 0.8376542464875252 0.7412505538661522 0.8313254980840422 0.5658836834261576 0.2860836401388999 0.46271003115295817 0.21709274343750765 0.21482265952350507 0.3203867519414261 0.39139249377109436 0.4195878210206835 0.5570338357372637 0.3405983475312541 0.08782306639972938 0.4240700189115176 0.13304547789146687 0.712373223937879 0.337407323149787 0.013392045854687264
7.133678990874091 0.01283056867268092 0.08259821386106857 0.1936240239438491 0.0007703526600996124 3.99999999998216 0.9415117222461471 1.4066296816922814 0.8438609213420568 0.7490402221031207 0.8451886970684755 0.5788262152495758 0.29620374584344666 0.4849343388896993 0.2303010101004563 0.23067851321777827 0.3482395266373252 0.43061829276213315 0.46728232212224247 0.6279348119554286 0.3886440286939535 0.10143655977377203 0.4957926485892044 0.15744867529350653 0.9404478430992627 0.45087714655921096 0.013829681182327028
7.169611534037681 0.012825788333853906 0.08657688830932728 0.197526555963868 0.0007701098010296714 3.999999985209076 0.940426237589613 1.4080498589684312 0.845859079154076 0.7516305984355202 0.8498208465099945 0.5831567876547732 0.29960812107206203 0.49246101271198006 0.2348068082174052 0.23612821795388703 0.3578858858688516 0.44430867025709575 0.48405810965496165 0.6530682299215045 0.4058090961641674 0.10633838584815211 0.5218208582751268 0.1663742430272703 1.0299440305622432 0.49574969067332453 0.013985759835495742
7.092529187823689 0.012838265422885593 0.08784104563303642 0.19898897859432624 0.000770977902606954 3.999969271596605 0.944257398310211 1.4101687015340998 0.8466418754432201 0.7523906132739302 0.8511669419252063 0.5844516588390593 0.3006568746656164 0.4948160063607447 0.236230942487223 0.23786375523413858 0.3609770371150078 0.4487188346135051 0.489487338571444 0.6612366986507576 0.41140991722337633 0.10794378019498549 0.5303757544972261 0.16931792668995035 1.0602841315715856 0.5110073478895509 0.014043483454511186
7.125132367802294 0.012832403425172492 0.08399933273208764 0.19505523491263996 0.0007705604364874631 3.999999999892886 0.9421262015717055 1.4075270013523757 0.8445993785616124 0.749936502411538 0.8467867393716401 0.5803273934459581 0.29738883448496584 0.487558048800008 0.23187213606252782 0.23257828840414801 0.35160036144737866 0.43538454093863804 0.473117699698044 0.636669048177785 0.39460309460163717 0.10313648527983345 0.5048091473143475 0.16053711908199444 0.9710807512442982 0.46621683436915956 0.013884908140678996
7.127548186333919 0.01283224596623865 0.08498725033537309 0.19604081207313656 0.0007705950281437395 3.9999999999132636 0.9421605144432442 1.4080000814524958 0.845105828396433 0.7505747117059771 0.8479270697244846 0.581396009341804 0.29823087415972965 0.4894217356471521 0.23298850190361203 0.23392901283158857 0.35399177573090007 0.43877899828758626 0.47727755041112147 0.6429016457064403 0.3988597954959111 0.10435207585676291 0.5112636753030189 0.1627504357338422 0.9932598113771302 0.4773360669767097 0.013923955554592178
7.140340331727596 0.012830803901377539 0.08861718427483076 0.19964659587216188 0.0007705618228985775 3.999522786774496 0.9421044105107077 1.409668020434636 0.8469634247042696 0.7529276973274607 0.8521363715629425 0.5853433378108767 0.3013471845918601 0.4963335533848249 0.2371377225924159 0.23896046667008627 0.36292014876964035 0.45148111683387776 0.49287929827852767 0.6663308201823392 0.4148981039771419 0.10894268076181811 0.5356952617106546 0.17114759278700412 1.0791790058005908 0.5205126350637542 0.014072390166905563
7.058317967426328 0.012839367149998508 0.06782960384782954 0.17899591427896336 0.0007706282342946683 3.9999999999999996 0.9428883429098931 1.4003592298780911 0.8364182992564487 0.7395637650280181 0.8283166303099194 0.5630990458692596 0.2839336903732496 0.4580354983465287 0.21433928783269707 0.21154504223117424 0.3146761355200609 0.383414190959641 0.4099632781600448 0.5428377373541048 0.33105295651366384 0.08513929105198353 0.4100392743792453 0.12830823546515635 0.6710588979803949 0.3170113424140566 0.013309325876835523
7.192945699625322 0.012821924295282765 0.08589845008110328 0.19678619620948443 0.0007698459966587864 3.9999999999999996 0.9392414569168573 1.4072646952316643 0.8454707031652194 0.7512092667396133 0.8490711611311752 0.582444116281479 0.29903789643162837 0.49118852765327853 0.23404038021373721 0.23519697132512776 0.3562312608945606 0.441952812513606 0.4811630720222521 0.6487196073859665 0.4028319210397246 0.10548623745231583 0.5172860526711038 0.16481587907425796 1.0140494531318653 0.4877655322549128 0.013956528443368222
7.154829780612757 0.012828507535014017 0.08865611690517099 0.19964904633788605 0.0007704416078348791 3.999303123522038 0.9414298526717565 1.409417927634312 0.8469602376092106 0.7529638573574988 0.85220316331838 0.5854002634554848 0.3013875500400985 0.4964182463608069 0.23718689914497612 0.23901879337692838 0.3630220024632063 0.45162435675854606 0.49305373270732733 0.6665910639902224 0.41507532751088383 0.10899320167776622 0.5359632762840209 0.17123947733300174 1.0801135924439715 0.5209821407797856 0.01407301144039026
7.151225568182857 0.012828880531409775 0.08750425330666908 0.1985030491812419 0.0007703373007376331 3.9999999999999414 0.9414252875538486 1.4088789332790657 0.8463690846118762 0.7522163162748281 0.8508653462468027 0.5841448125648937 0.3003950895885582 0.4942141411471228 0.23586203222825414 0.23741015754167993 0.3601638466512856 0.44755296847850934 0.48804655423598503 0.6590621930598335 0.4099149423093647 0.10751428293591957 0.5280823960619097 0.16852738492195365 1.05204740476173 0.5068607312419888 0.014025192123342477
6.949535861321203 0.012858191329536453 0.07437351157545662 0.18583944328298993 0.0007723520751254534 3.9999999999999996 0.9492405949514883 1.405992765347087 0.8399975023299542 0.7436723359456825 0.8355650400271192 0.569890672446671 0.2892500899938885 0.46968393729870545 0.22123731332789157 0.21979078493431617 0.3290944438147131 0.40362224472564145 0.43441227553060047 0.5789984948682269 0.35543092724244546 0.09201065909327064 0.4460505707744554 0.1404958794669663 0.7795143513688401 0.3706718811743522 0.013538967854309025
7.161844733257114 0.012826800274187287 0.08557741997427136 0.19654330259150457 0.0007701561791073273 3.9999999999999956 0.9406381164934179 1.4076679108087213 0.8453540332351932 0.7509795501551235 0.8486562788804606 0.5820668453168377 0.29874969717287686 0.4905599782040922 0.23366695694918774 0.23474744259730834 0.35543807180999715 0.4408293936622033 0.4797882788698895 0.646661589039904 0.40142708712470826 0.10508515042198148 0.5151564067648197 0.16408548458311725 1.0066888128890474 0.4840726025183544 0.01394570454702095
7.161266652346329 0.012823902167485345 0.0714640266953169 0.18238461717529475 0.0007696745889503825 3.9999999999999996 0.9385422001420359 1.4002745550135847 0.8380795049537088 0.7419234875289645 0.8325346482728483 0.5669937390324006 0.2869341650583919 0.46455410130899294 0.2181779830275385 0.21611448792847113 0.3226385671128005 0.39454109911498475 0.42339010292669865 0.5626489166372248 0.3443788172210092 0.08888745937156964 0.42964263571496814 0.13492979856642223 0.7290493292171024 0.34565336393157725 0.013422622291259886
7.140518587031434 0.012830587617609156 0.08753634673487261 0.19856236528590526 0.0007704522328397805 3.9999911041565737 0.941933184145142 1.4090960769556968 0.8464031745447701 0.752229129882258 0.8508866052545786 0.5841690407967015 0.3004176901395938 0.49426801347513616 0.23589569925482157 0.23745206006525843 0.3602396126530191 0.44766225936551335 0.48818223655401105 0.6592677018909382 0.41005664153874544 0.10755508863922385 0.5283007146345033 0.16860276738932922 1.052838849468225 0.5072594421123052 0.014027290189817276
7.127449570521789 0.012832467369920818 0.08669382214363944 0.19774973459011444 0.0007705606714325677 3.999999992563398 0.9424228466174991 1.4088991521482068 0.8459886710852773 0.7516754148101656 0.8498942027164483 0.5832422373788893 0.29968901535173664 0.49265480714293264 0.2349281834729612 0.2362794372394065 0.3581594344344308 0.444703283283168 0.4845479282491891 0.6538098793821484 0.40632024804662237 0.10648550975934647 0.5226075620196359 0.16664570944848636 1.0327752735078528 0.49717490502115014 0.01399356107165074
6.932472538081779 0.012858661378953118 0.06262012848421873 0.17409288448912213 0.0007717779204341802 3.9999999999999996 0.9483305048471018 1.4002371835203442 0.8340486801503738 0.7362261871372928 0.8223476889778513 0.5575893256265236 0.27969988359201187 0.4488696751452329 0.2089625712614103 0.20517066516232127 0.30361446262072433 0.3680212410962761 0.39146741621216063 0.5156637662691015 0.31285293080745635 0.08004219027404248 0.3834958077600353 0.1193812099495377 0.5958794941639015 0.2800405471594586 0.013154974715384684
7.1040592587294356 0.012836582934509644 0.08873444017251965 0.19985570862189775 0.0007709625169183403 3.9994502782516643 0.9438411795824736 1.4104169356558531 0.8470844773585469 0.752976204877196 0.8522172096115682 0.5854340381833534 0.3014309185871619 0.49653249788547194 0.23726190720027157 0.23911498462930744 0.36319957914027334 0.4518843638904048 0.4933802282913124 0.6670901008166819 0.415422053886456 0.10909369662251338 0.5365039771393981 0.17142709109738952 1.0821411425689007 0.5220064494833538 0.014079993760609078
6.931749247895286 0.012858106140787908 0.06022294901034906 0.17168641635290408 0.0007717097512500722 3.9999999999999996 0.9480061518453542 1.399008319451762 0.8328343557455857 0.734717780797676 0.8196808777487968 0.5551152251792503 0.2777919610750901 0.4447401480592418 0.20654431707815024 0.2023106260419446 0.29866516218953554 0.3611550364051182 0.38324375243792275 0.5036220759684432 0.3048154943428378 0.07779907450688554 0.3718559850437337 0.11548054100425408 0.5641040828502111 0.2644724176948146 0.013082242457410062
7.220929431431842 0.01281425033223591 0.0696251318195709 0.18039225341993456 0.000768976852941631 3.9999999999999996 0.9355103367052366 1.3982136054500802 0.8370296853805644 0.7407806213868847 0.8305243096220029 0.5651032653938445 0.2854493810249986 0.46129676555464916 0.21624814363039577 0.21380735787140362 0.31860463432563046 0.38888857922793557 0.4165535216990999 0.5525413445654547 0.3375676251280978 0.0869684883704684 0.4195906446181662 0.13152955076865167 0.6989490615637635 0.33076940715150616 0.013356637506389346
7.1886766859952305 0.012821643853551393 0.08035758576716241 0.19124275519627662 0.0007697756171501158 3.9999999999999996 0.9386050155428064 1.404429546556438 0.8426114279601318 0.7476350895795709 0.8426942584198228 0.5764704078143765 0.2943353679851904 0.4807927956926589 0.22782119634470768 0.22768195221350204 0.342943286191308 0.42311621754657763 0.45810980655262795 0.6142255446414758 0.37930470520814835 0.09877651583992658 0.4817060179112525 0.1526314126396444 0.8933998489226491 0.42735678863400234 0.013739407082598043
7.123572309017548 0.012833348825866675 0.08789670712803567 0.1989665895208326 0.0007706437902030627 3.9999999731113425 0.9427875991446646 1.4096049961750832 0.8466178533185504 0.7524494297418958 0.8512778976738914 0.58454340659268 0.30071937006119903 0.494944023466046 0.23630409825102916 0.23794952416524798 0.3611254608676914 0.44892608573854276 0.4897382639277319 0.6616092447275592 0.4116625414680574 0.1080155289622445 0.5307551147133401 0.16944760281794763 1.0615790983763382 0.5116566927127638 0.01404347043073859
7.029653689156785 0.01284075794634118 0.05407207443641909 0.1652602163606453 0.0007704570102484742 3.9999999999999996 0.9422125582879105 1.393776865276054 0.8294830598125679 0.7308797370239668 0.8129685461491359 0.5488766540752442 0.2729811625801974 0.4343508394979607 0.20047908118231905 0.19516228214532136 0.2863404355630477 0.34412234304689 0.36292378467266506 0.47398684110423855 0.28511464808846715 0.07232324464853396 0.34355721296064873 0.10603617275356077 0.4899959380871559 0.22831399000466077 0.012895292215564921
6.961409666706993 0.012856141397061552 0.085778519651983 0.197192387650158 0.000773137439207841 3.996917684832874 0.9503714434245847 1.4117083305261127 0.8458235220793259 0.7509691429044133 0.8485882987974656 0.582082325125575 0.29882624916771605 0.4907984767130387 0.2338343059263871 0.2349695924880521 0.35585638114143275 0.44145006557874594 0.48057454772990704 0.6478705221985664 0.4022705524315611 0.10533032036553941 0.5164776703641677 0.1645444142808537 1.0116091171601207 0.4865525580482647 0.013969317912982763
7.1959957385299305 0.012817877765302138 0.0683187826557909 0.1791443428079216 0.0007692855451904076 3.9999999999999996 0.9364584964985105 1.397984743777556 0.8364030358435304 0.739936157652387 0.8290222891283485 0.5637135491939087 0.28437664419631936 0.45896486160097477 0.2148748862880151 0.2121730162956869 0.31575757994581194 0.3849117114151158 0.41175702055799995 0.54546798678792 0.3328124444890758 0.08563178344436742 0.4126037346057943 0.12917099891404243 0.6784162469434731 0.3206344987334562 0.01331470427826882
7.15634616638536 0.012827801735350704 0.08620760729522908 0.19718938858907978 0.0007702371316129255 3.999995804015584 0.9409901133059455 1.4081014982405264 0.8456892222634184 0.7513824241675006 0.8493752944974452 0.58274374422944 0.2992859588638726 0.49175082309667656 0.23438207151533874 0.2356145279512982 0.35697621151597914 0.4430166036489212 0.4824732236387563 0.6506909535404639 0.404183436042566 0.10587351188340623 0.5193489063153005 0.16552531081310282 1.0213079862552206 0.4914126193462942 0.013971633974689018
6.926133956140486 0.01285752291108857 0.06138096580996451 0.17283382006198428 0.0007725210075129687 3.9999999999999996 0.948454083959117 1.3997216858030757 0.8334342035267923 0.7354432603126467 0.8209597469098594 0.556303185957031 0.2787087164504082 0.44672460993268337 0.2077063526419396 0.20368452844472032 0.3010412783385169 0.3644497527188824 0.3871878955411797 0.5093945262043441 0.30866622793335163 0.07887313896971225 0.37742624802429414 0.11734612373850486 0.5792194182800925 0.271872240939019 0.013115416411727823
7.124831831707013 0.012833189987447936 0.08805289806459377 0.19912029429275688 0.0007706351696417043 3.999999999999803 0.9427515062253167 1.4096633024688214 0.8466966395689965 0.7525512950665101 0.8514603670824957 0.5847143427173157 0.3008542489616708 0.4952432855269062 0.23648387449952182 0.2381677123375254 0.3615129964345342 0.44947796933273276 0.49041683432077915 0.6626293397105979 0.4123615936160867 0.10821583538402697 0.5318223294846941 0.1698148134866809 1.0653746464578937 0.5135661695253071 0.014049878101546334
7.119643402043897 0.012833788120394587 0.08706670894411403 0.1981436018003141 0.00077065667870687 3.999999815068159 0.9428486907529162 1.409243078197117 0.8461947904906153 0.7519104768955164 0.8503131424651063 0.583638739128422 0.3000049839278866 0.49335879487702533 0.23535192942432856 0.236794205515576 0.3590740947948757 0.4460058324112604 0.486149072125378 0.6562158483163708 0.407968125842704 0.10695739422717863 0.5251199678040198 0.1675095274832945 1.0416313731359552 0.5016260864475904 0.014009437662123972
7.236548294765206 0.012812982257659566 0.07664344290496795 0.1873877135910224 0.0007691082616434918 3.9999999999999996 0.935851666122025 1.4016123102457887 0.8406163764540964 0.7452788011488678 0.8385096447859208 0.5725420514775894 0.2912434415814546 0.4739744540167517 0.22375585459279823 0.22278818632612124 0.33432513623843946 0.41095056127422597 0.4432846250453624 0.5921396164572057 0.3643070478877588 0.09451833447065264 0.4592271268273189 0.14496811338398433 0.8205816374315229 0.3910650442930939 0.013599129602230989
7.0029867609633 0.012847857969389706 0.06584187891816401 0.17714317656719406 0.0007711530446953492 3.9999999999999996 0.9452930947932504 1.40043895684513 0.8355231330020245 0.7382828273804316 0.8260237961098233 0.5609836129161361 0.28230764414294923 0.4545118463593446 0.21226976553146612 0.20908820715421492 0.31040667161364177 0.37746431855632434 0.40280339660954156 0.5323026528323139 0.3239862705323111 0.08315717110156647 0.3997014249686613 0.12482608725702443 0.6413228272742576 0.3023655365720194 0.013249697442620419
6.9933903537913285 0.012850158576281 0.06952804466005542 0.1808654519078763 0.0007713822871508836 3.9999999999999996 0.9463236355501528 1.4025568296545021 0.8374246304181957 0.740613951537212 0.8301511141524824 0.56482697963869 0.28529211398481696 0.46101408833502516 0.21610208380821216 0.21364966010317152 0.3183505816302871 0.3885549067782304 0.4161706988167952 0.5519997608147335 0.3372164663776633 0.08687278638845519 0.41910393901802107 0.1313691192705222 0.6977210320096071 0.3301716530746603 0.013370645742019991
6.987856635466139 0.012846996270496727 0.05927269376637293 0.1705585883886721 0.0007717738036986484 3.9999999999999996 0.9450414633040218 1.3973267595428984 0.8322160171427102 0.7341337344418842 0.818681237914567 0.554173506440567 0.2770541862232034 0.44313285677755915 0.20560035141401972 0.20119262523346748 0.29672882777645376 0.3584685978860944 0.38002750931846313 0.4989159161551071 0.3016767879362102 0.07692395232317153 0.36731968490949046 0.11396211819444368 0.5518891032081209 0.25849495654367455 0.013046679203660054
7.28121786168898 0.012802396825562137 0.05684126880531909 0.1674206057783469 0.0007679614877512994 3.9999999999999996 0.9308695392823904 1.3904524341620799 0.830377840261452 0.7326911747472836 0.8162598693928996 0.5518567779709634 0.2752140870921077 0.43910154110444155 0.203226386742449 0.19837795528060126 0.29185390679695883 0.3517073472385784 0.37193749089862105 0.487087351635292 0.2937958210109252 0.07472906368495492 0.3559557333032671 0.11016314891794386 0.5217267494116254 0.24376074444806992 0.012955709592222997
7.1323697161888955 0.012832024631897027 0.08819515250789875 0.19924400404381193 0.0007705602491046281 3.9999999362191585 0.9424166020932419 1.4095958141399059 0.8467578301464413 0.7526488563772099 0.851636168226964 0.5848764963479105 0.3009801531492106 0.495520458360406 0.2366496251658011 0.23836827990822476 0.36186847358215174 0.44998341874458414 0.4910375940890457 0.6635616984595913 0.413000063009022 0.10839867786018631 0.5327960457739394 0.17014972468513187 1.0688317011477912 0.5153051756989309 0.014055257533569546
6.976943826771212 0.012848668107861814 0.051506792400711064 0.1628203415865492 0.0007709262394441371 3.9999999999999996 0.9444250643143964 1.3935331461022775 0.8283121557585148 0.729265404116762 0.8100987071676174 0.5462389432713965 0.2709753791143897 0.4300580671445418 0.19799065948339326 0.1922475326262671 0.281343598649187 0.33725362374756895 0.35477135003090177 0.46215614748240635 0.2772882220625573 0.07015832977988526 0.33242208844599647 0.10233738939356934 0.4621448128478709 0.2147872257296094 0.012828689657370619
7.172326961130497 0.012818123976704131 0.054683231597972067 0.16551295183964618 0.0007693056652735378 3.9999999999999996 0.9355048860598331 1.3913070232007125 0.8294840861589328 0.7312973521233311 0.8137700390830304 0.5495826296788787 0.2734932665181666 0.435422041584302 0.20109209845000192 0.19587445435572515 0.28755407320928983 0.34578415516856775 0.3648910853640736 0.47683686572854983 0.2869976545398042 0.07284370981773391 0.3462329374491059 0.10692483548866716 0.49672300590677687 0.23158246960903764 0.01290023603238163
7.3899523905601265 0.012787842411859108 0.06728047892221267 0.17762805078235636 0.0007674936776151898 3.9999999999999996 0.9276527121629017 1.3940568051826756 0.8355552868389509 0.7393686980606023 0.8280586133539454 0.5627609710887383 0.28359310098920065 0.4572118243834631 0.21382593382236914 0.21091201773755586 0.31354530355196303 0.38180659098050773 0.40799920292839065 0.539912877531889 0.3290709840744922 0.08457862964484289 0.4070936466179353 0.12730976453253337 0.6622358892029423 0.31264969532546777 0.013267943387521533
7.111069211720107 0.012825495189325414 0.05215527527462478 0.16309324642187242 0.0007703540525441007 3.9999999999999996 0.9380047029795504 1.391163570506822 0.8283279493403236 0.7296940391709723 0.8109246288194497 0.5469699681461707 0.2715078769514399 0.4311729041452762 0.1986283162818821 0.19298750803187126 0.28260276442060517 0.33897477986635743 0.3568049046837767 0.46509596223811783 0.27922641648294855 0.0706928691949895 0.3351639403355413 0.10324592327834714 0.46887470018888605 0.21804909164424727 0.01283273273175637
7.114846388955245 0.012826658222017652 0.0509847672845589 0.1619494114772987 0.0007694470122357683 3.9999999999999996 0.9376503984222619 1.3904833289217335 0.827727463973328 0.728962575541269 0.8096415654629259 0.5457853903535804 0.27060327425546354 0.42923411307596204 0.19750403271206227 0.191670837243708 0.28034685103738105 0.3358759188295147 0.35312989584810206 0.45976765950362186 0.27570495432216513 0.0697197589251506 0.3301640682763219 0.1015868880784591 0.4565114833101788 0.21205224481245868 0.012803200507775581
7.146585432609232 0.012822095804296637 0.052523472603789347 0.16341612264451633 0.0007692206898363515 3.9999999999999996 0.9363858046177957 1.3906726940476566 0.8284400426452144 0.7299341244715943 0.8113627658190635 0.5473660031149609 0.2718036339693794 0.43180011313471445 0.19898983249795893 0.19340928138895458 0.28332381911149185 0.3399636629975054 0.35797640130881 0.46679332243581473 0.2803477004747629 0.07100264500752776 0.3367554653527183 0.10377403427185694 0.47282308049464045 0.21996582450746194 0.012842769447610921
7.08526730392939 0.012832362610156411 0.05602785919151222 0.16708288839488875 0.0007699343413962829 3.9999999999999996 0.9398167429632578 1.3936814305990624 0.8303498465499742 0.7321201983082039 0.8151801463290431 0.55090719231195 0.2745251891120884 0.4376591352455579 0.2023998969648466 0.19741627702461503 0.29021199709130896 0.3494549860552618 0.3692661788391458 0.48321024542543556 0.29122926755502343 0.07401828621396087 0.3522944549868645 0.10894476756262846 0.5123364066547651 0.23918831725997183 0.012946322635734924
7.275174712297924 0.012803180050127832 0.05773453205248851 0.1683266602805421 0.0007682852838987983 3.9999999999999996 0.9312705716060855 1.3910236426549125 0.8308444784890952 0.7332534013785048 0.8172474709109743 0.5527714786536098 0.2759167739754117 0.4406164184983194 0.20410995973847001 0.19941868209336308 0.2936473158320291 0.35418502132166174 0.3748927211617741 0.4913967211839978 0.2966601915267631 0.0755251269812584 0.3600694123410986 0.11153594583776118 0.5324960175695371 0.2490145041268016 0.012981160867363879
7.025062755169798 0.012841503292882502 0.05409105022359558 0.16529105045535086 0.0007705058246105364 3.9999999999999996 0.9424398187803432 1.3938800246285568 0.8295033591436719 0.7308906910111533 0.8129853528077253 0.5488933044488729 0.27299482183573454 0.4343811333102764 0.20049701142983956 0.19518358200031252 0.28637734162419076 0.34417348756082405 0.3629848825816449 0.47407598527685046 0.28517390034475404 0.07233970285952551 0.3436421820394135 0.10606449232081004 0.49021392836481353 0.2284201177726568 0.012896205521498087
7.009163688621488 0.012842326694066274 0.04673578362640269 0.15794838401412922 0.0007704221678299 3.9999999999999996 0.9421137816362971 1.390394130208808 0.8258253652897899 0.7262938177058956 0.8049006158062775 0.5414399707974183 0.2673146651686105 0.4222263461244099 0.19345870143368923 0.18695179368231446 0.2722895864732973 0.32484471887564187 0.3400892777446238 0.4409185339207744 0.2632850441745918 0.06629780738036495 0.31263303823448824 0.09578653896151469 0.4143566400051477 0.19165891823458042 0.012698588726967552
7.358279471298542 0.012788884415872257 0.04889633997725431 0.15926082827155322 0.0007671050850555748 3.9999999999999996 0.9262804322671822 1.384971659354392 0.82619143639516 0.7277066544751963 0.8075339387020434 0.5437905570873093 0.2690417605479247 0.4258511322300777 0.1955316162163775 0.18935388170322406 0.27636918949354683 0.3304069133707797 0.34664212395125593 0.4503622657834665 0.2694909952265947 0.06800356810410771 0.32135242239794387 0.09866552758715812 0.4349742915505852 0.20161619026549824 0.012729743033589607
