9.99991262076483 0.01182104715726899 0.0017792019868842451 0.09546463703358428 0.03126021325266003 2.5082915958227163 3.572695635540121 3.999988023630672 3.9992004587338736 3.999705701093921 3.999940874731233 3.998798975660626 3.9991694750542237 3.602146104236653 2.622403332438135 3.1695856137078744 2.5907564552847124 2.728667947117974 2.0156908641355176 1.6123432700791058 1.3268854239082626 0.8350032116327218 1.613005574733676 2.264706304134149 0.7354675323469501 30.83522601672859
9.999813598024152 0.01313442227369644 0.0004119837252721947 0.14322449377234803 0.033556045569188155 2.0345238842504996 3.999426252231453 3.999811521550503 3.999780553772107 3.999583020481086 3.9995143167688223 3.999250456763251 3.999408832148057 3.6074829199189997 2.6210110747621624 3.171194431105918 2.588214377342892 2.7263848364938714 2.011792825302573 1.6084585437126524 1.3230496274319457 0.833064762429467 1.6136781008166199 2.2611668268650114 0.7249584530633878 31.01176132863426
9.999990114107629 0.002725430234216687 0.0012496426719255692 0.003742968085944184 0.04426231993346391 1.714465930379895 3.9998971063109603 3.9999998468349305 3.9999999908209984 3.9999999999805382 3.9999999980899172 3.9999999985716386 3.999999999445835 3.5141476333680464 2.5356670410072413 3.0444042319415394 2.4614994065575733 2.5696883144650067 1.8782336754235813 1.4895577504603237 1.2142475400172608 0.7576653370443307 1.4596108046036445 2.024964595983253 0.6156996206078238 31.0929125349379
9.999996896301244 0.005599175811971872 0.0012957392056105997 0.032181854258998915 0.03915921181628711 1.7942462263905203 3.9950959331809357 3.999996300677037 3.9999996651522776 3.999999637329347 3.9999999892748854 3.999999833901913 3.999999990269603 3.5381510428718497 2.5547856975452437 3.070202823444676 2.489871472837671 2.6038611845850848 1.9097158773114078 1.5185900155108574 1.241012815692422 0.7766997873026239 1.492813289770037 2.0799568782105773 0.6305456971417943 30.973035766308683
9.342935842910594 0.008978196924226167 0.0003053460337868887 0.05848886334310911 0.03482811607459533 2.8377015075290672 3.0355096021409658 3.999941415827005 3.812630271404959 3.991706121843458 3.951674270172225 3.9835327242313796 3.9997392915867027 3.5439305913460952 2.58299943486994 3.1150066815319697 2.5314986864514806 2.6549797056647746 1.9506302903088608 1.5583337806160833 1.2724650159491275 0.8112279662667923 1.540410937590474 2.151678927156334 0.7065480216747889 30.792950769523706
9.999456878251632 0.011212831150976587 0.001460402999511647 0.09032329866403019 0.03271513666098156 2.2036992285737336 3.6275629297473246 3.9986596385193427 3.99929269989546 3.999893013390528 3.9993650184403253 3.9999998226466595 3.999999442112999 3.5967782843772445 2.609824370573909 3.151716138146381 2.5736926638461695 2.7003071942456747 1.9958218996419883 1.5954824921903175 1.308483127250033 0.8220679211063054 1.595786549730693 2.241837914123948 0.7055129106644679 30.834607251870676
9.946635534710307 0.00481645189638019 1.4395046679361711e-05 0.008255690411644256 0.036685352053430216 1.6603995603501214 3.4085217712610683 3.992781544724313 3.9979181831394426 3.999999953602586 3.9997599011422627 3.9985584220026884 3.9999966700559995 3.512550271693774 2.52841504191174 3.0271999485274135 2.4445394300732612 2.5520516811241287 1.858694098718354 1.4691729185158455 1.192978872675496 0.7431021394892463 1.4184150718851176 1.979575028794692 0.529480621820821 30.85427422086636
9.998488525770387 0.005493014013090913 0.00015651458970288338 0.028417320753474085 0.03737584780925345 1.8566437239071432 3.8230331116403384 3.9999999952958767 3.9999977055736218 3.9999995026001467 3.999986302431014 3.9999996278280188 3.9999999812630502 3.5339018634178014 2.5421918476915875 3.0521066803021784 2.4708334686875895 2.570295406986475 1.8885131197594318 1.4947090246728312 1.2210926083812834 0.761837380439103 1.4556577223277212 2.024108106858783 0.5771308069544655 30.95086075686477
9.851115998127211 0.006456153296640874 0.001934437283282646 0.030839430105206674 0.0375082368811578 1.9690964660922712 3.498124083174427 3.941866921485055 3.999512934062348 3.9999994223927917 3.999964159572185 3.9999748266020316 3.9999495269532153 3.565261282832604 2.5738242118146295 3.101778973575163 2.517044641572703 2.6373676455128385 1.936326242254373 1.541726246693987 1.2612015517642376 0.7905931738195174 1.5230331742586012 2.1255594909333118 0.6519052565850714 30.826752222628585
9.999985231801274 0.005488085231416292 0.0034543415223360144 0.02445979943816594 0.038358656653072726 1.829340405051648 3.9819980105113983 3.9999999978500074 3.9999999645321878 3.999999835890085 3.9999999025456847 3.999999999043324 3.9999999997957882 3.5585426845341446 2.5745371186479273 3.1007676469834675 2.5178092192451245 2.639810698446677 1.9388803981330907 1.544488938662193 1.2640866000193351 0.7924787429998306 1.527538413205355 2.126312802730382 0.6614410316824827 30.977927882077992
9.999999941190142 0.006763690235506074 0.0028594385892393975 0.044900984540645894 0.03782143434756731 1.855671957094504 3.9854910936130308 3.999995543461249 3.999998363253464 3.999999083424698 3.9999998388944977 3.999999997460799 3.9999999988691455 3.5665621374929697 2.5818482426819247 3.111437854919855 2.5297815621114412 2.652862039108495 1.9508895702361804 1.5553791166492443 1.2743602119662518 0.7998571222107552 1.5421055465576896 2.1552985097602644 0.6814526095609471 30.973591856621333
9.999290238145889 0.007714313429554228 2.3070369475432028e-05 0.06015447932725118 0.035842930067082446 1.954343323489273 3.96323115258572 3.999428802519492 3.9999999997174265 3.9999997776659493 3.9999185063091263 3.9999999972587705 3.999903376136078 3.5451987120984025 2.561894474560556 3.080648252612228 2.4981754143758916 2.615413809375711 1.9186295636115858 1.5258701783430337 1.2471273914865548 0.7805410718292927 1.5012363048124724 2.091242994230549 0.6318886883208358 30.94385910271835
9.999999438384515 0.003684710502964942 0.004184824479992244 8.482767075857281e-05 0.04025381668095712 1.7401747681743003 3.991427892881072 3.9999919726322 3.9999981874244366 3.9999999674064006 3.999999757514973 3.9999988942927263 3.999999841079459 3.5502898799010163 2.563972442227481 3.084062446333181 2.502988191055848 2.619671010737716 1.9228954642373393 1.5300815212255987 1.2510959925012344 0.7836560293192864 1.5076230563250823 2.101739520118034 0.6466263764337367 31.006031440057896
9.998549771832751 0.006990529734537579 0.0023412093862108935 0.05128326076958539 0.037980025969119785 1.8292032078919733 3.9538340525270033 3.993851244150368 3.986594266935202 3.9976753134857104 3.9987750701239504 3.9942578994532716 3.9970080819541676 3.564235665113229 2.5762343947336896 3.0959563026965804 2.52580672572557 2.6426431923661564 1.9439390162225778 1.5497584418545798 1.2696761615062364 0.7965650059071955 1.534530637821945 2.142563836791696 0.662699032494317 30.99165588083559
9.996009602730815 0.015111417512693886 4.5083596187860055e-05 0.17051921601127978 0.03760187332242769 1.8160002345450121 3.7945394665329846 3.934349531474565 3.999970893952413 3.999999197497818 3.9970565131953575 3.997012386104486 3.9991570121095363 3.622727318536561 2.636963899037913 3.196095567036743 2.611881075623847 2.7538395878344653 2.0373183189079054 1.6327295074132018 1.3444386742013525 0.8487632921748524 1.644689781098124 2.3287252079314666 0.7572731204574537 31.027584363557146
9.99999586062413 0.0039577868010796935 0.0014338186759293747 0.004683422485837835 0.04004393937031094 1.7191003680673131 3.9948516696888845 3.999999993490289 3.9999999864174995 3.9999997553553355 3.999999999826575 3.9999998983197393 3.9999999999932125 3.522696112041166 2.5396702650862877 3.047800847940489 2.46798378066163 2.577050528007656 1.8872767107461248 1.4983925133008702 1.222509315099565 0.7639724987448153 1.4664874583693057 2.0396940003929327 0.6071743779850776 30.95382185988527
9.887758474379435 0.014259747438024382 0.0007897715109712788 0.13996534937719424 0.031233147028321424 2.7641939953312873 3.601365198984419 3.997686048372593 3.991130804977081 3.9999264052751213 3.9977174253516825 3.9999677354499092 3.999999003210119 3.6239665677403914 2.6434467103645636 3.206275724895617 2.621172084262308 2.7640543909915816 2.0437374680651317 1.6421533126594199 1.3570093213619312 0.862936206812153 1.6595695591698651 2.3217271576094145 0.8139850275651777 30.88697741314797
9.980623010783425 0.010556042850570437 0.0008196267774307317 0.11208869797613139 0.036250009768981434 2.2358330398222415 3.9996645292406034 3.9997118518510977 3.999945797905923 3.9999752685784333 3.99848765830505 3.998714619638918 3.999424014440159 3.5937859930901426 2.6094244376455196 3.1544710101151914 2.573061063703047 2.706007742041074 1.9987410402498 1.6009830966562713 1.3182961903083021 0.8411711568658936 1.603401884785138 2.2377243837865906 0.7363837741232903 31.02465592105613
9.997563308920146 0.012929759638452679 1.867872512554558e-05 0.11681836899169463 0.037379185269313275 1.7513175486979264 3.606067879651619 3.9640250914434882 3.9999999967063014 3.99637189493579 3.9999995973735296 3.9998643117993815 3.994581743070049 3.5919879440332663 2.614255012990345 3.159726576532527 2.576994826382273 2.710352870822864 2.001375700604729 1.6003215592951168 1.3144911613070216 0.8289706862951016 1.6023900365531818 2.2424127272708683 0.7193265573113272 30.857951176599833
9.99377282759185 0.007000236428886714 6.560621062879278e-05 0.046374329052044874 0.03680766146853673 1.8866039850954728 3.98825732834039 3.999686620190781 3.9986413793046207 3.9999999689698016 3.9994000723837484 3.99999998588945 3.999767390121689 3.5400626540173445 2.556672944474146 3.07149001117954 2.490306006899335 2.603212883703989 1.9097343932377782 1.5192423832934387 1.2421204638188241 0.7780438196281411 1.4981330572602871 2.091661325349315 0.6584158762043598 30.905982826002308
9.99828124137397 0.015722136348412782 0.0002458802786752288 0.16231310201934418 0.03208550803810092 2.381648314405966 3.4987088257605103 3.9824840296677815 3.999059904533017 3.9999989365826 3.9867210991223536 3.999999802173672 3.9999957258461287 3.6508631549506703 2.6628287579289025 3.2328596048365017 2.643103131235123 2.790284442076248 2.0653591513072853 1.656704909385505 1.365299778508895 0.8630253497614601 1.6916661259715928 2.3797794953527824 0.7993032874041117 30.889171064797726
9.999609034672476 0.009769114828919269 0.0008505313431414379 0.093843067559135 0.03563947565443421 1.8775254800752135 3.903578076955629 3.997776604354469 3.9999000115863614 3.999797957929449 3.9999744621139297 3.9999914678228876 3.9999912691470896 3.5726067742404375 2.5882301388623206 3.1225926694051553 2.537311868205424 2.655962583274811 1.9556493831143245 1.5559714794612622 1.274085323329312 0.7963360443909422 1.5441886181740434 2.132556359141194 0.6682014682354267 30.99449042167108
9.999988462749652 0.006424550412496717 0.0036251494901804325 0.04057138811259266 0.03779301467116278 1.835182161041978 3.993285636229023 3.9998838974224524 3.9999997458383683 3.99999993714857 3.9999999799939223 3.9999999998455666 3.999999997308978 3.5699894391557483 2.5850441504922306 3.1174445572973934 2.5351245196443526 2.6579408960794293 1.9557958398137603 1.5594295881766176 1.277646823802689 0.8018874675940113 1.547100528612141 2.165966982582843 0.6776515797984819 31.000903960826975
9.998866926067208 0.00928884022829847 0.00016705818752386206 0.07627565509774017 0.035262563951631534 1.9555107051616998 3.9983432470792515 3.9999996837163914 3.999995068485819 3.9999984787970293 3.9999999999992957 3.9999980404146696 3.999999979210897 3.564219419297648 2.579994425887722 3.1093821669482957 2.527198660155036 2.650262175115286 1.9477724305493136 1.5532997012626486 1.2724177760868123 0.7971378357453879 1.539180039940622 2.1508577366715356 0.6753577909216334 30.895389541516305
9.998508471937388 0.012577036900140918 0.00021562558077541327 0.11784040606241757 0.03304719255743916 1.8847816513308264 3.825612292790839 3.999999568135506 3.9995112601798497 3.999850381083756 3.999930730148909 3.9996760397746858 3.999761175926066 3.5992128762934885 2.613594265645714 3.1601092723681363 2.5756185096451603 2.7112992348562077 2.00086924601981 1.5993587179407984 1.314801805860956 0.8279202368536283 1.602018284254395 2.247054154099868 0.7325443086172486 30.875965341635084
9.999977404667579 0.008866205839252484 8.137571902490251e-05 0.07173649516237089 0.0359742192850897 1.9219450856637874 3.993369590205196 3.999947068484255 3.999982578803532 3.9999934340123886 3.99999327808972 3.9999967873226767 3.999991877521137 3.5606771497260588 2.575088830282055 3.101061950202073 2.5197071228926977 2.640540677928562 1.9409047403940274 1.5464010374682733 1.266141814536672 0.7943717583270693 1.530737076487949 2.1370519767411746 0.6658699948762392 30.897201601948193
9.999996459981066 0.0022997520657611395 1.730879934066197e-05 0.0003927794845743916 0.04586160219130158 1.590492915103513 3.995221756893546 3.9999999999984985 3.9999997719423157 3.9999959488257395 3.999998031281338 3.9999992179205073 3.999990766791223 3.495444287031784 2.516583110295321 3.009690603142821 2.4342784239041664 2.5356561354685114 1.8548891848918012 1.4718648101295244 1.2008150161625049 0.7526888658178509 1.433294933151549 1.9805897606957727 0.5992862400411892 31.0955751081436
9.999994220345712 0.0017935992094177725 0.00028846997721102344 0.0011565808233035247 0.04773660513713375 1.4686558406458037 3.999985956110178 3.9999997680586485 3.9999999156374555 3.999999994989284 3.9999999997486233 3.9999999912136732 3.999999997316143 3.487061294548227 2.505711444861823 2.9952477677855995 2.4168777594560424 2.513655931990484 1.833690017912136 1.4503438219716698 1.1786927562589726 0.733326056270901 1.4000898001422981 1.9376442072631317 0.541040024777214 31.249128954317737
9.999912637353592 0.014460730702648222 0.0016341881468828773 0.13815832691704052 0.030935771345639317 1.7551014419840731 3.8194214844439958 3.9999138391344222 3.999935207812574 3.999948467294173 3.999915816717183 3.9999994907456364 3.999996890901071 3.635181104235836 2.6476737932547962 3.210713730540832 2.629217289537811 2.776125214961278 2.0532730856498307 1.6471176421048428 1.3597704314728918 0.8584678407461558 1.6688669894631047 2.348824641403606 0.7849402539988116 30.91883394377964
9.999497490148793 0.011419701166785005 0.002396032424062975 0.10973632950350856 0.034231893652268815 1.8948385974103674 3.8111360098381826 3.9999999932635233 3.999999999967809 3.9999999194492184 3.9999999935416857 3.999982385335171 3.9999977720184083 3.6071138552015216 2.6212791940445244 3.175656198094167 2.6007340564313965 2.7188667224539027 2.006704284455261 1.60439839664839 1.3173522024096866 0.8289919105825985 1.6019029024650655 2.23881876228309 0.6951071136470641 30.978164441298674
9.993797423344242 0.01851327009794818 5.08010838134928e-05 0.174309044729607 0.027110848192559517 2.4805585076452887 3.353437030313162 3.967230571581265 3.999059060210661 3.998444136743948 3.9998871522519033 3.9952986124044716 3.9948351755413833 3.6622902565251323 2.677797278408036 3.255961233319867 2.623008016521288 2.820151812569831 2.0913374134553937 1.6817967499572553 1.3870320370814213 0.8761120068932158 1.7007160793848795 2.4413280683518526 0.8073375942200378 30.85497733473017
9.851111312801972 0.01865768772532046 0.00016273706391988665 0.19027555480352876 0.026328620992317114 2.692468088595792 3.2783033764484593 3.999999961637988 3.999084217480137 3.9995615318289817 3.9999983290030117 3.998045026551062 3.997259443530515 3.680308487786514 2.688130177816712 3.276659968543799 2.6842998025337583 2.849662559063966 2.1128392200678876 1.6971905742284663 1.402019267523872 0.8883702683830175 1.7409035467897227 2.4642649099013303 0.8231791083884042 30.898173687637318
9.999999822299587 0.003936229175609609 0.0028100765154700433 0.0030293619682714053 0.04003936033716679 1.7516726621060517 3.991142237687338 3.999986114516735 3.999963124904396 3.999985322827602 3.9999728639416507 3.999989407804133 3.999995878764145 3.536325126245244 2.5533341912356815 3.0674383947693378 2.4877881131286697 2.601352620403855 1.9076871617226063 1.5167517012931033 1.2392088619427735 0.7756398807754866 1.4907935865843147 2.0771459340637892 0.6344051797330704 30.96893944595742
9.999055429163533 0.011577745450764742 0.000355041951634406 0.1115124727291549 0.03396866975608021 0.9820080759535301 3.769329813235032 3.999246904139804 3.999794848795524 3.9999899402913948 3.999999828100617 3.9996241200641682 3.999990071414672 3.593171846973706 2.6054831797976745 3.1432457591172236 2.5604839509376287 2.6897850216342283 1.9823383740168543 1.5834723370176684 1.2995468635402492 0.8175338545354717 1.57580291638116 2.220322033180233 0.6855391871491454 30.94992014647238
9.989139055540896 0.015108386753920752 0.00023031833398418352 0.13358724513509804 0.030966360500376874 2.240472513767552 3.4002547400800713 3.997376975046852 3.999779724921133 3.9996156276888457 3.9985774074685136 3.998582712966626 3.9999998832864843 3.625137783581284 2.640627811748558 3.198761419185546 2.604478449369652 2.762774499754533 2.0259056888003664 1.634446100207887 1.3476370573176926 0.8525213253504857 1.6291717139196813 2.3203286907589025 0.7612709798058805 30.798061999548768
9.99998077914479 0.012056114407583328 0.00022147142136522824 0.14020021997974386 0.03602311463700168 1.6110382171961173 3.7927410478380565 3.9999994717346055 3.9999891322479044 3.999999855277828 3.999999761615104 3.99999995020665 3.9999925975701296 3.6022503863668125 2.7861766277290587 3.1634174029455826 2.5774010473518976 2.710878640797014 1.99912929559536 1.5979999680914252 1.3126600795508367 0.8259892414823962 1.5966877885189552 2.235085156178704 0.7058786146879132 31.091907135658694
9.999496200825602 0.008490790126845763 0.00021172203111131306 0.06637979170779487 0.036032122559235095 1.9115128532134178 3.9840082020548118 3.9997937149797256 3.9999626818635154 3.9999917343553117 3.999955899009362 3.999939744075617 3.9999998283838134 3.555680742396848 2.5724735819596107 3.097544957550611 2.5163774498114395 2.633834886275053 1.9367959207002488 1.5429710424846852 1.2629244178792498 0.7919036884401952 1.5259888493241185 2.1282532950008224 0.6498451632753817 30.90120743441795
9.989990508843272 0.019681762819942234 0.00041038593250954634 0.18748278316153733 0.023819436570333665 3.193787256136317 3.443833189828398 3.9875196626965317 3.999092393114955 3.9996256762279003 3.9986977695326944 3.990378543711784 3.9997722097524773 3.679796891955903 2.692835467204578 3.2739976917299165 2.6940634627023994 2.839800784679035 2.1031583335673334 1.6947122801534393 1.3990621184619574 0.8960398397389266 1.739571535893133 2.451895937630563 0.8520302961560082 30.915977830453492
9.99999014080638 0.00853989667299033 0.0023097241880699593 0.07258849673081505 0.035844068171508876 1.9470783781583971 3.9804857458433647 3.999992030645426 3.9999726427276916 3.999982418096201 3.999999511149647 3.999999968443853 3.9999999999902296 3.577622576837829 2.592740708018093 3.1288211556436027 2.545983347101271 2.6729570045899527 1.966674466337522 1.5690179263092483 1.2865383004756739 0.8076505354698216 1.5589779761509266 2.1843403906613053 0.6846540444016661 30.99258401186602
9.999973788829509 0.004908703991732972 0.0014175586405042392 0.023413408511325517 0.04082829882853475 1.8726114715363336 3.915720644977662 3.9999995264883315 3.999999634741519 3.999961340392367 3.999893997971313 3.9999988498123087 3.9999845936639207 3.5408458969150747 2.559088943558527 3.074925562314637 2.4967508880921967 2.6113864570011738 1.920531308191774 1.5316514173119467 1.2559657784444218 0.7928888530031026 1.5111545857601583 2.0964458486671464 0.6659993323629403 30.95050895078738
9.999803220607712 0.00796081979164331 0.0009140506290181056 0.07283058790234925 0.03855469212990294 1.7459941458212989 3.8334402783529957 3.999900586112541 3.9999992574987444 3.9999997294196947 3.999999632925627 3.9999989502511655 3.9999897149542596 3.5701706934898483 2.7571365062485844 3.113410669377755 2.5291658881723005 2.6510929344452605 1.95143865162564 1.5516962156682224 1.270028718748582 0.796419682445178 1.5335689084636719 2.1387517881951563 0.6472913655473904 31.014239870904287
9.75840568817936 0.013009121651300842 0.0003591503832240765 0.12783783884280406 0.03360887625937576 1.9886027918978642 3.2337393743600162 3.9762409636099507 3.999988546687698 3.9991522744378765 3.999999745949975 3.9896106029229825 3.996870119494028 3.6110639414186005 2.626533243410095 3.1768259988910024 2.596594514134308 2.7379375280434366 2.024711056960751 1.625384261913726 1.341568958959116 0.855138863704481 1.6367688446931836 2.2867560864696657 0.8082407392869015 30.85073911980519
9.999999953268109 0.002340252368174509 0.0004456575150719083 0.0006769350356181461 0.045520396826900164 1.5633511351244977 3.9989796284927253 3.999996786942023 3.9999998541293986 3.99999874348239 3.999999931058495 3.9999994872978673 3.999999464163042 3.5031016681507086 2.525148411899633 3.0214374457890947 2.445633388040546 2.5491121692852925 1.8683243298526913 1.4851488927597591 1.2137168601947275 0.7621185965837096 1.4490432789261556 2.0038022555141084 0.6077796527729608 31.098680119857043
9.99998812815193 0.0029335269429145985 0.00035179386055264866 0.0006868540448970488 0.04365094580674373 1.739810394557283 3.998251624394042 3.99958638860365 3.999999612655188 3.9999970055424416 3.999989548160992 3.9999999974671945 3.9999997262609046 3.506285162407358 2.5273846502819084 3.0254185417666553 2.4500745163823305 2.5532014997631025 1.8718856596143099 1.4876635663326618 1.2156596338483574 0.7643352385409672 1.454456424546816 2.0099491922575137 0.6289124019368019 30.99812583758065
9.717396129935137 0.015691624752142568 0.00022348085699603492 0.1518346675566965 0.028367339593544125 3.9884021125315607 3.085572712923913 3.9999260537527626 3.9999333965322212 3.9997026227321912 3.99976532486256 3.9999458968711763 3.9998707837266525 3.6362941728736438 2.653546782701358 3.2154932999858503 2.6202708673366497 2.7840362729323593 2.0689196217082513 1.6650519754400803 1.3832288490916125 0.8830096943564409 1.6940885225368298 2.3697967176289456 0.8491211388926562 30.884642429461035
9.84923676343024 0.010806299117994807 0.0005881613080322951 0.08771851185881252 0.0338856252645023 2.39296466233277 3.2255810097527635 3.999798035439411 3.999906237122959 3.999860297399949 3.998747491858046 3.9999988618000093 3.9977182586044133 3.59763799194404 2.6042421049178492 3.1419244143922316 2.5608562277794102 2.6900205262009504 1.9827447269471352 1.5832431827682094 1.299090217007277 0.8171543360700542 1.5797743134553075 2.2148358605901843 0.7007768529160945 30.77692417005726
9.99435269448634 0.01317001855225627 0.0006783912296464803 0.1283939281652124 0.03248568501763792 1.7580000672274052 3.823769572311498 3.9982537478004567 3.99950449225946 3.9999999189596807 3.99999369915721 3.99999975171891 3.9999665117431245 3.6091162157649728 2.621545972654924 3.173788216418916 2.5917972698524565 2.730303411825309 2.0158817038000763 1.612323032104659 1.327401473220912 0.8358210097961383 1.6201728108776219 2.276463464304604 0.7354758026165245 30.912637278739126
9.999998087725354 0.007640159210704629 0.0001531633329438648 0.0580456387306253 0.03708553793839353 1.87673878889531 3.9533129374386107 3.999789705892061 3.999997198676694 3.9999996162940894 3.9999954596983764 3.9999986425463816 3.999999915265787 3.5469111390048194 2.5636270010498468 3.083129559529039 2.502814325304439 2.619879403372785 1.923186295847429 1.5305124607778904 1.2517336178803777 0.784154078544014 1.5089357494246913 2.104861629002242 0.6447476187407382 30.916446529313014
9.999998365937836 0.0031778660678269573 0.0007292198679936541 0.00039809725734088475 0.04099684125005436 1.6838596161484327 3.9919705850137017 3.9999619335100074 3.9999916997491276 3.999999469189034 3.999999936304086 3.9999984858007016 3.99999965913942 3.5066357442521134 2.5243750372911675 3.0239969005954017 2.456026044507867 2.5479180387512628 1.8621477668007678 1.475508101576358 1.201422293150441 0.7490690492819211 1.4345892904213273 1.992103193196474 0.5732743458495893 31.02073733230729
9.999999634045459 0.0022112667638468013 0.00020369885547331067 0.0004105647609892129 0.04603805397194914 1.5272562020576779 3.999932914700447 3.999517530855411 3.999999999295549 3.999999890325947 3.9999993155176425 3.999999980435939 3.999999162386456 3.499618395049478 2.519613672709017 3.0156122683044706 2.438898329705126 2.5411873004798027 1.8601270816984319 1.47678995773992 1.2052926274247004 0.7550264111116155 1.4377865351165833 1.9899098963491986 0.6014716596658406 31.11601748372494
9.99999941066852 0.0026704807517468152 0.000807686093122486 0.000753266482058119 0.0434127644822291 1.6000756194471963 3.999977681009959 3.9999999999050533 3.9999997088272097 3.9999903594516795 3.9999813526237538 3.9999972322945583 3.999997173790955 3.502791181677644 2.5208802387036346 3.018892536162019 2.4398605192942022 2.542224382012004 1.858287379835382 1.4727333806178262 1.199508664298061 0.7480747425840912 1.431565088949929 1.985807028612414 0.5798184948766325 31.08700754264074
9.999996103740234 0.009118512598811848 0.001811923785492674 0.0633505281408321 0.034549904851251666 1.948963493940582 3.503472390023313 3.9999376889861686 3.998847970045069 3.998974970614876 3.9999988593579374 3.9999230361313356 3.9991476334435063 3.584161189335152 2.5925164383038344 3.126611488747235 2.5442860293828033 2.6686696997400214 1.9644378601781338 1.5664876544325588 1.283527405720552 0.8079858074736155 1.5538670085392083 2.1698659835898644 0.663187084384629 30.82344110409768
9.994315028427806 0.0040711506980753934 0.004175650583896068 0.00026593169602430466 0.03934034054728755 1.7448679186691136 3.9077437879316053 3.9999999796022085 3.9999981669031963 3.999994670168567 3.99999890976784 3.999987748629412 3.9999924015857116 3.5488008696682236 2.561092384870652 3.075237598608617 2.4921577831359785 2.606501014587083 1.9074067953809752 1.5123079544225635 1.230684171876023 0.7713698258094106 1.48516419741932 2.042358480986475 0.61998188216757 30.99062567012912
9.998562714388669 0.016756462042015172 3.2849349032086406e-05 0.14862564958091887 0.026439165227858306 3.4362855388833253 3.4537801876190892 3.9948172782662597 3.9998976078024895 3.9999656140819564 3.998118913013672 3.996413267297143 3.9996671697098813 3.6456410867828075 2.660289767940902 3.222844354246222 2.642293620699305 2.788264400863126 2.033962032586412 1.6597960931601168 1.3686708453286007 0.8643772119738139 1.677418918831613 2.3583656045328776 0.7874708739089485 30.842693473624326
9.999742469094468 0.002800026482079734 0.0006939025348005174 0.0034633226656376965 0.04426773926375141 1.7579811182177065 3.9731240668347017 3.999394467055468 3.9999997482513705 3.999945737738626 3.9999916855580477 3.999998277668869 3.9999847186218576 3.511771171509761 2.5338433712450286 3.037176663190297 2.4596281105993576 2.566510942430263 1.8813882232060264 1.4955808710133756 1.2219787620286082 0.7659870941832038 1.462535855857656 2.0275840261581903 0.6088131303401496 31.053560476360083
9.999998018873667 0.017171870860658703 0.002127307961314707 0.15067584257344638 0.02567321930761043 3.8037243931942215 3.2958980683238996 3.9996003141395073 3.99899751193386 3.999354280155325 3.996028792678246 3.9974720066397595 3.9952595179603114 3.657718727158759 2.6900738387468213 3.2590212584297507 2.6738435639579037 2.834438353389373 2.10330840775732 1.6927747989035193 1.3995315110753703 0.8868301858662293 1.7309822354376327 2.4409196921826335 0.8393340345661751 30.899637292781115
9.99822152651354 0.005462494346623398 0.0039912751809245365 0.021870309641157645 0.038031066713151276 1.8893106479229327 3.996106701230175 3.993819737225743 3.9999058540981687 3.999707838848752 3.999577215267034 3.9999998934999375 3.9999769020256277 3.564156424314532 2.5794435250689594 3.108229184163321 2.5260397758108466 2.648543907704052 1.946318612820583 1.5485587967492935 1.2693686321592066 0.7953079744688356 1.531199905991414 2.1504684867999146 0.6489621139820148 30.9816494503924
9.711149574858023 0.006202245666397227 0.0006064043169364541 0.029722103157727785 0.04001071565243749 1.6225077257709046 3.110521254786151 3.6223511196081772 3.9664440028450345 3.8844973488533916 3.9998550210703443 3.933873810794591 3.9971699678853256 3.699515486886922 2.540432905167732 3.1464723413527853 2.4645397139515888 2.6760926352336547 1.8830110638142026 1.4957016130083367 1.2188179356340423 0.7595158999199589 1.458264123172657 2.0849011808899385 0.5957538505090906 30.86413403561219
9.999996265020878 0.004194324636263617 0.0011475998068886184 0.011484489396619807 0.03961375159053361 1.7745193482394723 3.976418858505495 3.999999818107871 3.9999996028512457 3.9999999508962123 3.9999998477293084 3.999999822898745 3.9999999999961493 3.5214246595436327 2.5382653829621042 3.044978355169761 2.4644334050410137 2.5724153335877102 1.8826015024062763 1.4935935145123689 1.217638880891915 0.7602207196848536 1.4580326754918482 2.0281905494786536 0.5923722561820006 30.988177494872275
9.352179295369847 0.010165870736899587 0.00027051085409752655 0.07046841444051526 0.0336785144701164 2.6431976350661643 2.91781318709662 3.7830682690773703 3.9683904678513313 3.985699202563009 3.9941539154800294 3.997719034950558 3.99999995823778 3.5872179591753413 2.5934805800577965 3.133182245236136 2.547087996233397 2.674031471940266 1.9670345520527845 1.5692672999224277 1.2859973819257355 0.8079705495732702 1.5602016893969066 2.1827904359912536 0.7116339370120318 30.729907263101044
9.999818306873019 0.006307031212414915 0.0008301996965106974 0.04288670522129809 0.03754523317027653 1.727104756860193 3.9811347811690623 3.9999740425416883 3.999999988168878 3.999992493488477 3.999998180280924 3.99999933911799 3.9999999243037294 3.5378398254547756 2.5535680101506775 3.066544160449455 2.4842051140510977 2.595000376309348 1.906437059687123 1.508443498201152 1.2299896339683563 0.7684717038251311 1.4721940139441625 2.047756086086853 0.5792008799376505 31.0062716181519
9.998647817241581 0.013735445634501261 0.00022262340479165432 0.1348942576327832 0.032527215209825364 1.7990533648547447 3.733019978439728 3.9999983389400935 3.9999997819063027 3.9999983593667054 3.999998488100021 3.999603578950796 3.9994365693653013 3.6111599173373534 2.6254634427145893 3.176693069033194 2.594048629896651 2.7325541775260396 2.017231587084166 1.6164988958014257 1.3301281043138677 0.8389939548818053 1.6261731485082243 2.273751629736075 0.7508091382029883 30.887397351321297
9.99999990809287 0.003421613811243017 0.0016807388559214496 0.001783007363616869 0.04081527936123116 1.717891037581358 3.9992035470248823 3.99999887497182 3.9999999016018273 3.999999980529222 3.9999999901766303 3.9999999746880004 3.9999999998319593 3.519444110708863 2.537082170801792 3.0434904500777566 2.46389608285156 2.5714946229612874 1.8830953914519264 1.4947748956937268 1.219345486343118 0.7618017290909233 1.4616205383852827 2.0323005159167873 0.6050942903260177 31.006408592842003
9.99999657649615 0.004249977025224027 0.0013574203825320865 0.012715181470937753 0.03999614696967358 1.7548684144482318 3.997375210028168 3.9999999996046696 3.9999999991279074 3.9999999977987044 3.9999999999996825 3.9999999999972005 3.999999999847792 3.524639302773744 2.541661706036345 3.050475325396039 2.4703608913075965 2.578548615981946 1.8877857394911632 1.5000480957206108 1.2238986524610853 0.7647621277266552 1.4680099201775563 2.0434778792881283 0.606326099196365 30.986878780914743
9.997615292716592 0.014331121178983166 0.0015016742251876957 0.13471965186446022 0.03066663392247492 2.3347097988307666 3.6108919561844077 3.9999988470172063 3.9995894912821375 3.9999980036960348 3.9993640921278297 3.9991614489039304 3.999148282159705 3.633116999538622 2.6457166542559034 3.2100788262409146 2.620016495647854 2.7664871779411198 2.048057785078013 1.6424722097844064 1.3515449383930713 0.8553167244148426 1.65473243467025 2.347608857330156 0.7759123245802785 30.87689634256143
9.999013802696076 0.006894449106886959 0.0002655794045878112 0.04455595992114303 0.03758949642699955 1.8230157055789311 3.9921432789259303 3.9999998273565027 3.9999999475905654 3.999996487450698 3.999996606851734 3.999999599270993 3.999999999590326 3.540467155699108 2.5572754538535207 3.0739897176981277 2.4935911933002655 2.6084802369619227 1.9139797575074502 1.5223226524313076 1.2442101753235268 0.7792300394984947 1.498460607711819 2.0877708425311474 0.6401460280118957 30.902437194994576
9.910723298020867 0.004127878347906349 5.76797253377722e-05 0.0017172149680603765 0.037131645889511594 1.594155597953401 3.895333497616831 3.999945107430283 3.9986182092006675 3.9993877223436547 3.999995532241995 3.9995658058774968 3.9999999348409543 3.5153728603484704 2.527949366269798 3.0193072117989015 2.4334435250040474 2.5246519987431433 1.838349690971226 1.4503617776685247 1.1712506875405542 0.7244276041021631 1.3771323164348752 1.918603073951112 0.47407494592699684 31.00337039263972
9.999856222173191 0.011739809944452853 0.0001166011229838227 0.11533757894427484 0.03432523946576498 1.9781163217976978 3.9983353420354355 3.9999597266560167 3.9999089696555985 3.9999940134811847 3.999942197690871 3.9998500614786194 3.9999998721849086 3.591182091365074 2.6040644059521387 3.1444095583769833 2.562533690679524 2.692957105855603 1.9850702648375573 1.5859936774976768 1.302242500149359 0.8193379931352907 1.5838365882270935 2.2190357678229042 0.7345251110272116 30.931323880597695
9.99961528912848 0.003973878582823813 0.0028440096190705 0.014902112321516536 0.04188157268806745 1.903596760110438 3.9892004160767893 3.9999906047406624 3.9999988586340636 3.999999884146984 3.999999761821184 3.9999999245899085 3.9999999938883146 3.555101488830983 2.563440632690173 3.089200398654448 2.4991774756383554 2.613723447892886 1.9158759482759353 1.5214062729707045 1.24249001390681 0.7777808831129636 1.496165385610281 2.089810249473135 0.6178618924331494 31.05382663674855
9.999993111619155 0.003233903413204002 0.002840001422649308 0.00028703408294319943 0.041369666727473976 1.693243282100067 3.999999478098561 3.9995985165946712 3.9999881080265016 3.9999839535692403 3.9999946828058923 3.9999664271967856 3.99999367679919 3.528589121459438 2.54470162967656 3.0547792500258937 2.473258892314381 2.5817683208305944 1.8924582123387013 1.502280036888613 1.225549701997572 0.7654215495594826 1.4693778252412923 2.0447461108280645 0.6010062417893651 31.045753370159105
9.999999778024 0.003507982905084266 0.0014350460883401695 0.0006728226371094936 0.04075421136438486 1.7220309125941757 3.99680007528229 3.999991284265425 3.9999999993681588 3.9999999936306994 3.9999999999800653 3.9999999946139355 3.999999999892587 3.5174210332061433 2.5352448207652385 3.040612531796745 2.4611804517168623 2.568731566075308 1.8801781788921936 1.4920360618176045 1.2167628783944913 0.7599080460472778 1.4577094755369306 2.0261132977391023 0.5993401631621093 30.97620216266898
9.972838589218584 0.011325749050279815 0.0004908513752456152 0.10307848599565562 0.03385654239190638 2.5143802014657894 3.561259411534954 3.9991335235568264 3.9999589003537595 3.9999710135147177 3.9996050909024 3.9996940660694276 3.999778067953683 3.598738810906133 2.6069501086360565 3.1550892894256313 2.5666295315374645 2.6999986411166597 1.9906007738014007 1.5896260680031562 1.3051629809007856 0.8210524652499261 1.5878761531803138 2.215910119503609 0.7264109166224274 30.855869343804216
9.999946881478346 0.005770193527857445 0.00044913481074281285 0.03133941513822211 0.03800744077356535 1.7913683484752343 3.9946827210407347 3.999799940497754 3.9995286416142237 3.9999949068627587 3.9999335696925162 3.9999999660133985 3.9999778768176593 3.5298637761045537 2.546871302120961 3.0181203288336205 2.4771527410589522 2.5950670862127714 1.9007871922554582 1.5088157474966217 1.2327150013271815 0.7813013842323164 1.4801574268144073 2.0659419483473367 0.6051339541550218 30.94548129393489
9.99998878148851 0.004117485411179743 0.003023547491014232 0.005238528462268233 0.0398004461167723 1.752720547099152 3.985576960866254 3.9999977048243323 3.999999980146316 3.9999999991938546 3.999994492465421 3.9999931878311874 3.9999962767113795 3.540970612386048 2.557223941327645 3.073497854953367 2.493611701411412 2.608681319028964 1.9137205198758593 1.5220579581409834 1.2440235148333236 0.7787426808296122 1.497906085849248 2.0886296161112847 0.6394125284645157 30.96957189080095
9.999158738518647 0.00558625881429877 0.0011037214832301545 0.03727178108372098 0.0406744560724897 1.8946987192033962 3.9265330461048285 3.999440081895342 3.999907696412976 3.9999906482254652 3.9999999998719935 3.999975667509186 3.999999726892771 3.545429554559971 2.56264177530483 3.0812919642160845 2.501963783779877 2.6185361930597657 1.925033612541079 1.5347910080758034 1.2579886328876349 0.7922754223625632 1.5148695550289752 2.1053925000832163 0.6755402566367907 30.979327694324056
9.32114741977342 0.018833622647640012 0.00010683747367617173 0.18330327685610004 0.02651442799902434 2.307096489041788 3.511190365629725 3.9999160381563312 3.993788292848323 3.995935330542771 3.9953342179166085 3.9999511420758957 3.9999968291726935 3.7240863405474474 2.6919613192974206 3.2737983845427028 2.689073375433975 2.8318079238814025 2.091032040033254 1.6747010531162023 1.3788370580507698 0.8682193493830491 1.6861276960362792 2.3460374727120894 0.8222714403088073 30.94151393866578
9.999608573021609 0.010174852200106188 0.0018111562758104669 0.09288542511881476 0.03501291457681046 1.8448064939557185 3.839907117238 3.9999986924147906 3.9999924560065088 3.9999992630113694 3.999981219028225 3.999985676488709 3.9999999878410994 3.5875038424192063 2.602200167353874 3.1470037428293036 2.555973393077836 2.6830719220472736 1.9902646627223237 1.5751309844699448 1.290295118686752 0.8102799129113221 1.5608056237352375 2.1758400787407917 0.6567616172954325 30.967738655278602
9.999919629137489 0.0026931988980987446 4.168363255833106e-06 0.001474922533251151 0.04469992467873638 1.6927793661127692 3.9849338269579984 3.9999994030378994 3.9999800169572803 3.9999896620743822 3.999988546280205 3.9999962110198086 3.9999999632053984 3.4995365344858116 2.520549697103246 3.017235303047149 2.44002871915899 2.542572428955052 1.8612011989928214 1.4778251389356647 1.2064886032374489 0.7574287737906061 1.4395251440587518 1.9912016675345252 0.610373211253222 31.035925184244697
9.97568414643782 0.011123288258356836 0.0006552128941807425 0.11634434378335946 0.03575057903959179 2.2264219568639607 3.915964127602688 3.9999624244685377 3.999999519837672 3.9999990089711823 3.9999998837121664 3.9999999968308138 3.9999999999999445 3.597073990482324 2.6144510305279485 3.156823975621505 2.578170584752668 2.7115196452271606 2.0071505266761456 1.6105707376470664 1.3287237946549546 0.8440739618436143 1.6169961105552286 2.253734025894362 0.7638610982267473 30.981517454004347
9.99962721611867 0.0035701093316928265 0.00032159823986106957 0.006782582035312339 0.04245122945368738 1.800479012916936 3.99993905184719 3.9999442994487393 3.9999962187493736 3.9999997143594936 3.9999999161865882 3.999999944571827 3.999999999192168 3.5062759696200887 2.5265234576508866 3.0246132512533035 2.448811492580847 2.55217908557491 1.8712535479515364 1.4876231434587077 1.2161911847927656 0.7663400285579166 1.4540606268455545 2.009173815248929 0.6330005588390766 30.974071405353442
9.993714278556611 0.00861592972713811 0.0004097920815988581 0.06186072986039363 0.036313953822026984 1.8910245331301552 3.778849029667949 3.955330247675418 3.9927097535754514 3.9878679812639772 3.996093623516897 3.9971151183471214 3.999212250063949 3.559193512845455 2.5759180513998587 3.1027608672837217 2.5197992020251023 2.6419009062136958 1.9418677283767154 1.5468933639917024 1.2660696946578027 0.7943896120863034 1.5307314946542356 2.138479232703244 0.6527610205260934 30.84422605816693
9.999973051982122 0.00513928407465568 0.0012176863060928715 0.02752328092417214 0.04065539124624506 1.854924334590879 3.9999234525534915 3.999999933505633 3.9999999952883463 3.9999999994398205 3.9999999999999276 3.999999999902294 3.9999999999394853 3.5385803161647575 2.559146305807628 3.072829890317138 2.495561548658162 2.60999672442709 1.9205318874260402 1.5328946236661587 1.2583468773721393 0.7972429627538462 1.5130256596276497 2.096519162313266 0.6855597536404165 30.96286076204201
9.99996828341867 0.004444634678957602 0.00034481800670494757 0.022576852387576247 0.04203264725570887 1.7909906568472922 3.9917710139629947 3.9999568529612723 3.9999999552243275 3.999999893227874 3.99999971211855 3.9999999951869465 3.9999999447774583 3.5218419101155494 2.541380319735038 3.0483682292717065 2.4714401517828617 2.580642669599054 1.8949850196208533 1.5094758268542532 1.2364517639663717 0.7805345134142078 1.4820906119463848 2.052080283932003 0.657645907338555 30.99021340951745
9.999656631151458 0.003454493421788779 0.0013369138389689307 0.0034744495603675884 0.04202433843465328 1.766573663027749 3.9962036981126534 3.9999999925713428 3.9999999057445734 3.9999999909290316 3.9999999752117334 3.999999979729385 3.999999983238491 3.525576406354729 2.54707395642812 3.055461303340771 2.479280560343745 2.590123770800737 1.9044947639971046 1.5187922979807504 1.2455406319751692 0.7872198879088275 1.4943297390235823 2.0676788379565183 0.6687461338950226 30.97178772109946
9.995412740459772 0.013128761029568866 2.752397641812482e-05 0.1238220749540181 0.032249080605138744 2.926676184009221 2.8877384251976626 3.9994227754488643 3.999999722879047 3.998439973404535 3.9999838614597154 3.998678740118639 3.999956426043554 3.6077102942983235 2.6248906934480316 3.1747939088334824 2.5940344979885523 2.7317773615077434 2.0227574682772795 1.624068491809064 1.3398124642026243 0.8520006493008486 1.635172308174569 2.2849664112441035 0.7796814702380864 30.796264173673876
9.610530358080378 0.006842982647029943 5.774676218559744e-05 0.03581283268114509 0.03700379150064226 2.4137789383414763 3.477949870124307 3.88457415309855 3.9954527074794766 3.999999134659633 3.9999739906209077 3.9910507987111283 3.99889700496904 3.5403829405821243 2.5569056417315976 3.0745248517862933 2.491853252759434 2.6057861363472754 1.9111347140167738 1.5193591212087014 1.2412636487691182 0.7772374496235109 1.4934776129173115 2.078336157148359 0.6290587568484846 30.80768485136855
9.997692482174951 0.011950827385850148 0.00046148090467370434 0.11345726555683658 0.03201435479970156 3.2832715352585873 3.6177552977151795 3.9999626734170985 3.9999696704739423 3.999965871987938 3.999999810904857 3.999949814441203 3.999999965208986 3.6162788442866343 2.6171117521278378 3.1715453202991046 2.581936980770474 2.7090773094334457 2.002081344268647 1.6031067942313766 1.3199585282078674 0.8361406494319436 1.6060078999225 2.2494620996660295 0.7499436475370466 30.912518002527705
9.999821797767668 0.005117819096024231 0.0006559790774524525 0.02929641937570198 0.040794738025040335 1.9693873032325522 3.9409607668928524 3.999987889138532 3.999997285197003 3.9999999973580236 3.9999999967029622 3.9999999877957517 3.9999994785909037 3.533094122920125 2.55142504204289 3.0630328874023247 2.4852143641361306 2.5975188330838024 1.9080174196309412 1.5201123504780534 1.2452616784933455 0.7855567241573136 1.4952018190877097 2.0731374548257966 0.6507705282469052 30.967248890346163
9.99996755591217 0.0025337867434247407 0.00013469219990463674 0.002075098891337847 0.0451980765021768 1.7555970673774568 3.9996866990450357 3.9946642519719635 3.9999845283790494 3.9999999511389555 3.999993603782911 3.999951320435911 3.9999996004836373 3.499486710082156 2.5204433896771943 3.017198930606947 2.439903233140305 2.542441575543384 1.8608939657547472 1.4773746177406386 1.2058710912405297 0.7564522716734225 1.4387744583168658 1.9912750329022477 0.5955517608774463 31.07836394295635
9.70939095057061 0.011003674579838765 0.00011470474204352686 0.09632023410453577 0.03347305114378838 2.6075305108194615 3.295358425359236 3.9990411259652254 3.999999603187187 3.9995087220112273 3.9997576404588635 3.999997820539945 3.9979216665493493 3.586881046615943 2.605509970297817 3.1560983577962047 2.559227321157321 2.7004101085838674 1.9847532626417044 1.589689766829337 1.2989120544267667 0.8164009383235831 1.5796460307515903 2.218346915453949 0.6972965161080082 30.817569704799958
9.99970208606196 0.007487053357164772 7.073432036712861e-05 0.05382332325267572 0.037208597100090814 1.8747208278692284 3.971931696029948 3.999795798585223 3.9998946327445664 3.999953813774429 3.9999655161339702 3.9999999748299175 3.9999752407489506 3.544500043120942 2.5612412275612195 3.0798613998798423 2.4990892067043853 2.6149358466386365 1.9194021959981222 1.527175012859286 1.2486757603996212 0.7822160698771222 1.5045809359966724 2.097506851954022 0.6500656274884232 30.90079216855331
9.999966435416031 0.0116424639973156 0.00032870999613855635 0.1061228646693903 0.03328310630115097 2.0617078345354893 3.997331753103655 3.999999878493626 3.9999998021430754 3.999999881415982 3.9999999988727675 3.999999903383668 3.9999999641763733 3.5906965649505542 2.6046803297192795 3.1465657339760447 2.5950046964021807 2.6941453430949447 1.9853743816585734 1.5859019963090724 1.3016670588087376 0.8186929124259944 1.5821517925237651 2.2166094755176213 0.702586801663094 30.90177810084342
9.999999925300983 0.003271288139713986 0.0012811481346173535 0.002836198965221114 0.041062169534252624 1.7089165607283592 3.9997134604163267 3.9999927264409494 3.9999999849118053 3.999999583894974 3.999999631996908 3.9999999996178333 3.9999997415342063 3.5142076318619684 2.5314921629924485 3.034350866768395 2.4552246567992952 2.5610549313737274 1.8741264137967648 1.486897277649444 1.212259040101516 0.7570548404071293 1.451159181941129 2.0185627029701694 0.6177171156862912 31.034604904758496
9.999999533676498 0.002411449436086824 0.0002680078873111752 0.0001337907991303018 0.04399063607450292 1.5686108930306315 3.999546846891351 3.9999999266667166 3.9999999871155847 3.9999999975268388 3.9999999997358175 3.999999999999998 3.9999999977383633 3.494725151342896 2.513100157989014 3.006991107013101 2.4286783570459276 2.5289397101461173 1.846731118173227 1.4623767910085463 1.1901351537866929 0.7414303270661712 1.4180987694701594 1.9663637718606086 0.5621652131835035 31.121836124020263
9.965631496344653 0.011823437445185669 7.63616565393712e-05 0.10005454891253031 0.03262286239427681 2.7837055749190607 2.948071340470863 3.9999985241911724 3.999999548450978 3.9999874771738524 3.999595983611778 3.9997058024583176 3.999703006498001 3.6043588593222364 2.601256159326519 3.157981633921758 2.570272883667696 2.6980392633976966 1.9919109449550736 1.5945144247289944 1.3058940111875303 0.8217749755461106 1.5901808297494184 2.2392485608079187 0.7072706608827292 30.750316400757242
9.99993331976892 0.0033200109163721396 5.15571740803574e-05 0.0029734093774907468 0.041790784925297995 1.6803126680597913 3.9999224775130826 3.999975975195283 3.9999985645552263 3.9999999814517753 3.9999987738337923 3.9999994093801465 3.999999999873956 3.501877683826164 2.519981849917491 3.017379264753599 2.4385265248486188 2.5412378765477013 1.8569270186739968 1.4715368455573208 1.1984250676361414 0.74742961372811 1.4304038176547365 1.9842618899367201 0.5795600245981869 30.99047497817703
9.999981390930019 0.005204065724554309 0.001393767749655479 0.0316997346241828 0.04097563330016883 1.8766125484740266 3.988100861725593 3.999999989660742 3.9999999146048264 3.9999999999757256 3.9999999998849742 3.9999999997344453 3.999999997608443 3.5425529310561 2.5638314089578995 3.0833629642400977 2.503618636454504 2.620665850954665 1.9265516671376925 1.536103891903068 1.2588602703279748 0.7920933384052695 1.5167624066947323 2.1085971499547864 0.6775424513782187 30.991562975647902
9.99999301629691 0.004537648964979346 0.0010557823279388862 0.02111183208419081 0.04147189911382381 1.8428932716426505 3.954457315434024 3.9999812713160914 3.999993913541739 3.9999999647781603 3.9999999980763743 3.999999686122017 3.9999982293622827 3.5385163416613894 2.557137212087387 3.0717021228241737 2.494039307224915 2.6086769855952565 1.9173636986037366 1.527869791143188 1.25116095329361 0.786077752323959 1.5053847892382721 2.0899608713348523 0.6431017750783923 30.972453414316753
9.99986869133227 0.0019917634130243414 0.0006871576629257421 0.0003737959595856761 0.04661010671671797 1.5420345051205793 3.9998442407773274 3.999999975598883 3.999999997743634 3.9999999885123247 3.999999990598709 3.9999999966770496 3.9999999940325304 3.501833378879196 2.523390999595421 3.023792118490266 2.4439828576262306 2.54484633158934 1.862569062169778 1.4783166554141676 1.206019139896004 0.7542400776423477 1.4396811292431089 1.9946973383226754 0.5904251298909879 31.175135075304475
9.999989277840521 0.002281699854261451 0.0004727087561198462 0.00156894261580753 0.04580990658617794 1.6030207213937477 3.9996408749995576 3.9999955430503884 3.9999995862591216 3.9999999915132602 3.999999994507883 3.9999999594279987 3.9999999980424636 3.503297690966214 2.525220909874676 3.024921479021056 2.4467143526127066 2.5507880782786656 1.866224029524416 1.4806324472167907 1.20738208774699 0.7540868460064262 1.442533045130766 2.0016194382034596 0.6072562871410574 31.124140070266446
