3.695990601741277 0.030754169303353576 0.014887901617686617 0.1991064405473088 0.057034011615368224 2.9762376913678454 3.038745613779891 2.8279781630565144 3.6018202183401935 2.3429392901357393 2.6765170072540374 2.0155658681011226 1.9803832498013583 2.6192103394056057 3.0278244433855055 2.7157061326439744 3.428767842241293 2.4621619504755383 3.488333885703295 1.4603395328471853 0.8414595446390282 0.9190844507915447 1.6873275156070906 1.361875588213491 2.388511584575506 0.129568471570588
4.2008016692614305 0.028850907129334365 0.030266858436674496 0.19989412997769285 0.05924649083318586 2.859479997657754 2.825894450684194 2.727652898939669 3.557694057509453 2.3459771296886527 2.720254379499638 2.0659620338704507 2.0583225865020798 2.7594604101303366 3.2330971069459205 2.9391633491449953 3.7611889128788465 2.737421825559279 3.9293394614748163 1.6676929991822402 0.9739404170359579 1.0782418086200531 2.0065887132554012 1.6413650468924863 3.2985399381449483 0.14727632064238874
3.711892953148659 0.030173812028065787 0.020574930223383404 0.19977691147831886 0.057265518092540726 2.9654741383695953 3.036630641957104 2.8298697213478996 3.6121593348392134 2.351514165793949 2.6937120594989574 2.0336909711931157 2.0085009880050584 2.670270700977319 3.102945736252874 2.7971618323251577 3.5503329593378887 2.5617555610299654 3.6486251379844106 1.5346181861717365 0.8886798104428608 0.9755685818545086 1.8000563717189824 1.4600352549329234 2.684482945713577 0.13462173483753948
3.6722359737696824 0.030850954887713063 0.01514115431578366 0.1999996387326096 0.056859010386350425 2.9862525277895435 3.054406514331745 2.8358991172173527 3.6098090714644915 2.34515953679174 2.6779910679498915 2.016637489550059 1.9819548738027053 2.622103122040009 3.032086929753003 2.720305892326845 3.435641389695679 2.4677326975042306 3.497371277185641 1.46442658906715 0.8440357666041839 0.9222052685195257 1.693640539572384 1.3673932332857475 2.4085011635519993 0.13003771641962247
3.9365920033191637 0.029633719460145178 0.024788986296180048 0.19999995481543423 0.05815889470038951 2.9173192384814732 2.931311580185404 2.777462278862682 3.5823031699629087 2.346784803014218 2.70441603559639 2.047515297175863 2.029949542026144 2.7084048194276966 3.158379039281909 2.8575520260609224 3.6393900737497797 2.6360997377145248 3.767345084013595 1.5907162594353665 0.9245195125929903 1.0186059490418267 1.8863300903376565 1.5356882689829765 2.9391102153701083 0.13968666226267712
3.771012741078241 0.029758919795589936 0.02440836628492193 0.19999976280852402 0.05761222431608948 2.9471616768242814 3.0092241083713684 2.817761572422334 3.60836924449771 2.354344413618249 2.7044203058426146 2.0457936358993187 2.0273715118967455 2.70423049525314 3.1526284810933984 2.8515637007079104 3.630767459499777 2.6291051070831646 3.756363357286679 1.585616347499178 0.9213002415929735 1.0147671348861478 1.8787380367844528 1.5290228435526927 2.917760367143991 0.13923617051673912
3.659417587537857 0.031107109916389188 0.01134968448883045 0.1984413239280168 0.05669818203607066 2.9947391361254447 3.0594249637063986 2.836153129194831 3.605424090206876 2.3396900097427267 2.666502039550455 2.0043458786843478 1.962907484423569 2.5877644133168047 2.9819033942721638 2.6659228432721753 3.355212730485175 2.4015694003387593 3.3917758782052925 1.415284013747297 0.8128816124795843 0.8850975110365419 1.619868447587662 1.3033500051442033 2.2185538932065523 0.12682412074143662
3.6367170284041697 0.031158969272031423 0.0032273185184792464 0.19071614800519082 0.05650806552550914 3.004842500794927 3.0675807013819143 2.834980707339241 3.594320189580115 2.3268878064702485 2.6404096300381052 1.9765847081034296 1.9201192314123343 2.511000169922156 2.8701888235887285 2.5454183410402584 3.1777999578965574 2.256296239143982 3.1609970548567707 1.308386641753913 0.7454454711374275 0.8051460827405931 1.461715082600817 1.1666361662953355 1.8318360627342156 0.120162981105191
3.9482684604758114 0.02937565713440247 0.027040195462686895 0.1999998379812084 0.05829692780054037 2.9103452536134546 2.927402866491763 2.7768680402476766 3.584639843490088 2.349944150640546 2.7111480813127913 2.0547242728926864 2.0411901235618757 2.728855360327564 3.188576316822983 2.890630787579994 3.6888541167979048 2.677249774165338 3.833767006675838 1.6219860940802775 0.944574847838135 1.0427714739193097 1.934930516295195 1.5783737219789062 3.0815925100447377 0.1423580271490897
3.7725958954480796 0.030339547585111176 0.019132802900015584 0.1999020918131737 0.05737924720780815 2.959095105051277 3.0065396599272316 2.813186000297332 3.5992326408241118 2.3459542470714365 2.6887291693586226 2.0291766566092018 2.001430674164163 2.6570259965123517 3.0830014018081338 2.775422216938975 3.5171341317868445 2.534786038989856 3.604448759166189 1.5143015660686578 0.8756875187428236 0.9599444899498449 1.7687643884703117 1.4326745611928935 2.604673026064024 0.13333035727066045
3.6485321732529785 0.031101168793688832 0.013026832741936242 0.1999999583814233 0.05668283612740317 2.9954511489323505 3.065428425378088 2.8404280770045283 3.6104202776498666 2.3431690246617127 2.6720122210208834 2.0100189999104168 1.9716555858396019 2.6035169380607552 3.0048501756361503 2.690704637545112 3.3917169776150993 2.431475151126095 3.439291561944352 1.4372977494628263 0.8267742265059853 0.9015632329708487 1.6524445457238945 1.3314735402463154 2.297293016069567 0.12793771486593405
3.6763963361284997 0.03088783957281427 0.014695962341391634 0.19991044063611693 0.05686235828079263 2.98596223117551 3.0512962956911505 2.8339032169291594 3.6078454356994407 2.3440206821620206 2.6765258541089794 2.015202751007848 1.9797482984588872 2.618100443306066 3.026208852834492 2.7139058845227093 3.426132016919483 2.459879703456494 3.4847771415322057 1.4585411161888333 0.8402880522122611 0.9177238112718394 1.6846913024881722 1.3595970889882716 2.384415573696807 0.12958399527508974
3.6013319300895943 0.03130910061369572 0.008852610315814274 0.19745850652515112 0.056405423856446986 3.0112425282087707 3.0885475830614184 2.8500201460071017 3.611905947766883 2.339127877476063 2.6596104636504596 1.9962658889630802 1.950345763710733 2.5652851148070037 2.9492097388923457 2.630640793001737 3.3032155009065614 2.358928762471578 3.32392796980785 1.383798013337849 0.7929786055104967 0.861449412908866 1.57298471203658 1.262728353306095 2.100714368717916 0.12483401375487096
3.65135940113315 0.031072876762185665 0.013262222148852365 0.1999975160928904 0.05670361051465673 2.994360763237134 3.0640579800104653 2.839843431537531 3.610292344070542 2.343368763578941 2.672671122146098 2.010755301781486 1.9728040885766767 2.605591657784582 3.0078952488008253 2.694018100776501 3.3966400257352274 2.435544041763077 3.4458174584473182 1.4403499332015781 0.8287185666304805 0.9038913793527461 1.6570964195677755 1.3355355096843051 2.3100338845227175 0.12818257186398255
3.6611605775916485 0.03097693079157509 0.014068063079400969 0.19999574212454685 0.056772775191858395 2.990802452854836 3.0596475310002034 2.8380240071792553 3.6100221321050463 2.344130806077326 2.674978272377208 2.0133088833099206 1.9767842474576822 2.6127923598153533 3.018486682352596 2.7055678517183486 3.4138405981395685 2.4497919643699047 3.46872546881475 1.4510883757659168 0.8355747354967016 0.9121203402920642 1.6735757374972378 1.349962003470224 2.3563496228674103 0.12913734764564933
3.7233030328681966 0.030537411014668434 0.009908575392236591 0.19228039263980076 0.05705818076388265 2.9755118759724697 3.0259238117791303 2.817084631131284 3.5899765605408924 2.3324425553397994 2.6592407180322146 1.997556556761036 1.9525081365406594 2.5688938263354153 2.954110003808619 2.635689360491623 3.310336183641069 2.3645630480129447 3.3325820977714953 1.3876966565700373 0.7953898222254877 0.8642329038085924 1.5784244698625942 1.2672425942277028 2.1110460811378013 0.12514026391594738
3.665026018824587 0.030953030091712037 0.014259680902441526 0.19999284775994744 0.05679445461000104 2.9896749652787182 3.0578236830818946 2.837182849026687 3.609683306717129 2.3442230176884884 2.6755053878948294 2.0139111183186973 1.97772083973322 2.614475855511467 3.020944082119207 2.7082320831801154 3.417784712102731 2.4530418416848514 3.47392080943231 1.4535117846225662 0.8371144828388551 0.9139587149034356 1.6772394594318094 1.3531514347296465 2.3660936200512688 0.12931703886221121
3.80917124682281 0.02990220963116953 0.02123616878162443 0.1986941718504323 0.05768850104197562 2.945091389935513 2.9887971078021867 2.8052738392493164 3.5960248526641516 2.3471544989637527 2.694462847287053 2.0356207813244933 2.011525212455945 2.6756275593337304 3.1108159080494824 2.8053307263442706 3.56300338445014 2.5712653594689985 3.66448378109479 1.5413115917037732 0.8928388552242743 0.9804573999970556 1.8095531215315264 1.4681331515220049 2.692996437935923 0.13436964803580503
3.5806099673550134 0.030351523323933583 0.019299968807392615 0.19929264247546877 0.056774121744721885 2.989901134729043 3.1017911746315274 2.863743958820288 3.631359562539318 2.356825168888893 2.69081864006196 2.029111265493597 2.0013855098336393 2.657569669246703 3.084406473713771 2.777504478036937 3.5208297942415974 2.5383285882311424 3.6106244917497974 1.5175790221077814 0.8779781282848393 0.9628150177975363 1.7746909768511998 1.4380048670043062 2.626090489941544 0.13432345953885289
3.6597626232298723 0.031001262614527635 0.01377844016852919 0.199915682587636 0.056757567922163764 2.9915760941987433 3.06017827176522 2.838117797358343 3.6097335608755827 2.343725555600729 2.674101139861085 2.0123665637203314 1.975317773770748 2.6101359168413443 3.014575781937022 2.7013029015070154 3.407489688775016 2.444533720682098 3.46027381008207 1.4471291290312764 0.8330486078584486 0.9090906078893929 1.6675133307011627 1.3446583116338044 2.3394851947577013 0.1287960636150416
3.746971843296712 0.03002506203784093 0.02215119541650845 0.19999998944874284 0.05742892513086076 2.956506219567043 3.0199772287374933 2.8220210377352526 3.6085759199354683 2.352035944391919 2.6979176191557497 2.038632630040896 2.0161981351328158 2.683972579702323 3.122811817120271 2.8190021889127377 3.5822244363074343 2.5888380614051574 3.6915364116528773 1.5551976091889863 0.9018496327419255 0.9913971501060461 1.8318673601931306 1.4879754965171623 2.7846408200400536 0.13679189991516189
3.848510321311952 0.0305329390817109 0.017042273735862725 0.1998819825482622 0.057532792480114336 2.951158940609882 2.968828643556292 2.79216885631018 3.5827846263500294 2.338649542950537 2.6819057262273667 2.022862838589866 1.991658351968481 2.6391831951410225 3.0567680529958543 2.7468615562236547 3.474766129117523 2.4998586350107335 3.548598689958285 1.4882703131863304 0.8591569656965138 0.940245014765435 1.7295470202767675 1.398662304821867 2.504165583788591 0.13183190804481065
3.644553991068993 0.0311471148716372 0.010363081803715965 0.19774233219955423 0.05662373617947757 2.998704225482691 3.066674289332446 2.8393404971837786 3.60638006037106 2.338900079019077 2.6635513693340944 2.001030931217435 1.957767054886094 2.5785401321391483 2.9684590714562544 2.651389704984337 3.3337626855294467 2.383956788548431 3.3637178943297643 1.4022492670669704 0.8046339138973969 0.8752882043991418 1.600403741380673 1.2864685083611853 2.169195094883563 0.12599370652772632
3.659455804672113 0.030983108300280032 0.013875896104600632 0.1998620289152631 0.056773085417656695 2.9905030792093727 3.058752622753816 2.837262668428771 3.609067712102573 2.3435089690175985 2.674175244792691 2.0125502391280907 1.9756255901159305 2.6106615059054 3.015283628488724 2.702000500824728 3.408408587620114 2.4452003871870973 3.4611762313299894 1.4474761376081167 0.8332218966509978 0.9092408729222641 1.6676983677726547 1.3447173120772244 2.336465710050182 0.12862364836261156
3.6405162799796393 0.031153617681049593 0.006712168330698266 0.19415139332176998 0.05656436608203815 3.0018516716623322 3.06715086169655 2.8371154354247023 3.600208669015112 2.3327475177413626 2.6516861909593366 1.9884860977388954 1.9384147701756027 2.543762748738456 2.9177712915625325 2.5966357979359254 3.2530406190442474 2.3177698404803357 3.2584352311814357 1.3534185537800263 0.773789403781206 0.8386731626733069 1.5278836398670133 1.2237016973746704 1.9894932475243594 0.1229225980138766
3.736910820742543 0.030691846848931642 0.01609666870401711 0.19984467378480336 0.057128535331369565 2.972010957622748 3.022186472443201 2.819479508165921 3.5998193365405884 2.342932425789175 2.680008530509266 2.0195883201647367 1.9865475056859747 2.6301820319782583 3.0436813532184996 2.732695758236866 3.453741085850285 2.482466097966517 3.520636618078414 1.4751505240043548 0.8507708611126747 0.9301546521385593 1.7093014106220115 1.3808631325204233 2.4447384230869993 0.13048230062336535
3.6455642238088966 0.03114602911707158 0.011330528886887372 0.19869914762471969 0.05663906647723995 2.9978925681579924 3.0665795586232454 2.839947780215052 3.608030057933618 2.3405382341509684 2.6667076075916096 2.004370801308699 1.962930869409284 2.5878412556853907 2.98204653632839 2.666100967923104 3.3555009976486105 2.401821878569238 3.392201002122016 1.4154902913606588 0.8130170113204872 0.8852625115518588 1.6202042609533374 1.303645368059672 2.219510234720703 0.12684044384316498
3.6427564014577767 0.031154375220271233 0.010658393661776167 0.19809149494082015 0.05661916454916522 2.998949784387525 3.0677210402477275 2.8400991933810205 3.6072794000543613 2.3395346372610133 2.664559372930111 2.002068946588585 1.959370057344259 2.5814322333654665 2.9726863916806994 2.6559688400128993 3.340530768559265 2.3895193871174216 3.372587578464511 1.4063727194177373 0.8072448399921445 0.8783940834087551 1.6065695172504986 1.291814600218243 2.1848104268824535 0.12625604357725745
3.648470772776463 0.031150679929366598 0.01252804035711945 0.1999509646975443 0.056669545614253344 2.9961398381312563 3.0644563534192297 2.8395341975505968 3.609162774465279 2.342224448085009 2.670512804326653 2.0085026489253845 1.9693451507216324 2.5993927899844476 2.998920572121451 2.6843665212561794 3.3824844434829457 2.423993595156446 3.4275387658877414 1.4319137272677809 0.8234128151620351 0.8976281338258365 1.6447454430723794 1.3249254538500357 2.281600694207693 0.12781559304469545
3.681268237027713 0.03078802558034442 0.01460520671007093 0.19926839178667036 0.05694720942358215 2.983168671462976 3.0475374340483152 2.832008933957643 3.605906973384733 2.3434313731986935 2.676099258195124 2.014829496243072 1.9792046126891671 2.6172809112473914 3.025167359667828 2.712515232919733 3.4244382063719496 2.457824616203604 3.4817645858570447 1.456680831885648 0.8390302108396847 0.9161442816084129 1.6813062947296782 1.3564669626375458 2.3627190406037473 0.12881238111100968
3.6459753810486055 0.031148316635844754 0.012618670523260342 0.1999999989085666 0.05665502135968473 2.997034427924395 3.066896291383933 2.840990104585995 3.610384372424923 2.3427717832573824 2.6709283926373786 2.008827852433803 1.9698263579985311 2.6002736893301654 3.000215012524992 2.6857845937277713 3.3846016170175988 2.425751080041153 3.430371008516916 1.433244042688642 0.824264352312717 0.8986507787553644 1.6467983852470958 1.326719971169382 2.2873758330666085 0.127944094709823
3.662069577862903 0.03028696823083273 0.018653197979885173 0.1987664886557458 0.05705022045237263 2.9784693080433584 3.0607072050409982 2.841352759892504 3.617582590686982 2.351092711924005 2.6881940229436467 2.0271957506651828 1.9983691602153308 2.652108856686053 3.0764918792541263 2.7682463692334314 3.507956178922218 2.526117633089932 3.592142660088562 1.5077195427424481 0.8715041107646154 0.954972999161137 1.7588044200743187 1.4239442696121039 2.56119749193365 0.13227509874103066
3.792557461166193 0.030537339081296355 0.016977616513262427 0.1996325923991946 0.05738711478354756 2.958298353673516 2.9916901888069343 2.803659980135474 3.589862687765596 2.3405333087480846 2.6817132780404616 2.0222769261099027 1.9907994269864526 2.637717015468576 3.054636004924527 2.7445030358064257 3.471163987525959 2.4967624313455468 3.5434598790490086 1.485772294052577 0.8575095959051235 0.9381818646878374 1.7252777647276145 1.3947346414522326 2.4864729649449835 0.1312595378653662
3.9812396404154056 0.029851763275951834 0.022596891079629998 0.19991442094228018 0.05816596784114053 2.9189691320825437 2.9130552569151584 2.7670056284873636 3.573227139369707 2.341803766817826 2.6977244974462202 2.0406743360541815 2.0191942295212577 2.6886879598824427 3.1291279127948775 2.825423993959205 3.5912616999790843 2.596010012963544 3.702582556035933 1.5602051751463928 0.9049403424772865 0.9950056013650633 1.8388744828299417 1.493984707277417 2.799929285023541 0.1371357397438397
3.873789614189717 0.03036044182246654 0.018437464704263447 0.1998652847304764 0.057688037850781096 2.942463179561109 2.955607282940691 2.7859563432842855 3.5801222712839977 2.339210951963424 2.685674465913684 2.027213227175829 1.9984234731069934 2.651335931662729 3.0745121567721507 2.76606638861262 3.5031645608867072 2.5232284862833247 3.585907590000167 1.5056438519252877 0.870178602415246 0.953384127672022 1.75569046756797 1.4213782916085567 2.572169021592336 0.13297513798606725
3.6135236313492087 0.031092666275422808 0.00034402055974896544 0.18717776691560542 0.0564238697664758 3.0096826450420506 3.0777464254630105 2.8384668882811726 3.5923620094556243 2.3230821340019796 2.631087649557287 1.966523648810122 1.9046776608754132 2.483468507013327 2.8303514048950826 2.5026922375152285 3.1152451478400223 2.2053603098311907 3.0805250664799066 1.2713242868667904 0.7221963881976392 0.777728033438139 1.4077802073243266 1.1202678934999164 1.7078101506344063 0.11797402663534778
3.352509326398764 0.030980904456083955 0.015478116915237788 0.19996488317191435 0.055705295785030993 3.048901359208368 3.229338279116363 2.930673139958423 3.6711824300416813 2.367191090499009 2.6833544273572527 2.017424637089835 1.9828604986766942 2.6244931550371806 3.036288817202729 2.7257816680975147 3.4441483521581353 2.475443851561613 3.5097051332670715 1.4708477253950385 0.848314719096674 0.9272001807535094 1.7032101953614074 1.3755432092464408 2.4199420057286525 0.13114692765070707
3.6526322873734514 0.031072812322686237 0.012877643041667747 0.19962024901904235 0.05670179534201536 2.9945727934069235 3.0635913967410806 2.839369270231804 3.6095313061707017 2.342715310929099 2.6714721941412387 2.009488446174427 1.9708559574649576 2.602110889721079 3.0028692410180082 2.6886405381418808 3.388797447688031 2.4291825605002053 3.435820881427836 1.4357693757732273 0.8258605527630278 0.900543192015833 1.6505528945811845 1.3299571826844698 2.2966666216306635 0.12811575261024793
3.774131085745016 0.029655361739617234 0.02486251892410903 0.19996713281526493 0.05778753694553254 2.9362361671129076 3.0079362305102375 2.817352581430451 3.6085991047735426 2.3548527314244345 2.7056353601575935 2.047105256939433 2.0294850776330304 2.7081951826924815 3.1584303398777323 2.858044017057365 3.640645285100112 2.6374013266904064 3.767881591905801 1.5921035913526 0.9256666458391751 1.019958907844895 1.889537642919479 1.5383970671269533 2.9517187093953496 0.14009015681514436
3.770269689630262 0.02984680120599468 0.023739106261955804 0.19984703772952234 0.0575959149324727 2.9472657733992738 3.009540798448977 2.817541047847178 3.607115948214345 2.3530833672771494 2.702256039517076 2.043699923521898 2.0241226253477156 2.698318104427521 3.1438577514262915 2.841950971134082 3.6163573209308337 2.617135630676864 3.7369606229083114 1.5764914296956916 0.9154410601024462 1.0077071497786423 1.864525706746245 1.51654487207188 2.8757382342383675 0.13842312062695408
3.8112188302398264 0.02999227361608993 0.021735076380133077 0.19983693749359366 0.05766259035279058 2.946342979232973 2.989411551267134 2.8059474892521625 3.597626884166719 2.3483587287634466 2.6965170042807607 2.0378763137613567 2.0149727717878774 2.681395503094717 3.1186923957350614 2.814350492313858 3.5748547315770547 2.58266021604594 3.6810429818735804 1.5501803851499842 0.8984945675004159 0.9872144919164669 1.8231216553489655 1.4800283471826028 2.7468645974046506 0.1356670874542079
3.647144356511408 0.031142432316805434 0.012663620499304713 0.19999992299045385 0.05666143283541041 2.99670919919832 3.0663520588348163 2.84073220715762 3.610266969856687 2.34278306165021 2.671054498664353 2.008975782633767 1.970058976572812 2.6006945056540434 3.000844205290669 2.686476206658017 3.3856428156926026 2.4266212135285734 3.4317846381694412 1.43391257121987 0.8246936833485671 0.8991714255033935 1.6478469664676263 1.327652972928641 2.290647207537774 0.128029633804168
3.639928469987591 0.031153937804538828 0.006115053779221413 0.19355783486146058 0.056555115344041305 3.0023418864122493 3.0671914954707877 2.8367315647779305 3.5991859621259694 2.3317374710633256 2.649747746004099 1.986439734094516 1.9352646472212394 2.538113484072022 2.9095547819210217 2.587778805230088 3.2400105387362053 2.307108559771235 3.2415123474553664 1.3455862395486418 0.7688525050254833 0.8328250937020532 1.5163254335750607 1.2137193388386938 1.9615190233039363 0.12243782785241494
3.6791919757154345 0.030768571332230744 0.015842097293410254 0.19999998250346238 0.056914562472107515 2.9833235719159092 3.051121027710065 2.834583585171893 3.609718378320211 2.3458470020843136 2.679962592131872 2.018812461638262 1.9853342897402837 2.628191369732142 3.0409842866637953 2.729951718733478 3.4499156735711667 2.4794841281485187 3.5161424996308623 1.4731703507265776 0.8495845864790892 0.9288214051918798 1.706809123250899 1.3788367407898017 2.4428479701795864 0.13062639940053702
3.9137392330280303 0.028736148053949435 0.03188802599653343 0.1999014842147369 0.058724414588490655 2.8790762512212504 2.946368846019727 2.789711899081012 3.5986982444787663 2.3593623732515465 2.7256949619326893 2.0697267359664457 2.064786907599504 2.772317552310834 3.2527939201682923 2.961460765075008 3.795295995756189 2.7663353400395976 3.9743964085690555 1.6903045445611165 0.9886771728005921 1.0962236746179808 2.043404847438169 1.6737770449310858 3.4164482160701932 0.14919260510100932
3.6446845157571137 0.03114685315190437 0.010473205192671075 0.1978501044278001 0.05662557461751536 2.9986068681438685 3.0666554644688957 2.839405261316852 3.606564715922602 2.339085330067655 2.663909832505263 2.001410390498178 1.958353516999786 2.5795959798717503 2.9700008118280885 2.6530582132775082 3.336227092401809 2.3859812053081644 3.3669441004757172 1.403748385987977 0.8055826123383878 0.8764164867949854 1.6026425783381217 1.2884098579250776 2.174857337486992 0.12608931632820303
3.624236091244987 0.0312562401435732 0.01155944926473998 0.19979670243847078 0.056534857938481724 3.003971190365404 3.07771245145919 2.846074441297037 3.612617568299845 2.3423896348369317 2.668033999212693 2.005473052821468 1.9646110895100737 2.590924713230388 2.9866063242555225 2.6710811128792993 3.362911400449778 2.4079437578549485 3.4020095311855783 1.4200676917105641 0.8159244934587776 0.8887319992656623 1.6271092216531997 1.3096509995363557 2.2373749107834513 0.1271181291172258
3.643469030448031 0.031150192793387033 0.00951378602663437 0.1969201272982546 0.05660898055716182 2.9994858361823757 3.0668602732454477 2.8388634316412706 3.604972784830255 2.337478413700786 2.6607928087712795 1.9981103388398245 1.9532551973489827 2.5704212210593425 2.956609642659998 2.638572266242307 3.314840375654352 2.368420403052801 3.3389703434024733 1.3907554107991251 0.7973637103898238 0.8666459419342324 1.5832633002190757 1.2716126379482895 2.126071615010372 0.12526281084866134
4.208586876048244 0.02872380772807006 0.03129871922306057 0.19993371159818019 0.05930401260796245 2.859066554992198 2.820717244873966 2.7254120005563376 3.5574010528465654 2.346928529290635 2.723273928317611 2.0693274108878588 2.0641232002472436 2.768998305815112 3.247236728778903 2.954679369081694 3.784492767785579 2.756825171133812 3.960175756643327 1.6825396075346093 0.983495646967172 1.0897944795286323 2.02991956383893 1.661886458616869 3.368905648991986 0.14861854594323204
4.0454467864163615 0.02983468477497093 0.02253449697095305 0.1999673904068343 0.0583461251812496 2.9097963436458265 2.8838514225496317 2.751903984689748 3.5633433651117863 2.33877432941641 2.697169338569428 2.040684963933111 2.0191641663111675 2.688464266509211 3.1286801233853145 2.8248485732725253 3.5903259060525543 2.5951970939686713 3.701225457814975 1.5595553400103808 0.904516692250138 0.9944998426255052 1.8378515244298368 1.4931202256992384 2.797836999191009 0.1373417014246294
3.754899485760629 0.029947364150046438 0.022199042387901328 0.19957577170325913 0.05749035111234536 2.95366702255821 3.0163605702332306 2.8201900226207295 3.6075743872540977 2.351734697379284 2.6980381120450705 2.0387824985889806 2.016444476524825 2.6845777290683026 3.123929599175005 2.8200270358426676 3.5844122344994154 2.5899457953139464 3.694015853589961 1.5558499488435211 0.9022376243845915 0.9918443273370785 1.8326658921026115 1.4885841943579923 2.776043837874399 0.1363083166182884
3.6461011237773797 0.031144885416054622 0.01179009043128365 0.19914838671883378 0.05664672373385169 2.9974873301819116 3.06650512620946 2.840220329361785 3.6088025820819256 2.341312436464443 2.6682056658504303 2.005957364299593 1.9653856701693124 2.592265814759716 2.988514594455846 2.6731088242892103 3.3658634806074477 2.4103439699003517 3.4057976896151625 1.421815458604675 0.8170243759806938 0.8900338894863637 1.6296828190032793 1.311873865274242 2.243785568355768 0.12724735428655404
3.834670833282167 0.030286060098343708 0.019144325016916208 0.1997350115051076 0.05760014950758243 2.9475313571639776 2.974847317529715 2.7964335630178674 3.587879947530665 2.3423315297962866 2.6880244427442666 2.029256040137319 2.001596800976147 2.6571739661295677 3.083133630752103 2.7754946362367092 3.517191116441028 2.53480653920382 3.604471920625045 1.5143126274290613 0.8756963323184573 0.9599646095769081 1.7688185704465595 1.4327584765626797 2.6061045583928513 0.13345321477845595
3.6894907248598083 0.03066091418964752 0.016751604937620942 0.19999994660615317 0.05699108653575488 2.9793061319204117 3.0462527763964937 2.832561394319719 3.609394808864186 2.346677788987204 2.6825186365198634 2.0216476394904994 1.9897437904986726 2.636141203125274 3.0526157590590155 2.742576627241075 3.4686226005461824 2.4949049678555317 3.5408084670180275 1.4846754932802864 0.8568955177315487 0.9375509629082375 1.7242078407139136 1.393979414244145 2.488974844958784 0.1314376066384214
3.669721029758448 0.031058275546462486 0.004392519409138209 0.19115206981095764 0.05667427267473301 2.9942788641577325 3.050974256090387 2.82693436099864 3.5901590472187115 2.326785992210447 2.6434882943680087 1.9802819951483888 1.9258510359116867 2.521191824396858 2.8849155833793163 2.5612100469155887 3.2009227577422785 2.2751390597003427 3.1907843464956045 1.3221237379462352 0.7540748547495683 0.8153336394303368 1.4817844413971892 1.1839106848103949 1.8788080844433253 0.12098490955260682
3.6675903949566155 0.030877639131239688 0.014901694813148339 0.19999885634629166 0.0568342809297612 2.9873958620232433 3.056206292979421 2.8366593524659534 3.6099786163695606 2.3449240599005705 2.6772289988638094 2.015790870560758 1.9806097433823782 2.6196052038006172 3.0282917762273422 2.716041527491248 3.4290940589563146 2.4621495740860047 3.488127749495999 1.4599735341782694 0.8411169331277758 0.9186067615408023 1.686251729888175 1.36074775325098 2.3818536502940293 0.12934682190540348
3.6529273619769005 0.031070141591042145 0.013281316692337345 0.19999990394494913 0.056708793584725414 2.994192947704963 3.0635904752320524 2.8396396634598573 3.610224830848549 2.3433964186197986 2.6727834032226 2.0108798392535725 1.97301328679289 2.606009227725249 3.008590898034329 2.694857173259837 3.398016872264752 2.4367863070230187 3.4479846971916923 1.4414423712465316 0.8294627374978454 0.9048446926935456 1.6591166455283375 1.3374191526993966 2.31929931999895 0.1285107484733378
3.6455753698855267 0.031146483935815577 0.011388062316593815 0.19876039029336487 0.056639660029061206 2.9978611402216693 3.066599248983057 2.8399976564614864 3.6081381540717956 2.3406394605757495 2.666897611754074 2.0045712195760736 1.963240826930708 2.5883999922299137 2.9828632574400675 2.6669858026055087 3.3568092638630787 2.402897684563663 3.393917179718891 1.4162885510117809 0.8135226964587309 0.8858645064122002 1.6213999847005214 1.3046831514948283 2.2225656236697624 0.1268914528905507
3.9308770093371064 0.029843930076726876 0.021306463235365645 0.19850482933377156 0.058026638038467776 2.927620388302872 2.9348692697516015 2.77734764471005 3.578136963976704 2.3417155512061063 2.693721085108563 2.0359897795912656 2.0119897155084385 2.6759135802633853 3.110742291993768 2.805369332371891 3.5625109505870727 2.571485991073149 3.664698990800943 1.5417969497478645 0.8932244554987682 0.981015589554742 1.8109607042517186 1.4696534735961209 2.7141821072217502 0.1353623676396437
3.584287577607985 0.03097441635653925 0.014433522749542476 0.19999999977455574 0.05653757496736477 3.0030703731939346 3.0955527763354773 2.8568845334974524 3.6228528941433216 2.3484455973233302 2.676674628861346 2.014319862618933 1.978341995903471 2.615712555162338 3.0227524427046735 2.7101896504976084 3.420626532475003 2.4553078394198216 3.4774369043112836 1.4550909689420188 0.83808628369205 0.9150523714096946 1.679334602721974 1.3548044324695476 2.367232502860693 0.1293183283496943
3.2124976764190696 0.0303141325828182 0.02204274793233367 0.1996813343435394 0.05528457056963802 3.0725945183265684 3.3223123154014593 2.9858016712454343 3.723065059002353 2.390103175404453 2.7059767632228846 2.0377482248752337 2.0138828295231304 2.681359836703038 3.1203931863055314 2.8176471369004705 3.581045901156031 2.5888253580397738 3.691901176788118 1.5559024071846326 0.9024196267127054 0.991993955243713 1.8331313699339233 1.4888089457786118 2.7742202453789915 0.14008197561738567
3.983050655258348 0.029271815419443858 0.027402089145275383 0.19996337981482418 0.058529437477986175 2.8954794499502285 2.9133099560641917 2.769719812287358 3.579557096023312 2.348881028848303 2.7120459044728777 2.0559153846131135 2.0430269107432064 2.7322081104908196 3.1933047508128904 2.895853976406121 3.6966553158536963 2.683854355492672 3.843584117629125 1.6271151876883971 0.9479503041245024 1.0468957895786262 1.9435920715476978 1.585830604883473 3.109419893427306 0.1430593805696333
3.687963519639895 0.03050612374486805 0.016658493834186713 0.1989242764776999 0.05705886167592907 2.978280175376229 3.046632017843024 2.8327574375652733 3.609429070787449 2.346504617206676 2.68214716327054 2.0211504658832586 1.988986014835989 2.6350415681667654 3.051307608437787 2.7407525045297993 3.466690884151719 2.492164132471258 3.5370953339441797 1.4821394416869014 0.8551731543503608 0.935383367842725 1.7195399129510174 1.3896357071773375 2.454693051529756 0.13027423085785644
3.6458024272811658 0.031145047297795422 0.01148769882024063 0.19884784497896008 0.056642043405114806 2.9977350166450205 3.0665258358492364 2.840025624607473 3.6082831178612564 2.340798753968155 2.6672173689979974 2.0049114119769755 1.9637672794896632 2.5893484103853224 2.984249350202621 2.668487129396377 3.35902874105715 2.40472254312572 3.39682809385697 1.4176424280755973 0.8143802674001475 0.8868854071071504 1.623427655965091 1.3064432556754213 2.22775189102221 0.12697899145376118
3.63916249883348 0.031156364240522736 0.005550344636521773 0.1930142250947523 0.05654502694891734 3.0028783326580952 3.0673390518437746 2.8364278320013816 3.5982618680556238 2.330798853314272 2.647925092372688 1.9845131430722702 1.932300197677575 2.5328007928080387 2.9018325932665543 2.5794599033181838 3.227779593315928 2.297107282391018 3.2256466911021686 1.3382476788243791 0.7642296471025898 0.8273522782013685 1.5055154032942346 1.2043884921683303 1.9355221524030868 0.12198495730737668
3.650412716862511 0.031099129644059254 0.012948376334109548 0.19991406298288114 0.056688913520959394 2.995208622304901 3.0645771715310484 2.839938792397087 3.61001432499172 2.3429670784688814 2.671785044236432 2.0098033012825045 1.9713428909018675 2.60299416116279 3.004171418922301 2.690054531662796 3.3908906324671446 2.43090613168988 3.4385655944528253 1.4370440820278898 0.8266652454795245 0.9015006250467967 1.6524458641129571 1.331604311599058 2.3013802497147267 0.1281681365764349
3.867207735827726 0.02988589569699448 0.021269740777413757 0.19881877405370513 0.057882791705952764 2.934898144615447 2.9605010802338816 2.790697228364659 3.585918992635919 2.3442639581785705 2.69411811133182 2.0359212856902085 2.0119791300739767 2.6762605695997195 3.111565239073839 2.806086848742732 3.563832699750474 2.572076791905134 3.665473985074267 1.541884912598483 0.8931914306574129 0.9808691202662123 1.8103612471188542 1.4688456720126342 2.697980852488624 0.13452838847733278
3.7746388275802847 0.03012190627099519 0.02051201146659022 0.19964836341795975 0.05751361744067088 2.9541619896438602 3.0052741500388804 2.813439635896531 3.601021015053297 2.348061578906145 2.693084418876654 2.033844006726718 2.0087396526707155 2.6703675405020486 3.1026666702221077 2.7967706057930557 3.5488938371408256 2.5608443713556084 3.6461194844079046 1.5336394500336858 0.8879351860729003 0.9745180245446122 1.7976143277827488 1.4576660162180546 2.6714719343335975 0.13419137818814858
3.8788300922518086 0.029416458374808375 0.024436390498859886 0.19772080978089762 0.05806850267030699 2.9229315385715173 2.959010136683094 2.791647832077048 3.5911308097453185 2.348882568472037 2.703230567552378 2.045547989812142 2.026934395508761 2.7033270691073383 3.1512368768656813 2.8495574882478634 3.6281241785992004 2.6259569083018324 3.751581349511157 1.5827385651465193 0.9193530069699709 1.0123199135673797 1.8735442001299727 1.524203537803137 2.886386784885045 0.13847014359253756
3.6662792154641566 0.030938365706744943 0.014352299039100284 0.1999597542555017 0.05680440528635007 2.989097367981726 3.0572050301657514 2.8369074487864396 3.60959449229076 2.3442848856274625 2.6757504175365647 2.0141888071139395 1.9781527506562373 2.6152539180410805 3.022088129979616 2.709474979072948 3.4196351512251075 2.454565003255634 3.476363601786798 1.4546535183911806 0.8378415226037835 0.9148283132340209 1.6789763851949049 1.3546654926445671 2.3708181871701712 0.12941159203637545
3.7542960238239957 0.02997625001159409 0.022543087728585768 0.1999965951841988 0.05747270125966466 2.9543017888648357 3.0165022828835557 2.8204316098621534 3.607962805171685 2.3522483638939544 2.6989987318285773 2.0398641552391843 2.0181135010993505 2.687420735204766 3.127852877138808 2.8244744925842493 3.5903303446954618 2.5955267631794388 3.702234885062996 1.5601936582992384 0.9050267977753608 0.9951922719675474 1.8394366547292498 1.4945623446098244 2.804697779073329 0.1371023533738685
3.6459703071164524 0.03114886914814282 0.01163178537173897 0.1990251041453567 0.05664311559077508 2.9976765387027053 3.0665010523640817 2.84011317093151 3.6085313375210855 2.3410480821902904 2.667700041737356 2.005422349715054 1.9645577900918025 2.5907740425229444 2.986330986463265 2.670742428298828 3.3623624593044807 2.407463874466374 3.4012004993834517 1.4196762356987251 0.8156691405200659 0.8884193671533379 1.6264758659805165 1.3090856829723359 2.2355078138208366 0.127104248300771
4.065799101236565 0.029855033884482445 0.0220341087416639 0.19974711780124393 0.05840123605314003 2.907908614529227 2.87653185494903 2.748281728029669 3.5601445659335793 2.337565416593282 2.6957004001145353 2.039196496838072 2.0168258401812826 2.684205869063012 3.122460906474945 2.8181218748768613 3.58040357042976 2.5870708039312174 3.6883094811959967 1.5535905060422914 0.900756151163687 0.9900378569589254 1.8290143516183122 1.485489361611304 2.7763569779405666 0.13720307550428917
3.7084908033767428 0.030469912399979586 0.017590106316289725 0.19949314601545431 0.057160209273734996 2.972662424536867 3.0368218417463075 2.8281743124766097 3.6074859621044824 2.3469789948493625 2.6849174184557314 2.024444013547767 1.9941026013608707 2.6439326962060834 3.0639122341931997 2.7547545327286875 3.4864512235716654 2.5094854276450698 3.5637565607999644 1.495286463928592 0.8635265347467229 0.9453427916555649 1.7394274721223775 1.406975466159351 2.517340432724187 0.13158928351864527
3.7243856079652864 0.03041762279635395 0.018313006499169646 0.1996215475368402 0.05719428117251318 2.9685639296000685 3.029184851551548 2.8244695248838583 3.6056704502500008 2.3470408714019215 2.6865614786655434 2.0263616809449556 1.9970600927041862 2.6492325231141476 3.0716228473285443 2.763077595829296 3.49880579774514 2.5196422599914428 3.5801276787843817 1.5029117467192965 0.8684185101865284 0.9512260099051751 1.7513072216104892 1.4174012204863087 2.5556053029267485 0.13245832738792104
3.6523941439087015 0.031049257984709068 0.013469693570217326 0.1999999959778168 0.05671689115168289 2.993579290408646 3.0634136176978846 2.8396077486944 3.6103379779510614 2.343574193633537 2.67320953200844 2.0113435797623818 1.9736995616850674 2.6071611913129713 3.010107895788711 2.6963323168636295 3.399932849584077 2.4381468708939225 3.4497963371767546 1.442120642089127 0.8297904103912563 0.9051042879800296 1.6593848406564544 1.337402670929761 2.311996757851245 0.12812501316805164
3.680962753518277 0.030743948253755864 0.01605452423087595 0.1999999999854647 0.05693048647882257 2.9823998727827474 3.050179060758738 2.8342016422200103 3.609684190993897 2.346041735810505 2.6805344082775324 2.019444488625925 1.9863082172178594 2.6299254490681454 3.0434784070594456 2.7326146649257166 3.4537931728920306 2.4826228452636814 3.5210698335593493 1.4754243635566666 0.8509898673875729 0.930464834214338 1.7100191959102877 1.3815644224497112 2.4492047687617666 0.13065328157752015
3.3294828703097066 0.031034143741356653 0.014589162333324433 0.19957618936550542 0.05552049565862413 3.060562867733849 3.245108349647023 2.938390199626053 3.680737669206986 2.368088528458063 2.6817550297762485 2.014711317493266 1.978249504945492 2.6165108749307486 3.0247903375304843 2.7126834729156157 3.425159519459361 2.4588312138155897 3.483712085358691 1.4578501338604157 0.839884903635759 0.9172227148663605 1.6836498726435165 1.3584764445855877 2.370733852252429 0.13068201287452255
3.6463994033675506 0.031144119960407456 0.012034496624989231 0.19938597576254294 0.05665088470214044 2.997267170085954 3.0664589613179443 2.8403617097476346 3.609210897103048 2.3417232818320586 2.669002096571574 2.0068011697980492 1.9666917100568249 2.594620610651376 2.991958140233274 2.676841026163063 3.371384168436271 2.4148857384727953 3.4130464254240587 1.4251887311851876 0.8191622797788795 0.8925802761285448 1.6347430803245648 1.3162683164259699 2.256795439569943 0.12746501197616925
3.643929832729236 0.03114903003656687 0.009883643607690734 0.1972797014503597 0.0566153155529437 2.9991502207805083 3.066785341091195 2.8390744948439557 3.605588017423527 2.3380983991052537 2.661994446694255 1.999382245120025 1.9552196195450635 2.5739553291594213 2.961766412909905 2.6441490125971163 3.3230713656197994 2.3751769700601395 3.3497301914807975 1.3957515837621572 0.8005231971023943 0.8704008063510323 1.5907086808468338 1.2780640943119894 2.144754019017174 0.12557987220972755
3.629071529385823 0.031241374335590346 0.011857307041744272 0.19998557776594778 0.05656050140815986 3.0024725628875157 3.075287060687098 2.8449803320386855 3.6122191197933584 2.34258917434277 2.668907037805236 2.006465024841739 1.9661544091382996 2.5936965061058572 2.990648780788244 2.675454284841631 3.369370664749992 2.4132520098649057 3.410473701462699 1.4240037706312647 0.8184177633364275 0.8916997704801232 1.633004682604403 1.3147671111686126 2.2524734052571844 0.12736833147482457
3.6404756173535158 0.031145587346542547 0.012340590504762985 0.19967822396120422 0.05663711854560215 2.997962560932859 3.0691015056649036 2.84191488998579 3.6106014501956816 2.342495030834622 2.6700297112171154 2.007840686354369 1.968313203305237 2.5975608044531806 2.996255371671316 2.681504397225057 3.3782859274096135 2.4205631817565196 3.422115197504005 1.429411097502102 0.8218422006884406 0.8957698732061771 1.6410903896404965 1.3217639235733845 2.272978111854887 0.12773367526757273
3.697444392327331 0.030416425442348724 0.016968774933177375 0.19841815860334946 0.05712265733365392 2.9754753548665613 3.0420028112648976 2.830530767176327 3.6082593236954335 2.3464313474882403 2.682875133131073 2.022074505516614 1.9904421181781025 2.6376015462411715 3.0549975398759335 2.744846630722066 3.472609744529813 2.4972124585320272 3.5449677890108076 1.4859021897238485 0.8575466747349102 0.938147920707683 1.7249511873305605 1.3942690305521106 2.4614187326939403 0.130266449102077
3.68727382482537 0.03067942922562804 0.01659966186371624 0.19999997658570964 0.05697640559769786 2.980006582355099 3.0472714092295563 2.8330029759167443 3.6095112359777515 2.346553828987585 2.682083422841971 2.0211599294519704 1.9889801857329883 2.6347540940135072 3.0505649698399555 2.7403287332221886 3.465258813254696 2.492102535803321 3.5362811523506332 1.4825409493011183 0.8555257094335285 0.9358980698423061 1.7208811171686658 1.3910505954104686 2.479075892316938 0.13121959555286306
3.641595519527053 0.031151421436890477 0.007634655560378337 0.1950541640243243 0.05657973823275378 3.0010355329079927 3.066999491100779 2.837660582702669 3.6017546877579707 2.334295855378717 2.6546764612301166 1.9916464309565185 1.9432836397134359 2.552500448671793 2.930489027530409 2.61035490654126 3.2732385765008165 2.3343081459439543 3.2847064004786666 1.3655865383325925 0.7814648883400381 0.847772088511181 1.545880293481801 1.2392565390202472 2.0334154799433617 0.12368034895109256
3.6395114481765747 0.031153222916257533 0.007313678403208232 0.19474369955251947 0.05657093792150357 3.0015014119333627 3.06776054710037 2.837858118954009 3.6013922933906253 2.333836422090755 2.653641852601238 1.99054216790991 1.9415854291408148 2.5494567560587 2.926059057446984 2.6055777943463867 3.266205263094463 2.3285495122784945 3.2755581714150552 1.3613518362965018 0.7787961093565575 0.8446066152149658 1.539619534421485 1.2338387670114537 2.0180599307099736 0.12341388120382402
3.644014612185919 0.031148060027204074 0.009875244660499721 0.1972632068346749 0.05661578582456358 2.999125322465652 3.066737716207046 2.839042914826908 3.605554687548857 2.3380769918482427 2.6619629272284513 1.9993502313994502 1.9551703117176815 2.5738663188445265 2.961636350162502 2.6440081150071477 3.3228631540477425 2.3750058467427473 3.349457433720428 1.3956248151208197 0.8004429453553705 0.8703053771496281 1.5905192961315469 1.2779000113343664 2.14427793940493 0.12557219794725857
3.7270452766859608 0.030233864473389438 0.020381989221462178 0.1999999975851093 0.05728336291734369 2.96390137040299 3.0287849528323996 2.8255431869667387 3.608836051737192 2.350242242841588 2.6927930758069003 2.032983335262063 2.0073742959764056 2.66795351009936 3.099185845142292 2.793154338013038 3.543612305493488 2.5567477156082026 3.639757706357177 1.5308567524585974 0.8862553734567812 0.9726205788321843 1.7941355133506458 1.4548501003944685 2.6747339471683427 0.13462110860330978
3.643655874263704 0.031149563288378326 0.009644974162944473 0.19704586580610559 0.056611370294829974 2.999359229070926 3.066821592902788 2.8389317383417234 3.6051862891528943 2.337696548982175 2.6612180142113453 1.9985607141950497 1.9539507437467336 2.5716723347456667 2.958434940735059 2.6405459362936394 3.3177530157362205 2.370810976654354 3.3427768415454677 1.3925226700956461 0.798481144341311 0.8679737805048708 1.58589588260444 1.2738935206506332 2.13266883037362 0.12537494321271223
3.6711275179177605 0.03105885080358987 0.0071382070730210585 0.19389289177245675 0.056710770157009684 2.9925666513867215 3.0514529725201864 2.82905562111518 3.595097732612188 2.3315154826899334 2.652428301767501 1.9896962968047982 1.9403245626167482 2.5471253590745015 2.9226042755719353 2.6018048006589183 3.2605985096695913 2.3239289612096403 3.2681712703941708 1.3579135715506796 0.776617262006942 0.842016719219571 1.5344812717986327 1.2293898386946216 2.0053240053716266 0.12319250014718353
3.6607425254480885 0.030877109069919497 0.014069276132750072 0.19935206015884796 0.0568178555539788 2.989957729519517 3.059566033457389 2.8380155507324587 3.610013277498961 2.3440795555375167 2.6749212775100673 2.0131942083576138 1.9766121561671897 2.6126327169978327 3.0184038224868748 2.7052253331595475 3.413715554680772 2.449032332395184 3.4678152114649468 1.4502128777591514 0.834947455890314 0.9112981304429055 1.6717202800081246 1.3481714594299823 2.33912171974446 0.1284569813317789
3.66701863203872 0.03090887764080079 0.014648431406651794 0.19999769336238626 0.056819314062267666 2.9882352996168224 3.0566569460233355 2.8367697937757868 3.6097965979618754 2.3446238993965256 2.676530938808299 2.0150287581299096 1.9794250870369745 2.6174761266058395 3.0251945520674854 2.7127027247901188 3.4241851221360293 2.4581352739470277 3.48176451526084 1.4570310522592633 0.8392641638507259 0.9164152998137876 1.6819260673672818 1.3570212096413976 2.3717366309915184 0.1291887998729476
3.609604500322051 0.031272949436695466 0.011649802067601378 0.19996060213088065 0.05647964331057105 3.0069577887258427 3.08543326400607 2.8502430556847673 3.615580468567411 2.343466155704938 2.668545018212468 2.005800732591452 1.965096797573824 2.5918364243084975 2.9879745701205063 2.672587141243099 3.365164127589367 2.4098112361770845 3.405011640463 1.4214728041886853 0.81682001804822 0.8898017698458097 1.6292428326508115 1.3115058287076349 2.242940368040693 0.1272316253364906
3.645695374802448 0.03115343074093658 0.012569531696690946 0.1999954405159279 0.056652048986211574 2.9971979745847883 3.067038133804074 2.841036831424823 3.610362157030285 2.3427155755655296 2.6707907114712626 2.0086781552461743 1.9695951845017685 2.5998595903646176 2.999616381885467 2.685141390469851 3.383659318969774 2.424982811018327 3.429156563147655 1.4326840210038134 0.8239122725927808 0.8982355657394606 1.645979903731285 1.3260182258956825 2.2855119854438826 0.12792371741489633
3.6452267086390884 0.031146752780471625 0.011045458816634537 0.1984205816593461 0.0566342967572107 2.998145046338829 3.0666280587644135 2.839779984222308 3.607551821497012 2.3400584293092748 2.6657788919087233 2.00338732994635 1.9614097458412236 2.5851005854193025 2.978041566086691 2.661763371651306 3.3490893985771977 2.396550948653004 3.383794547867632 1.4115810690730903 0.8105412093431055 0.8823157877472015 1.6143526306255782 1.2985673600671497 2.2045849350524187 0.1265896587319915
3.6643541517893685 0.031089138357538623 0.007833033634290224 0.1948175603435548 0.05668608365379094 2.994259582564166 3.055169603831126 2.8315108320579783 3.597672339534216 2.3331714960259538 2.6548642663400397 1.9921703112135252 1.9441256259354214 2.5539633642222235 2.9325738795425798 2.612573024255557 3.2764680582036125 2.3369344152275473 3.2888457679381573 1.3674960928878896 0.7826655240266219 0.8491904837581615 1.5486771451248198 1.241665191192965 2.040104303193812 0.12378687736449459
3.701054199741306 0.031052144398207884 0.01315356123072471 0.19995773755429397 0.056886957528919306 2.9848673534118566 3.0382493696890553 2.826274431762233 3.6005538204835834 2.3403166062228786 2.6718100406846683 2.0105374973141092 1.9725346057580777 2.605021154545885 3.007054824343401 2.6931288797101542 3.395392017940123 2.4346023663607057 3.444442021769992 1.4397925803844125 0.828412083623274 0.9035897186617242 1.656601209249786 1.3352438565575109 2.312910732575814 0.12836773687460878
3.68248951790041 0.030926874578456904 0.013758655538959101 0.1995169382446975 0.05693354449682228 2.983093743631046 3.044036370664614 2.82981219357711 3.602417300132341 2.3417701702310896 2.673503978226047 2.0122738978141306 1.9752928123968092 2.6100514468287748 3.014437642499635 2.7011395740864295 3.4071833289294595 2.444270118905385 3.459692687022569 1.446864594827858 0.8328483800714971 0.9087627153290283 1.6667203578707555 1.3438798393962208 2.330788640832866 0.1283953437048663
3.6657409312345193 0.03065575610395025 0.016329037551296045 0.19968535586645714 0.05694503094981844 2.984182278376939 3.0582671191236126 2.8387245101758802 3.6131365886471953 2.3475622585154383 2.6818019208867496 2.020576904080993 1.9880496401133116 2.6330624859180967 3.048032967606703 2.7375476835378025 3.4609458903798767 2.4884717146426842 3.530103299132666 1.4795932813821018 0.853543191230327 0.9333967117342483 1.7155798479256679 1.386173253195223 2.451966609114425 0.130393089266109
3.7112488188328183 0.03038225480402228 0.018616417034376356 0.19976498700569867 0.057214030725559195 2.969856031415043 3.035761622206239 2.828256299047949 3.6087537006104946 2.348486397983953 2.6880256974110015 2.0277773438444084 1.9992887656016574 2.6533051637565697 3.077660154839504 2.7697253162511477 3.508658115360796 2.5278547895128254 3.593162880503468 1.5090404044745716 0.8722801134434347 0.9558026947565972 1.7602983291845566 1.4251594372520373 2.573117011760714 0.13254537040845366
