9.873558685626111 0.02537053799775909 8.403047098795055e-09 0.0343111436931603 0.08308409095202128 0.7816762293920965 2.837429068895102 3.9999999986759853 1.524181371543592 2.6242712489960542 2.985841937383732 3.514632590440958 2.7516978890385313 3.677233332312728 2.6061395762043413 3.1041663916779294 2.6306242802113107 3.5645747025981307 2.464986288791068 3.0180743785783526 3.9592834376048964 3.8341315690595263 2.091769173221753 3.9972647620887956 1.9659096749209406 1.5799559113770492
9.999999999999998 0.025352936454675172 2.143554462584705e-22 0.03431834573160849 0.08337617941853996 0.7787020488517991 2.841335526254372 3.9999999999999996 1.5241436725434516 2.6354838010202015 2.9855029607695096 3.5144076832077995 2.7514267906060237 3.676873226555422 2.6058043215115267 3.103832771643468 2.6303176382462152 3.5642874625320218 2.4646394584864497 3.017660684127757 3.9608421857690606 3.8335942554278026 2.0914256181772486 3.9999999999999996 1.9665246665082572 1.5809108913424694
9.999999999999998 0.02535293647175301 1.9749009392756013e-16 0.03431834662959277 0.08337618077102768 0.7787020642653786 2.841335525616707 3.9999999999999996 1.524143671927607 2.6354838013217594 2.9855029598829645 3.5144076809078526 2.75142678928784 3.676873227883287 2.6058043229995067 3.1038327703646504 2.63031764000466 3.564287460719588 2.4646394562114144 3.0176606863731608 3.9608421859698573 3.8335942569220047 2.0914256202218104 3.9999999999999996 1.9665246723107659 1.580910904824601
9.999999999999998 0.025352936241918644 3.9960506279972445e-17 0.03431834449754477 0.08337617985289159 0.7787020700407374 2.8413355256879544 3.9999999999999996 1.524143672162344 2.635483800993673 2.9855029591053612 3.5144076805511597 2.751426788659232 3.6768732237020076 2.605804318261075 3.1038327683059146 2.6303176340514263 3.5642874552046724 2.4646394517091768 3.017660679830752 3.960842171423571 3.833594243340917 2.0914256126079653 3.9999999999999996 1.9665246463010702 1.5809108910872052
9.999999999999998 0.025352936413630525 1.581726040221425e-21 0.03431834675733739 0.08337618013296798 0.778702052988995 2.84133552572754 3.9999999999999996 1.524143672856568 2.6354838005200083 2.985502959831534 3.5144076809864524 2.7514267894521964 3.6768732278534033 2.6058043193732185 3.1038327677477806 2.6303176371933903 3.5642874608788593 2.4646394570331105 3.017660682849001 3.9608421786179187 3.8335942594225294 2.0914256204535353 3.9999999999999996 1.966524678863753 1.5809109074308483
9.999999999999998 0.0253529362636212 5.00017454029328e-23 0.03431834481197662 0.08337617963462786 0.7787020529570167 2.841335526050161 3.9999999999999996 1.5241436720280506 2.635483799870012 2.985502958920438 3.514407681044014 2.751426786809479 3.67687322669442 2.6058043198174987 3.1038327678340036 2.6303176360165987 3.5642874557556734 2.464639454070977 3.0176606783980753 3.9608421729835603 3.8335942467444077 2.09142561296827 3.9999999999999996 1.9665246558656482 1.580910892650462
9.999999999999998 0.02535293644048914 2.7326182775253256e-19 0.0343183459234035 0.08337618005654389 0.7787020507021167 2.8413355262360778 3.9999999999999996 1.5241436722848636 2.6354838008255315 2.9855029598091156 3.514407681540406 2.751426788751557 3.676873228783792 2.605804320546751 3.103832771628344 2.630317638299205 3.5642874615692413 2.4646394600205648 3.017660684048288 3.960842179158736 3.833594252983524 2.0914256182388504 3.9999999999999996 1.9665246577318802 1.5809108948923556
9.999999999999998 0.02535293638646984 1.951468808274431e-23 0.03431834534573426 0.08337617989536387 0.7787020621706692 2.8413355255136383 3.9999999999999996 1.5241436725033364 2.6354838002578402 2.985502959668967 3.5144076816149665 2.7514267877625223 3.6768732282962433 2.6058043187698487 3.103832768824439 2.630317640184237 3.5642874587426348 2.4646394564046727 3.0176606823659693 3.9608421801275973 3.833594251330405 2.091425615857065 3.9999999999999996 1.9665246485614614 1.5809108910595717
9.999999999723688 0.025352960962283528 2.391622281162297e-11 0.03431798542320604 0.08337492829248404 0.7787143746716264 2.841335898086999 3.999999999999986 1.5241438319961964 2.6354840547782823 2.985503242882029 3.5144080655086904 2.7514270802056284 3.6768737076897593 2.6058045205166054 3.1038330185502057 2.6303176487485818 3.564287077363834 2.4646389283504675 3.017659768222463 3.960840312354351 3.8335956500984008 2.091425302955964 3.9999999178244874 1.9665402016507747 1.5809042138296634
9.999999999999998 0.025352936425046355 5.933072425853133e-18 0.03431834603961513 0.08337618035192289 0.7787020680985114 2.84133552576099 3.9999999999999996 1.5241436719738577 2.6354837995593834 2.985502959994822 3.514407680552474 2.7514267883505994 3.676873227159004 2.605804321457999 3.1038327698354626 2.6303176393880876 3.5642874594314327 2.4646394564248393 3.0176606822011003 3.960842178253286 3.83359425594103 2.0914256150751958 3.9999999999999996 1.9665246597945698 1.5809108996431631
9.99999999999943 0.025352936393644436 9.118487285938502e-16 0.03431834579493562 0.08337618032133609 0.7787020299305001 2.8413355253807313 3.9999999999999996 1.5241436714002916 2.635483800035877 2.985502959207127 3.5144076799894908 2.751426790001575 3.6768732261232966 2.6058043201501593 3.103832766339876 2.630317637462123 3.564287455873518 2.4646394543262367 3.017660681715499 3.960842181147285 3.8335942555794613 2.091425616381094 3.9999999999999996 1.9665246592139392 1.5809108997201253
9.99999999999933 0.02535282894024484 2.402145361568713e-10 0.03431771147931249 0.08337618361357714 0.7787020178836946 2.8413353604447695 3.9999999999999982 1.5241432105349273 2.635482945071954 2.985502049442582 3.5144068115866594 2.751425781280689 3.67687191862894 2.6058026316147442 3.1038309801819035 2.630315676024214 3.564284050395606 2.4646365821349523 3.0176565815708623 3.960835794222179 3.8335886645967556 2.091422143634162 3.999999999999949 1.9665216925945133 1.580910543264931
9.999999999999998 0.02535293640861833 3.99756888126747e-16 0.03431834537985411 0.08337618035454819 0.7787020235812019 2.8413355258320285 3.9999999999999996 1.524143672034649 2.635483800463743 2.985502959476341 3.514407682485789 2.751426789746897 3.6768732286617283 2.6058043198475915 3.103832769398369 2.630317638654152 3.5642874603402914 2.464639457687607 3.017660681068236 3.960842180859609 3.833594253321033 2.091425619260101 3.9999999999999996 1.966524649267615 1.5809108932660507
9.999999999999998 0.02535293623079937 6.046629445472994e-23 0.034318344747883374 0.08337617968543755 0.778702037348307 2.8413355259149347 3.9999999999999996 1.5241436722161648 2.6354838010398844 2.985502959429338 3.514407681086536 2.751426789493012 3.676873223619835 2.605804318943009 3.103832765192888 2.6303176335304688 3.5642874537900675 2.4646394519056307 3.017660675414209 3.960842173167078 3.833594244523256 2.09142560756383 3.9999999999999996 1.9665246622743298 1.5809108956987927
9.999999999999998 0.025352936406146713 1.0173880153199e-20 0.03431834561549032 0.08337618006303767 0.7787020311463747 2.841335525267309 3.9999999999999996 1.5241436718151953 2.6354838003165555 2.985502959380281 3.5144076796678023 2.751426790242946 3.676873227537811 2.605804320361511 3.103832768884819 2.630317638578525 3.564287460189493 2.4646394545026724 3.0176606819262224 3.9608421803293385 3.8335942498222737 2.0914256173663013 3.9999999999999996 1.9665246633639928 1.5809108949936033
9.999999999999998 0.02535293642417736 1.0123548241586179e-17 0.034318346008175675 0.08337618056413745 0.778702057625654 2.8413355255639376 3.9999999999999996 1.5241436722178994 2.6354838003943213 2.985502959508918 3.514407682062539 2.7514267888250905 3.676873227833003 2.6058043189970226 3.103832769744545 2.6303176362862404 3.564287459432349 2.4646394555490847 3.017660679693723 3.960842179018003 3.833594253369225 2.0914256196004914 3.9999999999999996 1.966524667493844 1.5809109014674485
9.999999999999998 0.025352936274397598 7.799053103431909e-20 0.03431834485911176 0.08337617981615784 0.778702025467808 2.8413355254426227 3.9999999999999996 1.5241436716059351 2.63548379879743 2.985502958870046 3.514407679332174 2.751426788508987 3.676873224725093 2.6058043180647767 3.1038327656557585 2.630317636922565 3.5642874523831973 2.4646394528307867 3.0176606765359053 3.960842173359203 3.833594248521554 2.0914256149448094 3.9999999999999996 1.9665246557599112 1.5809108946151962
9.999999999999998 0.02535293647336836 1.2288389620148281e-17 0.0343183458892758 0.08337617971426908 0.7787020245994424 2.8413355251581893 3.9999999999999996 1.5241436720298898 2.6354838000585237 2.985502959202103 3.5144076810588696 2.751426788761439 3.6768732255537264 2.605804320049782 3.1038327703782613 2.63031763728433 3.5642874566567477 2.4646394585404803 3.017660681740456 3.9608421873189292 3.8335942570429484 2.091425621059117 3.999999999999997 1.966524666350317 1.5809108943056964
9.999999999999998 0.025352936407425575 5.907997566400737e-18 0.03431834508947485 0.08337618007175465 0.778702003008537 2.8413355254796033 3.9999999999999996 1.524143672114739 2.6354838007677577 2.985502959353357 3.5144076797413213 2.751426787513995 3.6768732266762902 2.605804319973637 3.1038327695321413 2.630317635855384 3.564287457988086 2.464639454815745 3.0176606842736753 3.960842180478516 3.8335942547622053 2.091425616445827 3.9999999999999996 1.9665246499796825 1.5809108910976686
9.999999999999998 0.025352936450348744 1.905309260637101e-24 0.03431834585718045 0.08337617991913898 0.7787020249127901 2.841335525825575 3.9999999999999996 1.5241436725001571 2.63548380179454 2.9855029598526923 3.514407681110061 2.7514267901840483 3.6768732276613605 2.6058043206170085 3.1038327709534363 2.6303176385165847 3.56428746074561 2.4646394573735857 3.0176606846505374 3.960842183224827 3.8335942556645457 2.091425614817372 3.9999999999999996 1.9665246609810054 1.580910894632117
9.999999999999998 0.025352936482223237 2.809813964030499e-20 0.03431834591659192 0.08337617957192361 0.7787020249412857 2.8413355257847797 3.9999999999999996 1.5241436721997474 2.6354838010319646 2.98550295993201 3.5144076802325683 2.7514267888284047 3.6768732278141947 2.6058043211868127 3.103832771242619 2.6303176352555564 3.5642874614879343 2.4646394568939622 3.01766068335071 3.9608421841040653 3.833594254486274 2.091425621806265 3.9999999999999996 1.9665246627458142 1.5809108924079867
9.999999999999998 0.025352936261346007 8.953165142295753e-18 0.034318345476239874 0.08337618010844522 0.7787020366115485 2.841335525420929 3.9999999999999996 1.5241436719575687 2.635483801155395 2.9855029584546244 3.514407679769793 2.7514267881151078 3.676873224363138 2.605804318334088 3.103832766648176 2.6303176345465427 3.5642874547200347 2.464639451374339 3.017660677255158 3.960842172298465 3.833594246741356 2.0914256125237913 3.9999999999999996 1.966524671565346 1.5809109028680766
9.99999999986546 0.025374204798138473 3.28028030813114e-06 0.03437353698306385 0.08323033640136793 0.7798889934302806 2.8413893735050504 3.9999999999999996 1.5348989185133597 2.6355953247581714 2.9856567787116552 3.5146129642188284 2.7516557042445737 3.6772364482660826 2.60614936948583 3.1042574025955014 2.6307311394575157 3.564934166686677 2.4651492559390613 3.0183615820576897 3.960980435940158 3.834448955367776 2.0920373983792544 3.999982544745109 1.9667787294144519 1.5806724968873826
9.999999999999998 0.025352936345715695 1.142628931348349e-18 0.03431834530790401 0.08337618017800463 0.7787020396193293 2.841335525857965 3.9999999999999996 1.524143671829569 2.6354838014067132 2.9855029594487466 3.5144076798511583 2.7514267902773017 3.6768732277223775 2.6058043178619523 3.1038327700161483 2.6303176372640755 3.564287458969206 2.464639454176739 3.017660679542497 3.960842175233459 3.8335942474910087 2.0914256148650514 3.9999999999999996 1.966524648557729 1.5809108940372778
9.999999999999998 0.025352936397224062 3.8633634299194446e-17 0.03431834618112033 0.0833761798653869 0.7787020082358078 2.8413355250777528 3.9999999999999996 1.5241436714404322 2.635483798224325 2.9855029588663147 3.514407679526176 2.7514267882937236 3.6768732238229225 2.6058043190347933 3.1038327664003456 2.6303176358367444 3.5642874555735755 2.4646394562871303 3.0176606808677664 3.960842179783345 3.833594255510753 2.0914256184638997 3.9999999999999996 1.9665246737064532 1.5809109019493022
9.999999999999998 0.02535293637379486 4.128424331219464e-16 0.03431834585198676 0.08337617990039511 0.7787020195769961 2.841335525307195 3.9999999999999996 1.5241436716733712 2.635483801243842 2.985502959416007 3.5144076795954127 2.751426789290343 3.676873226176125 2.6058043206817105 3.1038327700336144 2.6303176343562886 3.56428745802185 2.464639455008336 3.017660683064421 3.9608421756682586 3.8335942530756717 2.0914256155715973 3.9999999999999973 1.966524666955477 1.580910899450556
9.999999999999998 0.025352936395431173 1.854502741161845e-21 0.034318345348347025 0.08337617950756403 0.7787020262694948 2.8413355262183515 3.9999999999999996 1.524143672672441 2.635483800941556 2.985502960077996 3.514407682345532 2.7514267891998636 3.67687322829742 2.605804320695257 3.1038327684002733 2.6303176389089256 3.5642874614462823 2.464639454988197 3.0176606803128214 3.9608421819629784 3.833594254126124 2.0914256151309267 3.9999999999999996 1.9665246579511584 1.580910891041598
9.999999999999998 0.025352936305935273 3.860353884189846e-16 0.03431834506147622 0.08337618020513991 0.7787020509681105 2.8413355258963175 3.9999999999999996 1.5241436711828098 2.635483800143859 2.985502959413956 3.5144076810703897 2.751426789035529 3.676873227466845 2.6058043186416837 3.1038327692172474 2.630317635559569 3.5642874579578225 2.4646394541121417 3.017660677280574 3.960842172509141 3.8335942457113057 2.091425614200479 3.9999999999999996 1.9665246498174704 1.5809108943990284
9.999999999999998 0.025352936371044996 7.294453943481899e-22 0.034318345306886926 0.08337617954576347 0.7787020526535666 2.8413355256609294 3.9999999999999996 1.5241436725479303 2.6354838016707127 2.985502960096053 3.5144076822154093 2.7514267883088914 3.6768732286351495 2.6058043198091427 3.103832769096905 2.630317635667493 3.56428745939937 2.4646394553620055 3.0176606804514914 3.960842178880409 3.833594254179947 2.0914256164485443 3.9999999999999996 1.9665246519643846 1.5809108918877417
9.999999999999998 0.025352936461474698 1.83883356921295e-24 0.03431834596820024 0.0833761801394736 0.7787020106322242 2.8413355254513637 3.9999999999999996 1.524143672390091 2.635483801209921 2.985502960118751 3.514407679550447 2.7514267879670617 3.6768732281789376 2.6058043201644754 3.103832771236284 2.630317636912904 3.564287462324 2.464639458147861 3.0176606853054087 3.960842180759061 3.833594255561138 2.0914256169572365 3.9999999999999996 1.9665246602208892 1.5809108958789888
9.999999999999998 0.025352936477079344 1.0252402634895265e-20 0.034318345850393714 0.08337617924513636 0.7787020633256286 2.841335525552381 3.9999999999999996 1.5241436722648884 2.635483801634628 2.985502960193296 3.5144076823232333 2.751426788956051 3.676873228245726 2.605804321528104 3.1038327702975557 2.630317637167006 3.564287459499655 2.46463945601158 3.0176606843510965 3.96084218222087 3.833594257033272 2.0914256204288826 3.9999999999999996 1.9665246703037556 1.5809108926028754
9.999999999999998 0.025352936286740325 1.4033403270574405e-22 0.034318344834331986 0.08337617957637286 0.778702033423288 2.8413355253592396 3.9999999999999996 1.5241436721092279 2.635483800875149 2.9855029592399625 3.514407681106282 2.7514267877276 3.676873225841222 2.60580431993933 3.1038327645919774 2.630317633770888 3.5642874554014723 2.464639452355811 3.0176606801370105 3.960842168940025 3.83359424503738 2.091425614163108 3.9999999999999996 1.9665246511832772 1.5809108921198858
9.999999999999998 0.02535293633998705 2.447982123971727e-22 0.034318345396978325 0.08337618002118369 0.7787020351104034 2.8413355253029353 3.9999999999999996 1.5241436717711816 2.635483800381563 2.98550295896188 3.5144076795600463 2.7514267896815636 3.6768732266663804 2.6058043175590924 3.103832770280145 2.6303176363449414 3.564287458985474 2.4646394519398958 3.017660679466539 3.9608421752404714 3.8335942522457427 2.091425615442573 3.9999999999999996 1.9665246623616657 1.580910897175197
9.999999999999998 0.025352936443032038 4.9283282721570836e-20 0.034318345540868614 0.08337617966948632 0.7787020677398147 2.8413355261010396 3.9999999999999996 1.5241436719713557 2.635483800542953 2.985502959783921 3.514407681666878 2.751426787713958 3.676873229902038 2.6058043195270497 3.103832770771384 2.6303176377037314 3.564287460644656 2.464639458870701 3.0176606801083894 3.9608421799583184 3.8335942541179624 2.091425617976097 3.9999999999999996 1.966524662011155 1.5809108915547037
9.999999999999998 0.025352936294604833 1.3688596919850675e-17 0.0343183452320593 0.08337618054738936 0.7787020298526973 2.8413355254362287 3.9999999999999996 1.524143671841126 2.635483799057235 2.985502958516723 3.514407679147903 2.75142678881045 3.6768732247389875 2.605804317906187 3.103832766605683 2.6303176334773073 3.5642874562900104 2.4646394557631552 3.0176606768204586 3.960842173495998 3.8335942496150834 2.0914256118796786 3.9999999999999996 1.966524657236922 1.5809109000053483
9.999999999999998 0.025352936590765703 1.3068783135235987e-21 0.034318346604024406 0.08337617963974958 0.7787020746935098 2.841335525782161 3.9999999999999996 1.524143672400249 2.6354838006526955 2.9855029609781667 3.514407682591846 2.7514267912627455 3.6768732304328475 2.605804322313441 3.103832774421312 2.6303176413366756 3.5642874670675595 2.4646394587703053 3.017660687653805 3.9608421872509245 3.833594266905744 2.0914256221043073 3.9999999999999996 1.9665246712541251 1.5809108950200952
9.999999999999998 0.02535293621178793 9.031830325395989e-18 0.034318344460405846 0.0833761800911817 0.7787020506789241 2.8413355256099657 3.9999999999999996 1.5241436717612427 2.6354837998217127 2.9855029579753998 3.5144076790287118 2.7514267876246166 3.676873224749957 2.605804315734131 3.103832767017753 2.6303176336267833 3.5642874563905695 2.4646394526516273 3.017660677775506 3.9608421692547675 3.833594244766623 2.091425612119838 3.9999999999999996 1.966524644235735 1.5809108929048845
9.999999999999998 0.02535293638226515 2.8110581738354237e-19 0.034318345502619904 0.08337617986093845 0.778702018447689 2.8413355253093284 3.9999999999999996 1.52414367209105 2.6354838002534104 2.98550295901714 3.514407680101852 2.7514267884505608 3.676873226353296 2.6058043199642977 3.1038327671861174 2.6303176366988748 3.5642874583919806 2.4646394568909216 3.0176606797093513 3.960842180835578 3.8335942502954774 2.091425614634521 3.9999999999999996 1.966524658352257 1.580910894063095
9.999999999999998 0.025352936442577686 1.1292774528542889e-18 0.034318345732423386 0.08337617991512136 0.7787020378832873 2.841335525782972 3.9999999999999996 1.5241436724096016 2.6354838006243786 2.9855029594435996 3.5144076819179264 2.751426790191612 3.6768732286342187 2.6058043217060476 3.103832769455408 2.6303176355527405 3.5642874609444792 2.464639454102337 3.017660683548749 3.960842184591334 3.8335942570809265 2.0914256171956267 3.9999999999999996 1.9665246608932576 1.5809108949382389
9.999999999999998 0.025352936339166725 3.3935479159452663e-34 0.03431834490981743 0.08337617949737434 0.7787020413953011 2.841335525356665 3.9999999999999996 1.5241436721376707 2.6354838009264148 2.9855029596772593 3.514407681170891 2.7514267892922994 3.676873224474354 2.605804319730591 3.103832769732637 2.6303176355940097 3.5642874594843703 2.4646394553121516 3.0176606789232054 3.9608421740141995 3.833594247850452 2.0914256134449523 3.9999999999999996 1.966524660636203 1.580910890389069
9.999999999999998 0.025352935955379192 9.878100070907178e-20 0.034318342504337115 0.08337617910912963 0.7787020533370246 2.8413355255569686 3.9999999999999996 1.5241436700016522 2.635483799037466 2.985502956748444 3.5144076789878453 2.7514267870682927 3.6768732251084475 2.605804315232706 3.1038327630193723 2.6303176303608478 3.5642874453127065 2.4646394467238677 3.017660663197778 3.960842156044758 3.8335942358548856 2.091425607279838 3.9999999999999996 1.966524641870739 1.5809108863770933
9.999999999999998 0.025352936085858493 1.2920646226019322e-22 0.03431834300994197 0.08337617945448896 0.7787020339240928 2.8413355255017607 3.9999999999999996 1.5241436707962126 2.6354837978446897 2.9855029569951785 3.514407679672389 2.7514267870904754 3.6768732257869847 2.6058043159988573 3.1038327661539773 2.630317633295356 3.5642874508723184 2.4646394518573698 3.0176606732221996 3.960842165536219 3.8335942368505225 2.091425609657164 3.9999999999999996 1.966524649281322 1.5809108841741597
9.999999999999998 0.025352916071278986 2.751438944484952e-14 0.03431823114497933 0.08337616254742426 0.7787023487274278 2.841335494251024 3.9999999999999996 1.5241435666475243 2.635483599706311 2.9855027433986687 3.514407476559209 2.751426552014227 3.6768729284046584 2.605803914736667 3.103832354517993 2.6303171732875184 3.5642866284306813 2.4646387562896064 3.017659672256475 3.960840596555845 3.83359301082201 2.091424805771043 3.999999999999672 1.9665256810955123 1.580911054602446
9.999999999999785 0.025352926644979894 4.299246709131669e-19 0.034318273206009775 0.08337624378160509 0.7787014128333948 2.841335492079313 3.9999999999999996 1.5241436196412825 2.63548370588914 2.9855028582646463 3.51440758113217 2.7514266799013543 3.6768730984420825 2.605804138124993 3.1038326317416916 2.63031750487502 3.5642872373597876 2.464639264253079 3.017660393991171 3.960841763215677 3.8335936218084865 2.0914252668502376 3.9999999999999942 1.9665230509408123 1.580910806582791
9.999999999999998 0.02535293621909882 5.390786534204295e-24 0.034318344467315104 0.08337618017763095 0.7787020615049566 2.8413355258133652 3.9999999999999996 1.5241436716196761 2.635483800382563 2.9855029582045853 3.5144076810698226 2.751426786807261 3.676873224203334 2.605804317583176 3.103832767173757 2.6303176325902964 3.5642874561920825 2.4646394546549284 3.017660676724709 3.9608421718387223 3.8335942419134468 2.0914256105011138 3.9999999999999996 1.9665246403373207 1.5809108919495212
9.999999999974968 0.025352936365381357 4.8441732555815003e-17 0.03431834503231226 0.08337617940939565 0.7787020525324057 2.841335526353933 3.9999999999999996 1.524143672498413 2.6354838003603085 2.9855029601309195 3.5144076816066887 2.7514267879105576 3.6768732258136065 2.6058043227774648 3.103832769879405 2.6303176374105597 3.5642874584986095 2.4646394541599164 3.017660680194268 3.9608421786084063 3.8335942519720168 2.091425617845736 3.9999999999999996 1.9665246509685226 1.5809108890668302
9.999999999999998 0.02535293644967766 4.103447832347024e-21 0.034318345800577736 0.08337617922983868 0.7787020273283602 2.841335525831925 3.9999999999999996 1.5241436724473072 2.6354838011093005 2.985502960396538 3.51440768235906 2.7514267900893756 3.6768732271423183 2.6058043208956865 3.103832771175492 2.630317636714953 3.5642874604816903 2.4646394544418033 3.017660683189122 3.9608421829073843 3.833594257260326 2.0914256195977816 3.9999999999999996 1.9665246746616092 1.5809108937871286
9.999999999999998 0.025352936253908345 2.8632614839510335e-19 0.03431834510587258 0.08337617976947237 0.7787020184327859 2.8413355255233825 3.9999999999999996 1.5241436718819585 2.6354838006045327 2.9855029592812876 3.514407679658729 2.7514267874268574 3.67687322328794 2.6058043186351894 3.1038327672438375 2.6303176336300695 3.5642874525957304 2.4646394530643296 3.017660678203164 3.9608421735690706 3.8335942453495555 2.0914256131425284 3.9999999999999996 1.9665246610425642 1.5809108971662837
9.999999999999998 0.02535293626785101 3.7047647537395423e-19 0.03431834534993485 0.08337618114527577 0.7787020480994569 2.8413355252176116 3.9999999999999996 1.524143671389646 2.635483798056075 2.985502958897693 3.5144076812723006 2.751426788406219 3.676873225515596 2.6058043195274756 3.1038327688226697 2.6303176352225077 3.564287452358118 2.464639455549447 3.0176606762613183 3.960842173668582 3.833594243738333 2.091425615335401 3.9999999999999996 1.9665246523852038 1.5809109027561234
9.999999999999998 0.025352936460343027 1.5136291772881275e-20 0.034318345691851125 0.08337617976693686 0.778702031130756 2.8413355256018886 3.9999999999999996 1.524143672554145 2.6354838007348786 2.98550296016613 3.514407682491351 2.7514267892808895 3.6768732259279227 2.6058043226255196 3.1038327725663364 2.630317638970503 3.564287459637282 2.4646394573391004 3.0176606846818768 3.9608421822778204 3.833594259551707 2.0914256161866014 3.9999999999999996 1.966524656331914 1.5809108928613886
9.999999999999998 0.02535293648947448 6.116143201108922e-21 0.03431834601654921 0.08337618016933689 0.7787020588851895 2.841335526031188 3.9999999999999996 1.524143672478198 2.635483801660261 2.985502961424988 3.5144076821814907 2.751426789612026 3.6768732276620346 2.60580432132622 3.1038327713673333 2.6303176403099804 3.5642874632140424 2.4646394586908755 3.0176606849288583 3.960842184007768 3.833594255697117 2.0914256203669157 3.9999999999999996 1.9665246615456458 1.5809108950692803
9.999999999999998 0.025352936283256976 2.594266602678008e-19 0.034318345312020854 0.08337617968920379 0.7787019979959758 2.8413355249733847 3.9999999999999996 1.5241436716999988 2.635483800210755 2.9855029589311473 3.5144076816335343 2.7514267859690023 3.6768732242311564 2.6058043173107444 3.1038327646202277 2.630317632900099 3.564287454739778 2.4646394526082602 3.0176606775175747 3.9608421718072933 3.8335942547215076 2.0914256155191744 3.9999999999999996 1.9665246639907314 1.580910899948215
9.999999999999998 0.02535293635826892 9.512110653933065e-19 0.03431834517336165 0.08337617960759408 0.7787020071630463 2.841335525436471 3.9999999999999996 1.5241436717667334 2.635483800411237 2.9855029587192368 3.51440768003032 2.751426786422407 3.6768732268245867 2.605804319592751 3.1038327680517206 2.6303176384239477 3.564287454854701 2.4646394554012714 3.0176606788738947 3.960842176613854 3.8335942530076528 2.091425616143364 3.9999999999999996 1.9665246542226953 1.5809108922256034
9.999999999999998 0.025352936467370635 5.679338284698354e-18 0.034318345565275146 0.08337617953714012 0.7787020294351079 2.8413355255014996 3.9999999999999996 1.5241436722834745 2.6354838005900127 2.9855029599033442 3.5144076809847595 2.7514267888706723 3.6768732266475723 2.6058043205849724 3.1038327709463522 2.630317637765987 3.5642874604537758 2.4646394565410588 3.0176606819381706 3.960842185387803 3.833594258876863 2.0914256205974846 3.9999999999999996 1.9665246617747885 1.580910891108344
9.99995620185965 0.02535301013018692 6.661413065249143e-10 0.034318688943047945 0.083375753275941 0.7787060188144346 2.8413369384106195 3.9999999999999885 1.5241436559036008 2.6354838710600106 2.985503251872814 3.5144082854398264 2.751427469527515 3.6768745094516055 2.6058053636837433 3.103834196725406 2.6303189098917388 3.5642892800166672 2.4646408150334027 3.017662542813486 3.9608430319581673 3.8335978197176384 2.091427822860766 3.9999999999999405 1.9665320354467808 1.580910091849807
9.999999999999998 0.025352936398538584 5.883409561206955e-19 0.03431834523341588 0.08337617978255928 0.7787020225546964 2.8413355255166395 3.9999999999999996 1.5241436725357411 2.6354838002134207 2.9855029596649207 3.5144076816320298 2.7514267897667573 3.6768732278497542 2.6058043208379575 3.103832769132969 2.6303176370852652 3.564287459804036 2.46463945606973 3.0176606833764335 3.9608421795414817 3.8335942528260363 2.0914256153131596 3.9999999999999996 1.966524649134769 1.5809108901284425
9.999981674986703 0.02535282074266075 5.308776168177802e-09 0.03431653799165184 0.08337413534497545 0.7787211048705758 2.8413365089898583 3.9999999999999996 1.524143362080838 2.6354832230621885 2.985502498743116 3.514407635064305 2.7514264749622668 3.676873436307589 2.6058030832048567 3.103832615754365 2.6303170514575647 3.564285485042036 2.464637222272741 3.0176567970582635 3.9608353909964324 3.833588432430293 2.0914214658812837 3.9999999999998317 1.9665245394474191 1.580892655047155
9.999999999999996 0.025352928755123277 3.0036177753378463e-17 0.034318287296143536 0.0833762345975149 0.7787015310817765 2.8413354978233185 3.9999999999999996 1.5241436293652515 2.635483724451086 2.9855028781573285 3.514407601673287 2.7514267013592897 3.676873123938739 2.6058041761819077 3.103832663186215 2.6303175374693195 3.564287289262704 2.4646393113898237 3.0176604610541466 3.9608418539984225 3.8335937415423103 2.0914253367757674 3.9999999999999614 1.966523307655414 1.5809108187841425
9.999999999999986 0.025352936195994186 1.7538961262741854e-18 0.034318343920172974 0.08337618020038848 0.7787020497465892 2.8413355256521844 3.9999999999999996 1.5241436710606169 2.6354837999077496 2.985502958736963 3.5144076803525093 2.7514267886888972 3.6768732258961476 2.6058043156791406 3.1038327673219377 2.630317636106771 3.564287455320503 2.4646394515246164 3.0176606768855385 3.960842169890467 3.8335942422931093 2.091425605627117 3.9999999999999996 1.9665246325513381 1.580910888040704
9.999999999999998 0.025352936348842614 3.980298880124354e-20 0.03431834548557189 0.08337617978533338 0.778702053909922 2.841335525836925 3.9999999999999996 1.5241436720429062 2.6354838003314303 2.985502959817101 3.514407680411618 2.7514267879627674 3.6768732270868005 2.6058043199532945 3.1038327680027638 2.6303176367330354 3.5642874545345045 2.4646394518376433 3.0176606810678677 3.960842177986939 3.8335942535201912 2.0914256119700676 3.9999999999999996 1.9665246632291862 1.580910897305855
9.999999999999998 0.025352936335525048 1.6691128266269155e-19 0.03431834551247875 0.08337618029464151 0.7787020248626856 2.8413355254830384 3.9999999999999996 1.5241436718620751 2.635483800097839 2.9855029591330693 3.5144076797586314 2.7514267875611456 3.6768732246102807 2.6058043186300397 3.1038327690416234 2.630317634600116 3.5642874566895033 2.4646394527792976 3.017660678286423 3.9608421754088114 3.8335942504518736 2.0914256137792644 3.9999999999999996 1.9665246601898665 1.58091089961948
9.999999999999998 0.025352936254265445 6.1465219134586835e-21 0.03431834459324136 0.08337617964491759 0.7787020620710803 2.841335525690195 3.9999999999999996 1.5241436716215817 2.635483800515037 2.9855029586448274 3.514407679822544 2.7514267884251598 3.676873224627661 2.6058043181369817 3.1038327651441353 2.6303176333636453 3.5642874539969833 2.4646394502446847 3.017660676918145 3.9608421732409527 3.833594240852128 2.091425612792302 3.9999999999999996 1.9665246512949197 1.5809108909697396
9.999999999999998 0.02535293639974119 5.488788889766246e-18 0.03431834545935771 0.0833761799659655 0.7787020438793071 2.841335525690083 3.9999999999999996 1.524143672381573 2.635483800004543 2.9855029595398372 3.514407682676201 2.751426789316532 3.6768732275177034 2.6058043210038955 3.103832768595833 2.6303176367614745 3.5642874595847553 2.4646394554904245 3.01766068376091 3.9608421759162806 3.833594248936283 2.091425619832386 3.9999999999999996 1.9665246524648383 1.580910892657823
9.999999999999998 0.025352936393945355 2.9814140186994537e-16 0.034318345645653725 0.0833761802483713 0.7787020413351733 2.8413355256406145 3.9999999999999996 1.524143671757961 2.6354838003606353 2.9855029596179006 3.5144076817843612 2.751426790095212 3.676873225540338 2.6058043195244602 3.103832769301651 2.630317639093812 3.5642874566959826 2.464639456765522 3.0176606800449095 3.960842177632403 3.8335942562729115 2.0914256183524333 3.9999999999999996 1.96652466141643 1.5809108985832705
9.999999999999998 0.025352936422260115 1.3936397501388466e-24 0.03431834552836429 0.08337617921991103 0.778702010359294 2.8413355258335655 3.9999999999999996 1.524143672207974 2.635483800018631 2.985502959900255 3.5144076801730795 2.751426789726143 3.6768732249123 2.6058043194358658 3.1038327686610887 2.6303176382532776 3.5642874581027937 2.4646394555345026 3.017660681760755 3.9608421808793697 3.8335942578275217 2.091425618498948 3.9999999999999996 1.9665246619961587 1.5809108917369565
9.999999999999998 0.025352936307120797 2.420639071850582e-20 0.034318344944233206 0.0833761799368291 0.7787020546167077 2.841335525317092 3.9999999999999996 1.524143671825176 2.6354838012242534 2.9855029586322233 3.5144076796945574 2.751426786981722 3.6768732241070796 2.6058043189597164 3.103832766010719 2.630317636378474 3.564287452167406 2.4646394553878355 3.017660678405512 3.960842176450112 3.8335942516163066 2.091425613594838 3.9999999999999996 1.966524651465313 1.5809108945077393
9.999999999999998 0.025352936186714078 3.1008009103607146e-18 0.03431834471462585 0.08337617989206413 0.7787020382519744 2.8413355253441104 3.9999999999999996 1.5241436717443766 2.635483798563069 2.985502957981818 3.5144076805283624 2.751426786990743 3.6768732267131083 2.605804316715002 3.103832765652283 2.6303176316010712 3.564287450147158 2.4646394522546897 3.017660677288233 3.9608421688075968 3.833594241766631 2.091425612196858 3.9999999999999996 1.9665246525171616 1.580910896079334
9.999999999999998 0.02535293641520979 4.668828466563631e-19 0.0343183456681054 0.08337617952096142 0.7787020263173053 2.841335525366465 3.9999999999999996 1.5241436719605168 2.635483799238871 2.9855029594672042 3.514407681595221 2.7514267881644225 3.6768732275108067 2.6058043205421058 3.103832769547212 2.6303176372917507 3.564287458934278 2.464639455915839 3.0176606803353154 3.960842179434744 3.8335942510299583 2.091425617659167 3.9999999999999996 1.9665246712629671 1.5809108939342396
9.999999999999998 0.025352936348705325 6.803141275643892e-19 0.03431834510974309 0.08337617964124273 0.7787020352023662 2.8413355257348796 3.9999999999999996 1.5241436720605739 2.6354838009071426 2.9855029592118587 3.514407680356982 2.7514267886177097 3.676873225123316 2.6058043197763237 3.1038327670838664 2.6303176365551133 3.564287458741162 2.4646394556607545 3.017660676839723 3.9608421778243015 3.8335942512757035 2.091425616516989 3.9999999999999996 1.9665246493321018 1.5809108913823733
9.999999999999998 0.025352936497654997 1.8271589477130363e-20 0.03431834618578516 0.0833761797052411 0.7787020641316147 2.84133552588358 3.9999999999999996 1.5241436724110118 2.635483799843027 2.9855029599714484 3.5144076816359666 2.7514267899539164 3.6768732278379628 2.605804321150254 3.1038327722445302 2.6303176389763023 3.564287462670458 2.4646394579952133 3.0176606869442195 3.960842182151523 3.833594255350178 2.0914256197168717 3.9999999999999996 1.966524665162442 1.5809108938381224
9.999999999999998 0.02535293635776813 2.8822296607418404e-19 0.03431834536638119 0.08337617996936206 0.7787020380428312 2.8413355253171693 3.9999999999999996 1.5241436716907808 2.635483799950579 2.9855029588656867 3.51440768056026 2.7514267890616733 3.67687322624549 2.605804319247678 3.10383276948444 2.630317636000278 3.5642874575913233 2.464639456078437 3.017660679991303 3.9608421748147777 3.8335942513603216 2.091425617290769 3.9999999999999996 1.9665246572304846 1.580910895176167
9.999999999999998 0.025352936476659503 3.384135821495843e-25 0.034318346109131044 0.08337617958099403 0.7787020100345459 2.8413355254911044 3.9999999999999996 1.5241436721996988 2.635483800551879 2.9855029600449736 3.5144076804785684 2.7514267908151555 3.6768732287660013 2.6058043199907432 3.103832770408363 2.630317638973488 3.564287457758155 2.464639456090366 3.0176606832795345 3.960842184126858 3.833594257655018 2.0914256233426434 3.9999999999999996 1.9665246699522816 1.5809108957517604
9.999999999999998 0.025352936474272794 1.5171693895012907e-22 0.03431834594732087 0.08337617965954511 0.7787020328704932 2.841335525852548 3.9999999999999996 1.5241436719608659 2.6354838011409942 2.985502960478908 3.5144076818130014 2.751426790254256 3.676873227708598 2.605804321249604 3.1038327700665422 2.6303176402407398 3.5642874627570165 2.4646394581345312 3.017660683053541 3.9608421853472158 3.8335942570720407 2.091425619703435 3.9999999999999996 1.966524658419271 1.5809108925919688
9.999999999999998 0.025352936420298264 2.730559116337829e-18 0.034318345531570496 0.08337617986004135 0.7787020207983342 2.841335525608196 3.9999999999999996 1.5241436721761998 2.6354838008634855 2.985502960437844 3.5144076814882754 2.751426791085274 3.6768732246182387 2.6058043192401925 3.103832768566042 2.630317638761083 3.564287459943773 2.4646394584552143 3.0176606782918918 3.960842181495056 3.833594252543682 2.0914256190432505 3.9999999999999996 1.9665246534134668 1.5809108925011017
9.999999999999998 0.025352936502674724 3.1111493305825835e-19 0.03431834610414502 0.08337617984037475 0.778702067450514 2.8413355259384776 3.9999999999999996 1.5241436721343944 2.6354838004061927 2.9855029603328256 3.514407683111626 2.751426788963837 3.6768732287228003 2.6058043197492493 3.103832771359607 2.6303176389549177 3.5642874630089434 2.4646394552706337 3.0176606854727157 3.9608421845716055 3.833594259536953 2.0914256189291796 3.9999999999999996 1.9665246687178963 1.5809108953854645
9.999988289379816 0.025354077776435505 1.1012782106408896e-09 0.03432241793465802 0.08336853796749033 0.7787815084194368 2.8413391023238224 3.9999999999972826 1.5243160098787936 2.6354900472712983 2.985510785031163 3.514417192917342 2.751436973357586 3.6768878351162178 2.60581987372124 3.103848817455856 2.630332719401032 3.5643108932635874 2.464658119214261 3.017687040006384 3.9608827968555897 3.833644843448524 2.091454002672872 3.9999953869436338 1.9666417855520846 1.5808881087979896
9.999999999999998 0.025352936575959654 1.3082224270945809e-20 0.034318346166455016 0.08337617967060466 0.7787020452878156 2.841335526150266 3.9999999999999996 1.5241436730214406 2.6354838004238594 2.985502960983143 3.5144076844723044 2.7514267907771726 3.6768732312015695 2.605804324495279 3.1038327743945335 2.63031764133015 3.5642874661255846 2.4646394614479834 3.0176606879917496 3.9608421901613085 3.8335942590793115 2.0914256207360244 3.9999999999999996 1.966524661837518 1.5809108891706143
9.999999999999998 0.02535293636207739 5.3058792795489794e-20 0.03431834511146535 0.08337617963948007 0.7787020361526599 2.8413355256701167 3.9999999999999996 1.5241436719972068 2.6354837995378064 2.9855029594847005 3.5144076804186364 2.7514267880616416 3.676873228132894 2.6058043177746244 3.1038327680366655 2.6303176383787474 3.5642874580021933 2.4646394559354277 3.0176606810769333 3.960842178531544 3.8335942457744334 2.091425614807642 3.9999999999999996 1.9665246565666799 1.5809108893017798
9.999999999999998 0.025352936431938006 2.0221233206925883e-19 0.03431834563374084 0.0833761800223224 0.77870203748746 2.841335525628212 3.9999999999999996 1.5241436723452737 2.635483801293651 2.9855029592412605 3.5144076809190903 2.751426788233892 3.6768732281014267 2.605804319863467 3.103832769908437 2.630317638061519 3.56428745783181 2.464639457210736 3.0176606816328477 3.9608421820069037 3.833594255493481 2.09142561847569 3.9999999999999996 1.9665246553800815 1.5809108942196617
9.999999999999998 0.025352936368677248 1.1574135926037616e-19 0.03431834516928159 0.08337617971079564 0.7787020133479953 2.8413355255815786 3.9999999999999996 1.5241436720502577 2.6354838017249866 2.98550295915718 3.5144076802241564 2.751426789090682 3.6768732274773512 2.6058043189766185 3.1038327705756066 2.630317637257261 3.5642874591450484 2.4646394555231543 3.017660681868871 3.9608421779894805 3.8335942513619643 2.091425614264148 3.9999999999999996 1.9665246530717577 1.580910890816621
9.999999999999998 0.02535293659099266 2.2895528789941856e-18 0.03431834669937599 0.083376180000189 0.7787020381328171 2.8413355259819713 3.9999999999999996 1.5241436723092208 2.6354837996266602 2.985502960842014 3.5144076818518086 2.75142679027282 3.676873230918688 2.605804324821488 3.1038327729262116 2.6303176392575587 3.5642874656512644 2.4646394599832058 3.0176606865449225 3.960842189934804 3.833594263265158 2.091425619484784 3.9999999999999996 1.9665246785198511 1.5809108977886381
9.999999999999998 0.025352936417675716 2.773520585260573e-20 0.03431834547618668 0.0833761796139784 0.7787020272559949 2.8413355254825556 3.9999999999999996 1.5241436722994697 2.6354838017792495 2.985502959530079 3.514407682731472 2.75142678739254 3.676873225285805 2.6058043201363055 3.1038327683449674 2.630317638369721 3.564287462452184 2.46463945457775 3.017660684650243 3.9608421782732948 3.8335942492366666 2.0914256162586384 3.9999999999999996 1.9665246598416588 1.5809108909492515
9.999999999999998 0.02535293640001282 7.680346600471723e-22 0.034318345402812034 0.08337617982421963 0.7787020102985387 2.841335525324299 3.9999999999999996 1.524143672241598 2.635483799890068 2.985502959778076 3.514407680223382 2.7514267894034856 3.6768732255791754 2.6058043204945527 3.103832769702128 2.6303176373614234 3.5642874594453753 2.4646394546605137 3.017660679465643 3.9608421802400495 3.8335942524422952 2.09142561568597 3.9999999999999996 1.9665246579954787 1.580910892994901
9.999999999999996 0.02535293645390109 3.960976080580529e-21 0.03431834576431309 0.08337617967239813 0.7787020128899721 2.841335525996832 3.9999999999999996 1.5241436720916004 2.635483799339118 2.985502959103719 3.5144076806996907 2.751426788357743 3.67687322753126 2.6058043219404703 3.103832768402021 2.630317637394846 3.564287459481078 2.464639456293488 3.0176606806028827 3.9608421800374884 3.8335942584131644 2.091425620216351 3.9999999999999996 1.9665246684918773 1.5809108953862112
9.999999999999993 0.025352936260539638 8.27158130149962e-20 0.034318344672564595 0.08337617986358054 0.7787020483648969 2.841335525287569 3.9999999999999996 1.5241436718309391 2.6354838005227794 2.9855029594036475 3.5144076797286234 2.751426787148178 3.6768732246666747 2.6058043187341897 3.103832766226002 2.630317634051626 3.5642874550868804 2.464639452388688 3.0176606737665304 3.960842172177417 3.833594244687105 2.091425614990311 3.9999999999999996 1.966524637986368 1.5809108914872319
9.999999999999991 0.025352944981085673 2.585025529363957e-14 0.034318375567016224 0.08337604599619867 0.7787035971762679 2.841335591050034 3.9999999999999996 1.5241437553190849 2.635484047690554 2.985503107390989 3.514407801752194 2.7514269131785523 3.6768732680110587 2.605804546202946 3.103832688175719 2.6303175109011496 3.5642872828272583 2.464639370489559 3.0176606528737526 3.9608419568116093 3.8335945208423983 2.091425891198062 3.999999999999995 1.966524497505866 1.5809103447821862
9.999999999999998 0.025352936396118044 1.208290815318849e-19 0.03431834527774575 0.08337617940983541 0.7787020589965191 2.841335525838975 3.9999999999999996 1.5241436722697745 2.6354838010211656 2.985502959428225 3.5144076822191197 2.7514267881834553 3.676873227049023 2.605804319983486 3.103832767699428 2.630317637945215 3.5642874603559074 2.46463945556452 3.017660683021021 3.9608421795902666 3.83359425002123 2.0914256163768026 3.9999999999999996 1.9665246580240638 1.5809108893203276
9.999999999999998 0.025352936458846145 4.504082542805408e-19 0.034318346211372336 0.083376180246551 0.7787020365905643 2.8413355256070916 3.9999999999999996 1.5241436720843073 2.63548380017328 2.9855029597421345 3.5144076822994053 2.751426788910262 3.6768732291458703 2.6058043198529197 3.1038327713538867 2.630317639296594 3.5642874604466828 2.4646394576090667 3.017660685608187 3.9608421846951196 3.8335942569927886 2.091425618986258 3.9999999999999996 1.9665246723090413 1.5809108994224639
9.905397206709996 0.02567499449764228 8.128789662580306e-06 0.03589665486227875 0.08285381884076595 0.784327141729202 2.8406459885308983 3.999999128295372 1.5243515545303334 2.636318266619143 2.9869915636559305 3.5167069663698864 2.754089712352988 3.6815859243020177 2.6099528902967486 3.1097593674469484 2.6361581119807305 3.5733169158672298 2.471670597276171 3.0272806317063643 3.989376582372346 3.849343847534594 2.1005755593105784 3.9987326753739887 1.990011024577024 1.58019989697648
9.999999999999998 0.025352936405755193 1.5487423213995339e-18 0.03431834538040002 0.08337617969317888 0.7787020100504569 2.841335525770398 3.9999999999999996 1.5241436720082018 2.635483801140894 2.9855029593147906 3.5144076820130263 2.7514267892981454 3.67687322647567 2.605804318938713 3.1038327683509896 2.6303176373017254 3.564287457599947 2.4646394563725122 3.017660679082015 3.9608421784850365 3.8335942513222983 2.091425615826075 3.9999999999999996 1.9665246583600802 1.5809108922353656
9.999999999999998 0.02535293651232487 1.4955297501237613e-16 0.03431834649297647 0.08337618011499769 0.7787020406799637 2.84133552551156 3.9999999999999996 1.524143672223642 2.6354838003030268 2.9855029601931617 3.514407680735927 2.7514267894760196 3.6768732276094083 2.605804321954005 3.103832771223182 2.630317639481351 3.564287460409012 2.464639457386963 3.0176606852746435 3.9608421854358307 3.833594259085764 2.091425622954453 3.9999999999999996 1.9665246714019913 1.5809108995396408
9.999996754035307 0.025353125372828873 6.261783655042891e-07 0.03431473159007994 0.08336372286688318 0.7788231417879193 2.841339604157991 3.9999999999927764 1.5241493023943924 2.6354994675644203 2.9855093877964065 3.514416374802232 2.751428719354333 3.6768905423890033 2.60581356284283 3.1038540925051383 2.630340376806988 3.564314782892022 2.4646583337557297 3.0176822192361072 3.9608836265470755 3.833605899814067 2.0914394853548286 3.9999986747449534 1.9666299732970303 1.5808300046800152
9.999999999999998 0.025352936498313376 2.753057431090589e-23 0.03431834588935166 0.08337617977206803 0.7787020353822197 2.8413355257260755 3.9999999999999996 1.5241436718604913 2.635483800849363 2.9855029599819085 3.514407680368356 2.75142679042011 3.676873227963281 2.6058043213194884 3.103832771168882 2.6303176379963533 3.5642874620013285 2.4646394575447044 3.0176606855072614 3.960842181066634 3.833594255022628 2.091425620609282 3.9999999999999996 1.966524665563507 1.5809108928114153
9.999999999999977 0.025352936259791726 7.151640382611076e-17 0.03431834496608183 0.08337618042396872 0.778702063263582 2.8413355254037573 3.9999999999999996 1.5241436718019656 2.635483798463275 2.9855029587527278 3.5144076790421637 2.7514267866997053 3.6768732237432613 2.605804317028695 3.103832765744894 2.6303176352229265 3.5642874554353035 2.4646394535435334 3.0176606783593694 3.96084217130782 3.833594245649991 2.091425612420615 3.9999999999999996 1.9665246530357945 1.58091089750812
9.999999999999975 0.025352936342240808 1.9708005590700724e-21 0.0343183451499467 0.08337618013101875 0.7787020453644827 2.8413355256958095 3.9999999999999996 1.5241436722104884 2.635483800797013 2.9855029594689473 3.5144076816267256 2.7514267888267963 3.6768732268230773 2.6058043196615914 3.103832767187101 2.630317636765856 3.5642874591816716 2.4646394580485134 3.0176606779881796 3.960842180230297 3.8335942465210664 2.0914256136856335 3.9999999999999996 1.9665246469943989 1.5809108920528563
9.999999999999998 0.025352936461119475 2.9599867166007946e-20 0.034318345886829096 0.0833761800468038 0.7787020626420149 2.8413355257884803 3.9999999999999996 1.5241436723741957 2.635483800295407 2.985502960393469 3.51440768163426 2.7514267902169904 3.67687322786572 2.605804322907213 3.1038327699964543 2.63031763782719 3.5642874595181127 2.464639457505255 3.017660683643547 3.960842186873983 3.833594259138183 2.091425621216781 3.9999999999999996 1.9665246539541277 1.5809108950114146
9.999999999999998 0.025352936023720907 3.63810672528351e-21 0.03431834260527754 0.0833761819416644 0.7787020194289516 2.841335524292109 3.9999999999999996 1.5241436701593878 2.635483796128721 2.9855029563347273 3.5144076780962843 2.7514267833679535 3.676873222711745 2.6058043112458154 3.1038327665907333 2.630317631359766 3.56428745183334 2.4646394495435264 3.0176606675363082 3.9608421656501545 3.8335942283188906 2.09142560335784 3.9999999999999996 1.966524601304793 1.5809108877412579
9.999999999999998 0.025352936443799757 6.607624618740021e-19 0.03431834565115706 0.0833761798361778 0.7787020730360087 2.841335525776285 3.9999999999999996 1.5241436721023867 2.6354837998072003 2.9855029595318867 3.5144076829635393 2.7514267896770255 3.6768732284183585 2.6058043191772797 3.1038327718056857 2.6303176413818035 3.564287460351953 2.4646394572413146 3.017660683764179 3.9608421858578473 3.833594249722552 2.091425618294758 3.9999999999999996 1.9665246581504496 1.5809108901915738
9.999999999997598 0.025352936324605568 1.0905490679541544e-19 0.03431834445250213 0.0833761801343431 0.7787020405256122 2.8413355256970756 3.9999999999999996 1.5241436716796042 2.6354837993133398 2.9855029592669564 3.5144076822344763 2.751426788606011 3.676873226031906 2.6058043180374852 3.103832767309346 2.630317635793139 3.564287457594014 2.4646394552260693 3.0176606764090814 3.960842178804269 3.8335942460677215 2.0914256151329735 3.9999999999999996 1.9665246362762916 1.5809108869439648
9.999999999999998 0.025352936437638366 4.925369671116082e-21 0.034318346222722056 0.08337617987185712 0.7787020086302366 2.8413355255877732 3.9999999999999996 1.5241436721669968 2.6354838009343737 2.9855029591317193 3.5144076810155265 2.751426789754569 3.6768732260748256 2.6058043202711674 3.1038327705537347 2.630317634865892 3.564287456931676 2.4646394568763585 3.0176606794572085 3.9608421800123415 3.8335942534682275 2.09142561990969 3.9999999999999996 1.9665246777155028 1.580910900873598
