6.9120456193219875 0.019391724271022523 0.018153708119425883 0.05952300251080908 0.0272880068544785 0.2624492926048769 1.6262853337866543 2.0703925281666997 1.120665258669979 1.0953200324854957 1.381773861959345 0.9992317099701425 1.132538004599339 1.2519286857478655 1.3698282921849192 0.7959756363648424 0.622914631680616 3.9933277804495586 1.2298901009614447 0.7182258334204015 0.3660046741566249 1.235777405895971 0.9806419561318086 1.2639248990149459 3.2648478045011387
5.522110823121344 0.01933560160290883 0.018433730750649538 0.05896225937705321 0.02761104834855878 0.2641802012254914 1.6963820355497234 2.068834077953042 1.1245207428570794 1.0940083026840979 1.3804094233807807 0.9984653444708632 1.1319528716587968 1.251612588734032 1.3698405635553683 0.7961302023682761 0.6231470203641905 3.996508786873174 1.230937081667324 0.7189841628163725 0.366547349009386 1.2381445228950363 0.9826734278737354 1.2680165211593146 3.3266998230044695
9.999999999999998 0.018904705747855355 0.006380351296177815 0.04411407079183694 0.027280818365802564 0.2664916967280478 1.5954227351494403 2.0385314722932284 1.1108003093644225 1.0714908270945362 1.335081901164363 0.9535313315472276 1.0673536273744917 1.1652066723322705 1.2590205783402637 0.7223574067926204 0.5581251762375856 3.533168802181327 1.0740583561881338 0.6191444804543604 0.31151209112565986 1.0384534456939025 0.8132528192069981 0.9264834905417808 3.0067766771438835
8.302165412048113 0.018919517933790445 0.01583401707210157 0.05360179409423099 0.027588124431755155 0.26491173557484377 1.6055422118270841 2.0645561196921767 1.1191691265183321 1.09049895914659 1.3718314055990086 0.9893031517136592 1.1181688833061243 1.2326336814090038 1.3450041503760453 0.7793666673881002 0.6081833479955352 3.8884945036786025 1.1940522375382008 0.6953133121270939 0.35341221906082065 1.1902342678993252 0.9417713316475109 1.1809046202322502 3.209423652510583
7.16769118173687 0.0189962617518742 0.01782080209749824 0.05602974413606636 0.027660286164391097 0.2633282011615753 1.6198425932578893 2.0689347734344254 1.1201476633185772 1.0939960063501797 1.379099415065879 0.996575091026261 1.12871499972955 1.2468283769876494 1.3633012209316189 0.791582296676685 0.6189874651300421 3.965870274874094 1.2203083889796869 0.712071047542278 0.3626813092048926 1.223976789035709 0.97048324663344 1.2399733601558527 3.272647408082743
8.473831285880433 0.01891361123777811 0.015944026590940318 0.05367193139708678 0.027556137078192974 0.2651620108919172 1.6024328301414728 2.0650734494809773 1.119286348343944 1.0908345890115596 1.3723922940639617 0.9898094379459543 1.1188553131517005 1.233516005459499 1.3461037964142877 0.780082869604811 0.60880368608711 3.8928536614829765 1.1955127707014537 0.6962336063768967 0.35391545450160744 1.1920486682564708 0.9433012542742577 1.1838719167296494 3.2107140299145236
7.558786271427518 0.02017730186631104 0.01737437185307369 0.06439381442743468 0.025435765722797227 0.30368611632787446 1.6203077348803088 2.071737123133718 1.121888221407508 1.0956900634560027 1.3822211821358334 0.999535794482848 1.1329270512693779 1.252454079431517 1.37041531090857 0.7961879372516429 0.6230028448963587 3.995430017051551 1.2302550267604082 0.7185032576621512 0.3662668109137175 1.2369390143773087 0.9815204897766069 1.2682432579394205 3.2329725487351086
8.166153264994096 0.018951006862610687 0.017374613316711297 0.055327489491483604 0.027507203863852265 0.26439758439693073 1.6055407486742193 2.0689834843860853 1.1205585531876132 1.0936242482074552 1.3779459949533883 0.9952457479649147 1.1266664313318133 1.2439627096959822 1.3595067269968724 0.7889901310477289 0.6166609559236585 3.9491128659814567 1.214546935412794 0.708363168612301 0.36061624343945764 1.2164185058261188 0.9640201583514199 1.2262538363677966 3.245625764290188
7.486362535316846 0.01898424924300111 0.018194237507028418 0.0563467572679023 0.027609212634202532 0.2638777437234951 1.6152911925743547 2.070491038252283 1.1208504813589948 1.0949724552492497 1.3808193316136272 0.9981799967593412 1.1309417527314425 1.2497404870673305 1.366979816236697 0.7940048503574938 0.621105511833035 3.9808838108932987 1.225368415380518 0.7152812311225304 0.36444760348454414 1.230375952863667 0.9759065137480656 1.2509253143233334 3.2736721614529145
8.885162456665276 0.018930107954660148 0.015247087424329522 0.0531075884036698 0.027426153689182192 0.26506077405376705 1.6047070109543131 2.0634140213548906 1.1192611580184726 1.0894554328191275 1.3697614010772634 0.9872173411993252 1.1151947354082166 1.2286693177147345 1.3399250569736405 0.7759639494256808 0.605185720393177 3.867369190369377 1.1868636848690175 0.6907392115665791 0.35089269286169344 1.1811053658322153 0.9340341156367977 1.1654331242763811 3.1885695425103013
7.813238345265682 0.01897205942428639 0.012798109792825573 0.05087961707124743 0.027525955519297932 0.26414881969355947 1.6096182497852538 2.0556090442592807 1.1160502932213776 1.0840718263719231 1.3597102236882221 0.9776141616878655 1.1016811759189693 1.2108553376025484 1.3173151406424568 0.7610301252276969 0.5921059852009742 3.7746526618007574 1.1556171132730277 0.6709334388622308 0.340011491499004 1.141735714962315 0.9007210290429708 1.0997562861023165 3.1540183113408187
6.310026408257014 0.01908488067772054 0.017894376809108423 0.0566326528274094 0.027706759998276435 0.2630609975803602 1.6430198142663037 2.067710792448295 1.120021448106319 1.0935454590746538 1.3787950795567618 0.9965201309787224 1.128829308144917 1.2471546786100582 1.3638776549090523 0.7920430225219642 0.619444886461267 3.9694273298926834 1.2216028512221424 0.7129440957759473 0.36318787633445065 1.2258879713535653 0.972158128828936 1.2441295847298575 3.298888753098483
8.990867278693257 0.0189241418252172 0.018145420189948386 0.055948226880057565 0.02740162018942653 0.26529353080264834 1.6009332510769865 2.071962527623169 1.122007174586969 1.0955626703475154 1.3814190042280359 0.9984971186565201 1.131193298561433 1.249894101819405 1.3670114406717497 0.793939576592945 0.6209946660537785 3.9798554858968607 1.2249129463183261 0.714941896993118 0.3642368393266376 1.2295457205463813 0.9751541970784335 1.2487198553802095 3.2523514514910774
8.847201724144735 0.018932050418396962 0.01735981961679752 0.055228769739631665 0.027430175180004415 0.265013329815335 1.6051268896005426 2.069482873759786 1.1213028119600656 1.093817621519019 1.3781542787793948 0.9953669815955797 1.1267781268323334 1.2440556480765408 1.3595744353154342 0.7890088258151822 0.6166610778236228 3.949038387373766 1.2144896215797114 0.7083117192024467 0.3605805061398672 1.216268101495943 0.9638779316018158 1.2257710314382395 3.234317470187651
6.910733659714226 0.01902213018649562 0.016876412716842336 0.055230304568065686 0.027649591839048165 0.2630503049831258 1.6239356972487349 2.0659310408408724 1.118981543526378 1.0919057237921828 1.375213030276375 0.9928466351559183 1.1234639601722574 1.239892603298905 1.3544756506903626 0.7857313447966697 0.6138486976489292 3.9294074865805637 1.2079688012023742 0.7042254506855863 0.3583575075592232 1.2082882022779853 0.957168068105669 1.2129898180245693 3.259524251033645
7.964862287834327 0.0189597726124614 0.01656364905816739 0.0545712191939182 0.027536127374023316 0.2641338521725928 1.6087364856423338 2.06642950960988 1.119717260607144 1.091838492494294 1.3745957370430546 0.9920317811042763 1.1221293055771902 1.2379620472362423 1.351865767397501 0.7839276985031675 0.6122138664761708 3.917493400587097 1.2038591949683206 0.7015682345952192 0.3568714582242394 1.202829497840523 0.9524877072878127 1.2029038270987018 3.230379223713729
7.751501997441549 0.018969865664770366 0.017484593412184758 0.055545604417714056 0.027561158203362544 0.26388483753917646 1.6106500433009108 2.0688228174753753 1.1203483460930435 1.0936346739925145 1.3781393057966163 0.9955134589257726 1.127113191481023 1.2446152474583771 1.3603941934826926 0.7896061463542917 0.6172212367379698 3.953206857287395 1.215962500566268 0.7092801851985211 0.36112986826642185 1.2183079618724315 0.9656423817610795 1.2297810859344838 3.254083130239
7.774469585242058 0.01896913692120533 0.017459907085846358 0.055521200274804845 0.027562005588838243 0.2638837764476001 1.6114655377073468 2.0687691034468125 1.1204394450677222 1.093582361116538 1.378038906867779 0.9954169319317111 1.1269768145468058 1.244434539910487 1.3601637164274318 0.7894534372246775 0.6170870555018779 3.952251108201977 1.2156394220486262 0.70907456099269 0.3610163602793318 1.2178958037493817 0.965292478450421 1.2290674456166883 3.2525079389225087
6.448080956363034 0.019069952047437 0.01786303816414622 0.056518163317777294 0.027703307950051822 0.2630935266616 1.6397724205815687 2.0679128059107748 1.1201577768316775 1.0935815189564495 1.37876328572603 0.9964517445672894 1.1287018398495297 1.2469578125215115 1.3636008163025053 0.7918469510368044 0.6192640203667997 3.9680911796258984 1.221135902973717 0.7126389967248027 0.3630154953643848 1.2252499159700707 0.9716075408923486 1.2428854102232307 3.2925675884279
8.009042088773239 0.01896002806552072 0.016811123322819355 0.05482268538817024 0.027525316935809452 0.2641174576470191 1.608963358990889 2.0671834569870513 1.120043694034519 1.0923546889401046 1.375589138420234 0.9929930904995207 1.1234975167894221 1.2397806907610462 1.3541893111123624 0.7854695477447827 0.613570975551331 3.92717577516825 1.2071314564124123 0.7036504924512561 0.35801989342231544 1.2070004661702958 0.9560298143719324 1.210097200763312 3.234686636946729
7.897616443547505 0.018960287303449296 0.01748466271957433 0.05550159700009994 0.027569040074239215 0.26363038808740213 1.6157548092316847 2.0688863506512996 1.1209873216451267 1.0935954999371946 1.3780851725531449 0.9954708582535182 1.1270628862840013 1.2445569153361007 1.3603316429161854 0.7895717894688983 0.6171960854550024 3.953058493920269 1.215910887608381 0.7092483782280704 0.36111403687107313 1.2182657066573797 0.9656147157482976 1.2296796166319202 3.247995036897984
9.112188414069292 0.018923167550905527 0.013685642915987062 0.05149821168416075 0.027383485862180004 0.2655161795568782 1.6006350509860452 2.0591492018598454 1.1177486062293933 1.086355234549418 1.3637202745317114 0.9813226554251749 1.1067968887126653 1.2175049624902945 1.3256668862428171 0.7665026355499245 0.5968687227700633 3.8082293767582174 1.1668820224514138 0.6780448588158421 0.34390370052764596 1.1557730944263989 0.9125648010034633 1.1226417055812095 3.155278044020692
8.642888705129366 0.018920930199452995 0.015285276998839319 0.0530247475666691 0.0274366260112087 0.26531022223038686 1.5913372091754403 2.0635731422526034 1.1182289116031847 1.0896592124773123 1.3700280935805709 0.9874293421026371 1.115439110936788 1.2289475605613154 1.3402402381519305 0.7761575823468326 0.6053408493232215 3.8683229069220455 1.1871779213308042 0.6909269475462858 0.35099073940526043 1.1814388869837407 0.934300421286107 1.165769608547774 3.2007834662980024
7.3973110561835975 0.01898116184455139 0.01703827397370954 0.05515067976833017 0.027619376891223762 0.26368169337384134 1.6120386399034974 2.0670592222433215 1.1192323432006113 1.0925775295969937 1.3762091179860063 0.993690418255185 1.1245490358825287 1.2412346213567567 1.3560999481520128 0.7867703220510086 0.6147324546615718 3.9354642838053566 1.2099832822005654 0.7054815217747534 0.359037535779074 1.2107141484869404 0.9591971088391454 1.2167255277177678 3.252894710910835
8.673919844544296 0.01867306538219016 0.00024288897214149705 0.03651872260573701 0.027591419587520313 0.2634535335540449 1.5844942560878952 2.020990670324789 1.1046625994449448 1.0589295513665036 1.3111824678898971 0.9306463111407764 1.03530940826372 1.1232970820247543 1.2063361112364148 0.6879409640164103 0.5283354635016344 3.3232109731097133 1.0046148842416518 0.5757060289741354 0.2879624925764502 0.9542693938743665 0.7430005556136897 0.8041748026047072 2.9216869076177963
6.817766534516253 0.019042182130924644 0.018333795123870244 0.05682599738112833 0.027644990329904553 0.26318796286516494 1.6300110872677311 2.0699488503250927 1.12071529538925 1.0948030540951201 1.3808970838292596 0.9984270937294928 1.1314478972161475 1.2505508309340094 1.368140754828608 0.7948321359224956 0.6218760953441343 3.9866867616756383 1.2273891281425222 0.7166061635507368 0.3651982377492345 1.23316648023352 0.9783221744999759 1.2564645645525971 3.2915727232417433
9.999674527370907 0.018905672850861158 0.009769504914179088 0.04751163158720639 0.027289454311571076 0.2664074290026547 1.5976104098685129 2.048282051919932 1.1142064508271856 1.0784659366050038 1.348422495269816 0.9664182759851407 1.085582226006779 1.1893067263027703 1.2896541352242672 0.742600284007492 0.5758511420679607 3.658746523679978 1.1163452680834147 0.6459210902744299 0.3262072011225791 1.091562216010191 0.8581208698544809 1.013536684220456 3.0729970741143258
7.013988773726716 0.019022953219542706 0.017934778090721665 0.05631350885871472 0.02763500417476191 0.26319944344695684 1.6257400027961153 2.0691272886986742 1.1204925592960802 1.0941121057068457 1.3794441183493378 0.9969595446339377 1.1293156161239406 1.2476738813706465 1.3644233917345694 0.7923422669561757 0.6196701514700675 3.9708855357268997 1.222014902331364 0.7131704315451938 0.36329474479965357 1.2262280839309 0.9724110666236632 1.2441373734374477 3.2775940799345764
8.479389843387596 0.018929234919071194 0.017074526638904113 0.05487164412051438 0.02746563627150177 0.2650519115068719 1.5951058392686266 2.0685364134798734 1.1199578048303611 1.0932678544940413 1.3770379267160746 0.9942675620244604 1.125183718725783 1.2419127137164283 1.356815541204963 0.7871701657772953 0.6150337957658477 3.9373344468859672 1.2105307738311337 0.7057852327431854 0.35918361182264813 1.2111788155652352 0.959543597312702 1.2168225025252224 3.2394940081736685
6.545342046762956 0.019060187395352785 0.01624454149026476 0.054819446731441845 0.027657279094514063 0.2629856183850668 1.6320086752749126 2.0635599951192596 1.1180810731066926 1.0904023411341792 1.3725219073608967 0.9903160608997958 1.1199313582980477 1.2352585539251733 1.348610343649859 0.7818619338998269 0.6104606796995358 3.9053914097252376 1.1998713226873445 0.699089579150937 0.35553375898189626 1.1980603621567825 0.9485009669510797 1.1956578289186635 3.2576114059630044
8.218745955535246 0.01894896449414896 0.017196249616077314 0.05513609180312468 0.027497582599919166 0.2644856774327412 1.604443710890428 2.0685366358306623 1.120391018019164 1.0932890303371439 1.3772746829016644 0.9945810016043579 1.1257106729775808 1.2426830841548753 1.3578628373665917 0.7878935270003942 0.6156925429252159 3.9421995216929644 1.212201612683171 0.7068675046695738 0.3597897692602223 1.2134121760800958 0.9614633200955723 1.221009338319073 3.2413958161886005
9.999130505127276 0.01890566443228715 0.009714157765328493 0.04745590481758142 0.02728912685431092 0.26641060083270096 1.5975775164986759 2.048128141443217 1.1141525018923648 1.078356521873605 1.348216429833577 0.9662225881597261 1.0853103634423007 1.1889540257377016 1.289214331953645 0.7423153292663149 0.5756066642696913 3.657050407194972 1.1157864378287983 0.645575080492148 0.32602164024376623 1.0909085162578365 0.857581737570583 1.0127308061341747 3.0719014239271782
8.763626681126613 0.018927739297256645 0.01804279053880451 0.055845067867179285 0.027416252176573962 0.26546148521525437 1.5969580784888773 2.0715849353692577 1.121448177182616 1.0953415190062001 1.3809927110240712 0.9980848126485713 1.1306044150978076 1.2491099942855755 1.366007352370657 0.7932712362813469 0.6204044709011346 3.9756337590508672 1.2234844070874809 0.7140314762705078 0.3637340369284405 1.227714217934964 0.9735943188854582 1.24551195413447 3.2556819361729623
8.826782647764029 0.018929744759968593 0.015432267046273962 0.053255837445915194 0.027395766527606766 0.26546429768872964 1.596409149777917 2.064154432479529 1.119005433345442 1.089983420582373 1.370661908323278 0.988041594828021 1.1163152225754043 1.2301138065516268 1.3417298807422657 0.7771422451652299 0.6062060404661346 3.874519684054178 1.1892591860890855 0.6922478503697185 0.35171755409530164 1.184069454925338 0.9365292878794438 1.1701998744166275 3.19862746575213
8.580307381511915 0.018906759473143568 0.0181404462573478 0.05577708119507959 0.02749199272875323 0.2645735817160738 1.5951280747817962 2.0716359058076215 1.121102577932107 1.0954669602277156 1.38124709399411 0.9983484308302947 1.1309770070638963 1.249605341187009 1.3666489431534947 0.7937105022282696 0.6207956155325669 3.978357419234163 1.224419905711528 0.7146262305341252 0.3640627823330902 1.2289220085781476 0.9746276706779864 1.2474965350493679 3.261279530178494
9.055329667004314 0.01892631760041108 0.015957890152526754 0.053795118009576474 0.027399369969342145 0.26531913383455596 1.6031515833926828 2.0656139934779594 1.1200187822265348 1.0910024949132664 1.3726752058449285 0.990016140071397 1.1191461710212072 1.2338934880390564 1.3465729629082566 0.7803647567395062 0.6090478224231348 3.894799987255424 1.1961257856851641 0.6966211597217216 0.35413064138536043 1.1928412175319845 0.9439817114374218 1.1853486044445676 3.202575057653764
9.0875568675687 0.018925760100526934 0.017072273682121608 0.05490231266342911 0.02739151993872229 0.26542977907022747 1.6022855683917547 2.068888148218902 1.1210986226311987 1.093345360108105 1.3771519054503918 0.9943504467641451 1.1252951821110806 1.2420519700517072 1.3569840203657828 0.7872731968439038 0.6151227587857774 3.938018889751496 1.2107441281463214 0.7059187255529819 0.3592560865250814 1.2114432317811448 0.9597693715003514 1.2172892453023416 3.226758080256233
9.999724504960037 0.018906682578577444 0.01032615814787173 0.048077575232570474 0.02729001333889206 0.26640190891146964 1.597968071030927 2.049855710010657 1.1147602866356592 1.0795833882537709 1.3505282664673732 0.9684219842994799 1.0883729877058497 1.1929380187146885 1.294196339448562 0.7455529279286958 0.5783932292190844 3.6764471008562807 1.1221997291280372 0.6495606082878449 0.3281672129027806 1.0985006330162264 0.8638687309950711 1.0225884340377789 3.08411314273342
7.653003493718288 0.01896443349394164 0.016792871834932645 0.05480050531196118 0.02758455746800713 0.2639809800276156 1.6059042634364975 2.0667125261585615 1.1190203204013605 1.0922393748048993 1.375417401138373 0.992856203091432 1.1233100042442559 1.2395411196194899 1.3538933643668536 0.7852830977129699 0.6134091387327353 3.9259635583064973 1.2067434186650017 0.7034069056278326 0.3578870721706018 1.2065175529553884 0.9556195948759946 1.209279752065608 3.244042313515511
8.097936869264402 0.018943120473535687 0.015955757949117386 0.05383673226087483 0.02752001672989311 0.264558391689338 1.5991422921624239 2.0648856522184498 1.1185673404522027 1.090760183770871 1.372369317409938 0.9898050086411228 1.1188988370331645 1.2336154988647843 1.3462655084797825 0.7801887826627812 0.6089074474405083 3.8938153725769613 1.1958337736464975 0.6964492867608892 0.35404265624523285 1.192537215185031 0.9437345398973987 1.1849989527948983 3.219908507605683
7.251505816058899 0.018991948109239265 0.016453686172816177 0.054643487833811 0.027648367193680603 0.263460273725728 1.6189044164771489 2.0652013375651124 1.1190421785661104 1.0912439377257162 1.3737433165093236 0.9913461639672957 1.1212576288496825 1.2368972343259064 1.350591671731112 0.783129412358813 0.6115398829428389 3.9127924131530682 1.2023294919688057 0.700620636740679 0.3563609155868001 1.2010090094289907 0.9509676419128781 1.2001502238123865 3.2408999592667946
6.836866377113092 0.019019650658167124 0.01673231838126572 0.05506788956323219 0.027685317896544798 0.26310511822109706 1.6241278484119834 2.0653142625562766 1.1186106996684735 1.091583301171428 1.3746107834069132 0.9922729614260292 1.1226431756155315 1.2387994183507882 1.3530780045628155 0.784807983787848 0.6130354065439843 3.9235405550016504 1.20599851713429 0.702971846706431 0.3576659889356901 1.205772377734142 0.9550299355171896 1.2086183427716788 3.2589955216975994
8.93725993683764 0.018929217129472282 0.01592212038255183 0.053775834695005416 0.027416326515765782 0.2651535987145746 1.6040638327164543 2.0654129996745687 1.119932456768727 1.0908790841613594 1.372474893562758 0.9898391654593464 1.1189092483916214 1.2335916866210368 1.346199291883713 0.7801225444804705 0.6088387691136996 3.893334883106801 1.1956366221163215 0.6963134703329917 0.35396262290524655 1.1922366823923936 0.9434724397583765 1.1843649503006581 3.202736329452238
8.632565403647938 0.018922383736309126 0.017738989473781684 0.05549118294467523 0.02744689585296817 0.26518202565241344 1.5939597448782619 2.0706425291863453 1.120753864344799 1.094731332553762 1.3797857521513974 0.9969058603833885 1.1289090328544598 1.2468404594913358 1.3630924853991022 0.7913309819675428 0.6186899501029636 3.9633309542910347 1.2193186451968014 0.7113723500426617 0.36226288237820137 1.2223540517475926 0.9690296126367484 1.236023463758831 3.2523203778457486
9.570540625722824 0.018917602849889237 0.015042110179234326 0.05283678383338637 0.0273221471696215 0.26609633309210506 1.5998127051449988 2.063389987704906 1.119348109425529 1.0893222882644893 1.3692969448244827 0.9866686934948404 1.1143321173022893 1.2274509786351764 1.3383036045065535 0.7748545438112696 0.6041869214986524 3.860134100628971 1.1843794950491198 0.6891396833707342 0.35000195237851345 1.1778390257123321 0.9312406906734503 1.1595382266627712 3.1815712360499013
7.233749648359198 0.01898662789791971 0.016792646540610343 0.05492520471309062 0.02764599093995371 0.2635576211350706 1.612191886951131 2.066076683336026 1.1185500731093618 1.0920055031156568 1.3751657927598109 0.9926990760750897 1.1231524598143343 1.2393911857575868 1.3537562485241579 0.7852208378348497 0.6133722967181203 3.925771152951117 1.2067159427189607 0.7034058765491754 0.35789441781421616 1.2065661961116845 0.9556777624204447 1.2096146330230364 3.2523270532881137
8.4956741962167 0.018931394263264692 0.01695335333145288 0.054778218911176686 0.027471263931105938 0.2650142509635323 1.5985773490776254 2.0681529310980844 1.1201193894108796 1.092976188577207 1.376510435147204 0.9937727312497187 1.1244950333670947 1.2410102600973918 1.355674005493687 0.7864180296507222 0.614375970141398 3.9326742948486517 1.2089594638693872 0.7047885718985473 0.3586352664994416 1.2091931759959 0.9578613696068057 1.2134521747374563 3.2346422272719595
7.079500668383293 0.01902430087845043 0.018297103790944572 0.05669490723824493 0.027620363619775906 0.2632432338020908 1.6270161017928495 2.0702674225673916 1.1211422070782007 1.0948631354814706 1.380892224790576 0.9983693488567842 1.131328374731311 1.2503568686881081 1.3678598711662515 0.7946279326732845 0.6216858139046858 3.985290311170071 1.226893269798863 0.7162804995913713 0.3650137405970774 1.2324816798712501 0.9777305758563497 1.2551081544389078 3.2825074666028304
8.084160136069478 0.018953491514833935 0.0176344932823295 0.05558991019422726 0.027507278316359626 0.2643800973820367 1.6032933976613408 2.069683277292743 1.1204960935906805 1.0941628761566082 1.3789837228102917 0.9962527558863893 1.1280976096576223 1.245864956908535 1.3619379127531313 0.7906049486610381 0.6180824153331418 3.959241260035724 1.2179760760536125 0.7105466873409458 0.3618215320413072 1.2207973328766015 0.9677400905141208 1.233855025997386 3.25420974520972
7.596433454205459 0.018988668327420105 0.01543267366847911 0.05363275532268298 0.027572448193961315 0.2636972980689383 1.6189427241768242 2.0627901342026935 1.1188700438941606 1.0892754760312684 1.369866876465413 0.9875337530626872 1.1158173415817352 1.2296510801587859 1.3413196968395324 0.7769576499360072 0.6061051233499819 3.874181367555784 1.1892398400920903 0.6922902574475339 0.35176736007342685 1.1843378048908806 0.9368180447110136 1.1715713160677976 3.2092664994556093
9.999114779980383 0.01890544703359929 0.008714150096270018 0.046453844027967706 0.027286360469375444 0.2664375741876968 1.5969328058245627 2.0452509725002437 1.11314793240971 1.0762975794048828 1.3442761738357063 0.962414326814351 1.0799208752561529 1.1818251066208512 1.2801483927867314 0.7363216128342505 0.5703556754445119 3.619832609787403 1.1032478134800283 0.637631702854285 0.32166021703558006 1.0751388496270728 0.8442526338548227 0.986757971406083 3.052123478148561
7.117029710068524 0.01900110285187797 0.01684409613521985 0.05508537189863623 0.0276627233645611 0.2633245188140985 1.6212021927883187 2.0661090250353045 1.1192756045396484 1.0919639642636683 1.3752026318775459 0.9927952137262536 1.1233436927831622 1.239692139680344 1.3541832064236374 0.7855249063841603 0.61365487199343 3.9278890984373787 1.2074500116453681 0.703885146146786 0.35816436300248045 1.2075663324956536 0.9565417628722189 1.2115461056615284 3.2524635529502777
8.022869528149329 0.01895727922845092 0.013247277090582446 0.051237448903307205 0.02751197074331335 0.2642488722533706 1.606295319180809 2.0570597883785147 1.1165259262099443 1.0850698004001622 1.3615528416098681 0.979362908283625 1.1041330737920976 1.2140777000254817 1.3213944092673071 0.763718988012739 0.5944571590452076 3.791291152147063 1.1612168370051426 0.6744777609751277 0.3419554546407517 1.1487606623004842 0.9066577459771166 1.111338585090018 3.1604117724960505
6.416238481480303 0.019072806485567747 0.017444901601284476 0.05611400718439933 0.027701916692409033 0.26310187132890417 1.6399015093482459 2.0666740130983188 1.1196749992126562 1.0927160247431302 1.3771044174105154 0.9948393221534884 1.126407152013997 1.243905961931032 1.3596983826539524 0.7892524990754426 0.6169784900264347 3.9518027251293035 1.2156184326351576 0.709124559960343 0.3610753964474278 1.2181983253822228 0.965614145060934 1.2306119403332079 3.2851401625323664
8.924521112698935 0.01892912883010617 0.01599719160515861 0.053844022146321745 0.027411365196547577 0.2652368673709373 1.6026733146745689 2.0656593815881967 1.1199392817653884 1.0910561156297711 1.3727967734959075 0.9901443865738696 1.1193351350790008 1.2341507976632158 1.3469074374476757 0.7805899679574516 0.6092476398441251 3.896227301393293 1.1966127679514402 0.6969325065322918 0.35430310445891083 1.193469278109064 0.9445159855813727 1.186446334351618 3.205412687535486
8.575927241007285 0.018945843913292074 0.017935448398858155 0.05590059720185224 0.027469769823008982 0.264684309719951 1.6098811112889824 2.0708583666329243 1.1218416797404842 1.094864655986105 1.3802889215077334 0.9974994296484727 1.129858913156682 1.2481947722635889 1.364905100439421 0.7925704634972741 0.6198103913442617 3.9715562790249037 1.2221365268178686 0.7131934306388025 0.36328089411233017 1.2260971623318966 0.9722422847978585 1.2430457692963455 3.247725190902711
8.433025699796959 0.01894358697437228 0.016146466635018595 0.054069683508125854 0.02747368929055595 0.26462179063456526 1.6056109596690626 2.06568226907538 1.1197589970118467 1.0911687961688734 1.3731615853510917 0.9905679685175064 1.1199943689217717 1.2350771091745785 1.348136462818506 0.7814284883855215 0.6100005806234011 3.901673630670935 1.19847933685944 0.6981328639649323 0.3549711394017068 1.195913461276931 0.9466043500912737 1.1908328978914957 3.2142377888833926
8.181852898747728 0.018949543219932977 0.017664553823319024 0.05559997148661749 0.027497111980460096 0.26447682139042245 1.6029610232180453 2.069868595287751 1.1206645466262994 1.0942638525349182 1.3791470654657485 0.996397512932486 1.1282923727366831 1.2461138196859016 1.36224677138433 0.7908057922977408 0.6182563528748777 3.960463266249042 1.2183849581275943 0.7108044913866366 0.3619624305170898 1.221305579432303 0.9681692358124178 1.2346971170252699 3.2531285270056087
9.999961202689827 0.018906325906104422 0.00921196833774716 0.04696038151743709 0.027287372566148396 0.2664277165413912 1.5972472088852099 2.0466400843594847 1.1136376408320383 1.07728137073707 1.3461182051369904 0.9641545930726048 1.0823262539914469 1.1849296345246711 1.2839989817415915 0.7388025612556411 0.5724717535591561 3.634423003156139 1.1080236608304825 0.6405683406244332 0.3232235381074016 1.0806030061438494 0.8487215785793804 0.9927339815453264 3.0619967994093433
7.147246173023752 0.01900608058190329 0.01699677692137956 0.055273612690536475 0.027640704689760844 0.26314707819691924 1.6234474192581199 2.0666408103732077 1.1197536630483698 1.0922527715224324 1.3757846106357132 0.9933667950603569 1.1241758839391298 1.240813034084464 1.3556279835466183 0.7864859103909868 0.6145055657092405 3.934037432783078 1.2095240043902622 0.705208302429957 0.3588958977994893 1.2102327257879224 0.9588125076907615 1.2162296636457361 3.2537137605205477
8.955990281601585 0.018929125317555875 0.016986212864695583 0.054841880964692 0.027418401164255913 0.2651331521686605 1.6048386217100976 2.0684802216170968 1.1210113039769645 1.093079876979734 1.3767078735591691 0.9939490828558426 1.1247511155585712 1.2413519233990957 1.3561103982323925 0.7867030709882207 0.6146282636777123 3.9345429422768925 1.209577733012347 0.7051823066770719 0.3588525979983467 1.2099874781255706 0.9585401429357296 1.214865182597777 3.2248888683492556
8.225221226271108 0.01894018540000005 0.01604832291364112 0.05392317176903005 0.027508568952796048 0.26467949003236757 1.6006102029371665 2.065267953328838 1.1189991220382558 1.0909800579427713 1.372768907932236 0.9901847127823074 1.119431790500587 1.2343169285814906 1.347155272171018 0.7807768453503294 0.6094229138434616 3.8974727743328432 1.1970672395324287 0.6972318484256605 0.354472960569992 1.194096455945126 0.9450559698581511 1.1876415224688714 3.2186389162009554
9.999712567497133 0.018905800932491244 0.009872381051427521 0.047615714445939136 0.027289642904351992 0.26640558523458563 1.5976763959404277 2.0485744706036746 1.1143090446451194 1.0786741829439865 1.348817142661883 0.9667959416158763 1.0861113350499054 1.1899994071743312 1.2905259861519693 0.7431706898085718 0.5763455457917428 3.66221305035474 1.1175002081516616 0.6466445355767676 0.3265998830114959 1.0929644089778419 0.8592923011974539 1.0155680240705631 3.0750374656299226
6.168385532541288 0.019101440787639753 0.01793749176885272 0.05676822529656243 0.02770879037044571 0.2630463141967062 1.6467289543366925 2.067507723754962 1.119899309919802 1.093523505238216 1.37886727223733 0.9966312429168653 1.1290201619834646 1.2474382304212717 1.3642675013446293 0.7923153578983669 0.6196936807631571 3.9712512353907927 1.2222363518141701 0.71335606316242 0.36341958520935824 1.2267427217288738 0.972893664005834 1.2457650396263016 3.3060588215350406
7.37803122618007 0.018999098746527967 0.01825909933425017 0.05650065000011205 0.02759271270439736 0.26365887115101316 1.6179463070314106 2.0705705423251732 1.1209376433385645 1.0950177309584985 1.3809939345100266 0.9983789449134112 1.1312631629565835 1.2502009329014003 1.367597818021625 0.7944243133602465 0.6214850665736479 3.9837142290551615 1.2263297226301604 0.7159026183051637 0.3647956444228029 1.231659060519517 0.977009426724518 1.2533505602496755 3.2770007299070447
8.496439087083168 0.018939723345703315 0.0173614931936823 0.05525423235223052 0.02746425329928531 0.26481279519181883 1.6031417088308824 2.0692738393701733 1.1208398502404713 1.0937467235468636 1.3780665235805263 0.9953095178206947 1.1267132684774883 1.243985848259255 1.3595005069739559 0.7889683413622125 0.6166298198869706 3.9488230521447623 1.2144294840814536 0.7082779254294153 0.36056413897460515 1.2162134139287133 0.9638345763116463 1.2257382188151504 3.2408635206097047
7.050789205834714 0.01900184299502783 0.017754404806708885 0.05597804961139743 0.02766110842363792 0.2633272185054874 1.6165911075448431 2.0685149499404227 1.1193361597578058 1.0938451745037994 1.378836194340252 0.996319433187889 1.1283500956228136 1.2463431961242728 1.3626805828483861 0.7911686325770271 0.6186222601117219 3.9632629242855506 1.219426860409697 0.711509972888855 0.3623719805309782 1.2228512169351582 0.9695254202818716 1.2380249210301406 3.2769551431024286
9.999837631323256 0.018905544051813886 0.008673164209775631 0.046414224564889285 0.027286457788511638 0.2664366606982599 1.5969021654647375 2.0451189125226197 1.113102736198168 1.0762006407090465 1.34408024887806 0.9622143776109107 1.0796225678410705 1.1814098129650312 1.2795940790204798 0.7359377467767267 0.5700039499208386 3.617230188550066 1.10233359640557 0.6370287023786637 0.32131599400445404 1.073843657524981 0.8431180150340212 0.9838233064728876 3.051359899854161
9.999835936610879 0.018906452450884126 0.007908584945315397 0.04565792232023476 0.027283194807947896 0.2664683835461746 1.5964073774276597 2.042870855960462 1.1123248234850784 1.0745778746013643 1.3409214584862088 0.9591099615603468 1.0751559261639656 1.1754036895740168 1.271832330750526 0.7307241472517874 0.5653637123181825 3.583824961066558 1.0909029994955795 0.6296749410881824 0.3172163029777344 1.0587844672314637 0.8302000631345096 0.9551983858683363 3.036300009512639
7.417774061124483 0.018984164140269592 0.012688776948243235 0.05081606990907828 0.027578736328688146 0.26372591795051065 1.609845471964084 2.054838675939096 1.1151238431859658 1.0837066648264673 1.3591236437951046 0.9770946760967428 1.1009826146840664 1.209963878188982 1.316210596042922 0.7603153572209305 0.5914896420714431 3.7703214903474507 1.1541790303323944 0.6700311640246135 0.33951973158250576 1.1399702413112818 0.8992368816826514 1.0969767789902012 3.161817025317575
8.00987640253985 0.018960736011975364 0.01751022856738249 0.05552977904583101 0.027529916342312336 0.2640729942124897 1.6101453255921778 2.0691684146488947 1.1207887270986217 1.0937816890406298 1.3783506907544758 0.9956835387232482 1.1273307684355625 1.2448817978812847 1.3607138025066883 0.7898070415160375 0.6173915086335706 3.9543987944875183 1.21635071216851 0.7095211169842285 0.3612597392853109 1.2187716902912522 0.966030591648369 1.2304944907587183 3.24906330939131
7.9562634298057135 0.01896320712680177 0.01680006395231308 0.054844481435283546 0.027549317883520986 0.26384976467675963 1.6139013477984165 2.067028985548823 1.12030539575177 1.0922439711765684 1.3754444541073498 0.9928842767908326 1.1233715767040076 1.2396375681488976 1.3540282600310565 0.7853735171601626 0.613494406657544 3.9266779344375156 1.2069739573498233 0.7035564303782581 0.3579706489177429 1.206831129853085 0.9558938231824986 1.2099017269736212 3.2326295856501592
8.572377109351581 0.01892948200039767 0.017566658175058567 0.05538172077229169 0.02746159661390328 0.26510122551232035 1.5984154302742162 2.069995815351324 1.1208004187442862 1.0942798993480718 1.378994032045988 0.9961742960226383 1.1279014596434698 1.2455301071825096 1.36144307420994 0.7902474153827661 0.6177449130994345 3.9566573661804507 1.2170749025769143 0.7099529749414706 0.3614837884191229 1.2195376556970126 0.9666463370349937 1.2313288154210629 3.2468325021095006
8.394927595664557 0.018945841766047626 0.0170717931544599 0.05502440471941852 0.02750086167042104 0.26432916027147296 1.6105202379959116 2.0682065055839733 1.120867841361524 1.0929938682300075 1.376741039289929 0.9940750259800301 1.1250084480461102 1.2417627094886496 1.3566978101449783 0.787124366254759 0.6150203343029222 3.9374555044541983 1.2105974985014334 0.7058494504063325 0.35922909443202317 1.2113816477933248 0.9597441072000381 1.2175510337871094 3.2317037068744514
7.453688978195748 0.018993874028907766 0.01816624288836411 0.056375349790036125 0.027582854419606048 0.2637492728711534 1.6160427529953105 2.0704132362963565 1.1208464598098709 1.0948800781952732 1.3806838783109654 0.99805631981758 1.1307864101767737 1.2495510653470439 1.3667522988728609 0.7938549352199239 0.6209784930799052 3.980075096243752 1.2250884718666073 0.7151073238119039 0.36435426649539376 1.230047520160398 0.9756343719979327 1.2504605996229217 3.2738447921465332
9.998807834197464 0.018897792193934244 1.0843699136330113e-08 0.03766974255577482 0.02726887489978423 0.26660862856789347 1.5913295830954095 2.020492706170019 1.104457894055882 1.0586705999067418 1.3108815140902652 0.9304604224326625 1.0351513550118185 1.123201654007962 1.2063387810636639 0.68801070549191 0.5284559191991249 3.3258329046969357 1.0052017841243233 0.5761477466780655 0.2882443382979219 0.9555934029466617 0.7442286976659535 0.8092341009110031 2.887547251485206
8.78046739769824 0.018928740038041292 0.01508710379653909 0.05290558239121854 0.027411028906360307 0.26530460009074847 1.5973880220345968 2.063045332734971 1.1186512045924455 1.0892062358313044 1.3692122576674077 0.9866557491958456 1.1143673397690395 1.2275470129806625 1.338471773038935 0.7749901752542399 0.6043218312770942 3.861167042107034 1.1847598205672178 0.6893963103262362 0.35015057568981484 1.1784041667856993 0.9317356286791382 1.1607469108497472 3.191251922880602
9.999113711072305 0.018905805818385094 0.009456059753332344 0.047199085739606815 0.02728822590486844 0.26641937782526137 1.5974110531910015 2.047379183218011 1.1138919100587374 1.0778187211827037 1.3471802174786787 0.965214309323052 1.083873779058741 1.1870408697582535 1.2867651012940828 0.7406853164580375 0.574169104451016 3.6467937712140914 1.1123078776874755 0.6433566760492848 0.32479549709585864 1.0864439296309885 0.8537835507574532 1.0048837876153345 3.0667665065786016
9.999999999999998 0.018901101536434744 0.0010444109801497452 0.038745014668304815 0.02726886986889183 0.26660851592791474 1.5919935670924366 2.023386413924884 1.1054837514713602 1.0607101725702428 1.314667192182937 0.934007727918327 1.0400154850767984 1.1294304833965845 1.2140076967594648 0.6929166763854947 0.5326111194344796 3.354291785112944 1.01445569232825 0.581802020351456 0.2912363450598518 0.9659821750857099 0.7526823926469515 0.8202839738098479 2.906471460007705
7.232850626421018 0.01900838125583952 0.016957243599717235 0.05525261380794426 0.02760472756156513 0.2635547742225241 1.6202859511764494 2.0666871414748558 1.1196266684832072 1.0922647698787913 1.3757459136052916 0.9933014058997625 1.1240567724386759 1.2406339661091446 1.355380575034858 0.7863107685456843 0.6143435778154387 3.932851972257547 1.2091104133151682 0.7049397468651016 0.35874610039789345 1.2096801223563578 0.958335376322186 1.2152004292380838 3.252014637349601
9.99999996728067 0.018905348715908522 0.007690012507579736 0.04542961587273565 0.02728397712860369 0.2664608492007112 1.5962662411185382 2.0422803147095685 1.1121121968646397 1.0741677147164665 1.3401828659339718 0.9584404637128957 1.0742714079405966 1.1743176863044598 1.2705573474739138 0.7299516517018507 0.5647492765334363 3.57991270972868 1.0897362143581928 0.6290320839579107 0.316916515418244 1.0579024715290821 0.8296171612913856 0.9570299677477266 3.0321421745184582
9.999972001806157 0.01890638914131855 0.008563505259984585 0.046312553340295125 0.0272854401423759 0.2664465496529798 1.5968282113445431 2.0447596128134564 1.1129828262654087 1.0759319753456174 1.3435213916409154 0.9616306482176573 1.0787341520875617 1.1801511751371567 1.277887899532425 0.7347396110530321 0.5688921307979747 3.6089082652893243 1.0993789085028198 0.6350606550190658 0.3201822837714197 1.0695418049077423 0.83931964899321 0.9734561433991382 3.049191569234088
9.999999999877948 0.018897590775349693 3.442621524393189e-15 0.037668484074774425 0.02726935851848902 0.26660384774772156 1.5913252812402672 2.020492461472208 1.104457834745352 1.0586703786625205 1.3108809799960994 0.9304598330005813 1.035150507825013 1.1232004983782868 1.2063372789875995 0.6880097109224832 0.5284550537491561 3.325826741526476 1.0051997151690444 0.5761464335687602 0.28824361459899495 0.9555908040719816 0.7442265263223149 0.8092297881513456 2.887566532413222
7.243458810745266 0.019006172465459135 0.018307421020281562 0.05657729260237764 0.027598076673082037 0.2635864885514127 1.6170992339985468 2.070518237821656 1.1205368564855798 1.0950710221949023 1.3811405548160807 0.998536919814373 1.1315003104502648 1.2505279961056885 1.3680268526627126 0.7947144020321993 0.621743942349707 3.98558158723015 1.2269679199039139 0.7163125926266332 0.3650239574781498 1.2324940066113972 0.9777225810217371 1.2548651734307232 3.2827647317434767
7.942598756042229 0.018947170372857345 0.017884451531444766 0.055781502806135065 0.027552768593484163 0.26435653244853097 1.6001826971207378 2.070210847578578 1.1201316632985316 1.0946815010755013 1.379964001003496 0.9972070089140216 1.1294396120824595 1.24763797207694 1.3641955107861026 0.7921067299462202 0.6194013720452771 3.9685401068888417 1.2211383201339818 0.7125582300734904 0.3629303870668377 1.2248185278361128 0.9711524412993756 1.2407689520495266 3.2639970619921512
9.999762410121642 0.018906476932122347 0.011023660206015895 0.0487732693038459 0.02729236047391868 0.2663790617964997 1.598418239758226 2.051879452338014 1.1154643678314193 1.0810366052623648 1.3533282429082691 0.9711464083660075 1.092254579612117 1.1981070568152796 1.3008137428988085 0.7499569911500252 0.5822773393570158 3.7041600416628113 1.1315987799000342 0.6555548990852902 0.3314804791785075 1.1105639372466691 0.8741324383170039 1.0438175674047594 3.098057759370082
8.09830445906115 0.01895750806944675 0.017139761125504464 0.05515145513382154 0.027529590533381176 0.264042414982511 1.6119830233964265 2.0681513540528287 1.1206882542127792 1.0930183478796491 1.3768787425671245 0.9942513424050382 1.1252939277826188 1.2421733907994978 1.3572511454850353 0.7875057710834585 0.6153653996291969 3.939968846783187 1.2114633775985055 0.7064089737075312 0.35954192493907783 1.2125304098144105 0.9607285815207837 1.2196697900805573 3.23807426381257
9.999841664372482 0.018905815710775518 0.00918243585722151 0.04692600702974353 0.027287678664027135 0.2664247428535866 1.597230278035863 2.0465788978104023 1.1136133607874898 1.0772437337785798 1.3460701170406222 0.9641315222859365 1.0823271141570412 1.1849757233192906 1.2841144051815487 0.7389166342534612 0.5726051834876009 3.635606727323648 1.1085039427094043 0.6409245288706807 0.32344778851959793 1.0815236424151071 0.8495873173383591 0.9960253174648709 3.0613981581092813
9.999493587169118 0.018906275724232858 0.010781470536761165 0.04852905824544226 0.02729175375957321 0.26638497523704757 1.5982637365543226 2.051188606006525 1.1152225359668166 1.0805436262681933 1.3523904237138922 0.9702455664950804 1.0909877175738791 1.1964421692754776 1.2987101337589269 0.7485753334774948 0.5810750017003443 3.6956957650651856 1.1287670604547837 0.653773660938657 0.3305094879407874 1.1070808884089602 0.8712097927139913 1.038520228333164 3.093197768121313
9.999999996926535 0.018897587409935766 2.5067552664487142e-11 0.037668458269231764 0.02726936347683678 0.26660379926414574 1.5913252778960445 2.020492451722936 1.1044578310524593 1.0586703718615647 1.3108809669780932 0.9304598208688836 1.0351504897284214 1.1232004738922676 1.2063372492876228 0.6880096930386973 0.5284550389156057 3.325826633354017 1.0051996791665945 0.5761464104433829 0.288243601989455 0.9555907608997717 0.7442264914898553 0.8092297078973117 2.8875667689926576
9.999979349625145 0.01890571920895393 0.007164822504424418 0.04490769711627858 0.02728202850095822 0.2664798602731253 1.5959269670990535 2.040750162083887 1.1115804677446954 1.0730675173029485 1.3380573802024536 0.9563667455311574 1.071308913435619 1.1703619704481933 1.2654799858252241 0.7265638128255161 0.5617537545255415 3.5584860996424506 1.0824510072128488 0.6243744459552273 0.3143358072383498 1.0484823937973586 0.8215837788294903 0.9400847204282101 3.021885106798496
8.689044370788473 0.01894191683373858 0.01773489589236015 0.05567717976538052 0.027454404694951404 0.26483166311321055 1.6087260906164358 2.070385573275419 1.1216920854238432 1.094502334283652 1.3795502830775523 0.9967618903691213 1.1287931064908672 1.2467627370528025 1.3630606178466744 0.7913377331866296 0.6187200097933563 3.9637589457452185 1.21948797988178 0.7115023193166661 0.3623453529289702 1.2226906266673745 0.969342585806095 1.2370498429793133 3.242316221935681
9.999999999999998 0.018897593471057416 2.7138037775103693e-13 0.03766850657795972 0.02726935510188178 0.2666038811515354 1.591325283453507 2.0204924691641333 1.1044578375648324 1.0586703840698823 1.3108809901528464 0.9304598425621667 1.03515052132908 1.1232005153393336 1.2063373007219305 0.6880097251236136 0.5284550659434925 3.325826831742003 1.005199744829868 0.5761464520800713 0.28824362459802927 0.9555908283489699 0.7442265487005172 0.8092298509972171 2.8875663450241977
9.959000362691002 0.018909396037845343 0.016165181503804985 0.053934655391398335 0.027309044134353786 0.26627419505217576 1.601931503499767 2.0667411762767336 1.1206424673070543 1.091703679552098 1.3738289047579384 0.9910448088401214 1.1205323032633794 1.2356668110568403 1.3487750397216465 0.7817986531049528 0.6102883005056843 3.9034609714658424 1.1990266609115499 0.6984456864487928 0.3551274131956395 1.1964266570204471 0.9470035088165144 1.191107155256953 3.2040806209032424
9.996753495051314 0.01889792654752014 2.8693123015893515e-08 0.03767050699017672 0.027268780701373577 0.2666095377638688 1.5913371813769714 2.0204924288511847 1.1044577212266156 1.0586705173760915 1.3108815821600392 0.9304606074648665 1.0351516843773234 1.1232021589656147 1.2063394960055975 0.6880112090134776 0.5284563761714456 3.3258362377437463 1.005202927499545 0.5761484816424517 0.28824474774226805 0.9555948903155593 0.7442299575644982 0.8092366970005868 2.8875390292048615
9.999999999999998 0.018897593331896216 3.348556871646743e-12 0.03766850518353262 0.02726935504519509 0.266603881705272 1.5913252834821285 2.020492468810945 1.1044578374533072 1.058670383835623 1.3108809898279177 0.9304598421584976 1.035150521278331 1.1232005162388183 1.2063373011036964 0.6880097245362988 0.5284550653062624 3.3258268248854113 1.0051997433293582 0.5761464514780515 0.28824362405577986 0.9555908353860338 0.7442265517051052 0.8092298505991562 2.8875663533189195
9.999999999999998 0.01889759235045483 1.3149702090116616e-08 0.03766850966897946 0.027269356432261 0.2666038681444296 1.5913252910763893 2.020492503174432 1.1044578494869752 1.0586704082821123 1.3108810359876997 0.9304598863341631 1.035150582711548 1.1232005964021716 1.2063374018796988 0.6880097907178098 0.5284551225724476 3.3258272253050754 1.005199876209834 0.5761465345026503 0.288243669405404 0.9555909985925506 0.74422668860688 0.8092300795823736 2.887566664564977
9.999999999999998 0.01889759249018797 8.865387678311364e-11 0.03766849720347721 0.027269355945238487 0.26660387290588367 1.591325282783173 2.0204924666575157 1.1044578366549644 1.0586703823016237 1.3108809868571467 0.9304598394456949 1.0351505171221895 1.123200510667614 1.206337294426662 0.6880097204569667 0.5284550617805474 3.325826799502124 1.0051997345067631 0.5761464458128082 0.2882436213666744 0.9555908281451796 0.7442265462177723 0.8092298292577638 2.887566413141543
9.999999999999998 0.01889759228414563 1.014827494199237e-14 0.03766849560667566 0.027269356227884175 0.26660387014255227 1.5913252826107234 2.020492465817146 1.10445783636139 1.0586703817031295 1.3108809857464565 0.930459838394323 1.0351505156948912 1.1232005090415815 1.2063372920409374 0.688009718887733 0.5284550604157208 3.3258267898963214 1.0051997313194263 0.5761464438314081 0.28824362024987915 0.9555908239371019 0.744226542570211 0.8092298232515197 2.8875664250912627
9.999999999999998 0.018897591814604354 1.3766000866819947e-11 0.03766849205837103 0.027269357126361624 0.26660386135843034 1.5913252822419215 2.0204924644853213 1.1044578358761443 1.058670380781701 1.3108809840158662 0.9304598367586028 1.035150513386813 1.1232005059627106 1.2063372882333991 0.688009716460526 0.5284550583090413 3.3258267750152277 1.005199726359401 0.5761464406818521 0.2882436185590268 0.9555908180158172 0.7442265376160615 0.8092298127936762 2.8875664636973144
