9.999846837492147 0.030122939324401004 0.07801422771582817 0.17550209170773856 0.0007469275708637888 3.990009603622231 3.999995452301006 0.8026609652110759 1.7637084574832238 1.4884200213524623 0.989791663883616 0.9869882959178535 0.9687850812318823 1.0267600502374212 0.8365279566750004 0.7199183235317614 0.6408007805721215 1.36162266306829 1.5572175596453308 0.96586472462977 1.0472020740425299 0.8798634177234862 1.242903154550479 1.2976037778961687 2.3272459373746734 6.4809832142016734
9.999958408045245 0.02520330501414192 0.051639306373447186 0.10920851988318207 0.0013305420401095987 2.4928758846180497 3.9999997750508074 0.7924174958808099 1.727454925467093 1.446232822955382 0.9466775195471725 0.9292441676984922 0.8840656959045152 0.9087390767849627 0.7180285624232708 0.5987707140113621 0.5180741152109178 1.0687880096223874 1.1875528131854054 0.7149805214699595 0.7511634694265764 0.6131716235219887 0.8435085552204543 0.8547689865859718 1.0012052860367424 4.990091639488957
9.999999996605851 0.027022893008405536 0.09786522046617352 0.171498011839469 0.0014017320558329595 1.5214841972491975 3.9999999997684093 0.8076841350988019 1.7816448264260252 1.5094320004509014 1.0118514939968175 1.0170953898023694 1.0147038438739835 1.093801931850445 0.9064085839000385 0.792438909668486 0.7193915675777727 1.556658566441996 1.8149168297753127 1.1468761997712513 1.2645125931539354 1.0837551862471568 1.5666567468780515 1.6721480044462358 3.452984683532039 6.192915437284804
9.999999396052763 0.024116518359340405 0.10872671244512197 0.15639179952995133 0.0014891794888341498 3.2331361526292683 3.9999999157657666 0.8102491602682576 1.7908703897912832 1.5202259674531586 1.0231140565279082 1.0324602413617447 1.0380950583228623 1.127664883033068 0.9415635083778731 0.8295376491769987 0.7584750695129218 1.6540088908965216 1.94228764055655 1.2350815766861531 1.372362710122656 1.1840997800927668 1.7213230465530502 1.8570277817962633 3.9899463104471975 5.7981397107087975
9.598457504540093 0.02809492117294883 0.0889836787106257 0.1699885036108118 0.00036932514810594715 3.925279361362034 3.999999736947701 0.8103374880654803 1.778603355020387 1.50808262741561 1.0005565545298354 1.0018587987184575 0.9917824063517767 1.0607508780281407 0.8721653178921528 0.7570313528663479 0.6816907844119974 1.4634854263919375 1.692763540126515 1.0618525149655849 1.1613606483274892 0.9876307879891987 1.414301844387266 1.4921403768012005 2.774235058045214 7.102433342906515
9.99999993376829 0.02570483743547252 0.0564985711317105 0.11826321622417584 0.0018252012577304917 2.0324202482115497 3.9999999978242284 0.7939684067457665 1.7330119906314505 1.4527030753364831 0.9533155624041273 0.9380987954705153 0.896977232557067 0.9267290332844891 0.7360654914509205 0.616882588462132 0.5367227811291303 1.1131939115480611 1.2437815429659071 0.7532103272216819 0.7958740738034162 0.6535388492659056 0.904373785281405 0.9221779452738271 1.2169627630217825 4.894899579947156
9.999999974776143 0.025150654857409232 0.06383350081753336 0.12011998912116417 0.002207192925894981 2.2780299446490906 3.9999999408803255 0.7962293880118798 1.7408081780574751 1.461753199456763 0.9625660940309928 0.9505032383073881 0.915216926774162 0.9522435870797283 0.7616634268689254 0.6429418114856035 0.5633431270700673 1.1772503651011479 1.3252257055069834 0.8081306125456397 0.8603307735597944 0.7115844116898611 0.9929013565360336 1.020373655833008 1.344826903653184 4.623310546888657
9.999745698500098 0.026418747963317613 0.10770905476151725 0.17412739013434436 0.0010404072269692343 1.1311779247287854 3.9999994716282217 0.8106801473583976 1.7978784263873853 1.5220742076687825 1.025079524160842 1.0351935620403672 1.0424422080186393 1.1343182493975161 0.9488840466965621 0.837401079900487 0.7675018400613361 1.6773851488901508 1.9743587681832966 1.2593912260149445 1.4024579372372725 1.2133065166994534 1.7782484770752782 1.9131464598686234 3.983995841153772 6.4281221935077495
9.999999979873277 0.02543074966893714 0.08560532898007318 0.1451468943691504 0.001153607860455709 2.090852957047224 3.9999999999192255 0.8031985715615906 1.765741687573616 1.4908313672005418 0.9925445873142839 0.9909765618317441 0.9753222830379253 1.037350435969162 0.8485137941445702 0.7320147265746112 0.6567705900738896 1.3993287778042989 1.6090448080130648 1.007185419460458 1.0948912860426767 0.9287612152128426 1.3098742328967843 1.3699474335411486 2.407481736235617 5.790566497793846
9.999999902417649 0.02506453976674993 0.09468543538823543 0.15322465654721043 0.002315395309212367 2.2326544319476973 3.9999998718499863 0.8059980349305943 1.775669968262431 1.502388012323025 1.004494223448177 1.007033072186787 0.9992835283227497 1.0712776088755163 0.882753784875071 0.7673892258382443 0.6924234497076769 1.4887282334090903 1.7229541541706819 1.0817689298799487 1.1841680546063502 1.0079692039015522 1.4392170948821308 1.5397054217027075 3.015968146744721 5.4212683097494345
9.937581375063331 0.024313337219907454 0.045850810969505024 0.09399112818586347 0.0016608792347640464 3.226763682873995 3.999393136593313 0.7902904987648741 1.719835893354566 1.4373977098867985 0.9377804001650489 0.9174316678837448 0.8670325239629347 0.8853861254679948 0.6950567771888203 0.5756960183318867 0.49501794824032197 1.0144656386579032 1.1199748572318158 0.6701746931712077 0.6995348832865876 0.5673702746951303 0.7752090539032208 0.7803586396202888 0.8482454262903564 4.441434944930604
9.999189415253436 0.02548697270781766 0.08657250242945924 0.14621867944119454 0.0010554307239226729 3.6214170812620785 3.9999904655398373 0.8034977679927229 1.7669341937155336 1.4919939298578513 0.9936370940130755 0.9922132351293179 0.9767110400566416 1.038515074441134 0.8485767008685752 0.7314804482959564 0.6540780494437943 1.395269411724493 1.602443396917737 0.9951248577125246 1.0791147142697004 0.9072970920538406 1.2895191117775824 1.3455723212415829 2.537941314338199 6.019774768088489
9.958207213275884 0.02752822919249133 0.08876263095057434 0.16523119497441696 0.0007331196584822557 3.814368242835215 3.9999987931112146 0.8050515727746697 1.787223078322445 1.4977595584007664 0.9996071442449308 1.0004017805294954 0.9892956627071492 1.0567850064524118 0.8677493434141424 0.7526951574625361 0.6764691398342119 1.451433915366462 1.677259413692608 1.0490519396733302 1.1471448559456252 0.9740004114823195 1.3964149127000642 1.4742790569973054 2.772073673074936 6.368211253640795
9.995048534340857 0.026618463570026042 0.08590929869879499 0.15939465578183598 0.0013313159134694975 1.355663849615133 3.999971472165403 0.8036721798672709 1.7673647596713096 1.492685871335925 0.9943965773314855 0.9932662340249201 0.9783858227684202 1.041210518643156 0.8516777031854093 0.7346936245141976 0.6586285072314885 1.4046494099357152 1.614906125018815 1.0078270420151396 1.095271429639623 0.9267405351438937 1.317756196757934 1.3831256275307422 2.573631614174756 6.1065125186593345
9.999975315914144 0.026531322324220556 0.07817360294695562 0.14669489046455716 0.001292337859015968 3.243434596526704 3.9999999324930595 0.8012803528482889 1.7523864441804973 1.4828204152515412 0.9842283969725298 0.9796222099594679 0.9582617660525365 1.0127865014870736 0.822880872458382 0.7056072760429398 0.6278945843180189 1.3318228435782218 1.5215661052056262 0.9426038866190898 1.0183291802204575 0.8549950744581053 1.2088577885107294 1.259454091530781 1.9757680696758297 5.318480067218436
9.46355917844389 0.02761638671464453 0.0969351508153408 0.1761157016382547 0.001928553336486412 1.290197937670984 3.996406045928276 0.8138251273185149 1.7803334995845537 1.5087670937615538 1.010830708724166 1.015983657942317 1.0134605887275796 1.0922872834169828 0.9052626303280288 0.791888720336723 0.7192192835963177 1.554237652567877 1.8115780575681444 1.1470238827859236 1.261989246254838 1.081752575005211 1.5633217751174644 1.664787178228446 3.495196582606175 6.137625336035164
9.999999364478409 0.024159705801781166 0.07173992378488234 0.12128471746226795 0.0025074442013037655 2.235868864029242 3.999997032205381 0.7984279609332755 1.7487820151141777 1.4710202342545005 0.9720693702669315 0.963217628595276 0.9337976470822972 0.9780430872724631 0.7874153538431652 0.6689242341742407 0.5897029679560203 1.2391509559888314 1.4022606827064852 0.8607698909678562 0.9208631689590628 0.7649331269241394 1.0774899142788783 1.108386449960154 1.6518884972513639 4.631151874157899
9.999999999997694 0.027567815850944172 0.08736644663639444 0.16782727232755013 0.00046556740184961636 3.9654622127217873 3.999999999997556 0.804443602301598 1.7701944301051624 1.4960003671424917 0.9978775059882544 0.998111526802245 0.9860395394631192 1.0524970455406613 0.8637272682604274 0.7483727778744471 0.6726920697953079 1.4405597922663367 1.6611822563092316 1.0410860606307737 1.135545601934347 0.9639225835252803 1.3693506827041508 1.4350691537035623 2.786392726602784 6.977011759714005
9.360465334414814 0.026034235444214036 0.09934858362170637 0.16288894895818326 0.0015222807360323013 2.315606529985252 3.999977403207022 0.8092317815390969 1.781814117370957 1.5089670629028242 1.0120349180936652 1.0177648661261838 1.0165420723653524 1.0970107464122847 0.9106177295541864 0.7977670893556884 0.7257407517188084 1.5690491456481146 1.8309623993632782 1.1614944837897025 1.282071718320177 1.10146480003928 1.5898827280827825 1.6934080551573023 3.3150208582036553 5.732530283996338
9.999999999848113 0.02745164164695561 0.08966972747404472 0.16743842858093982 0.00046395442424269754 3.9227119217634083 3.9999999999997353 0.8051500078001955 1.772719498394256 1.4989394096226552 1.0009251518215885 1.0022426702867102 0.9922498425444058 1.0613912236262029 0.8728636584262054 0.757860316810396 0.6826379033599623 1.4663363917621435 1.6966793109930192 1.0646524662978352 1.1653251954169652 0.9916653136596024 1.4198222176739816 1.498036302690993 2.797930364544447 6.815354483649126
9.999884110518009 0.02414700770528904 0.10254176673070485 0.1524573233821387 0.0014326324581720484 3.854937350892677 3.999978224381157 0.8082497720497207 1.7837408417563931 1.511898128416885 1.014436557957078 1.0206165910556084 1.0200658023953273 1.101602029773733 0.9144947974888324 0.8008386170312963 0.7276212642769185 1.5787250003631101 1.8433369250020377 1.1663305646581317 1.2877330267272338 1.1048373630100379 1.5986826892071853 1.7060822620216969 3.4994469211589334 5.660253762175123
9.999999976800138 0.023965925436275504 0.0257162560387283 0.07059258249077069 0.002206700805138363 2.357175676390532 3.999999996182821 0.7836282939380924 1.696797911432635 1.4108684573589563 0.9109666513910251 0.8821992419569057 0.8167735919947161 0.8171116775763184 0.6285954142968615 0.5102544203411273 0.4300515991766231 0.8624326037784541 0.9325570126817938 0.5474906627073446 0.5599293481852656 0.4454175091488641 0.5956522410535035 0.587644595203668 0.5255222017896823 4.127387920795511
9.971756705155816 0.026375249462370215 0.03215920620894265 0.10037103581864071 0.0014513682370698767 1.7393317217800204 3.999981326521598 0.7865238696285108 1.706752005386071 1.4223213999376445 0.9224299224819308 0.8971223642699115 0.8375653381143608 0.844945433673985 0.6552209090820543 0.5365922593300023 0.45601009328056835 0.9221114267467134 1.005358718282997 0.5951346506011931 0.613805679400208 0.4926908046495152 0.6642390609373735 0.6611828774187035 0.6621860117815269 4.900396872801785
9.926064438088895 0.025585201244058487 0.03840620496672593 0.09834004583104439 0.002245633684596203 2.225863538732711 3.999787346282291 0.7883448067328428 1.7125980619445775 1.4290620643714034 0.9292664958071958 0.9063087135705544 0.851081950517987 0.8635472105625694 0.6737559713204718 0.5549028501559067 0.4742872155159768 0.9651113255976711 1.0588256170179162 0.6307507694302175 0.6547323757690873 0.5287640309165036 0.7178240045183598 0.7189684819247989 0.7615993067286446 4.335379543541519
9.999999990686883 0.025326060405276598 0.06858805450530286 0.12638121691825283 0.0011664035302124405 3.0052002644496447 3.9999999914950206 0.7976659767606317 1.7461716063405954 1.4679873487066466 0.9689530118565944 0.9590337365770285 0.9276638138058928 0.9694865353131941 0.7788929645600698 0.6605502385328442 0.5812078978746033 1.219736374704344 1.378958730897439 0.8447849906684141 0.9033867963286007 0.7507088977683469 1.0513784374243766 1.0843107408804622 1.55690197808185 5.245338159904847
9.99986424053818 0.027550367501853232 0.08293476217082073 0.1613460240983939 0.002095936151557675 1.7844508570076418 3.999982645381892 0.8030755757007983 1.7657020380042325 1.4900731035768462 0.9917269586344281 0.9897880609584416 0.9735399734942692 1.034617146500168 0.8453172935730062 0.7292230434056549 0.6525808086625616 1.3932775757335374 1.602558776537249 0.9988399451989126 1.086667652544863 0.9188884218754001 1.3101669996976983 1.3756012730288403 2.3835864061727916 5.386216314815235
9.99884648845926 0.02510984816119256 0.08961333186798985 0.14639962561612133 0.002352035375099138 2.3107566012187974 3.9999684426049034 0.8045433612376027 1.770238602523414 1.4960718352099096 0.997962822757826 0.998265715767498 0.9863659764943233 1.0531743745230704 0.8644781168509084 0.7486987961060843 0.6732877784220908 1.4439030363074403 1.6679374213634628 1.0438063903001156 1.139608487428722 0.9670466942454026 1.3846042789646604 1.4610788984222642 2.477194302252071 4.968986249599764
9.957791674404827 0.024464774046740665 0.09260928830200572 0.144691051409125 0.001428138022786168 3.9942278059714575 3.9990884807388927 0.8051635976913745 1.7726114715408887 1.4988500968454375 1.0008980428651044 1.0022430347246094 0.9923824236439943 1.0618847152560598 0.8736028923873532 0.7584803222092147 0.6837931125919785 1.468423735613219 1.6978262112697886 1.0666009260691092 1.166519434059599 0.992727777031677 1.4109434415603044 1.479379294069438 2.7576811438938793 5.286966268892602
9.999999360017883 0.025174880605986015 0.09315732480879435 0.14935200688728503 0.0009146763431655975 2.6029733340426846 3.999999999472114 0.8057672929548219 1.7747703771600043 1.5014400376473647 1.003645933044512 1.0059431611048848 0.9978363483864818 1.0694081073066244 0.8810850460062608 0.7660121228073462 0.6911012175847316 1.4874926496633851 1.7249383314023783 1.0821533547688602 1.1863390589000526 1.0092578295384207 1.4519230437604598 1.536193891427107 2.583465845705331 6.0956641674993755
9.999999998885679 0.024530610940798003 0.0007427167350842661 0.053017016161904025 0.0012915846718434228 3.2319038906182387 3.9999992389313537 0.7759062150736667 1.6700490262677743 1.3801753002085686 0.8803136527941341 0.8419519675391988 0.7604895976416854 0.7421854746725715 0.5568147360710186 0.440802388532432 0.36217191030595997 0.7090395874643054 0.7477389852404556 0.4275868307837731 0.42635822396664136 0.33038346956205833 0.4309878396942107 0.4143260639424272 0.28465057729011345 4.445250165327845
9.999999999341773 0.023620199835688405 0.11170028817500552 0.15479366014527315 0.0013812170650867987 3.9941277735273637 3.9999999999778555 0.8110619128852573 1.793803166391405 1.5237250257511572 1.0268156286944137 1.0375777559652757 1.0461286316243117 1.1397141103824608 0.954531842559286 0.8436403102370831 0.7740158696393813 1.6947472548479068 1.9992412935773374 1.2754507326398992 1.4229525299768475 1.2328762243460536 1.7993189395951552 1.9440255687232129 3.9999518619347656 5.8423720185808925
9.989587128027798 0.025501262238758402 0.10314081145365939 0.16167592670593442 0.00227189902123711 1.2025286040040246 3.99999655659846 0.809037157858146 1.7946043446174111 1.5148447704470756 1.0176934133895366 1.0251704411119869 1.0272946436619628 1.1122560348620931 0.9263396987329158 0.8147695204615863 0.7439354129948685 1.6116224268644772 1.8853197766086587 1.2024968415384967 1.3321915160594522 1.1535114272337323 1.6635037657963192 1.7862627371404631 3.268385732625558 5.736502305563635
9.999999996599245 0.024237184939352556 0.03308194765987547 0.08086414504882776 0.0020292284325200594 2.490477835331839 3.999999998818184 0.7861220691964155 1.7053564310096339 1.4207148822384235 0.9208597573207075 0.8950320787128213 0.8349294989119658 0.8416180639112638 0.6521725506632445 0.5331960944554383 0.4525974350560098 0.9157199810468563 0.9979837078285275 0.5894674475092968 0.6074105485008037 0.4863822445368591 0.6561654633852397 0.6522562636632715 0.642225305773981 4.259375507949979
9.143295771252761 0.026607546499058818 0.09028307613787229 0.1576011562956948 0.0008413907068823343 3.0208536293203596 3.9999999785015548 0.8071870433269224 1.7714138423286736 1.4971613159902455 0.9997965003384942 1.0011560768602659 0.9913618053463256 1.0606968252556819 0.8730918927385856 0.7588470925765294 0.6848149761760822 1.4665238609147087 1.6968324762392253 1.0688555165273053 1.168873664859107 0.9967096148615302 1.427273994831724 1.509050406296224 2.7018499055499285 6.123501615692435
9.999999999997412 0.02410862428657296 0.023099133320166405 0.06981670728043264 0.0018535277989386583 2.971049197000795 3.999999878508158 0.7828221595883521 1.6940560400130316 1.4077145214174418 0.9078053262466813 0.877867193336146 0.8106103253405441 0.8087630214590137 0.6203389002610503 0.5021146803906 0.42183003346215114 0.844558770717072 0.9108950608008687 0.5327727697705777 0.5433798786882467 0.43081130387000094 0.5750035102413213 0.5656393240281968 0.4946669529535981 4.1222413585476945
9.998407009014809 0.02506915629405009 0.06130564731225252 0.11669881552442894 0.0009238797186930474 3.988958729048439 3.9999999924101655 0.7952453665926877 1.7376602007367872 1.4580985599900047 0.9588215314100426 0.945443293544262 0.9076755889357504 0.9415289912386806 0.7507908539055553 0.6318688634896912 0.5518499130649874 1.1492549123897347 1.2893048223894212 0.7838671756761246 0.8317634423237164 0.6858954790278539 0.953240550673082 0.9761373919658658 1.2891388997003148 5.316274359061351
9.999991934597972 0.02505993533698681 0.05758473016338979 0.11434252225287694 0.0018832092258507553 2.843056455331194 3.999996217786853 0.7941163212436227 1.7336134704922423 1.4533907749606267 0.9539997582841835 0.9389933616637053 0.8981937365705596 0.9282169174500221 0.7373788378897298 0.6182507687752652 0.5378167358438698 1.115495747739296 1.2462304018458639 0.7546112057709252 0.7971694513827623 0.6546124527193363 0.9053311926128896 0.9227452964829221 1.1940175137619156 4.549256332136412
9.999999853334781 0.02600639090958764 0.06019470598939012 0.12452075162991971 0.0009598560395270149 3.9425243388229507 3.9999998807466723 0.7952655311094285 1.737689215560956 1.458106043557886 0.9587971768532911 0.9453849864292866 0.9074902074674304 0.9410719082705536 0.7501544014625552 0.6312255845749561 0.550907216868063 1.1463636682986997 1.2851968726390726 0.7805801311766281 0.8287597351791214 0.681844358929463 0.947991838634436 0.9664540202868757 1.3126990120103077 5.305666670176041
9.224155034498983 0.02684748707298134 0.0828193680373958 0.15329365216149857 0.001046536217240321 1.39178685691267 3.9970205475588125 0.8034252978175501 1.7611019775000811 1.4867477891355905 0.9899911941219832 0.9883354594387159 0.9716876866252572 1.0319902330726645 0.8430118212154438 0.7268217825993031 0.6505754051602458 1.3837441351026945 1.5886502971146264 0.9912321737734634 1.075881048178878 0.910218491444124 1.292530578015712 1.3539964375427862 2.3867541471281375 6.149832883596421
9.999968516546087 0.025177629953910693 0.07672041129635683 0.13404606689768941 0.0018545150563906306 1.6561051221391887 3.9999990490361754 0.8002700911840532 1.7553313125087961 1.4786526469911054 0.9799565154557557 0.9738478665535366 0.9496609102784039 1.0007289001379314 0.8106986345042719 0.6926136849073532 0.6148282914351855 1.3004997861711898 1.482182019851079 0.9155531749269125 0.9913621931040844 0.8327770757505384 1.1736287956820282 1.2222108333268824 1.8920578185413444 5.171870804951107
9.999999472060415 0.024186482747061266 0.02910999321642542 0.07544366415354342 0.0019208897535766562 2.7939184931457604 3.9999997356813526 0.7847690331445452 1.7007951032366533 1.415469384649284 0.915589312337098 0.8880790169145046 0.82503202369164 0.8282055542303632 0.6391306167255568 0.5211817461838845 0.4408411459358778 0.8873516957507042 0.9630097744926057 0.5673446410720147 0.5823190717410055 0.4648302785978432 0.6240434246247737 0.6179102039375174 0.5776367720542674 4.187632756382789
9.99999982161146 0.025072060807285284 0.0991054571779233 0.157411626972659 0.002405982975691358 1.7450688733874866 3.9999999997058127 0.807459398320867 1.7801232132929576 1.5085203340600315 1.010911492682498 1.0157922332465872 1.0126563373914017 1.0908406987443213 0.903284349104157 0.7885305877454457 0.7154583289576882 1.5456078178488255 1.7984225337706452 1.135704219764851 1.249078269820653 1.067840417146706 1.5381411762619015 1.6375895982410913 3.213052249170917 5.361281047512701
8.688743666716395 0.030995869610487076 0.0900057260665598 0.19855956120846394 0.00027184202835857493 3.9343858671758007 3.9999952999735546 0.7928887138881439 1.7550298788726864 1.4960660942999064 1.0075994799347663 1.01459547165743 1.0098161026030656 1.0848113870162008 0.8957987382734675 0.7816350890348093 0.7055775152116012 1.5197578894357517 1.7624659147163153 1.1091383715288552 1.2197932532864837 1.0399132513707128 1.4939465577534756 1.5818091954159235 3.120290971705431 7.99636526640008
9.879166487265666 0.026377733617423935 0.10116790157599392 0.17056088797005745 0.001987861256306664 2.5462490467266408 3.99920095334663 0.8088425891671538 1.784676849543525 1.5128758571217071 1.0154474618582097 1.0219860512282928 1.0220410073766364 1.1041625513679747 0.9169011186364489 0.80343013730517 0.7305215458685966 1.5828257253124514 1.847294632802397 1.1686500900959382 1.2898073283963314 1.1060606295002149 1.5970428378266075 1.6996519153186942 3.9634303128303934 6.111466929049708
9.999837935987824 0.027890380985534678 0.09843707879397029 0.17888115658417203 0.0017051098781118012 2.7316520109323696 3.9999999757127394 0.8082438304972059 1.7833964869882128 1.5114690942973734 1.0144258055167568 1.0205208692236603 1.0202415685122297 1.1005066799073022 0.9133086926346871 0.800733845513817 0.7276826896783596 1.5786885866586384 1.8445018918595166 1.1670423862079964 1.291347520250676 1.1071211113171973 1.6090247330309901 1.719715167880355 3.4998284684563865 5.733399731209992
8.543024800100033 0.02858294711577118 0.10364797555749966 0.18911881775455683 0.000320842329618494 2.798118182380809 3.9999999973741573 0.8145602614021009 1.7880839017025407 1.5161757285081616 1.020127270407493 1.0294094243686025 1.0349691527860991 1.124207888750759 0.9395893273808361 0.8296320323544675 0.7602952498987802 1.652985378808461 1.9425112521280317 1.243769460012668 1.3845933120813454 1.2022071119148006 1.7466669397749297 1.8782416656643819 3.975398036801626 7.693160242830892
9.999996224714982 0.02478332468583272 0.05969976838468833 0.11193768454673148 0.0022114999464577607 2.1688474788571077 3.999999749941684 0.7946943870101902 1.7355929280778652 1.4557077694675353 0.9564000440100107 0.9422342038713866 0.9030543141836973 0.9352257754690125 0.7445791746775214 0.6254505170703621 0.5454777379863877 1.1339817598193864 1.2719886816624564 0.7737511298540658 0.8198500671716189 0.6758994964586875 0.9368483607335961 0.9581180672397773 1.2271715529297083 4.579925111070136
9.995009228677768 0.02685343863689667 0.09972083381956236 0.17033104452565753 0.0006451603168685692 2.188211646225058 3.9999827791128952 0.808241143155527 1.7895852415278135 1.5117542303146843 1.0142853982614668 1.0204161012475919 1.0197896021329649 1.1012610838824586 0.9142477498178749 0.8006706045547101 0.7282656892430207 1.57872299507474 1.8437883511165218 1.1672901859927287 1.2892937958466304 1.1067970047423383 1.6012061979779308 1.7074835040167025 3.525485002826853 6.790100710990044
9.94355626658787 0.030582169150265175 0.09167136536781449 0.19556496764755651 0.0012164620467316144 3.386265918043018 3.998147823226313 0.8232715402855213 1.7857356904432569 1.505611808269219 1.007780610718856 1.011514642559885 1.0060704806815528 1.0807846331692215 0.8924803826431807 0.7790237050850658 0.7055038562630587 1.5190304320579584 1.7634357902629227 1.1118667006145593 1.2220744041876612 1.0416354894784643 1.5033778544314884 1.5953809919514144 3.3554975035818657 6.429411789807277
9.99996059344519 0.025814025572103504 0.06747779948163538 0.12928638831569805 0.0007749245429049482 3.945281962164398 3.999999370234369 0.7974584122891039 1.7454537338144702 1.467143846590234 0.9680649342854399 0.9578139765193432 0.9257901949083467 0.9667369412247723 0.7760024783690289 0.6575580694997065 0.5779527777802654 1.2116394903791834 1.3682331197145867 0.8371044662589666 0.8940584914302726 0.74193586331418 1.038023869529871 1.069719685881751 1.5457954680749408 5.6351153086365
9.999999986905308 0.02411390438334774 0.06231424176177746 0.11004406889988755 0.001670945295217891 3.0307298022950473 3.9999999999889417 0.7952671015114283 1.7377150159094998 1.4581651025788946 0.9588986722069263 0.9455519286205972 0.9078322313077716 0.9417504730752508 0.7509982526226318 0.6319306385463936 0.5519271959038486 1.1492552955052666 1.289115929751144 0.7835175866785747 0.8309542129567687 0.6848476299494377 0.9514992841716642 0.9722305766931356 1.289460328197772 4.7080576582665685
9.999918180309459 0.02523142800959615 0.04846711006628707 0.10541975370902092 0.0010346462983351018 3.883318319857704 3.9999976828241977 0.7912136753105293 1.7234649522847276 1.4416313031613788 0.9420201000450283 0.923024341728632 0.875001606089333 0.8961710902587884 0.7055730304955691 0.5863101809091633 0.5055077551334645 1.039101065692024 1.1505170632645338 0.690530124186174 0.7231447207250759 0.5885725536031051 0.8067957708747836 0.8148394679564062 0.9606533635473238 4.993947559431079
9.999999927890132 0.023929318777567894 0.11059519675826554 0.15863430469005108 0.002211973927464574 1.2688824660782196 3.999999984278383 0.8108427219278029 1.7928909584473443 1.5226676469002574 1.0257393993724284 1.036111158822854 1.0438838326135196 1.1365890803050056 0.9513722995741838 0.8393214192930956 0.7701073474373952 1.684656996063363 1.9837189984359669 1.2707610901909154 1.415909280538388 1.230292267308751 1.7916937009817544 1.9301374724500977 3.999997492365283 5.87124281778094
9.99959661965597 0.025564690016268803 0.11211544587769647 0.1704094224430647 0.0012092172791083676 2.3680563509003125 3.9999978066372748 0.8119707873408679 1.7968502916953928 1.529310465471174 1.0305225654196037 1.0427028681987112 1.0541013261397003 1.1514849704564916 0.9669651676781084 0.8567497612750714 0.7881900767061405 1.730778817696277 2.044758575851938 1.3095353534281589 1.4726707873712541 1.2867029686346356 1.882185121927873 2.0408250219291393 3.9973297242374914 6.3079601527458955
9.99999929708286 0.026931208195174618 0.08220849823516085 0.15481409925770198 0.0015462435297586424 1.8391029233256184 3.999999981362631 0.8025746123296817 1.7634792474224719 1.488150479600239 0.9897077928927092 0.986974825376962 0.9690887105298817 1.0279671624728273 0.8381832085477112 0.7212056965799196 0.6439197859463878 1.370872355862864 1.571470557534872 0.9778416849817917 1.0603712147975914 0.8947971372546436 1.2687126983933263 1.3272575412344825 2.347970717843322 5.661206378893011
9.99999568130135 0.02531160149839927 0.09106356886266048 0.14945461240514776 0.0024589511769593066 2.2674326256595 3.9999983451675707 0.8050100844608944 1.771998523054726 1.4981372686044439 1.000118372753703 1.0011888310054968 0.9907631739920949 1.0594468770054477 0.8709444416933352 0.7555818025377329 0.6804701564253891 1.4614678186092476 1.6908041709721084 1.0598800342389028 1.1612839323433648 0.9878846011360918 1.4174395511218831 1.4975230828944641 2.6156307780540358 4.952447967931938
9.999812656891509 0.02437882344206377 0.04875947375807368 0.09827369983561526 0.0017126592932430699 3.0346243086475866 3.9999995146501925 0.791163110617802 1.7230976035126073 1.4412071203005867 0.9415978489689464 0.922498208398157 0.8743440849514864 0.8954485974714766 0.7049752162177707 0.5856256456679805 0.5050055907280698 1.038131556533537 1.1495185857254406 0.6897991483599937 0.7222055710508954 0.5875700811932087 0.8054770626616533 0.8132458347698239 0.9249413146001827 4.48806804301271
9.999999995151148 0.024911019183545206 0.09404138382208699 0.14985679482133366 0.0015339225033251087 3.050778705261774 3.999999999928791 0.8057979028202521 1.774988006009283 1.501647610704013 1.003769240324099 1.0061147006431914 0.9981192326692201 1.0699327235972194 0.8817209993204623 0.766743383653081 0.6922164924031496 1.4898507200776994 1.7275022173163752 1.0857672198645825 1.1912107480268208 1.0157481876724 1.4587601285995286 1.5447663035435901 2.7442152926822923 5.381771518788765
9.999999998896044 0.02722234013274413 0.0920460756225348 0.16941149270397304 0.0015981960909212277 3.270707125564152 3.9999998961882817 0.805854353059474 1.7751054155545583 1.5017351924569835 1.0038438221879515 1.006239375979791 0.9983711188900719 1.0703324989868106 0.8823127948702074 0.7681909704282391 0.6939104725790638 1.4955298820414005 1.7358130866636652 1.0936694163201188 1.201161703765189 1.0269479348756443 1.4698499074265208 1.5526385364722495 2.7333017267965634 5.323827680540459
9.999967081335383 0.028111609065344687 0.052564043054396235 0.13846760860974164 0.0009364477865172977 3.993721573499293 3.999996975873259 0.7937264721918363 1.732104629666575 1.4516146839383686 0.9521405730753257 0.9364584917551303 0.8943216292122339 0.9224569592194019 0.7313784112341701 0.6123501652694662 0.5313260134830612 1.0999274189313337 1.2259082624075075 0.7407331419374906 0.7804269687622267 0.6392892387049824 0.8832403726798924 0.895274628144885 1.1415410689592924 5.406956760446388
9.992955197216741 0.024692151112576957 0.03721519589726009 0.088093997720388 0.0010870515877610559 3.999002566455338 3.9999989736996366 0.7875469361330102 1.7105440442752984 1.4267271020258092 0.9269742041306904 0.903087771267386 0.8463770002229587 0.8570680435420591 0.6672005801549545 0.5480379389110372 0.4672463869374676 0.949379230810294 1.0391738869096736 0.6166209396971255 0.6382349596466442 0.5133611524906229 0.6956143051541244 0.6945935549095253 0.7148798419784731 4.817080359632422
9.999999999942833 0.02349396901839753 0.11052663598836406 0.15296558053246972 0.002156695661103331 2.7143197863154542 3.9999999999995186 0.8106405123894991 1.7922144376325122 1.522476961324712 1.0248346451650838 1.0348494905366252 1.041851177849919 1.1333115658234656 0.9476590359736639 0.8359971890593797 0.7657424686543857 1.673206036494809 1.969550466592517 1.2546374244958034 1.3960824993032737 1.2068227650624648 1.758990293082765 1.8827885767810784 3.969423836945068 5.379608670142684
9.999996578450544 0.027967598507523696 0.0917341466713785 0.17325959911573716 0.000483712654361635 3.9981593705456264 3.9999998381082347 0.806004258822289 1.775705409019848 1.502450230903434 1.0045332801195972 1.0071705859966207 0.9997097400522248 1.0721317870073526 0.8840456915420594 0.7699272228365696 0.6954132408941017 1.4992133124826796 1.7408634759053698 1.096006797226607 1.2043060054113233 1.029113645843601 1.4758809180283503 1.5652174794830878 2.779026374160285 6.727069724417605
9.999999993569263 0.02486323897241169 0.015650148953893227 0.07003914355130217 0.0012769550116186754 2.228527742064071 3.9999999998528537 0.7808975634464989 1.6870926840886817 1.399785977704415 0.9000682719903985 0.8677328127147236 0.7964260475222971 0.789761343784884 0.6023395720664981 0.48473842016319296 0.4030239409017979 0.8016281942680382 0.8588037962507317 0.4987420215265443 0.5050359996256646 0.3973431108164932 0.5265211349263609 0.5139130079014154 0.4046188503591409 4.720589130782434
9.999999979235364 0.025343449019165406 0.07140008619259688 0.12975277954978653 0.0018104183855716393 1.6931375380271714 3.999999999469095 0.7986114799536961 1.7494425190004745 1.4718099381959298 0.9729052701269314 0.9643530594887426 0.9355684934783391 0.9807753946173763 0.7904161127746184 0.6719563254835157 0.5933003584924192 1.2484786432497 1.4154001586449456 0.869687791129686 0.9323202791730775 0.7767920358265007 1.0975087889215052 1.1371542852985168 1.7038471193777447 5.155932375785431
8.991177490177822 0.027562692229352922 0.09620338845337623 0.17236579626826848 0.0005479006448397196 2.4277319662630252 3.999865823620108 0.8069869575105661 1.7775772785915211 1.5061742480101528 1.0094042034547543 1.014207592716295 1.01109036293798 1.088945713461172 0.9019873923792431 0.7888304416329869 0.7160822207418411 1.5449987219530539 1.7992662686933676 1.1392777733136328 1.255997227093635 1.0786998532512935 1.5533864175994587 1.6535468647963678 3.325926338303657 7.002306484916612
9.999999988937217 0.02411923638138423 0.03162485735507535 0.07813092789002306 0.0020455821300625642 2.728392385749553 3.999999986982217 0.7855532028104484 1.7035298568913342 1.4186186470320001 0.9187603182377788 0.8922654550804092 0.8309915163476767 0.8362596478342612 0.646953544112703 0.5286119628686469 0.44804868549589166 0.904664653820989 0.9842974674737889 0.5809118007918115 0.5977255422056856 0.47812368613269196 0.6438360107391916 0.6390868548950766 0.6148973516543514 4.149678159738926
9.247372929679925 0.028795043907999508 0.09251858995038982 0.1794363849103518 0.00038287744716237717 2.7456475973548287 3.999999999865513 0.8055515528089369 1.7756544913102634 1.5037380104362632 1.0063783687124346 1.009729978571649 1.0035584545995466 1.0775542887966427 0.8894507424209214 0.7749808823591486 0.7005962707570299 1.50873405058136 1.7509504944949803 1.102396683293028 1.210364642153759 1.0332552694600126 1.483978600720338 1.5718369077143168 3.327489036645271 7.652623089292648
9.999997495037771 0.02615023780587602 0.08557809099042404 0.15129293283666298 0.001389436490572242 1.8503859197025703 3.99999967318695 0.8034282971586869 1.7665303193000037 1.491745296351151 0.9934807821304882 0.9921250361972437 0.9769734983587821 1.0395717195860288 0.850397495475795 0.7347566157977 0.6592023093845 1.4060509817843982 1.618019790744315 1.0120171814916328 1.1018895804795594 0.9347546197566482 1.3305346243417002 1.399225093321101 2.420271100547692 5.647672228207094
9.99999929752571 0.024715243860298903 0.04708290912036551 0.09982818770629331 0.0013444875281393798 2.615561586993881 3.999999639955446 0.790595003983609 1.72128219452958 1.4391123449994812 0.9394762333228748 0.9196592476882892 0.8701795998392703 0.8896022473908598 0.6991395800106627 0.5798831829562314 0.49910908662148507 1.0241740532597612 1.1320994954714 0.6782794439740046 0.709028906803621 0.5760093898572782 0.7884856041718384 0.7952846468391515 0.9054616720879913 4.876233251331792
8.548214366050866 0.028584122238474164 0.1028352391338 0.18807213295525835 0.00014378069410285246 3.609572711232445 3.9999995324136988 0.8082779841024312 1.779855753737495 1.5134669203452713 1.0202075364354581 1.0294901016806863 1.034149983878067 1.1223128841800354 0.9369937356307999 0.8261903286302987 0.755833840721741 1.64286282075275 1.9282714903338387 1.2315283591293402 1.368965454212911 1.1861778664286513 1.7218981901352408 1.8488825648982439 3.995133787970235 8.619172960254243
9.999999994657957 0.024715236619781932 0.047787204699507146 0.100337800976602 0.0014580771915572424 3.3191388060108036 3.99999999954416 0.790905858668456 1.7225337363032984 1.4405338667661225 0.9408844341766577 0.9215491304792807 0.8729739456919297 0.8935755355347095 0.7030981098060041 0.5837214471142121 0.5030563766203606 1.033531223753382 1.1435319710003253 0.685511723827151 0.7169086468406833 0.5824512516752465 0.7970845928919723 0.803307887159857 0.9066718861120148 4.632056637760299
9.964279296074224 0.028357701875780007 0.09881049782957364 0.18294629223887474 0.0009496087817442136 3.299382796856742 3.9999049474535324 0.8084851928216567 1.8027325095218265 1.512500033673696 1.0150547753758434 1.0215059089877312 1.0215032243681057 1.1036030337853784 0.9165927178551939 0.8039938182265481 0.7311101037241061 1.586659931551847 1.8552542890865926 1.1739008675833376 1.2996227530343667 1.1164907324616002 1.6213338203948022 1.7360272802904015 3.624438529343067 6.488835596539794
9.999999999588766 0.026905249633324434 0.08850779896486981 0.16124552827186292 0.00036928532530508334 3.9923182672768425 3.999999999891598 0.804692049407602 1.7710392820913983 1.4971678919335905 0.9989268718442532 0.9995154639485198 0.9880958894204146 1.055390943795832 0.8665980484413284 0.7509904212988213 0.6754104689133409 1.4471529668466978 1.669805596654326 1.0462693327258836 1.1414031131131879 0.9688187148565336 1.3789702655040017 1.4473976577604892 2.787595965561476 7.145322006779711
9.99999999982428 0.025002237024572334 0.10469016529520514 0.15943796586416467 0.0017054093086930958 3.037086685969945 3.999999999630057 0.8092229966083136 1.787234643712298 1.516018597285695 1.0187728102604952 1.026586977354694 1.029352767875333 1.1153200696858199 0.9291471248145919 0.8167616063109134 0.7456753278167082 1.6208640446232738 1.8982487344099055 1.2074683798574344 1.337214007174161 1.1523136165610488 1.6608441452697114 1.7605513539901267 3.9741347514578975 5.8184730892162655
9.999984574337043 0.02423986567994071 0.000995155501843011 0.0506285512226718 0.0012886151841125476 2.6938760198203293 3.9999999187771693 0.7759169630324838 1.6700399256793532 1.3801798469753301 0.880341841895444 0.8419783070484116 0.7604669626527176 0.7421509727386313 0.5568472695203956 0.44078679874457444 0.3622236755528925 0.7092325044720584 0.7480635842680313 0.4278092899514841 0.4265992243791173 0.33060155768300487 0.43139116545299644 0.414808101427103 0.2861610510204603 4.575433137578667
9.999980676917394 0.02469521845512678 0.014324588301634373 0.06716634594006131 0.0014251350132311452 2.1499627453443093 3.999999160690148 0.780442580228043 1.685547899092038 1.3980148869862776 0.898262775057907 0.86536202001706 0.7930614283293843 0.7852335929033608 0.5977901226061831 0.4801272283610564 0.400160833966691 0.7932666526548087 0.8483914605816382 0.49185785136093596 0.49690744977044327 0.39027821689508885 0.5161161766257667 0.5027250232026598 0.38058217029192537 4.607547075993058
9.999999583448835 0.025282859568357238 0.0254701947410719 0.08418793938826101 0.001387381611411489 3.5341701064803313 3.999999994026407 0.7839873738794852 1.6981063047600118 1.4123584720078726 0.9124384718587393 0.8839199468140937 0.819075758664701 0.8200084947943804 0.6310757025419949 0.5126184132871637 0.43201533720938795 0.8679345160833389 0.9392770241099494 0.5510499063980019 0.5638870386084194 0.44845802870458507 0.6007590547880972 0.5927978616767315 0.543067374405053 4.449357441929656
9.99999998491337 0.024341282152684305 0.04214646229486219 0.09098203144722697 0.0015456131320203104 3.3801482047932376 3.9999998090992825 0.789032669470522 1.7156701731103032 1.4326219131787303 0.9328926159369747 0.9109322851300379 0.8576390197099673 0.8724710514794762 0.6822863263102853 0.5629588506907756 0.48217271070490414 0.9842865129596636 1.0822898899267888 0.6450163926352431 0.6705351692267945 0.5415929539829162 0.7370612100046009 0.7389444086845202 0.7987581813913421 4.458530350634522
9.999996307514738 0.023421442520056568 0.11208604525453564 0.15302977927892172 0.001409760983224386 3.9638452629638548 3.99999992023886 0.8112175757537058 1.7943570838928944 1.524376026705921 1.0274901418294664 1.0384975686170996 1.0475040117058838 1.1416443304700072 0.9564473847848286 0.8455137157047068 0.7758593594259657 1.6989268206997192 2.0051764006620023 1.2784086796042944 1.4258565686602938 1.2355131193329636 1.8011871102387533 1.9540672558486274 3.999999949180825 5.849108801548347
9.95821424334459 0.030670788730530345 0.07817690981468475 0.18788699418510077 0.0012434984154974112 3.3345079307049508 3.999956292648157 0.8038331510766032 1.7667110567873796 1.4882751542062305 0.9897414405206721 0.9870042250252784 0.9690787287296128 1.027700998057702 0.8377801483444655 0.7219596407449569 0.6439591768964218 1.3716081795790038 1.5731141305254759 0.9769782820486103 1.0615266732710067 0.8947035464441224 1.2721200650619373 1.3328751888781787 2.302746433367383 5.82295822823637
9.04860738924889 0.028047675618115546 0.08514506754853023 0.16580305840718274 0.0005064077895724713 3.993375640917646 3.9999999999121614 0.8062833065842294 1.7670147019747855 1.491967763000781 0.9942923918042323 0.9937920192878584 0.9803247775003194 1.0447985465564227 0.8564923509565492 0.741571399154336 0.6663945669948853 1.4223917351594986 1.6396158209565932 1.028572856421319 1.1226548575622073 0.95509483303298 1.3611634654268139 1.4343951038954212 2.5442136601054557 6.714779414719789
7.856384930363063 0.029371423544440542 0.10129065098619235 0.19377351695486048 7.217918210049088e-05 2.986960814310942 3.999804486659009 0.8185864291146371 1.7862738533836322 1.5123263764235972 1.0163320926216013 1.0245596045559957 1.0283174464599552 1.1153722061008895 0.9310021464540821 0.8213030835861266 0.7518385174607515 1.631494069523973 1.9149833871321038 1.2252817436304393 1.3623345666753586 1.180231372392419 1.7134142881639058 1.8387586924190333 3.8700331302717776 9.31053973726689
8.69974453606193 0.029713192962711223 0.08907292022322064 0.18457576746384727 1.828261499874226e-05 3.9497821035906155 3.9999918701608332 0.8278116907135669 1.6886034557547378 1.5051042346903387 1.0039206566568186 1.0073268446209063 1.002066567390814 1.0771630581638187 0.8933620124787668 0.7827977800950607 0.7096895343250028 1.5194742034137756 1.7572128983708046 1.110200827639701 1.2159411703261533 1.0348069164085307 1.4523104656252113 1.522678238854497 2.0711657806165586 11.228346973367346
9.999999874974305 0.024043401938342656 0.03581721348694341 0.08214261858778028 0.00202003684045944 2.7609872878122386 3.9999999873190535 0.7868967862268265 1.7081818657751073 1.42397825944775 0.9241590349539409 0.899389270651072 0.8411395255678774 0.8500266308588575 0.6603579026309969 0.5412754478928867 0.4605916963250506 0.9341461262624455 1.0205381887129867 0.6043205221216461 0.624220881332986 0.5010368682005177 0.6775678147141322 0.6750917053490709 0.6809083280379102 4.19394210229998
9.999999999904947 0.026722053449535158 0.08902839040167182 0.16076010362566737 0.0008453034679637489 3.9927360009302615 3.99999999820534 0.8048047476250428 1.7714498436132373 1.49747769874018 0.9993981492980074 1.0001329829666183 0.9889560717043165 1.0565281114674776 0.8676793763772218 0.7520812953416934 0.6764418879868088 1.4510624326813077 1.676841948188295 1.049749316154217 1.1472373123717157 0.9742116139790538 1.395072928111293 1.4714628290213172 2.5784103305755415 5.933593032292036
9.873251087156916 0.02566701508799846 0.04407992716112116 0.10347750560104003 0.0006809601647552165 3.999995541125582 3.999999998480628 0.7902275209033671 1.719174371271534 1.4366961173452957 0.9369331305038855 0.9163071526979255 0.8653916215679146 0.8830858238468625 0.6927596429885358 0.5735971885876121 0.4928177539431185 1.009585991299663 1.1141003563010066 0.6663554229038929 0.6964287754405447 0.5650569546366135 0.7723621059814824 0.7780749995650862 0.8747227367999441 5.4954972398557524
9.999964923358151 0.02442300930062791 0.016608469579013227 0.06510447086933689 0.0011259705764011688 3.9999999980752836 3.9999999992545527 0.7808742440802076 1.6873389381401933 1.4000006654237098 0.9000798380305116 0.8677223818644584 0.7963416356500791 0.789688338042792 0.602010344657408 0.48439915575876374 0.4044950120822592 0.8048303631330809 0.862733934465243 0.5014605287748493 0.5083210010153616 0.4004551611581602 0.5312524461866961 0.5194206946000427 0.42783166367728026 4.595161728241569
9.99517726507726 0.0243403250030924 0.018297884299424583 0.06586095759765537 0.00115345098541823 3.999994990009513 3.9999977338503943 0.7813903993574252 1.6891165241494723 1.4020279025799294 0.902110112378878 0.8703813454155896 0.8000733472107919 0.7948211843258395 0.6069646297692287 0.48906319266970016 0.40906818223754576 0.815228064627275 0.8752997493250796 0.5096257119479022 0.5174426922551236 0.4083274612755851 0.5425652419137006 0.5313586617281595 0.44424513272907784 4.575575439131171
9.9999999978423 0.024379121457176543 0.04548983836014866 0.09253985479215127 0.0010515133550038326 3.65184153751488 3.999999999726753 0.790028512831202 1.7193030231796576 1.4368439471784287 0.9372064158978315 0.916659612442676 0.8659129376139251 0.8838559761451125 0.693570685690236 0.574373717364052 0.4937323962464895 1.011427064079747 1.1162777422986498 0.6680795567875266 0.6973140165569284 0.5658081765147271 0.7730349933216829 0.7783825067268263 0.8611607915283243 5.037627408800095
9.999999999999488 0.02428339681869029 3.7768693050657426e-06 0.048709389043930615 0.0011173539354610623 3.9999999999999996 3.9999999999999996 0.7755916168221666 1.6689741879445439 1.3789549222520363 0.8791143446321908 0.8404023873504769 0.7583818120115152 0.7394763344868985 0.5543028838973586 0.43840246345936285 0.35992905419231064 0.7041976672914138 0.7421652185191718 0.42403899124657135 0.422572566167405 0.3272328834791271 0.42677157812378325 0.4101614662433432 0.28294491137503797 4.507526970362026
9.999927275656031 0.02479204818438531 0.053138681727190884 0.10545477390777801 0.001028465876923603 3.999998388273117 3.999999999906828 0.7926336338133662 1.7284787834372255 1.4474614770658125 0.947985426472402 0.9309713888356632 0.8865551365083381 0.9121839798959508 0.7214908170771879 0.6021806307232913 0.5216061765169526 1.0770819021678602 1.1980396321241518 0.7221913788021933 0.7596335522662613 0.6208568675533302 0.8550679506563771 0.8677050030250525 1.0620836344724232 5.070158972775077
9.943502887289192 0.024242363104046552 0.056403170592730555 0.10226676958132956 0.001124941848573563 3.993557627921035 3.9999993194598717 0.7935371357572811 1.73137998081442 1.4508130233198764 0.9514254840271007 0.9355895921534815 0.8933602451198077 0.9217485511308999 0.7311472221101715 0.6120268521116976 0.5318176627753972 1.101592779684058 1.22928619626073 0.7437819928938955 0.7851787414182051 0.6443607756729282 0.8903792682603547 0.9068827925445878 1.1009690337220053 5.028490929595044
9.999999999999995 0.024437238653971106 0.025726971480156516 0.07427577659615159 0.0011487026203244976 3.999804601986637 3.9999999999758455 0.7837784532776947 1.6974380569803253 1.4116207076741316 0.9117461076007203 0.8830201086968678 0.8178651725917089 0.8185100875812343 0.6297497863940811 0.5112384371889821 0.43082323873383144 0.865156562460288 0.935959263544549 0.5489782912426175 0.5616168037539937 0.4465068377561757 0.5978803661079514 0.5899998255596369 0.5346098713367968 4.638451744158035
8.710823761246502 0.028461966464953265 0.0943844655573647 0.17910671189945568 0.00010000490220856357 3.5009149819267855 3.999999221077571 0.7956796778789514 1.7619234930147774 1.5013133458940644 1.0104087254766319 1.015434246478933 1.0112368201706752 1.0878136311720252 0.8998467838741195 0.7857344843394216 0.7117494643236636 1.5348016700915983 1.7844471497738827 1.1262574974844197 1.2389563091354525 1.0603647091306097 1.5251256390213574 1.618889055747129 3.468422768625155 9.076853195248106
9.744039083743827 0.025026127685779463 0.04326691918763975 0.0973255228357958 0.0009688893598176473 3.9999517491035013 3.9999937203211875 0.7899622265271828 1.7174860260719491 1.4347360518336074 0.9351316923018054 0.9139161831855499 0.8619158473180417 0.8783338485943974 0.6880911204989842 0.5688942258907957 0.4881149858279128 0.9984152431921554 1.1002258514506873 0.6571749125593606 0.6849482526457096 0.5547837105372556 0.7571053859134516 0.7614257748869323 0.8373810138815485 5.056164667565705
9.999989817130912 0.024414093871288556 0.015607341899427089 0.06420261848558034 0.0011429729098593117 3.9999984865925384 3.9999999999865983 0.7805730465788776 1.686256739997569 1.3987677428845928 0.8988655703415294 0.8661329421418665 0.7941137899652478 0.7867109282688547 0.5991680355756819 0.48148719933537926 0.4016471263071782 0.7983616063276338 0.8549111840535607 0.4963541377617532 0.502601140086 0.39550170293115433 0.5241363981424042 0.5119046007550953 0.4166613219178788 4.56458302680092
8.917845298820192 0.028037975689444047 0.09490591327607434 0.17526104666118617 0.00027663160926058247 3.923369713947586 3.9999999923190948 0.8101723635453171 1.7781071082595676 1.504730852846322 1.0076796975882307 1.0120049351806961 1.0079254467387813 1.0846438286587603 0.8977091570458906 0.7848078534219722 0.7121838076078989 1.5351304367910088 1.7869459458721797 1.132287738751661 1.2484087508365014 1.0736827271475489 1.5448339369081074 1.645244517093795 3.2515393256968808 7.6231310758272794
9.999999910941238 0.024276386690885984 0.002816109506529377 0.05082001893708034 0.0011270602406147773 3.9999999994065942 3.999999999856294 0.776487522975766 1.672064125118073 1.3824954397361835 0.8826410544773563 0.8449874395589957 0.764714308220253 0.7477958925780863 0.5621648287746316 0.4459137102119807 0.3671556106352691 0.7203504544772757 0.7613606403592461 0.436295809900858 0.4360405806149505 0.3386498035085787 0.44291069877599976 0.42689789755040575 0.3032281678876584 4.504761288038348
9.830290695284905 0.024632463429582613 0.08077770092486987 0.12948486222404626 0.0010832459489367625 3.7454822081310053 3.999204370874523 0.8072079135604486 1.7652289300495754 1.483324129759568 0.9849367965785523 0.9806555862530055 0.959894207809517 1.015196991858363 0.825413709987583 0.7084622563873604 0.6307329554982282 1.3396887492868006 1.5328529352407663 0.9494126306159141 1.0289342060302415 0.865095163449286 1.2277315374235018 1.283837345251106 2.015507948179257 5.475421871316284
