1.5362734153599478 0.04746849138000886 0.12382240002289352 0.13740398912963017 0.10231802046128308 2.374687823448395 3.326221615689215 1.9418246652809235 3.2399760019755717 3.851305595191628 1.7696588975362322 3.4424400349992146 2.8870573978333147 3.560291902733848 0.2326317504727916 3.6567396471273357 3.079012215402195 3.85139676307986 3.926211468324209 1.1776686366081375 19.302950943790666
4.150292697779769 0.09503227568729276 0.10004904012169766 0.1072963091418426 0.008041714262204017 0.41633988489272417 0.4798393284945931 1.8422966858325993 3.9656842093577964 1.9617080883215656 1.8571918539985295 1.7700086811887696 2.024604467290842 1.8117659498434173 2.913562523717361 3.590929069785047 2.802643445988407 1.7190429656903101 2.6119871951730973 3.638764893844283 16.0802387548174
6.806227508015943 0.11479880157466407 0.053378035954693794 0.1344196204682298 0.00790364526545434 2.0337960481609865 2.646872803172892 1.3870964113341804 2.419669412089376 0.27082899642628444 1.3713477346248848 1.9891058136849138 3.3218246087766343 2.169730529009352 3.7228293527256957 1.5242843284804286 3.574115208910116 2.348458463385209 1.907646313234972 0.7710628344091901 15.89469682254381
2.2423194616767574 0.11488615401041885 0.11663496648696732 0.1735707485238961 0.13285456249616712 0.08198296920862633 0.6294662453359292 0.5705264974961017 1.1242980619066785 2.981845576300246 1.982666107872898 2.9346470444363293 3.3730212210794925 1.5102380015670145 0.06362418811065101 0.8921519063343166 2.486966734811897 2.313280889157741 0.8562372437222777 3.0297664700146973 21.57907447941644
1.3293762911633686 0.019405287737308034 0.06205313894866844 0.1721334878618125 0.008564870427001164 3.298702207553806 1.184968575974251 3.022302880924948 1.3526505298919447 0.5917247751601105 1.1800149668864643 0.7777440268348346 1.120686944276151 1.1044977408830492 0.8745536485872855 2.0698021863922236 1.7809657083513406 1.318309972232058 1.0786006830704522 0.9700226641912988 0.02175134573886658
1.1956532972809388 0.01995102749343368 0.0871239569047352 0.199987870949494 0.007853856842955819 3.6984714845630333 1.3010956686754085 3.2833267084150433 1.4566767994511696 0.6328155258307424 1.250699323423234 0.8216831717916686 1.1914901056394704 1.1941603984191618 0.990041066301407 2.464214570630585 3.1934204797733106 2.4249129832954055 2.0353442002654156 1.877863979025658 0.024050751163725084
1.7032005937279378 0.018164763506130926 0.0946423570921866 0.1942629034543761 0.009826945601839165 2.954799161875605 0.9705170151307343 2.5843652824322167 1.2018350568261433 0.5438336883282351 1.1465442158836585 0.7885503754231739 1.2058855630778516 1.2390819637360548 1.049491304492435 2.64586103005402 3.7580938627241496 2.86990157019533 2.4225041796152733 2.2477319012378953 0.024390353706733873
1.5428192337420625 0.018483225905115707 0.07080821404840812 0.17279054646418174 0.00943654709860606 3.0147136194448643 1.0481793472533973 2.7365407928073657 1.2502464687453798 0.5568602120303453 1.143121411259057 0.7695663150931426 1.1387598468076212 1.1393970235974495 0.9196264681276024 2.2117076455651725 2.156476207792976 1.6085535461990081 1.3262481899713263 1.2019748951150584 0.02205746219225889
1.334610958637373 0.01935280959755939 0.09089031097549909 0.19959006610652671 0.008582424257996069 3.341633185822423 1.185551153807462 3.0379896431764983 1.366482554403447 0.6009391402030212 1.2120147866131052 0.8086226774820863 1.196144094620711 1.2119749436057063 1.0159215349770714 2.5466136359354494 3.47236125600767 2.6451058057218995 2.2271786856024396 2.0613396772896246 0.024154684145817854
2.5137017236036794 0.01684285146990934 0.07469238494820594 0.16643972574141075 0.012500842219371557 2.2004232433383364 0.719566963816464 2.061304941058475 1.015316016976461 0.4799827070074422 1.0687032098162903 0.7532927911102316 1.1582244364843175 1.172167118475028 0.9530988505515957 2.3031942959307266 2.327677246928246 1.7412136355270535 1.4399567136905793 1.308692410897678 0.022498193455425447
1.0774052296694572 0.0201610263269935 0.0874955724177377 0.1999422176911057 0.007449190128695254 3.863575703379982 1.4237561793381126 3.5471786994685686 1.5556594554250718 0.6688297690903685 1.2991405078500105 0.8422047663944727 1.2005088153191752 1.1929706071592203 0.9839627964854178 2.4499642269117268 3.195322012054838 2.425038460275965 2.0341924035709034 1.8760260164787985 0.024675656335158003
1.3637692498912133 0.019137426474951487 0.09324064777309009 0.19962533258797782 0.008670897053292539 3.334197336873421 1.1645776788809497 2.994316130879497 1.3509658678924166 0.595745000004769 1.2070814357893185 0.8082405581299826 1.2016555080222409 1.2216976504878478 1.0291430315044867 2.5909744150082736 3.6541434859214994 2.789124027043143 2.3533033537715586 2.1825960170743675 0.024492596501017757
1.2560203092750692 0.01962609298937531 0.076015198535424 0.18677145890740485 0.008225672211661234 3.4777246480543935 1.2456339535030558 3.1587309482229324 1.4070779591841251 0.61326842651377 1.2173555553257756 0.8012261547517079 1.1593397165669732 1.1538058335389256 0.9375361114813955 2.281844310789048 2.4631188621995954 1.8491387237993822 1.5344380738241086 1.3996245535922431 0.02287988868088335
1.3804649863307814 0.019200645057147046 0.09209711325697684 0.19963957568145133 0.008663513973136378 3.3525803371480407 1.1526118579910942 2.9682890112220375 1.3410767217149793 0.5920734364591209 1.2017445903582915 0.8055471631904044 1.1985896110550576 1.2182141589280713 1.0244210554763609 2.5737144558391005 3.5688904786536146 2.721579391451656 2.2940042519163586 2.125439361118905 0.02425098370243935
1.1667600671019513 0.020039341269155006 0.0698582418292572 0.1836821926806403 0.007758376197205707 3.70404953050398 1.3257413049158042 3.327007870747576 1.4680527170351454 0.6343795983243279 1.2409721248871524 0.8072870085261435 1.1488202513701615 1.130884497391442 0.9054498594463343 2.1773752298885434 2.1439319558136414 1.6003238057803757 1.320386460722759 1.197503815317736 0.02262771017620207
1.0847412943157149 0.020423954033477913 0.06061758665184863 0.17725526882540352 0.007363292608509176 3.8876812787970714 1.4104305013790794 3.503709615281795 1.5315499554667527 0.6561116264300736 1.264090581610568 0.8119235067906299 1.13299169430956 1.09940996976405 0.8615145661553492 2.0338435901456013 1.7378614554690723 1.2857918969317097 1.0515390980446864 0.9452828062350677 0.022309154844030114
1.219738655528126 0.019813871278686623 0.06991690264472535 0.18212233461927435 0.007916694906004497 3.6689765677255592 1.2762109197797165 3.220878313521698 1.4284924163632358 0.6200852903501478 1.2221001818597423 0.7994757053860094 1.1456191219545202 1.1314239857421886 0.9075682740512064 2.1825665658339046 2.143414030758056 1.5996461023353692 1.3195879216140074 1.196562787316931 0.022502128314072622
1.3331511262863136 0.019306076890271744 0.09185317609692992 0.19983950321921426 0.008545345748819471 3.37548242386897 1.1868124764399135 3.041095696200479 1.367894108861882 0.6015812314254599 1.2134895137970771 0.8097963854889771 1.198673176719877 1.2155248552506546 1.0207157894291967 2.563326167874859 3.54530544231315 2.7028838660290813 2.277771762483177 2.109950028174166 0.02430911413616273
1.3558149928022654 0.019254535597449576 0.08990536995412243 0.19765131149674534 0.00856628047500955 3.390556185891957 1.1696936548214785 3.003609459678914 1.3534892186314482 0.5961533972168918 1.205242241466359 0.8053635925577711 1.192935174242308 1.2086722490364938 1.011504162293426 2.530130397176609 3.38780932263432 2.5776156231611314 2.167782108968549 2.003999162643641 0.024039509739082487
1.170553197209663 0.02002679272653339 0.0809016594180546 0.1946041433867471 0.007948333612018752 3.545209046477593 1.3239412907386259 3.3290714848285274 1.4719780923479437 0.637431871576731 1.2525263671561702 0.8186576691234595 1.1767332626624787 1.17062364224571 0.9578596182360605 2.354652291887081 2.765944406726609 2.087520555162962 1.7414616430231962 1.5969086170368545 0.02358320016844533
1.4404353577171594 0.018817769802892015 0.09583674361170748 0.19976453509995246 0.009096598433947686 3.1449169612518966 1.1129353272424285 2.8857348159808796 1.3116676927895674 0.5821960112215667 1.19216089475164 0.8044890392693236 1.2077840626826783 1.2344881004391774 1.0462997752777285 2.6467579674743487 3.8721005536708475 2.962429457707444 2.505219302609132 2.328835660315137 0.024759703234905298
1.4023750756406719 0.01908019168205126 0.09343598047262014 0.19988586863753996 0.008773862597101823 3.3090975560706415 1.1376709233466133 2.9371438520879476 1.3299807162345094 0.5883318393766632 1.1980272435856596 0.8050458394779899 1.2018348880553265 1.224079506196763 1.0324049932188382 2.600258906481397 3.675492352549655 2.8057889777731173 2.3676540247366105 2.196077490927226 0.024394970635265523
1.408691981722458 0.018972833781177603 0.06188089133366479 0.16773308413826415 0.008761286181738742 3.295679867829894 1.1287310740870868 2.90263496484606 1.3085014493073523 0.5759971701189049 1.159992625632189 0.7697981173650561 1.1175027315490556 1.104324786698004 0.8748234644702353 2.0683435619282697 1.762185084567224 1.303465020238904 1.065719283165893 0.957784973209595 0.021599683908770803
1.7617582578413602 0.01793472998722971 0.0746674878472157 0.17252318790590868 0.010058943501373561 2.8575061586237975 0.9421403897983043 2.515876249261751 1.1718158491219919 0.5304699783608027 1.1159893774860534 0.7635764247656289 1.1494980734399258 1.1590571233105664 0.9432615408739087 2.2839567728697396 2.3478320674604354 1.7570664719475872 1.4534723248588646 1.3216162474097402 0.02223609358623685
1.5968915339874872 0.018415345675007803 0.08124555829169015 0.1828215121311716 0.009497007923042339 3.0418682560022137 1.0205396562894247 2.683254839293905 1.2338008064209671 0.5527475290214408 1.1461881412081234 0.7781470669232903 1.1672273113666571 1.1813592187753195 0.9739103391021066 2.391442889397849 2.7525393984086954 2.0745920640082356 1.728339116815279 1.582727807122025 0.02290351128899944
1.522635954985625 0.018641161752069344 0.07684729526536373 0.18017690420120924 0.009205244779220799 3.143979252244928 1.0604332106547996 2.76531935347563 1.2624023418114423 0.5620298167163513 1.1538121387210043 0.7776020015145909 1.1554089929283289 1.1623876468765004 0.9495823651589652 2.3121566767853574 2.489534009745033 1.8685794708815122 1.55024888278768 1.4137504977804305 0.022562909818275776
1.3489042696649858 0.019119088598513932 0.05897537403058136 0.16585610590056055 0.008696996513652234 3.2508190481570036 1.170020641454295 2.9888278953612124 1.3393878804198942 0.5865187457864919 1.171117584864364 0.7722076749826587 1.1116474652039836 1.0930265644675181 0.8601296424142147 2.022132741067056 1.6483987957291626 1.2159404392883824 0.9914220990762279 0.8885601034431642 0.021569511971626674
1.4982202029185006 0.018724026505810277 0.07786596929516819 0.18180542711232195 0.009105205972617167 3.183399667701075 1.0747746975787333 2.7961256225804347 1.2739186786786678 0.5662147238851583 1.159581628360796 0.7803541757063535 1.1583560545311982 1.1657541777437859 0.9541165644489685 2.328243164474044 2.5514650264510497 1.9171563524602464 1.592292349799509 1.453678551697826 0.02267928031422356
1.5929248856599736 0.01841304647262365 0.09402622355246791 0.19554930299414844 0.00967594597104156 2.9377272187665735 1.0243252405076597 2.6972214877943275 1.2423791542796705 0.5576850069533271 1.161670200448743 0.7927470858813827 1.2029632120030398 1.2326841145743246 1.0423647015291342 2.6257570691305694 3.7077636978958446 2.8305112183160355 2.3884333627279712 2.2153442501228824 0.02431150765003693
1.501086326852537 0.01870140817199804 0.09571297607986975 0.1991052792925152 0.009190343558924303 3.1497083963593737 1.0754784141719795 2.8061208452279476 1.2824904866094307 0.5719245140326716 1.1796969641772994 0.8000504043418042 1.2074476814911441 1.2364469208297675 1.0484753970252767 2.651217155378658 3.8623388575322237 2.9541703170143148 2.4975989720556186 2.321098662904486 0.024624264901752128
1.0928670108304848 0.02028970280968065 0.04808506726317599 0.16376128576292384 0.00745126871515017 3.8060686663575263 1.3989887621205235 3.4721949924000564 1.5160883447820945 0.6486336068214889 1.245669803061029 0.796964700382322 1.1016093000866864 1.0572563746895038 0.8087160879530769 1.8618914891431497 1.2991140989958707 0.9490804075652641 0.7663980510496355 0.6802811804578617 0.021692167055033372
1.8236474441593118 0.017780831220333172 0.08466205961588939 0.18131271713024716 0.0103631582794322 2.748459945446839 0.917943875604823 2.469976472429128 1.158233042380658 0.5274619705367567 1.1207647461565031 0.77296737181557 1.1782697706788163 1.2007017511338054 0.9968106702311665 2.461641539623549 2.9618800959809146 2.2385027045268404 1.8700087857600924 1.7171578881366487 0.023173593204143424
1.462805658779822 0.018866271448861188 0.08306538805927544 0.18807526034764327 0.008965177624202538 3.2398792385795243 1.096987561979943 2.8456884526691786 1.2934823578853512 0.5738740412353208 1.1726891695590393 0.7886662863744693 1.172828102103471 1.1850767319124347 0.9797609722178257 2.4163373437341624 2.8843332575123535 2.1789161074675873 1.8194161092511194 1.6699586783670535 0.02320119178142514
1.2476802690942115 0.019624341378049855 0.06550525234822638 0.17625911435993594 0.008145426703936668 3.5208668782954358 1.2509942133240957 3.164730353623007 1.406341759620685 0.6114503911318756 1.2077438470656432 0.7909068334057487 1.1327419373778302 1.1156823140112553 0.8877621291270997 2.115772796232796 1.9303138222858904 1.4339932482909044 1.1775027774209845 1.06281824104757 0.02213272108159658
1.2216070323637653 0.019813735057055942 0.08810159305526598 0.19993578767092698 0.008012476749312285 3.6083135640775255 1.2775248121770535 3.233269939559444 1.438264842872774 0.6263023193398469 1.2427813112402863 0.8190257952556884 1.1926376117751762 1.1982583293885434 0.9961212833905662 2.4838604582146364 3.2596309227570264 2.477018253431178 2.0805985860764555 1.9210146410177693 0.024072198810936127
1.0957027829157675 0.02050424259126911 0.08231862381026987 0.19955458819555325 0.007402910041978238 3.8931336359613997 1.402130856152698 3.4979517023182733 1.5357323223246935 0.6608548154500548 1.2850661530262546 0.8333700439265899 1.186520060789338 1.1756503964525453 0.9616487318549307 2.3709938834133424 2.870598134144032 2.170657105268173 1.814290084928251 1.6668854590311397 0.023814526955757916
1.3253348662238273 0.01930654986658553 0.0666547166981925 0.17502533468073933 0.008448833548899064 3.4104710681093797 1.1887403399666452 3.0325406308670235 1.3576805081325136 0.5941831464584802 1.1862621962365305 0.7829997573155463 1.132316459444393 1.1205710674825256 0.8951210263007564 2.1375522666913724 1.9762947204954318 1.4693466131519963 1.2075155233709745 1.0907949551846234 0.022044632625969545
1.383618840379921 0.019094185386654465 0.08721465645771506 0.19392330742321387 0.008914160938648583 3.1681910321938216 1.14962148391397 2.959526888873636 1.3364506732399968 0.5896835385692013 1.1951573437499357 0.7997260848289307 1.1849966148294653 1.1988203194221736 0.9982893798342739 2.4832302402137048 3.1792262476581077 2.412278952366172 2.0231530618068096 1.8651425297901814 0.02374252454035013
1.0736063172882955 0.020454852281461308 0.05202481589998688 0.16895755910195007 0.007275807031584276 3.9414146646825787 1.4215769035788492 3.522846061730449 1.5362336513946437 0.6565587993059286 1.2590596045828872 0.804993975027416 1.113300138474464 1.0708655404873075 0.8247734924663015 1.9139868374122087 1.4260854429536525 1.0461323722343556 0.8482491506197627 0.7560364584562544 0.021889035662101698
1.4082789575487136 0.019040348231907842 0.0919494349031584 0.19828525931396343 0.008968374625465248 3.170036977850678 1.1334932544480618 2.9275618799383953 1.3260029731293546 0.5866951321111641 1.1949110876680669 0.8028681256481909 1.197634375343699 1.2182884626753916 1.0244689635940656 2.572451366663899 3.549683690093731 2.7059313309876876 2.279999159422681 2.1117369914162474 0.02419868948919675
1.1192521143884662 0.02034014924587631 0.08429212698804406 0.19999998825981197 0.007477679007893276 3.884346916430609 1.3768477323411963 3.4445768332882407 1.5162511729324475 0.6540354883315936 1.2771368125205582 0.8310955661986292 1.1894256038375748 1.1827673906915068 0.9722255688691646 2.406394384254009 2.9989525171052844 2.271759254416691 1.9021989005142423 1.7507909191493005 0.02396830968987021
1.194378423490808 0.019753612716823823 0.05033087806790342 0.16196046831987335 0.00798163890096893 3.5433607525252406 1.2959960920945175 3.2529040326061773 1.43482970509683 0.6194849611831599 1.2080170746188568 0.7820705832833804 1.0980683835720448 1.0629952843871848 0.8196502696874947 1.8951272877134226 1.359059003292077 0.9945452138815686 0.804464332374271 0.7152725338573914 0.021487547558893098
0.9837943410509611 0.02110615121804115 0.07858933041879512 0.19999875766024622 0.007000130443417796 3.9999999759117286 1.5401178737356136 3.793431122690132 1.6459933091646184 0.7007370930403465 1.3375013446644406 0.8543658420433283 1.190345659484012 1.1636428324791668 0.9382188090805363 2.294366608385173 2.6409488397503753 1.9907949895689612 1.658788459910458 1.51928687435593 0.024121728525987905
1.459739927698538 0.019104363949122485 0.0782906491864084 0.18638991843947486 0.008877535531107155 3.262748223492932 1.0983168493794984 2.846085811063559 1.2923837033578212 0.5728005148956008 1.1680414976072786 0.7838563815148639 1.1605456821116682 1.1674041395528165 0.9564482274143714 2.3375844659859664 2.595820166003559 1.9521779839381368 1.622766168348889 1.482784310953749 0.02269385533862475
0.9798981636740267 0.021126653046594324 0.07541946915459413 0.19709258048357378 0.0069846045488339 3.998977170415651 1.5448868318742053 3.801866829948713 1.6482293160520582 0.7010879082780589 1.3359036221634997 0.851919198391963 1.183041459492983 1.1527727514912642 0.9235564666545596 2.2442945914654384 2.4564456553515974 1.8458945260713762 1.5332180928979835 1.3998611296033898 0.02390943835941606
1.668320266602072 0.018208225608569547 0.08786308114133902 0.18783089250960167 0.009817514388769084 2.923840251387267 0.9858898172407068 2.613472605651337 1.2104182277284103 0.5457051038359607 1.1432388953010544 0.7821725651055386 1.1860145476330737 1.2098229156512696 1.0107995566656869 2.5141773778446206 3.2062205344172505 2.4320456531415395 2.039131491399499 1.8793157948848014 0.023543754676327334
1.574431246037183 0.018431745421518916 0.06305070958358003 0.1647632936043763 0.00936731961497314 3.085845244896257 1.0299635797523077 2.694354326286696 1.2328364410289554 0.5496368609097473 1.1288843827006225 0.7592314908080524 1.117998060127463 1.1110386311503386 0.8832028872878732 2.0912704302574987 1.7995848635109004 1.3318986421810357 1.0896041457898527 0.9798248190983021 0.021482380028398765
1.5693857113094147 0.018516816722975088 0.09163527423062351 0.19392996824487543 0.009440560649304559 3.057526688620307 1.036522274754138 2.721841076210407 1.2506632567495855 0.560196504070957 1.1627817721593898 0.7913491452103053 1.1961970216749476 1.2222797125415386 1.0286134719843407 2.5792268825317803 3.5112921026488446 2.6743902492061813 2.2515416286702314 2.0836132499960147 0.024031423705652328
1.7417723223859947 0.017950076966882614 0.05932764697426391 0.1573024266063245 0.009943966039824998 2.894316096824214 0.9488026600509609 2.522800285632392 1.1700880187129472 0.5274939655070324 1.1007514339253512 0.7471920817700827 1.107449940089662 1.0995987164479273 0.8678413011862658 2.037908628429993 1.6393808396453615 1.2082240662396924 0.984262296442528 0.8813633346086123 0.021129549548440343
1.7866976872204214 0.017878865462679555 0.0840461133665811 0.18146140029015828 0.010215924595269092 2.798315713116163 0.9328482926953308 2.5007436066633577 1.1689986740590168 0.5309934252384066 1.1240286384313454 0.7733881846172976 1.176141073055277 1.1973077647193193 0.9928052389033586 2.4491785736302636 2.922635023595549 2.2077135268477437 1.843344380408894 1.6918064825096528 0.023109667306359185
1.675421690470529 0.018149545920750434 0.064231438634515 0.16376124689918306 0.009701884761273436 2.980431277820332 0.9794329235651578 2.5890382844744346 1.1951523990160051 0.536811973086941 1.1149597207941846 0.7553804849823718 1.120723410065209 1.1171204733942819 0.8903459757601624 2.1121282497367377 1.8437298933661763 1.3657982707671357 1.1183333376111397 1.0065531854949095 0.021493889542781752
1.8152576393003879 0.017855131754906498 0.09741794733915944 0.19459642617245082 0.01026241701383161 2.8063131899904845 0.9228714357653034 2.4860073367573974 1.1674603825332308 0.5326138094968131 1.1366840457651277 0.7880332232931582 1.2154640860032702 1.254236519653189 1.068221123761263 2.706535546742025 3.998655078241396 3.0610885873940363 2.5902111199649878 2.4092132131076722 0.02475643689510153
1.6752958641873072 0.018191435019174328 0.08598178953834813 0.18582824165955072 0.009813853781073693 2.9308746999491015 0.9823382616840778 2.6051519115306494 1.2069072862471875 0.5442080684164081 1.1400892401153058 0.7797410107900716 1.1807507180425976 1.2023815900955452 1.00084028473529 2.4799867035991605 3.0680105991641717 2.3227943367068558 1.9438393661356754 1.7880969882470925 0.023338764094272584
1.308572121170806 0.019361158080411774 0.05878810224885832 0.1675736411431327 0.00830100894029649 3.4946258905933174 1.2003632731977387 3.0532720741877477 1.3631573691124688 0.5949805482784446 1.1818361670050632 0.7763822507052609 1.112922479325091 1.0923503035124271 0.8588540476768303 2.0190861585137228 1.6474517514772726 1.2153088001924957 0.990964837610522 0.8882032344231082 0.021601549543668816
1.8325056096905425 0.01771657929955631 0.06004001799972562 0.15619787051773068 0.010279951570785118 2.7811275856744837 0.9114266703664867 2.445398538834048 1.1427716429721937 0.518368807994794 1.0913650339999539 0.7448449125308113 1.1094779841131472 1.103496708881578 0.8720903471392438 2.0499148335369597 1.6616335442358956 1.2251878580643258 0.9985449501003505 0.8945646960504656 0.02113191162245474
1.0874968681240538 0.020414587336942052 0.08401232347753315 0.19999942154428388 0.007415625385767616 3.877311182570624 1.4116049450367643 3.5191617737817005 1.5442982373251855 0.6642695457498604 1.2906399717006767 0.8366542280725132 1.1912139451509272 1.1813334995681495 0.9691808515272979 2.3973130845893236 2.9710807564289925 2.2493350931626632 1.882192160155837 1.7312055858581061 0.024030641506396392
1.3296094642486835 0.019337892087399815 0.0905226804108987 0.19893219467814474 0.008577213420517003 3.340884607790793 1.1892399521907742 3.045686174039554 1.3692156097601227 0.6018548957742265 1.2128893036631807 0.8086949370096005 1.195179538548937 1.2102656461364336 1.0135888880623563 2.5387778469441207 3.440425586160281 2.6197397935033613 2.204974241449095 2.0400076377214247 0.02414671286950798
1.091778647517554 0.020542891059819855 0.08245827316799008 0.19997655712894155 0.00732904919949053 3.9595134850810543 1.4065419460561506 3.507536208110672 1.5393815161485986 0.6622102881542583 1.2870147013908135 0.8343015198298401 1.187289233560317 1.1762164691385737 0.9622106944458644 2.373114052600411 2.881357926070999 2.1790437338257136 1.8215261270629068 1.6737209549715533 0.023838896592867566
1.515069490502072 0.018674324549117934 0.09663525845073745 0.19996207447784903 0.009273195213611682 3.1114266175911185 1.0675729064113975 2.7898987330183065 1.276823779815919 0.5700862869359706 1.1782288495402653 0.8002398593735206 1.2101318243872548 1.2408041404289871 1.0542589588758082 2.6707398672756733 3.9486107278521327 3.0230218196148777 2.5582161563621013 2.379667378250715 0.024716046469986916
1.087349138970339 0.02048164099137942 0.0833939376481502 0.1999707706033996 0.007355686954749728 3.931311254301248 1.411683224276159 3.519084471922485 1.543967562280113 0.6640117944718614 1.2900377048754568 0.8360983616158137 1.1898856970442206 1.179290167070942 0.9660928159842639 2.3866630888398697 2.938308316188909 2.2241439274220327 1.8609214395998974 1.7115065228395432 0.023992026674643112
1.7481271900903599 0.017970070270148245 0.07974870011085809 0.17787860675243705 0.010070150557040988 2.8437750867642677 0.9486298948760652 2.5317193535767872 1.1788629717009247 0.5336576144395484 1.1234807475029258 0.7697965324360703 1.1636229677507028 1.1789748269993932 0.9692473045312827 2.3709991935650305 2.6452508695682635 1.9898122577538877 1.6544486928103423 1.5120847337540877 0.0226887734537518
1.6732643407212653 0.01810194159895054 0.05171174047801932 0.15081594675870366 0.009687238781447421 2.9799937315633755 0.9787962802342305 2.58191512047324 1.1891835197723577 0.5328474231313187 1.1009790730701445 0.7417376999868676 1.087423135986324 1.0705975169368582 0.8321455740266847 1.925074748160959 1.3743096171981528 1.0053252541560669 0.8128776929084954 0.722478018419707 0.020738197821306623
1.435529857402133 0.01888788524954912 0.08691578292025012 0.19192489654407693 0.009078600020915949 3.1310836945427027 1.1147935661218054 2.8853095408956078 1.3090570802586348 0.579934759183553 1.1828588081781066 0.7949561223471526 1.183391960450457 1.1990692669494945 0.9985203716873181 2.48160682120899 3.151452835587892 2.3899132357288297 2.0033312894539477 1.8458889090090116 0.023632414846853547
0.9808576538020068 0.021118639141474837 0.07843756167678345 0.19996003920882235 0.006991898045964343 3.9995748796255133 1.5441848985062472 3.802086056443704 1.6492243107604965 0.701906874485303 1.339026378007 0.8549703825948433 1.1904206478157238 1.1632348235225853 0.9374510194631139 2.2917215705974865 2.630740063004863 1.982593623470283 1.6515433327961209 1.512269321757823 0.02412888247848973
1.0483164952322606 0.020761192621552838 0.08071188501741056 0.1998003669683393 0.0072051013151429805 3.9729629701955713 1.4569589716266251 3.615135965485779 1.5793542716279965 0.6765723539762774 1.3054618323616038 0.841323936084623 1.1872984791213115 1.1700629762153463 0.9515733224516534 2.3382312533054352 2.7700178027805498 2.0918002868758006 1.7460302445679476 1.6020129742241456 0.02384622612683856
1.4576627089984848 0.018901394523704443 0.08915302641453143 0.19449028621222 0.009009975569573078 3.2057054806096725 1.101082449831157 2.8573243302622755 1.2994356954320065 0.5768926885891473 1.1808553285228056 0.7958439462527356 1.1895627506381234 1.2088979920254603 1.0115863715295208 2.525514721964381 3.324995079283509 2.5272207656692847 2.1232086514408035 1.960760121089293 0.023811399306427547
1.804790110631592 0.017835377366400125 0.0890605869846471 0.18613487798648315 0.010322339755494446 2.758928129336944 0.9260569731062491 2.4888513479659653 1.1661489941941232 0.5308283090015153 1.1279102507054395 0.7785878207269046 1.1907515780541487 1.2184506306513487 1.020493645467602 2.542651391971465 3.2853202896220983 2.4940409107787476 2.09278805506886 1.9303134729411997 0.023663417417375474
1.108330857027416 0.020413435980704116 0.0804678877554957 0.19706706836621135 0.007499109615610006 3.825690853771317 1.3878965692720935 3.4662959344886053 1.5232968478423354 0.6560402744821875 1.277275437195515 0.8289349583211477 1.1805925279072327 1.1689125798433695 0.9532636131430179 2.341642427069521 2.748432932952435 2.0742204909057897 1.7302992923551315 1.586606834560278 0.023619112611756175
1.6908720513915898 0.018426229336349756 0.096806799070663 0.1997805780233715 0.009795328167424502 2.93559220817612 0.9762381187467774 2.5974711722191306 1.2072100887985358 0.5460451192609254 1.1508627378774696 0.7917335739036649 1.212631829416927 1.2487028855563027 1.0626864868566717 2.6921856517069327 3.9766708960688213 3.04402461270244 2.575860487561413 2.3958449972838545 0.0244818183912329
1.0176862385818377 0.020909537731778022 0.07996790826812272 0.19999030312221214 0.00711849369366479 3.9778220551582515 1.4951547664945626 3.697134934438546 1.6100413062909267 0.6877188409714605 1.3203253168668456 0.8474555240452087 1.1890843618460887 1.1677349125557317 0.9463809747621111 2.3214506595291384 2.7235994568959017 2.0554988043311884 1.7147035350984334 1.5723343598518276 0.023976174337350237
1.7554251339652935 0.017952814387542013 0.08610635129806826 0.18409521235324194 0.010156645493416503 2.8067282490039034 0.9462880490189568 2.5297156977366484 1.179894649799883 0.5350074628672035 1.1300064036665702 0.7767718971032191 1.1816978527559228 1.2049224670991177 1.0032271960978425 2.485442590508927 3.068986447488705 2.323231019149069 1.9439524797620242 1.7879682787556896 0.023331744682734138
0.9817455271463785 0.021086635923517144 0.07014167590977283 0.19159087787993395 0.006986199151849398 3.9977467593546097 1.541261333573533 3.790921248705721 1.642503259042995 0.6981908941151526 1.328386110720186 0.845665488407414 1.1696638330404132 1.134560769921104 0.8999271870116683 2.1641080319236536 2.175485505424945 1.62609871259198 1.3434867834164266 1.220121721424922 0.023517683723275607
1.8890591755988675 0.017606831059617203 0.07064457797591123 0.16594095299749978 0.010491884143215372 2.7183787760522438 0.8912169611685534 2.4082508853521514 1.1325565203398054 0.5166302954645675 1.0980369993569403 0.7551881613088058 1.139070521448916 1.1454783379401174 0.9246108693381491 2.2194973704096537 2.12797811945869 1.5855851774309435 1.3058928781547783 1.1822475687733214 0.02187963369928293
1.5607802721994493 0.018730139977710492 0.07657965950706648 0.1816281943589636 0.00923462312308825 3.1416738426223736 1.0390988577435034 2.720215600306689 1.2460095187755973 0.556309091678501 1.1469850820171956 0.7751932591719862 1.1550806276062282 1.163069389148465 0.9502426483466143 2.313115826202301 2.4828435002246128 1.8632803417564303 1.545617010336183 1.40930709274561 0.022473732363714312
1.7204905095634662 0.018056467605551633 0.08926460465185278 0.18805843488804497 0.010038682698625737 2.8449750499881747 0.9619976958034415 2.5640151935003277 1.193036848250205 0.5399763025418889 1.1379626686271807 0.7816520697058335 1.1904193180441638 1.2170027594075263 1.019694988979525 2.5427282510042 3.3080138619198665 2.512374960003136 2.1091014635741856 1.946218225085663 0.02368968300387236
1.7714256743201937 0.017898919403265313 0.08117389373423445 0.17874026033286758 0.010194869561639477 2.7953331876176675 0.938865570716981 2.5119825398628715 1.1722072425675438 0.5316223702223709 1.1223905460125567 0.7705922294346149 1.1677894284963581 1.1852025112431985 0.9771201276767499 2.396763360636225 2.732509593839281 2.058220175850392 1.7136316088850423 1.5682802868870773 0.02282131291185493
1.7705156645771112 0.01797471086720177 0.09730715041934515 0.19548855647376678 0.010137894512313927 2.837352336417199 0.9412847884766136 2.524386730443199 1.1810896208335426 0.5371945080667855 1.1414599354128636 0.7892465765105222 1.2144833676676345 1.2524031092697985 1.066447758733291 2.702050043179095 3.992738365248837 3.0566266184442235 2.5864872240903054 2.405798717513302 0.024715380148278496
1.7787627735525315 0.01787740663838893 0.07957499163106824 0.17694624924390212 0.010194932820465585 2.8008494238051687 0.9355972789638259 2.504439923220362 1.1690764505429774 0.5303102612479287 1.1196960245212468 0.7685287861834844 1.1633255020087179 1.178916877125164 0.9688342867730084 2.368757880011004 2.6314354659185315 1.978874758115857 1.6449011475616142 1.5029437518319642 0.02266855659815222
1.0420639318614775 0.02069154037316411 0.0820324578345919 0.19999999999999998 0.007179241740886102 3.9999999999818012 1.4648138156900503 3.6328402439971317 1.586390311210768 0.679335743522196 1.3100934558731048 0.8440565435044328 1.1911587639121473 1.1745347395042012 0.9571145209246736 2.357577993106545 2.846573476364894 2.1518644249446703 1.7980849085892439 1.6515376781476172 0.02402989959293861
1.7223202780684748 0.018071739942432875 0.09613534056056236 0.1950400903242608 0.010051992938452622 2.844476580067571 0.9620604084630723 2.5673089257821258 1.1961158154405478 0.5421109755612452 1.1458078167788028 0.7895003183805763 1.2103193581392828 1.245786043254438 1.058253462401809 2.6754638173682515 3.8861243027282155 2.971818270563017 2.5120332433573913 2.3340354951842643 0.024549258251308423
1.6980646723670754 0.018155929163968212 0.09717796290899684 0.1967450449640609 0.009927608664029954 2.8942201583203833 0.9731929025287196 2.5911334028039525 1.204959341542496 0.5452970540134906 1.1501630390500832 0.7916414256144424 1.213104513108788 1.2494740124753407 1.0636024793911556 2.6950138299370243 3.985812409379262 3.051523621886836 2.5823317326721473 2.4020844194516546 0.024693391047084717
1.8407581698458049 0.0178094549442342 0.09737193502277479 0.19426418318335897 0.01032450083507001 2.790448711348953 0.9127790031300761 2.464971077435647 1.1599816900619768 0.5300973089471794 1.1340341297378727 0.7873116125966716 1.2157808921010202 1.254880724959362 1.0686878105592945 2.7072439680504874 3.993849231536036 3.057137121557064 2.58663350025342 2.4056652520205737 0.02474669095904002
2.406151348690753 0.016853963099863867 0.09773833532161272 0.1872126771341785 0.011453831791448361 2.5362308096860615 0.7449915443152295 2.1217951041638528 1.0418720375401898 0.4921498440945438 1.099941786313638 0.7815505108402419 1.2272258064388466 1.2706829686715702 1.081894381927717 2.7377093248741886 3.999894803785811 3.059922217649969 2.5873026806644823 2.4047171963042926 0.02525483961093696
1.7291624268273993 0.018047729063933395 0.09441809887289247 0.19313651174708082 0.010073728101106053 2.8369354431034313 0.9587966626666119 2.5596842724771824 1.1929082239855355 0.540746261874639 1.1429329590613069 0.7872648997053476 1.2054008668868914 1.2387523963515894 1.0486757488710483 2.642044681418273 3.7321220925439493 2.849079631645211 2.4040916802693424 2.2298566219289455 0.02432199745678989
1.8032065277583067 0.017834528015872344 0.08338953926395276 0.18045838980979853 0.010271918660158495 2.780569119431912 0.9259978204435513 2.486171787271583 1.1636345169538023 0.5290784951460712 1.1214502526664614 0.7721189985715609 1.1744221414496676 1.195012139583596 0.9895910136771585 2.437845272794408 2.8766377320498555 2.171437727816828 1.8117823653724732 1.6616727967928675 0.02304059507142925
1.9117638538225705 0.01752762235027939 0.06032696538983279 0.1550009770315586 0.010552113622255577 2.6955093776866503 0.8817148338699663 2.3840347648680043 1.1212101828515928 0.5112077581066944 1.0840613394234186 0.7429602063283163 1.1105522392157328 1.1056198913300588 0.8741549783553081 2.055214636394009 1.6684623046970546 1.2303299747815557 1.0028189790983848 0.8984722237497471 0.02113463839969957
1.7566935891668416 0.018025575794666078 0.09715079762718525 0.19572319269844216 0.010037025731587918 2.8817324167673877 0.9471521262830167 2.5365888148548814 1.1854145550982929 0.5386399819564174 1.1428941511496737 0.789531928677814 1.213872796998811 1.2513669377099983 1.0652619176512559 2.6984475817670615 3.9807545219579796 3.047143001273005 2.5781947475752975 2.397835217009257 0.02470869646972435
1.6902206548543601 0.018195669874946762 0.09718944051067999 0.1970384043612047 0.009824849348821824 2.9469555043685665 0.9768266199487805 2.598776112262822 1.207709598913225 0.5462414343831585 1.1512356083499504 0.7919861532557255 1.213098187130235 1.2493397151864105 1.0635356400030882 2.6951099362984734 3.9892465531147145 3.0542966617555236 2.584815343789145 2.4045263410849675 0.024719210468799366
1.7386531683407813 0.018013916615711917 0.09149598630907534 0.18996002742613816 0.010105050858995665 2.825206906579369 0.9542448505899312 2.5488114552137335 1.18820900525358 0.5386845848419543 1.1383332754686324 0.7835531639591911 1.1970366576669196 1.2267872644840725 1.0325009191932093 2.5859776542150072 3.4841559680373453 2.651942470766031 2.231138411055185 2.0633355259788875 0.023953043284463828
1.7412375228032702 0.0180021878811755 0.0915018178975916 0.189872248289735 0.010128949341446227 2.8141452453328877 0.9531152486770137 2.546448761738523 1.1873637177660545 0.538397330417153 1.1380209776347603 0.7834627673159087 1.1970683101535882 1.2268660459715073 1.0325707129756982 2.5861258249562447 3.4840144493214864 2.6518165442455817 2.2310172064362925 2.0632092579195156 0.023954673018093786
1.830108417572308 0.01783267626989573 0.09738225594889852 0.19445371316320834 0.01029933284950965 2.796084164881736 0.9169602675424178 2.4736787566379728 1.1630712225749624 0.531134873433538 1.135118969522859 0.7876008812831 1.2156334907134476 1.2545937232015 1.0684685746799552 2.7068607813686314 3.995447163005701 3.0584675596120365 2.5878498865907047 2.4068810823151243 0.024743890057242673
1.8076988994003844 0.017822800633414727 0.08265545447229962 0.17963431303684593 0.010281217903933828 2.7784882699515894 0.9240865753443729 2.48186102069193 1.161901123097868 0.5283777636286519 1.1201112201961538 0.7711424343641896 1.1723705311412513 1.1921211204880973 0.9857479186392111 2.424762756741103 2.827255069747899 2.132568683142145 1.7780194396575049 1.6294955754690055 0.022965259926609846
1.709586002177931 0.01808829668087975 0.09137334648178633 0.19041089499700434 0.010017304606692479 2.8490425335559184 0.9671779288347455 2.575833085426321 1.1978555074740034 0.5419518414351316 1.1418165958318196 0.7844822239501213 1.196362776112984 1.2254135897234915 1.0310630959311577 2.582088969005323 3.4762853679052603 2.6458364428496672 2.2259040460900383 2.058405235282201 0.023941434813507568
1.8222091532497091 0.017773053750189397 0.08303807811257331 0.17962473951399008 0.01037752293566173 2.738536730132931 0.9183144927421866 2.470012200810022 1.1577955770627157 0.5270545679427576 1.1190062130376468 0.771133586416045 1.1735690750283176 1.1939649318566667 0.987989525152652 2.4319092140018106 2.8506905416525465 2.1509548987779294 1.7939426669382543 1.644622800769857 0.02300572468157829
1.7625231507303536 0.017946893401891262 0.0856173453261982 0.18356335724538556 0.01013365925637126 2.8249588488912574 0.9431938111756215 2.523042050446836 1.1773801830464625 0.5340793932581639 1.1286198134742813 0.7759854807791015 1.1804071678528305 1.2031544673455294 1.000802393073918 2.4769883898159923 3.0344188140319734 2.295926533675595 1.9201547324409718 1.7652057730883721 0.023278551018507242
1.9833927744363453 0.01748399660612592 0.09751218603590821 0.19184152766945758 0.010751222676983628 2.668384026993688 0.8612238625178502 2.3581939203771 1.1224523439939218 0.5176711434879011 1.1216947516413351 0.7844852505624702 1.2186277292682264 1.2595246027421745 1.0727207642936563 2.7165540446632033 3.9954041723048497 3.0576833845562033 2.58655151438189 2.4050851884666797 0.024822806648447254
1.798965449978145 0.01791711566728893 0.09730604168133339 0.1950318230046547 0.010173609952010934 2.840116667129565 0.9294650883654134 2.499716337354654 1.1723060116148918 0.5342307537628523 1.1383144263481486 0.7883944114659722 1.2149467418200837 1.253348312665842 1.067276747834076 2.703859339074186 3.991617998589606 3.0555659374551967 2.5854245784978773 2.4046569957466333 0.02473547226879799
1.698885385895531 0.018132438249494728 0.093448215106319 0.19283346865187428 0.009958540318036752 2.8744049219437557 0.9723303158962077 2.587593561430575 1.2026532031800083 0.5439190631395056 1.1456518197366612 0.7872945157100538 1.202262520104078 1.2337751622302158 1.0424183497241488 2.6215926898551785 3.6512243903354977 2.7848896408802797 2.3478671808496814 2.175806803773255 0.024198479364241205
1.6844305683390155 0.018167866050687532 0.09638055772765178 0.1960303473353008 0.009955640460608317 2.8651877986104597 0.9794039875727484 2.603780689166486 1.2092817125354844 0.5466472366853735 1.1510035822605793 0.7912345608084963 1.210556616348366 1.2455605096300242 1.0585141790324797 2.677893331763936 3.9110351534598036 2.9919240980250916 2.5299108921683775 2.3514767825226803 0.024585308557699415
0.9799639707972887 0.02102245931394145 0.06015706092310253 0.18111768006386278 0.0069732569267194 3.9983221097606823 1.5417223791084214 3.78601547896838 1.637640544420085 0.6949115685973973 1.317268020718672 0.835278059126433 1.14545928003144 1.100927123665307 0.8564870554077856 2.019026057144475 1.7283480918234884 1.2789678378862022 1.0461262740220303 0.9405717116889415 0.02293943635907693
