0.9175918011040421 9.999979563760355 0.022020533025557534 0.02092463049381904 0.16394800452056038 0.028497030078247047 1.1539361851548235 2.0222666032529637 1.8032502792918643 2.5244822911650457 0.393516359395364 1.89855098305648 0.36776962748814823 1.5905268696142707 0.7981636132565049 0.22255030925360497 0.9766864862630474 1.2194891553509493 1.2967354150503825 0.9468834676296572 1.1160392200527347 0.8997078255963123 0.4102810140317381 1.0672901101225887 0.3733819719947352 3.6035627827842323 16.26235652610591
0.9845217034415616 9.999998403067307 0.025659092526351335 0.01369257174507736 0.1998797787804889 0.0283053243100558 1.075485784348136 1.884805841517456 1.6806946558241493 2.352905525124953 0.36675997607615446 1.7695264095203935 0.34276964138796756 1.4824068214482486 0.7438980868532981 0.2074182059211776 0.9102858859514932 1.1365781025221922 1.2085790250056625 0.8825094494514951 1.0401683979521887 0.8385429468002455 0.38238859446242474 0.9947294900068399 0.34799778352366606 3.3585068517722605 16.316412772831512
0.8948372337611082 9.989271160519571 0.026268764367036065 0.01803643436510958 0.199991628707781 0.021559802938006252 1.183278784225169 2.073677815913114 1.8490860787747658 2.5886501699988633 0.403521912688217 1.9468057077775425 0.377119927747539 1.6309653077954644 0.8184601325905874 0.22820993202634926 1.0015218086801108 1.25049983160343 1.3297079109179932 0.9709609317967351 1.144416807628586 0.9225850229215171 0.4207133892655635 1.094429474161574 0.3828761833880348 3.695234751947222 16.40871623862018
1.3354059999651133 9.772930563721122 0.003708927946026377 0.020654920992962574 0.03287141610396782 0.07848876033375621 0.7928646629008985 1.389475470685302 1.239065967390086 1.734975244879327 0.27034773706591964 1.3045684406802236 0.25268100021597256 1.09286559923933 0.5483695986989775 0.1529035613652795 0.6710295099747591 0.8378885475027401 0.8909831201807549 0.6505567363236257 0.7668379170548959 0.6181535669345024 0.281885693650073 0.7333307494267994 0.25653050139768857 2.476129672658328 18.262694945958486
0.9891348553011106 9.454679370493391 0.02521777894732519 0.013933441308773655 0.17739252174857137 0.027636850087300095 1.0704674561725394 1.8760181598767574 1.672856168793244 2.3419322684759685 0.3650488052081371 1.7612725381491523 0.34117049963826 1.475491209794919 0.7404274171359805 0.20645048343997047 0.9060389443231417 1.1312755486199897 1.2029403071482556 0.8783919501776476 1.035315152851123 0.8346304930738502 0.3806044746895196 0.9900886471419431 0.3463741565231147 3.342853990088127 15.877550846171545
0.8949490042780924 9.978650990949058 0.02627540250963796 0.018014685230220658 0.19999999998496554 0.02154616098262856 1.1831275140386128 2.073411858270887 1.8488498807459477 2.5883193456783276 0.4034703187886655 1.9465571074809636 0.37707181084149477 1.6307566125594353 0.818355327798752 0.22818084531402455 1.0013935907936875 1.2503396309890928 1.3295377368440668 0.9708366655987675 1.144270436605069 0.9224670440243885 0.4206596869989481 1.094289402007477 0.38282732348683446 3.6947611001804272 16.407518614991968
0.9414672555013297 7.573805384369695 0.026480982589425942 0.01518696723353314 0.19516427054979624 0.026849059408812215 1.1246697019559722 1.9710158972070326 1.7575404944895636 2.4604763560811063 0.38353431089393597 1.8504167113120293 0.3584434293216549 1.5501923113424765 0.777920130498008 0.21690474842947396 0.951915815272154 1.1885594271937536 1.2638483124792124 0.9228686687241747 1.087735118597315 0.87688997440828 0.39987568405110896 1.0402212965729738 0.36391237607833443 3.512138886925047 16.058450212066077
0.9416580442892256 9.999998408351804 0.021756107211420756 0.019869897194858595 0.16216151582980845 0.027577916802860487 1.1244339149678 1.9705741168182906 1.7571631302238897 2.459960905533662 0.38345349265280526 1.8500311346529288 0.3583681914761076 1.5498676871159494 0.7777564527753522 0.21685275510607538 0.9517158102745955 1.1883095033247792 1.2635832806423204 0.9226748092227536 1.0875071335947883 0.8767060191622733 0.3997916933201485 1.0400027443523867 0.3638358935663278 3.511415178889469 16.439175718104668
0.9137066112345993 8.10142659458619 0.026175294934185144 0.01691781738177698 0.19903892866426853 0.023089922598179848 1.158843095414273 2.030876938814565 1.8109202587375668 2.5352105046794597 0.39518872094959273 1.90661831797739 0.36933339549023064 1.5972889531535135 0.8015579712166614 0.22349684726542246 0.9808395180699955 1.224674677278678 1.3022488354572845 0.950909539542193 1.120784363308324 0.9035332272069562 0.4120254731793769 1.0718278957369618 0.3749695131083596 3.618884463602254 16.3831498174409
0.994907346142576 9.999550201512939 0.023882257466118214 0.014727218239644069 0.18921547993007834 0.029362353989561385 1.064252418054535 1.865128464741233 1.6631488245818706 2.3283531146635417 0.362928066747898 1.7510567598866367 0.3391903482583851 1.4669262136545136 0.7361262659254799 0.20525067416186196 0.9007764084365804 1.1247045753837162 1.1959552428322622 0.8732900208764135 1.029303589871881 0.8297835157289036 0.37839463228888215 0.9843379453787517 0.34436327623737634 3.323353203971519 16.49300458045948
0.9448620080223169 7.071395380122619 0.02263497375509057 0.018882489259615474 0.16984830221864078 0.03010816305617693 1.1206237246864472 1.9639330607268692 1.7512235962258877 2.451628554952422 0.3821542821746827 1.8437624906950503 0.35715404374439785 1.5446160479198452 0.7751212890511163 0.21612493279999018 0.9484911958683545 1.1842831943362209 1.2593017724981599 0.9195485904874527 1.083822253919308 0.8737354963438123 0.39843716254337835 1.0364789767636489 0.3626032012179278 3.4994982002265957 16.32137182670506
0.8958382312444735 9.68324492641149 0.02658323206748895 0.017385965482870764 0.19367927331618082 0.02125456747806003 1.1819568086516683 2.0713601979607277 1.8470210791416852 2.5857583306405267 0.4030714828168718 1.944630619928341 0.3766987961122215 1.6291430287017847 0.8175454324283378 0.22795495537778365 1.0004020937140636 1.2491013764649745 1.3282211488297673 0.9698750802681121 1.143137318777891 0.9215535490990953 0.4202430598088735 1.093205358308142 0.38244809782003064 3.691106656111402 16.18730922069425
0.8943866181566258 9.999999694777054 0.026261075582528447 0.018050638562142195 0.19999999879619867 0.021528738587082784 1.183876261181809 2.0747243986978314 1.8500191676067546 2.589956336673925 0.40372588334522896 1.9477879576988575 0.37731048151792634 1.6317886648463342 0.8188735278233676 0.2283253791521196 1.0020275493817776 1.2511312640116308 1.3303792450195762 0.9714512057297602 1.144994602152285 0.9230508583273713 0.42092592820980473 1.0949820365183758 0.38306962390788346 3.6971002554460273 16.409698352317612
0.9201821352505567 9.639315386798838 0.026341828487982236 0.016452853628450306 0.19023609677850453 0.023918962231776596 1.1506859321915064 2.0165757676872618 1.798173610427994 2.5173731925304543 0.3924067176603816 1.8932047943280055 0.3667339240503732 1.5860474090975565 0.7959155059485886 0.22192342519844965 0.9739355066891326 1.2160542043542042 1.293082915491692 0.9442163843978438 1.1128956748084555 0.8971736331501109 0.4091253883928411 1.0642838250978495 0.3723302728917015 3.593413398103724 16.060917409083718
0.9085644247436508 9.999999993804371 0.025915287232518857 0.017597629019284057 0.19647568708572413 0.022719842362304603 1.1654017643200243 2.0423555720037534 1.8211604532012264 2.549555006271096 0.3974255065822241 1.917405853870101 0.37142341881692165 1.606328405622824 0.8060948655743702 0.22476201044211108 0.9863912206629499 1.2316070536335786 1.3096196274662766 0.9562919973295595 1.1271278682451573 0.9086472093510005 0.4143575797663636 1.0778950259623898 0.3770919535932141 3.6393859005634157 16.361023969664576
0.8942645599925942 9.99896104698939 0.026263933503530554 0.018088254467170314 0.19996653369845155 0.021526954732756544 1.1840382737542847 2.075008154461602 1.8502721972724185 2.5903104624206894 0.40378125045868274 1.9480541456953004 0.3773621629466784 1.6320121198310618 0.818985863711065 0.22835674442527537 1.00216497212164 1.2513029514401484 1.3305615719267099 0.9715844345332955 1.14515144549063 0.9231773335493141 0.42098362813475165 1.0951322218338913 0.38312215232126884 3.697605994228014 16.41191802153047
0.8930249476195649 9.999988858766736 0.026251449691945768 0.018015216923502105 0.19999998510326675 0.021506339610571263 1.1856818466621253 2.077888220394971 1.852839178658632 2.5939036490627694 0.4043420532241226 1.9507558625112091 0.3778859940595603 1.6342773772649457 0.8201232315194038 0.22867397964258107 1.003556499857391 1.2530406810534225 1.332408648758463 0.9729334083178336 1.14674090392709 0.9244587751015434 0.4215680472176904 1.0966527225967793 0.383654055999374 3.702739543311904 16.398560554114503
0.9591579155069608 5.231180938875562 0.02433993708449663 0.015477368081660461 0.19676533507349064 0.027869445397324166 1.1039144089426958 1.9346833142296789 1.7251521508290704 2.415007377961945 0.3764450696346516 1.8163110834489893 0.35181647291664114 1.5216031105558512 0.763534823904118 0.21289598643100655 0.9343228008161752 1.1666219883423972 1.2405273588198453 0.9058068248296038 1.067659641552333 0.8607021417932905 0.3924902176616467 1.0209913255186644 0.3571883003049192 3.447334441934597 16.711255619527762
0.8958859755849634 9.996694935583053 0.026277600428466125 0.017957457027892705 0.19999170930750593 0.021609748718349385 1.1818907926363091 2.0712458426384672 1.8469180843374875 2.585615055242197 0.40304842183503087 1.9445234654690438 0.37667756930208296 1.6290523550188107 0.817499833422034 0.22794210949195456 1.0003468273690235 1.249032649037677 1.3281480707681106 0.9698218316029504 1.1430743894870816 0.921502780791135 0.42021984253157957 1.0931455352196704 0.38242701127396334 3.6908981289278913 16.403482508101543
0.895768770886033 9.969226770223608 0.026254022518350555 0.017989083222700906 0.19999999999999576 0.021600958426381888 1.1820492159185834 2.071524117947203 1.8471655909462439 2.585961632924813 0.40310244651358673 1.9447836755367338 0.3767278960357193 1.6292710128543775 0.8176096484405506 0.22797248459056058 1.000481149032416 1.2492005079948396 1.3283263272475292 0.9699519747476855 1.1432276751274386 0.9216263102463841 0.4202759981902164 1.093292217442795 0.3824780873829473 3.6913955642236433 16.410573844532387
0.8936185396137636 9.999999999806043 0.026263115750419314 0.018009074374518822 0.19999999999997203 0.021522019973508933 1.1848942489151608 2.0765082223305953 1.8516090069351758 2.592181604724368 0.40407336939105964 1.9494609781384387 0.3776349917274626 1.6331919089042661 0.8195783172971305 0.2285220106709142 1.0028897865361546 1.2522081480528062 1.331523588781331 0.9722870717653782 1.1459792341442647 0.9238447239926773 0.42128801525740717 1.0959242063996302 0.3833991989867764 3.7002794929599214 16.399758325207873
0.8941331166520329 9.99999999997924 0.026263617034907705 0.018048262159462036 0.19999939423501917 0.02151148670426988 1.184201507714316 2.0752946583446255 1.8505267297426122 2.590666509138417 0.4038374772344792 1.9483213670511736 0.37741437933714445 1.632237507244834 0.8190994793746519 0.22838850865386573 1.0023036501506992 1.251476190489723 1.3307452762720802 0.9717186734803197 1.1453093685054214 0.92330466543755 0.4210417108959859 1.0952833668748259 0.38317500868405713 3.698115944617358 16.408243491677275
0.8943462418697448 9.997871170048924 0.02627034583055352 0.018066134464910212 0.19999999999985585 0.02151839818004558 1.183927684021708 2.074814261286572 1.8500996252374193 2.5900690054444877 0.40374330447160095 1.9478727909343003 0.37732683323451877 1.6318594678938843 0.8189089852230453 0.228335258804985 1.0020710167572084 1.2511855435894754 1.3304370316643133 0.9714934022316244 1.1450443639858037 0.9230909777494373 0.42094422570690204 1.0950296457078048 0.38308628155555946 3.6972607733279736 16.410506498526473
0.8951321590518106 9.799962096880385 0.026220163169922515 0.01795587104878767 0.19999799767604529 0.021631520252761445 1.1828792301923376 2.072976204004149 1.8484613735839013 2.5877745130706398 0.40338672200781384 1.9461463114032251 0.37699306405123445 1.630415267864952 0.8181849561434633 0.22813347221303754 1.001184441345516 1.2500786181111494 1.3292592392903455 0.9706334756240989 1.1440303962011518 0.9222735682759313 0.4205714903822751 1.09406003762935 0.3827470486394243 3.6939861447253044 16.40965191906716
0.894380704215523 9.994305387474675 0.02626848868401405 0.018059541816399294 0.19999999689364767 0.02152218743481648 1.1838837729124678 2.0747372338816685 1.8500309833796866 2.5899728114981766 0.4037284332785485 1.9478003422027172 0.3773128769377486 1.631799040454502 0.818878753394717 0.22832684349759771 1.0020339625102823 1.25113929679384 1.3303877554625279 0.9714574416135158 1.1450019170499777 0.923056763917325 0.4209286279754431 1.0949890840939513 0.3830720870470888 3.697123643900202 16.41016294202613
0.9024272495254567 9.02031456752778 0.024784370160107077 0.01852018685924459 0.19184005334149606 0.023340615774518195 1.1732934632763747 2.0561077840924598 1.8334952289995885 2.5668677137549167 0.4001181449075584 1.9303892091874602 0.37393884995186516 1.6172068901703607 0.8115547009608945 0.22628499023431578 0.9930711161551254 1.239948505830735 1.3184875252727242 0.962767575904642 1.1347593115025087 0.9147995952971694 0.41716370106703315 1.0851937361425792 0.3796458680629531 3.664395090972816 16.472957967436628
0.949563346763747 7.108401003647723 0.024913354929615456 0.016325125052632134 0.19024565260597487 0.0307393636263981 1.115073549464151 1.954206046839868 1.742552512197617 2.439489526087043 0.38026116552016653 1.8346347016476134 0.35538525322658904 1.5369663140413128 0.7712816030597714 0.21505417563314647 0.9437929764855124 1.178416608598294 1.2530644348063362 0.914993840495099 1.0784543528831074 0.8694080395954416 0.39646374160091086 1.031345031840877 0.3608072201968796 3.4821568945751897 16.147258222350978
0.8944745688571546 9.975075046408204 0.026271517182023106 0.018057925052028315 0.19999998559559257 0.021526649518067213 1.1837600230259622 2.0745201540861236 1.8498376736585165 2.5897020348493087 0.40368633520011077 1.9475965972348688 0.37727348476076816 1.631628614100688 0.8187933383000723 0.22830304786876757 1.001929394253096 1.251008772311586 1.3302488322065509 0.97135603891758 1.1448823035542726 0.9229603482582612 0.42088467114815153 1.0948747706527169 0.38303208900132996 3.6967369603890474 16.41051338577208
0.8946500008639475 9.99955967716739 0.025037651188808255 0.019172283262067453 0.19579044771110932 0.023579037148125984 1.183522217604094 2.0741042528676594 1.849465500980691 2.589180687454677 0.40360586395919 1.9472039965109074 0.37719790066028674 1.6313012568306902 0.8186294933273865 0.2282573995811977 1.001728487870415 1.2507578621040416 1.3299816937352011 0.9711609609168668 1.1446522487310637 0.9227748506964685 0.4208000689917738 1.094654610470482 0.3829550652458953 3.695994427949908 16.497834255036206
0.8957900650144545 9.884074716657114 0.026208145540134946 0.017862044224889996 0.19999999949426145 0.02166895329844426 1.1820215948156936 2.071475148950576 1.8471216547486071 2.585898750986701 0.4030939386574505 1.9447360149767734 0.376719666270737 1.6292331376594755 0.817591532159994 0.2279679926600363 1.0004585115777047 1.2491723213293233 1.3282955205787566 0.9699298439018625 1.1432009476404403 0.9216049409566753 0.42026662613070476 1.0932670860791205 0.38246964684139495 3.69130589100439 16.401437890201226
0.8943947718776043 9.99999485957064 0.026262344954746726 0.018038039688357734 0.19999999999973325 0.021527086671865647 1.1838604280707166 2.074696865770678 1.8499941201162733 2.5899210003679984 0.40372092028308015 1.9477609524454902 0.37730559473487796 1.631767248059079 0.8188632128148188 0.22832257408327553 1.0020146836304087 1.251115312988009 1.330361812891041 0.9714385932254473 1.1449794293862063 0.9230386588896821 0.4209203910246486 1.0949677187159268 0.38306459336069765 3.697050587911946 16.40831561123603
0.8952128695734899 9.999999790017515 0.026242457340056993 0.01803098690595029 0.19999999996836684 0.021571203764158824 1.182783935084545 2.072810614144838 1.8483128301932876 2.5875674731011857 0.40335344097764914 1.9459914474503952 0.37696243334470014 1.6302833902183882 0.8181180990338411 0.22811473944232277 1.0011031502954537 1.2499770443350913 1.3291519044339306 0.9705549950135179 1.1439382623350158 0.9221992748717889 0.420537595250687 1.0939718409539463 0.38271621563526315 3.6936876313546505 16.41354783604908
0.9766350333028024 9.999999143299126 0.02661003710985266 0.013142896009901983 0.19259391524295988 0.027060814117135828 1.0841628199044449 1.900010805099136 1.6942508435546972 2.371885236336283 0.3697192005746588 1.7837980925038333 0.34553479050056235 1.4943658734418614 0.7499001689104589 0.20909189680531962 0.9176302112241436 1.1457487606571712 1.2183296744608474 0.8896295556337277 1.0485600553806798 0.8453081145336829 0.38547366411007394 1.0027553493106234 0.35080545736679336 3.385626812771037 15.89534368931633
1.016925848150899 9.838453917176862 0.019488464267719996 0.017907697363202874 0.15407328604483536 0.03863257563631671 1.0411924277745932 1.8247219719106054 1.6271243212538262 2.2778995673677827 0.3550583884649066 1.7131291175985819 0.3318394588753103 1.4351444326223541 0.7201741528916852 0.2008023018373335 0.8812575312374676 1.100333475726182 1.1700433863623863 0.8543667653739823 1.0070021648364307 0.8118039145258005 0.3701890070532426 0.963008832605459 0.33689550107464744 3.2515242536058766 16.490104291835824
0.9842282794307846 9.718369728078946 0.02585637624715687 0.013498755063177355 0.1864793041619894 0.031196092464415456 1.075795762418474 1.88535233119247 1.6811798671325324 2.353585815285405 0.36686576104417484 1.7700363600856643 0.34286841424158887 1.482834483245392 0.7441127465729258 0.20747809769510284 0.9105485334099532 1.1369063759271656 1.2089276253490984 0.8827639856532389 1.040468179307657 0.8387846943743461 0.3824988600169274 0.9950167072732636 0.34809817808670124 3.3594968676256842 15.693884683581604
0.8929749303997377 9.999992810099437 0.02506173841270095 0.019255663343560298 0.19930283216011743 0.026170823481236994 1.185736580670929 2.0779843607135016 1.8529241106334893 2.594022437428237 0.40436137896509616 1.9508446576025493 0.3779036579954865 1.634353280508315 0.8201617777669276 0.22868475932253557 1.0036032662867096 1.2530989282265348 1.3324704382582058 0.9729784492411613 1.146794019050072 0.9245015117754785 0.42158750094514014 1.096703183384349 0.3836717152837621 3.702911941074602 16.407364821818128
1.0039418236795823 9.999999994334479 0.02695742029428232 0.011408264754461363 0.19677492736959323 0.026430750062592896 1.05468073491257 1.848349997623254 1.648191191283867 2.30739920543939 0.35966450316797294 1.7353072004408125 0.33613948936945853 1.4537327665544175 0.7295068907872485 0.20340599942449145 0.8926764621602827 1.1145903593144095 1.1851998507209862 0.8654374380750006 1.0200472865081092 0.8223220322269555 0.3749915882679562 0.9754867909198791 0.3412659977859931 3.293524977969161 15.972373714951061
0.9105211862579551 9.98319475693672 0.02645101420996718 0.016917875098070637 0.19468225751992904 0.023317422274341235 1.1628969608857307 2.037967064916995 1.8172477380663365 2.5440772905871643 0.39657123515892784 1.9132865594097017 0.37062519763104745 1.6028762851929264 0.8043621620901311 0.22427884013297525 0.9842710313196052 1.2289596843037438 1.306804766294935 0.9542365099460536 1.1247052759358704 0.9066942027711692 0.41346697273351185 1.075578187493762 0.37628144027976884 3.631561197720376 16.15435256930429
0.9054835778204523 9.992716310133524 0.026060508643994715 0.01763143942828069 0.1972922742765917 0.0221946848688551 1.1693671665064242 2.04930342108861 1.8273548154320465 2.5582269039659113 0.39877784753271656 1.9239271723381768 0.37268704051283497 1.6117932875418375 0.8088377268856195 0.2255268663417189 0.9897474554661846 1.2357977992902347 1.3140755324585203 0.9595458166521704 1.1309628296484107 0.9117388470866661 0.4157674283946363 1.0815626341840652 0.37837501786981886 3.6517734556171413 16.37219457798372
1.0022141173652361 9.99483935957465 0.020559750223453063 0.017866097492976775 0.15419904167980641 0.03442272306245296 1.0564974685225965 1.8515332237961546 1.6510295221590496 2.311375568879121 0.3602839467530707 1.7382956878619762 0.33671840972575645 1.4562365771216106 0.730763324216497 0.20375554363144818 0.8942139510977255 1.1165099587859326 1.1872412814242956 0.866927980034424 1.0218043166670716 0.8237384033741745 0.37563744394900295 0.9771667670839381 0.3418536283831145 3.299207187258992 16.25401666646898
0.9878103549659483 9.988738630353971 0.023164144676703823 0.01577387704570251 0.1800392288952271 0.03146828072281527 1.0718966498252154 1.878515432186579 1.6750868762760516 2.345053850889021 0.36553605851979 1.7636223224818328 0.3416258976854433 1.4774596454060716 0.74141502650795 0.20672601460873277 0.9072473064998964 1.1327836099021953 1.2045448280277133 0.879563307514059 1.036696601922254 0.8357440859698692 0.381112237220635 0.9914086156634891 0.34683612557361954 3.3472915891484507 16.307515263152414
1.0077900669817683 9.999696396631494 0.025753489079635497 0.012173078620285346 0.19405518261509797 0.027917746876225637 1.0506563994741935 1.8413033885148213 1.6419228571142148 2.2985915197949964 0.3582917931779934 1.7286905480572523 0.33485617023304354 1.4481867561092403 0.7267224211157193 0.2026328663845876 0.8892696176520803 1.1103374789320122 1.1806764457645742 0.8621341510300436 1.0161531088344384 0.8191826820005071 0.3735595302900066 0.9717628890749085 0.3399626321187765 3.2809173610892803 16.144024670091238
0.9762509942773127 9.850153274888697 0.020558785767899615 0.01922685771093816 0.15548204491333553 0.03677611884524707 1.084586700248453 1.9007550222918925 1.6949133212406884 2.372812512171228 0.369863874205886 1.7844951395715876 0.34566992484694353 1.494950449818801 0.750193676389148 0.20917374879503367 0.9179893486517651 1.1461972150666517 1.2188064532139489 0.8899776777135224 1.0489703230170841 0.8456388048622367 0.3856244462544185 1.0031476389124896 0.35094267189558453 3.3869537468430058 16.209723311215665
0.9117905579221129 9.881913883248405 0.025459975957666636 0.01784237525253586 0.19352062019798394 0.025527151856259 1.1612776116474013 2.0351308625657527 1.8147183581994297 2.540535883312214 0.39601893730157756 1.91062348118815 0.37010915395982896 1.60064453658568 0.8032419629999851 0.22396643835036595 0.9829003569292148 1.2272481206662087 1.304985081469332 0.9529076568209658 1.1231392333863752 0.9054316611853509 0.4128912050242114 1.0740802829805625 0.3757574295656319 3.626502325494927 16.23446791653434
0.8949243696745106 9.958389128064198 0.026237923140738195 0.017968396632241094 0.19999998158239404 0.021579402591839113 1.183156626002807 2.0734627588662966 1.8488946140138427 2.588381335858892 0.4034812265576887 1.9466027677391289 0.37708142601902483 1.6307974980633064 0.8183767201116765 0.22818693764317438 1.0014191657088414 1.250371707476993 1.329570946252884 0.9708610891307835 1.144298693201553 0.922489863297178 0.4206701263914804 1.0943166392357635 0.38283681924795604 3.6948524588361966 16.405920574546492
0.8945338488951222 9.998925658163216 0.02625312182842243 0.01802338244549606 0.1999999999996105 0.021543161515669405 1.1836780527334718 2.07437706979824 1.8497093133857792 2.589522280520548 0.40365866175584914 1.9474611623943152 0.3772474504014744 1.631515818969364 0.8187369247805796 0.2282873381484225 1.0018601741126156 1.2509223394566358 1.3301567417149913 0.9712888012417108 1.1448029737356908 0.9228963903576245 0.4208555017885054 1.094798874447925 0.3830055312453587 3.6964811238181294 16.408061257119208
0.9720945979900294 7.850446381649792 0.021394269194583 0.018638312023742085 0.15809123038776274 0.03461982558542708 1.0892297653857925 1.908910913445066 1.7021733164449002 2.382967399990393 0.37144759914266373 1.7921303210181796 0.34714962749698086 1.501349416486019 0.7534056920747086 0.2100694886063764 0.921919483056583 1.1511046190879157 1.2240239948450773 0.893787806572339 1.053460673978559 0.8492588610663822 0.3872753109736305 1.0074422658789062 0.35244509724783957 3.4014496227610564 16.075971676937264
0.8943025485753271 9.999999999988553 0.02622978420237855 0.01804969639010893 0.19996925587376257 0.021569084497691682 1.1839766360052457 2.074900635213454 1.8501755152850945 2.5901748759336023 0.40376069546337345 1.9479517256106074 0.3773426694130198 1.6319274821735035 0.8189437376368027 0.22834503843993215 1.0021131161316625 1.2512382140158176 1.3304924010083887 0.9715339520717894 1.1450917841438641 0.923129229581708 0.42096168985828925 1.095075142635025 0.3831021714062102 3.697413815980748 16.410164834339426
0.8945141142335481 9.98079787557129 0.026273559461898542 0.01804985173244717 0.19999999940681112 0.021525823316091215 1.1837024154300202 2.0744192109845856 1.8497479116434012 2.589576588925137 0.40366637479543455 1.9475025631847298 0.37725500875137885 1.631548914420672 0.8187530006580028 0.22829174092137772 1.0018802027558942 1.2509472490586206 1.3301837854715584 0.9713084376672944 1.1448264520165365 0.922915291689266 0.42086409966955207 1.0948211778933445 0.3830133566580706 3.696557459617406 16.409548329074845
0.8944574259195209 9.995070711707905 0.026275175794475428 0.018066983487505222 0.19999999999197549 0.021520135210299846 1.1837805900561742 2.0745564806483006 1.8498698615319555 2.589747311624163 0.4036931577123871 1.947630858741145 0.3772799714791592 1.6316567951777268 0.8188073023632135 0.22830691415458765 1.001946595717147 1.2510302122429968 1.3302718199019854 0.9713727844114766 1.1449021574716516 0.9229763438220986 0.42089195738224827 1.0948936978767196 0.3830387190402675 3.6968010651372394 16.4107354808145
0.8956405660701169 9.922485020627793 0.026083071512784717 0.01800147391300998 0.19994433514936705 0.02183566332491597 1.1822189200120552 2.071820597204799 1.8474298449927384 2.5863303566171956 0.40316122337061644 1.9450605979652007 0.3767825422085295 1.6295050726060363 0.8177279913418979 0.2280060384543711 1.0006254928650908 1.2493807973867315 1.3285172400195209 0.9700917284648413 1.1433917874176673 0.9217587799290342 0.42033677345421083 1.093449546283711 0.38253348106624685 3.6919225770412805 16.420360451017885
0.8942704328672997 9.999236077193252 0.026271307065826463 0.01807815194974099 0.19999999980965869 0.021513732496429926 1.1840303311701583 2.0749942444500404 1.8502598281375493 2.59029319011654 0.4037784833801545 1.9480412168883368 0.3773596099676889 1.6320011128817848 0.8189802737859508 0.22835517338526906 1.0021581615895674 1.2512944233776062 1.330552580716489 0.9715778453484147 1.1451437336074743 0.9231711074444104 0.4209807828751289 1.095124800431827 0.3831195597492345 3.6975812442449687 16.41136727876243
0.8944560092928354 9.996347020499323 0.026253537993228725 0.018046376860134935 0.19999868254973865 0.02154360615766325 1.1837847706560969 2.074563880477358 1.8498762037820706 2.5897560459512667 0.4036948210533535 1.9476371849199692 0.3772813762017177 1.6316626992742544 0.8188104360595841 0.22830780622969213 1.001950266618785 1.2510347947620255 1.3302765314005647 0.9713762324083088 1.1449061507939677 0.9229795594096883 0.42089342081831815 1.094897492645387 0.3830400409729172 3.6968145079547687 16.409955426378634
0.8951428022864316 9.999830725214139 0.02616937157596104 0.017984738090841973 0.19996374537270326 0.02174179126277458 1.182876480443665 2.0729727402081597 1.848457077760264 2.587768888547535 0.40338528090820835 1.946142562887174 0.3769920239669316 1.6304111782996935 0.8181826873464607 0.22813284042322865 1.001182029279329 1.2500757767997839 1.3292562379910693 0.9706314075548229 1.1440278217697228 0.9222715542198663 0.4205706232160749 1.094057978405212 0.3827463229765345 3.6939759320202064 16.407224040824516
0.8945172092689068 9.984660090748656 0.026259119016157014 0.018036222600904084 0.19999999980464475 0.021538696773577528 1.1837036734688269 2.0744215261729146 1.849749558562999 2.589578665684022 0.40366719535150686 1.9475037474794112 0.37725554555355056 1.6315509673006583 0.8187543884646199 0.22829218223972683 1.0018816667179333 1.2509491460743074 1.3301854287641495 0.9713097147243919 1.144827730674674 0.9229163411228005 0.4208645935985594 1.0948225074525073 0.3830138065832489 3.696561224078339 16.409169096585316
0.8948685294345065 9.988303442379456 0.02618492725632352 0.018014352892435255 0.19990933251680948 0.021652266686464205 1.1832267307094386 2.0735859712694915 1.8490040712760107 2.588534666285823 0.4035051169327353 1.946718102985384 0.377103753246805 1.6308940733462696 0.8184251476312611 0.22820043008464197 1.0014784259157825 1.2504456723417112 1.3296496545274585 0.9709185339954066 1.1443664525361714 0.9225444746854748 0.4206950209323472 1.0943813763091395 0.38285946889761546 3.6950715429396412 16.410609849649944
0.8943043025045685 9.989650313829 0.026272536100457648 0.01808110311347459 0.19999999999980198 0.021516953803245777 1.183985554149769 2.074916037198711 1.8501898754195505 2.5901952365884147 0.4037632279724152 1.94796754578186 0.37734534886018256 1.6319394286888902 0.8189493406731175 0.2283465535913607 1.0021203080314554 1.2512471721130582 1.330502307482536 0.9715411483971553 1.1451004555426627 0.9231362228978077 0.4209648787761009 1.095083429020045 0.3831050720782121 3.6974412000946573 16.4118370081623
0.9589954371463042 8.230768736112585 0.0188151323115979 0.021910571277463063 0.14311381258304987 0.036338197885140394 1.1041042479336356 1.9349707011750241 1.7254091494409034 2.4154987124172975 0.37652031188517865 1.8165946931280381 0.35188972268060353 1.5218494044528945 0.7636944113658509 0.21293847112846467 0.934509114026365 1.1668244844085276 1.2407387289574803 0.9059932367773367 1.0678461444626317 0.8608559485892455 0.3925637871406776 1.0211997978305354 0.3572579820067929 3.4479078674376384 16.50752356974036
0.8943336799898879 9.999998199324851 0.02626575827961626 0.018050388895822608 0.19999999999994994 0.02152103648309383 1.1839432230775284 2.0748419304172416 1.850123493403468 2.590102161266089 0.403749094664913 1.9478972508370846 0.3773319596097082 1.6318813149805662 0.8189204226555565 0.22833852320751652 1.0020847305027212 1.2512027792163445 1.3304548516130916 0.9715065327218282 1.1450595179530076 0.9231032258925461 0.42094983628069976 1.0950443232457425 0.38309139374331536 3.6973091545680834 16.40910824535788
0.9858432900914625 9.999991369375646 0.023258822113264258 0.016008344982765245 0.16960624835113372 0.035410385078444656 1.074033569646831 1.8822623412984982 1.67842635491994 2.349731767009086 0.36626477065233753 1.7671381462106182 0.3423068494533705 1.4804059221373436 0.7428938533893599 0.2071382030654973 0.9090570887775883 1.135044084241533 1.2069475403534995 0.8813180514326308 1.0387640286697988 0.8374108362390204 0.3818723443012994 0.9933868701488606 0.34752799853510186 3.353994036933728 15.702878287018075
0.8944942866099406 9.985101571405178 0.026264556220631292 0.01804483471101225 0.19999999648425884 0.021532806340064128 1.18373178337744 2.0744707280358297 1.8497936804540236 2.589640610623928 0.4036764977521178 1.9475506098402147 0.3772644019238359 1.631589457372219 0.8187734340210947 0.22829744987571177 1.0019051352012982 1.2509783859725316 1.3302168108652122 0.9713325633093631 1.1448548450764788 0.9229381820838609 0.42087453915843154 1.0948483335286354 0.38302285442650785 3.6966490371591862 16.409542231635154
0.8946971065861081 9.991871829960626 0.02624673067651421 0.017998183768938587 0.19999898945755026 0.021559009254586408 1.1834545072983462 2.073985160613102 1.8493599828894538 2.5890330337059377 0.4035826693469588 1.9470929897448865 0.3771762994402828 1.6312079378626974 0.818582611190165 0.22824433828758206 1.0016712009108 1.2506864146662071 1.329905665833781 0.9711055003609806 1.1445868043410832 0.9227221291886514 0.4207760426077394 1.0945921897196518 0.3829332161892421 3.6957828745061474 16.40660919728304
0.8952597115465474 9.999514352898053 0.026272440466402192 0.018004231352280506 0.19999938895048933 0.021566256385168306 1.1827212953585207 2.0727008115619006 1.84821506728982 2.5874306789554344 0.40333185960902485 1.9458886636705512 0.3769423184852813 1.6301969452367129 0.8180745537758277 0.22810247280633633 1.0010499604974818 1.2499106552807695 1.3290814062687015 0.9705034642142909 1.1438775974198672 0.922150339578437 0.420515202047527 1.0939138087746747 0.38269582499558263 3.693492072040099 16.40730703961785
1.3064102883105984 9.328855055918424 0.010278576191303712 0.014554107466518846 0.08580368484232327 0.0801556912521545 0.8104073669410118 1.420328330409798 1.266547741822905 1.7731775713941353 0.2763436245187594 1.3335188228568913 0.2582796268197189 1.117066593368782 0.5605417009292909 0.1562870716861009 0.6859183368622974 0.8564268186667463 0.9107016560365414 0.6649915996664012 0.7838002108154485 0.6318675623855997 0.2881314906406962 0.7495514217826671 0.26221400663906347 2.5313971948490797 17.413132466500265
0.8947179523990672 9.96569265319454 0.026244186340169708 0.018004629679830162 0.19999999999993437 0.02156459456150235 1.1834345034924951 2.0739497096818966 1.8493289769654824 2.588989685442308 0.4035756131656411 1.9470606022073509 0.3771698395103678 1.631180155266189 0.8185684339608991 0.22824034635713736 1.0016539822238903 1.2506648537272635 1.3298829939294075 0.9710888800739776 1.1445673817630166 0.9227064533337486 0.4207688792086678 1.094573509105092 0.38292669186209755 3.695720643978501 16.408187997674087
0.8947111119860772 9.966511697443673 0.02624469935687235 0.018005629811323386 0.19999999995553036 0.021563687467602878 1.183443753249765 2.0739659235281915 1.8493434299972558 2.5890099253111116 0.40357876014513433 1.9470758307052798 0.37717278462686654 1.631192897508491 0.8185748236215401 0.22824212744042668 1.0016618058159323 1.2506746222567733 1.3298933862794762 0.9710964682810487 1.1445763280776504 0.9227136655830285 0.4207721681450146 1.0945820650054 0.3829296852614159 3.6957495306760846 16.408209397279954
0.8942235802594546 9.99995168458987 0.026271763958754957 0.01808706480325567 0.19999998203947192 0.02151156362794748 1.184092524836837 2.075103332443941 1.8503569087391414 2.5904290700514783 0.4037997691838706 1.9481433311547378 0.3773794589897498 1.6320869103492064 0.8190234268961928 0.22836722388469835 1.002210929892258 1.2513603464198888 1.3306225713959008 0.9716289877091564 1.1452039347951983 0.9232196506579786 0.4210029280607262 1.0951824376875545 0.3831397183377003 3.697775392926715 16.412041132385607
0.8947419460451475 9.962776402924545 0.02624238072400962 0.018001147243626565 0.19999999999988713 0.02156778698591283 1.1834020110716923 2.0738927543887993 1.849278206422933 2.5889185867510465 0.40356455864814206 1.9470071074889652 0.3771594940407828 1.6311353947098477 0.8185459887219804 0.22823408991020283 1.0016264999389297 1.2506305393862882 1.3298464882071586 0.9710622246537766 1.1445359555128258 0.9226811183967192 0.4207573259920482 1.0945434543877712 0.38291617681537 3.6956191706051253 16.40811709713459
0.9822551070885854 9.999995442619538 0.020505879075811872 0.01896051162523422 0.15220550241551908 0.036389484171165366 1.0779568532141672 1.889136827809469 1.6845555633425033 2.3583124343769635 0.3676027914580369 1.7735909739682578 0.3435571368185863 1.4858131393597191 0.7456076945222918 0.2078949459253788 0.9123778288932525 1.1391904494238496 1.2113563370031835 0.8845374228497671 1.0425584308637952 0.8404697361455905 0.38326725119698013 0.9970155838631283 0.3487974560811411 3.3662472656669995 16.10762097415118
0.8948302966843223 9.94232858295307 0.02627134705214298 0.01803317904516827 0.19999999999999818 0.02155563552129345 1.1832880673845636 2.073694470983766 1.8491005737736408 2.588670180478016 0.4035251255150895 1.946820818579328 0.37712293647719747 1.6309779821070824 0.8184665392802073 0.2282118016855716 1.0015296258674513 1.250509567257767 1.329718260332418 0.9709685126860368 1.1444257294651015 0.922592233184168 0.42071673239177637 1.0944380065620956 0.3828792354448653 3.6952623885463662 16.409626536008968
0.9834921495351311 9.999999998437326 0.017907605272990075 0.02149686130562109 0.13613966055836882 0.03968113715685148 1.0766056825362087 1.886769463102933 1.682444676100377 2.3553573381256254 0.3671421132128344 1.7713685356438957 0.34312660933762124 1.48395121470553 0.7446733239353044 0.20763441104233896 0.9112344644454929 1.1377628236873425 1.2098382844263935 0.8834289069323069 1.0412518756144307 0.8394164079852591 0.38278690823857475 0.9957660363897886 0.34836030665563356 3.3620287535065905 16.56412769531181
0.9712615185161833 9.912586152976539 0.01883050016420593 0.021205043124708313 0.14360016208024104 0.03952021936633272 1.0901615533835147 1.910523014087483 1.7036224937791784 2.385005283046818 0.3717652196306638 1.7936640742206307 0.3474465333774255 1.5026339129081614 0.7540500377240195 0.21024910707795022 0.9227080620927299 1.1520892220233205 1.2250711898717568 0.8945523486963022 1.054361973971444 0.8499853827549588 0.38760656995639375 1.008304025181078 0.3527465496028987 3.4043669687164133 16.466068744793684
0.9624887263670022 9.999999869291093 0.025359268567341126 0.015120006475366923 0.18864618385611728 0.03331821049177312 1.1000962344574512 1.9279298363392294 1.7191426160941492 2.406733105904475 0.37515330719809253 1.8100035336933067 0.35061241003447424 1.5163255740963213 0.7609217747022623 0.21216530380282736 0.931116483515061 1.1625883784912718 1.2362346037164706 0.9027042034602597 1.0639697085797841 0.8577309074412046 0.39113869865854906 1.0174926300918559 0.3559610559724764 3.435395649023001 15.674027615663423
0.9689114587146108 9.999999996975477 0.01714604656421462 0.0230118064048661 0.1329338808990484 0.04149206763553346 1.0928068455189026 1.915157449852261 1.707754915218974 2.39079078775422 0.37266741223601035 1.7980148102378173 0.3482895462436758 1.506279779419762 0.7558799062656073 0.21075936683844126 0.9249471329038944 1.1548850138896667 1.2280438823301878 0.8967230685397477 1.0569203875132032 0.8520478804800411 0.3885471034342392 1.0107507547777326 0.35360249998541377 3.4126297162750245 16.80551752248504
0.9620626086712557 9.999737065256465 0.02133272821296682 0.019189202521508825 0.1614137079744273 0.03524254442765333 1.1005829151472466 1.928782570354342 1.7199029288337524 2.407797520041336 0.3753192849955981 1.810804116153418 0.3507675300608419 1.5169964578192123 0.7612584761267621 0.21225917701050628 0.93152850551383 1.1631027841846513 1.2367816587746758 0.9031036233353066 1.0644405324101056 0.858110429578035 0.39131175366997095 1.0179427762630164 0.35611853745465966 3.436915454545121 16.111732698583612
0.926604919440438 9.999999999997238 0.024857296283405394 0.017644415084490283 0.19963612585821722 0.027115769646099908 1.1427064947407295 2.0025904852747893 1.785707748365888 2.499922312499507 0.38968530784541405 1.880082207693886 0.36419114238065264 1.5750505549982952 0.7903960212941149 0.2203842657756274 0.9671818719795885 1.2076212104700494 1.284116667201767 0.9376688965418629 1.1051790469852878 0.8909526135270799 0.40628844069060477 1.0569035840759673 0.36974841327686053 3.568490485348802 16.5333921355014
0.9740152883078533 9.9999999998134 0.01640226139493683 0.0234841949344662 0.12781244407898337 0.04334832884194918 1.0870818555094666 1.9051261069753382 1.6988110945849348 2.3782697540149838 0.37071499002974456 1.788598828435438 0.3464651492834467 1.4983896715963265 0.7519199441773939 0.20965513736393385 0.9201016048986328 1.1488347028357222 1.2216107015608124 0.8920254106544343 1.0513837002777908 0.8475843673188145 0.38651165463009385 1.0054556963039516 0.35175009428034887 3.394749224752849 16.991517000906605
0.9124485366123266 6.699330149929281 0.02166029512555029 0.021682887102834784 0.16536482809911843 0.029445745267479662 1.1604395536361063 2.0337093091715257 1.8134274246746083 2.5387052747436596 0.3957333552803031 1.9092426214949378 0.36984214477256094 1.599489062580283 0.8026627673476386 0.22380504071665716 0.9821914849148312 1.226363060428788 1.3040435599023006 0.9522203841011221 1.1223288488786853 0.90477844625753 0.4125934105529354 1.0733055481905858 0.37548644469751047 3.6238614960524997 16.51718500568429
0.9152771717532303 7.839995819840878 0.018323576767963926 0.02484531592909258 0.14195793487727376 0.031604999662461955 1.1568464179721845 2.027393567924916 1.8078045875325404 2.5308455900765696 0.3945075574036297 1.9033354215380527 0.3686970417783731 1.5945372880343014 0.8001768128824331 0.2231117092717512 0.9791498925628318 1.2225650137371207 1.3000058519292743 0.9492716969978515 1.1188539618944802 0.9019769762935854 0.41131581501682757 1.0699818976350417 0.3743237107687406 3.6126467988028015 16.833086880285933
0.9555332755939622 9.998966177486874 0.015226989423076624 0.025640968652728933 0.119307992519417 0.04031191586907347 1.108113339683689 1.9419778145080033 1.731666961316249 2.424266790991077 0.37788789810338297 1.8231886763749638 0.3531674694008438 1.5273755496325412 0.7664681067080543 0.21371193764331056 0.937902962291055 1.171062271608947 1.2452444197677184 0.9092833821636476 1.0717237672442714 0.863981917189392 0.39398926799448003 1.0249082181622586 0.35855526825325634 3.460438333962913 17.13987956014866
0.9115261200954677 9.982015037937018 0.025098867839625096 0.018224224345903928 0.19287523749866148 0.02649047813466836 1.1616127482428047 2.0357168656447464 1.8152417220574109 2.5412689719578334 0.396133121434904 1.9111748961864268 0.3702159154248902 1.6011063501263825 0.8034736685719324 0.22403103958106269 0.9831839569464258 1.2276022296070097 1.3053616867782916 0.9531826490908764 1.1234633876863414 0.9056929753169367 0.41301036624823906 1.0743902701247598 0.3758658765019966 3.6275495076942703 16.24179106313608
0.9641482995814431 9.999926456319926 0.01628545724117754 0.024124978079080532 0.1274545019983343 0.04129448147900881 1.0982114032954968 1.924627773638967 1.716198033384124 2.402610932937628 0.37451091337729936 1.806903193831209 0.3500119669732883 1.5137287675406064 0.7596187963420811 0.2118020010600265 0.9295219709400677 1.160597433747238 1.234117428286329 0.9011581751019087 1.0621474000753262 0.8562617412310777 0.39046871309908043 1.0157497714756274 0.3553513077446959 3.4295122046476343 16.979822759445728
0.9299562413416681 9.999682402023009 0.02485559743067145 0.0174617082065577 0.19961269904793855 0.02733434624276923 1.138586674894892 1.99537193397286 1.7792719974167066 2.4909124593869802 0.3882802425922284 1.873306814529912 0.36287827476006534 1.569372712924396 0.787546248792254 0.21958959168197534 0.9636948444925091 1.2032671377195145 1.2794871588143923 0.9342882976119637 1.101194706413346 0.8877405505413662 0.40482367377962214 1.0530930891060954 0.36841536778870493 3.555621401806097 16.526745311709906
0.9647586530809712 9.999999478599323 0.016236563503609514 0.024139013366139696 0.1273490073522708 0.04241192225241819 1.0975165661292612 1.9234102794021375 1.7151125377817233 2.4010912792693797 0.3742739423228228 1.8057603954503565 0.3497905376097327 1.512771149338343 0.7591381715579646 0.21166797976313192 0.9289338690310274 1.1598631100468253 1.2333366385910471 0.9005880250867792 1.0614754200924466 0.8557200123221711 0.3902216741952511 1.0151071203988047 0.3551264847304811 3.427342036273806 17.036076723135206
0.9439191070161916 9.999884494269493 0.0177821188872894 0.023725322777619757 0.13899859940225914 0.037474988341431766 1.1217417786114543 1.9658569454976715 1.7529573815517425 2.454072790678768 0.3825354264570197 1.845603319583229 0.3575103303126144 1.5461576154101826 0.7758945126458137 0.21634046205814347 0.9494375165788281 1.185464748003393 1.2605584765676083 0.9204660376967303 1.0849038383342067 0.8746073036341742 0.3988346448108253 1.0375130501170065 0.36296491172481 3.5030049893515303 16.74628071180608
0.9103415164482559 9.990002097404517 0.025313540853737576 0.018076934194600512 0.1929075258716195 0.025731085067425268 1.1631250651983547 2.0383665505402013 1.8176040935457691 2.5445762394507243 0.3966489114262789 1.913661932535862 0.3706978483342099 1.6031905803337252 0.8045197980126277 0.22432276566313664 0.9844640062222171 1.229200581014534 1.3070611020653151 0.9544236298651091 1.1249259585957223 0.9068720706831834 0.41354806427079077 1.0757890750618264 0.37635522583109277 3.6322738339014715 16.238832869816044
0.894236497846732 9.999910764555803 0.02625269455422424 0.018103889962102354 0.1999990774004962 0.021550286012419904 1.1840753872674838 2.075073283950177 1.850330168505044 2.5903916622778764 0.4037938790642173 1.9481152456449684 0.3773739804313996 1.6320632443266332 0.8190114989436121 0.2283638883482171 1.002196358175521 1.2513421336105603 1.330603264974578 0.9716148723971854 1.145187338934839 0.9232062655891109 0.4209968201583176 1.0951665353794025 0.3831341579758907 3.6977218951870627 16.414264711901005
0.9175765718134313 9.97397486507976 0.024594931669052123 0.01838171106031643 0.19330332660277166 0.02836223545557282 1.1539531436064807 2.0222964328698088 1.8032765076774608 2.5245179514777494 0.39352092895884916 1.898578084958145 0.3677750796318432 1.5905502563967306 0.798175472811679 0.2225536050022329 0.9767009386473043 1.2195071797390171 1.2967545512966059 0.9468974402078085 1.1160557303597614 0.8997211030353837 0.41028705533192944 1.0673057155715062 0.3733874487897798 3.6036222016619743 16.3062905623698
0.9015067852474221 9.72777767193695 0.025306461163797922 0.018610988592937805 0.19839358384767034 0.024941023839511793 1.1745252968574216 2.0583439656998532 1.8354128928921334 2.5695069824428107 0.4005368803079829 1.9324098960103833 0.37433070087639525 1.6189017740323832 0.8124054886092422 0.22652173449734578 0.9941131071917945 1.2412488931012693 1.319871674136208 0.9637782659349244 1.1359513215859012 0.9157603925184122 0.41760131776687526 1.0863332767010951 0.3800439760895491 3.6678858728214396 16.434962312251486
1.00160042766437 9.768778325261074 0.02062801804136557 0.01788887947130411 0.15256814080692732 0.03946171645095064 1.057143934857972 1.852669816895555 1.6520404164645532 2.312792092229041 0.3605049671441419 1.7393585661430042 0.33692458964813 1.4571288758655574 0.731211562042734 0.20388064110225643 0.8947621970770557 1.117195001671702 1.187968785204066 0.8674593361897435 1.0224299890790047 0.8242428099541769 0.3758674615196771 0.9777656908825225 0.3420631162000739 3.3012479271422666 16.091049719042477
1.0042165975644164 9.999557230375403 0.016429902842030168 0.021941226611989162 0.12523417125762096 0.04141151828915398 1.0543897011286743 1.8478420201849644 1.6477371401819447 2.306768275803447 0.35956564292430054 1.7348287067698929 0.3360468889940714 1.4533330733651404 0.7293064659114538 0.20334939160507967 0.8924311044111001 1.1142842633228478 1.1848739660566954 0.8651993738487899 1.0197664648038303 0.8220955087262082 0.37488823358691337 0.9752182768295454 0.34117193866916534 3.2926464683692656 16.758228084766927
0.9941567314996829 8.81288450597318 0.02146992563014129 0.017434626039992854 0.16024450417169567 0.03659997993115767 1.065059586248574 1.8665480527890659 1.6644091019414182 2.3301045429799885 0.3632046218011174 1.752377418489599 0.3394471720196048 1.468038270476332 0.7366870109107633 0.20540748267899184 0.9014620460719045 1.125560690916349 1.1968637391641053 0.8739546858698571 1.0300853548876843 0.8304143513645046 0.37868181995699546 0.985087006571356 0.344624388683011 3.3259672074150064 16.04928661626221
0.9888486559350872 9.999989235404055 0.02148655784947747 0.01764311806330437 0.16527630038329827 0.04218584050168328 1.0707774011153737 1.8765573363093806 1.6733393173101925 2.342610256667054 0.36515463387523034 1.7617821097265123 0.34126931584078896 1.4759188259898763 0.7406421194679246 0.20651035639671653 0.9063016539452792 1.1316036458100107 1.2032890858724559 0.8786466014771117 1.0356152707153907 0.8348723824163852 0.38071475502580326 0.9903755768460707 0.34647450440411914 3.3438285793333 16.262617904200095
1.005213416262126 9.999635310805582 0.02745176438915534 0.01088310175572279 0.1997281562437453 0.03159218487863966 1.053344136247606 1.8460099308332072 1.6461036673839293 2.3044814409699983 0.3592090312789642 1.733108812283119 0.3357136262714211 1.451891710050972 0.7285830346146571 0.20314768596534732 0.8915458484481028 1.1131789958489395 1.1836986095285453 0.8643411941649675 1.0187549180621842 0.8212801219982923 0.3745164286279049 0.9742511098729603 0.3408335870885093 3.289380925751865 15.612611219116276
0.9969095056756766 9.999432267900383 0.02214150722086322 0.01658922853453951 0.16789662582202963 0.0405685558317192 1.0621186780916003 1.8613851480365267 1.6598120088485533 2.323672560576996 0.36220158900313204 1.7475407832532195 0.338509940832705 1.4639851717708412 0.734652681991321 0.20484020066590578 0.8989728369585124 1.1224525935228258 1.1935590250181187 0.871541474437162 1.0272411841233793 0.8281214526241037 0.37763619890910793 0.9823669403700463 0.34367279602891776 3.316785564615217 16.06408173030604
1.0006659538470961 9.999999985483226 0.020680294033751597 0.01786693287939878 0.15647138683189715 0.04043860024216983 1.0581312560450011 1.8543981784205736 1.6535825233340773 2.3149515465044637 0.36084168666809957 1.7409825281569806 0.33723923072403045 1.458489656184346 0.731894517340153 0.2040710818869838 0.8955978875498963 1.1182384808748465 1.1890783002230816 0.868269524495181 1.023384886860321 0.8250126107760022 0.37621850188177763 0.9786788978391946 0.3423825866713018 3.3043320774631635 16.195418503206618
0.9963494967956524 9.999693881932373 0.021155469376373425 0.017602565226096316 0.16107354008146135 0.04151072487072874 1.0627156842009136 1.8624312493203203 1.660744701100185 2.3249782977559246 0.3624051997023714 1.748522725966112 0.3387002017032146 1.4648080134335835 0.7350656627199532 0.2049553584320095 0.8994781734673667 1.123083568555619 1.1942299355579808 0.8720313818456707 1.0278185953024406 0.8285869365840056 0.3778484665569816 0.9829191347687286 0.34386597353787796 3.3186501489507707 16.183723730669385
0.9890386784548548 9.999998978084829 0.020126190038100438 0.01899386247704192 0.15552894873217424 0.04296740503238904 1.0705716479054503 1.8761968079972338 1.6730178796498958 2.342160264442096 0.36508446619111085 1.761443737565993 0.3412037556203129 1.4756353012698709 0.7404998209768957 0.20647067304591935 0.9061275386394819 1.1313862248233442 1.2030579277721247 0.8784777918003931 1.035416324153054 0.8347119866051421 0.3806416080123155 0.9901852832318281 0.34640793315575175 3.3431859651268323 16.45479758203964
