1.2265446132287754 0.33992502437895944 0.005479771877456818 0.00010015885707180589 0.1942994946919506 0.00418869075404109 0.8939981388912206 0.7309193006768582 0.4848383530134424 0.5819557857489099 1.1633643813188206 0.3561583188429306 0.803080939353913 1.523598001065772 1.0687092031677725 0.9685044669622447 0.658305529756241 1.0248558583472882 1.3636973312896599 1.0448615129169883 0.7054544907673297 0.686069245653762 0.7901927160319294 0.5099652108380746 0.6767269624439316 0.913590240801349 16.96172618515009
0.6431808664421578 0.1266508903229737 0.008578358250970574 0.03711783211974117 0.19770501776581692 0.009112856766217781 1.7048462611627568 1.3938466956879325 0.9245404374121726 1.1097739552610493 2.2185481685548436 0.6791385688579804 1.5315036036079006 2.9055971427619838 2.0380487024308303 1.8469221612218254 1.2553765263645575 1.954381772618414 2.600523583493127 1.9924993495937207 1.3453352543199562 1.3083170232923385 1.506893196216102 0.9724497836737254 1.2904721184487085 1.7422149602876784 20.960611749693662
0.7376591718560234 0.14389348027402615 0.0036092308955943155 0.029393683284875807 0.09184262325855806 0.008414380094250067 1.4864911662440987 1.2153239651223309 0.8061261042298445 0.9676351743997125 1.9343991190228507 0.592155410872771 1.3353515357860541 2.5334566173529005 1.777019874908492 1.6103688692876053 1.0945898579569364 1.7040721594974166 2.2674588552624777 1.737307209192352 1.1730260629043952 1.1407506456335137 1.313894087234099 0.8478979310166673 1.1251880614337184 1.519049698919913 19.54419583740309
1.398823614175381 0.3550824078314356 0.0004044470092640544 0.00019769904872111898 0.06310911354705707 0.03799412196312349 0.7838829335929204 0.6408871229906117 0.4251010349700828 0.5102702100946442 1.0200781514613362 0.312264806728747 0.7041768407967208 1.335980708909217 0.9370910605726516 0.8492077738829438 0.5772221678003525 0.8986458984077313 1.19575859616565 0.91618737177708 0.6185528471371233 0.6015645426053688 0.6928655882721865 0.44715827335373726 0.5933787520961418 0.8010611134734362 15.493438817150384
1.474772102953289 0.6217867761806904 0.000451384188861026 1.7061269186321624e-06 0.008060856383001323 0.015291594002511849 0.743519097047735 0.607887883612802 0.40321058361280304 0.4839916963298394 0.9675401970145259 0.29617929915850116 0.6678986564326029 1.2671541740216052 0.8888255102974493 0.8054807970486471 0.5474982949514993 0.8523698216465379 1.1341872729913982 0.8690132168504211 0.586698505246376 0.5705881044450765 0.6571871353204594 0.4241367571601071 0.5628272826929887 0.7598201869933326 14.140331301570493
0.5714652123971449 0.1090014008454266 0.006935793162968907 0.04471455811855766 0.18629360853383622 0.008287295084048338 1.9187923615204345 1.568764018297734 1.0405634746288395 1.2490427385451486 2.4969610516537544 0.7643662999877733 1.7236996518784407 3.270237166389435 2.29381176509762 2.0786933827833893 1.4129160112972081 2.1996429596649487 2.9268672659903863 2.242537770636681 1.514170681840798 1.4725009621795402 1.6959993657766907 1.0944737339453088 1.4524073230407313 1.960829370436388 22.98327031874887
0.534522420664567 0.1020095994860717 0.005961318426606053 0.05111773054121108 0.15348416528883443 0.004419301982576863 2.0514118563205117 1.6771905437482244 1.1124830229151284 1.3353716487679377 2.6695421968765105 0.8171966251155153 1.8428370568639165 3.4962673131633473 2.4523506412816936 2.222349933078197 1.5105644855704676 2.35168076837998 3.1291731157505005 2.3975453232897164 1.6187797752293664 1.5742585946660572 1.8131967835645828 1.1701329456322942 1.5527962237754755 2.096375160001238 23.852427834712767
0.4893937889172854 0.09227551504490288 0.007722833916394493 0.054816050058903505 0.19968113634433074 0.004009162255939865 2.2405791873599386 1.8318500412749197 1.2150686970244695 1.4585105379970225 2.9157097594607224 0.8925524754460987 2.012768671794837 3.81866520202271 2.6784911078377305 2.427299474192855 1.649866611258656 2.5685258617930398 3.4177062682348804 2.6186118169854176 1.7681054593696615 1.719442105351414 1.980421555379311 1.2780155736379002 1.695975569336379 2.289668570903481 24.767108949742912
0.6213605506439969 0.11907006263659821 0.007797775717256702 0.03753302695770176 0.19876787797551063 0.004710625717561296 1.7647156731600049 1.442794294658578 0.9570075266427536 1.1487461111479604 2.2964585144546033 0.7029884721955919 1.5852881313768665 3.007641685770576 2.10962180552976 1.9117784840323393 1.299461469988597 2.023015814924038 2.6918469153196 2.0624676676696625 1.392583319263902 1.354261229770996 1.5598122539971422 1.0065910034543752 1.3357825395201246 1.8033756551512339 21.216672977478186
0.7418252254043027 0.1448357579193897 0.005265478289591561 0.02722945508239621 0.11885333946248505 0.006296727056736929 1.478140587097574 1.2084959532776316 0.8015959440412136 0.9621980609243875 1.9235341913527257 0.5888268725100517 1.3278497433287475 2.5192280975899037 1.7670387191572217 1.6013219527806426 1.0884395500634771 1.6945009552505323 2.2547236255869003 1.7275491930344178 1.166435571597564 1.134341495526014 1.3065129600641134 0.843132763497935 1.1188659691239902 1.5105139952694797 18.98371841034394
0.6589676293044364 0.12716343970098595 0.0075206193059270225 0.033682610189260574 0.19549071985480207 0.005715102149360397 1.6640035997396052 1.360454265420274 0.902391223245765 1.0831872794786015 2.1653997193182715 0.6628689418631007 1.4948155319070966 2.835994881085332 1.9892258871253001 1.8026743426734377 1.2253018095753927 1.907563497991249 2.5382253903587295 1.9447649706145593 1.3131085350065226 1.2769745478092862 1.4707947044663527 0.9491471976120415 1.2595512958088144 1.7004563827764625 20.197330136257687
0.8191764256788968 0.1625658303940609 0.007893969957749363 0.017694751932396585 0.17089781173801505 0.005359917617139453 1.338567992841616 1.0943851761859162 0.7259067326857493 0.8713442041090166 1.7419036010945226 0.5332289777154169 1.2024680868577884 2.281347867305999 1.6001858084473832 1.4501178327524886 0.9856653936944084 1.5345002927453189 2.041825935483514 1.5644301920839088 1.0562933892134845 1.0272335675163442 1.183146871159682 0.7635251531450692 1.0132211468654877 1.3678797452491427 17.77408687940746
1.5519306735008551 0.7617295134274014 0.0015891208827306764 0.0010719013963710155 0.16359776426582553 0.031942855197096415 0.7065513118213131 0.5776641002268745 0.38316249850346357 0.4599263175765073 0.9194298762897667 0.28145185068622186 0.6346876559162906 1.2041503594287566 0.8446351925194135 0.7654321790039573 0.520277740180078 0.8099969727434515 1.077805630919874 0.825814496464541 0.5575185585511181 0.5422173413826726 0.6245090853370666 0.40305477871224893 0.534847914226423 0.7220540281622871 17.209644191989135
1.5066143829250314 0.5049615092777558 0.0014823203884558871 0.0004221277799321436 0.1512350572137626 0.03530562668642169 0.7278000921504229 0.5950357041935659 0.3946869662550761 0.4737616710793215 0.9470916450597286 0.28992125547558206 0.6537886255573839 1.240383320212759 0.8700424030099706 0.7884514734641538 0.5359248477734869 0.8343554455794171 1.11021537710646 0.8506464124014181 0.5742895978249555 0.5585246538082626 0.6432919278834878 0.4151735499806005 0.5509309554306255 0.7437636015386678 17.022699153847757
0.49062493796884477 0.09250150959885668 0.0076724532316834355 0.05466315156234176 0.1918452241352417 0.003644216749019442 2.23495678736317 1.8272532899158742 1.2120196660920228 1.4548506260183365 2.9083932192780355 0.8903127502315943 2.007717929998271 3.8090829262279815 2.671769853377272 2.421208584587998 1.6457265440060802 2.562080556641619 3.409130051174811 2.612040738488696 1.7636686830740058 1.71512743646632 1.9754519910623773 1.274808627329418 1.6917197900628334 2.283922833392479 24.909651929509973
0.602669406958988 0.11518219620520946 0.0068933289957701085 0.040681244985104156 0.19444032205290995 0.008943848078631968 1.8194466079460758 1.487541129884311 0.9866881574570132 1.1843733391954712 2.367680976858424 0.7247909750281616 1.6344543103264606 3.1009206331028314 2.175049700687457 1.9710708923058253 1.339763062883433 2.0857568653985887 2.7753304240848173 2.1264317076893358 1.4357742929923656 1.396262355523447 1.6081885454805092 1.0378086200585748 1.3772098248062419 1.8593068790525984 22.325355580509886
0.5302806168430596 0.10069660285156416 0.007513954592026873 0.04958175908511152 0.19115809356201627 0.005614923186173684 2.067820612196207 1.6906062140842881 1.1213814210521476 1.3460529414468871 2.690895343639535 0.8237327589769077 1.8575754064752346 3.524230807378122 2.4719670833998033 2.240141095844179 1.5226536777185007 2.3704830536133215 3.1541896854933027 2.4167087507505296 1.6317720189019385 1.5868651082452936 1.827721461325907 1.1794776692781568 1.5652107419855192 2.1131258294334048 23.466151046587385
1.3551786871140252 0.3305052317983334 0.0014906073654479294 3.3945382638545667e-06 0.025339893878936808 0.016309151874767166 0.8091291903255824 0.6615278317177177 0.4387921199950138 0.5267044319994053 1.0529321136012832 0.32232202509358815 0.7268569738657807 1.3790098275470697 0.9672719346735995 0.8765579076208526 0.5958123562144515 0.927586689285041 1.2342670744023159 0.9456919547531866 0.6384768995165059 0.6209389624728471 0.7151809162720068 0.46155756256427 0.6124877883054501 0.8268581998054467 13.197231432005951
0.46721713639222456 0.08814319783425495 0.007254799331179785 0.058919004761941174 0.19570604924109436 0.0037788544982159658 2.3469295502916063 1.9187997206888072 1.2727425218803434 1.5277394798096875 3.0541059135350275 0.9349179561557223 2.1083060425942635 3.999918287621349 2.805627023035431 2.542511481359511 1.7281778143213418 2.690441899103437 3.5799296165447134 2.7429046175119134 1.8520303545712478 1.8010564717104889 2.07442405069355 1.3386760903453736 1.7764753257022903 2.398348628115852 25.851600328237815
0.49604255126933733 0.10069460816173118 0.008153958166418096 0.06403218460899072 0.19976405796016905 0.0031020111298058315 2.2105459382203874 1.807296148956027 1.1987818951702658 1.4389601100253842 2.876623672369577 0.880587195957952 1.9857833453574258 3.767451194517467 2.642578057136518 2.394757733515517 1.6277476655213459 2.534093874740453 3.3719024950660774 2.5835234161387155 1.7443864608929576 1.6963937350206522 1.953871466471089 1.2609101585301976 1.6732669552363555 2.259042655201814 25.060110305877778
1.4229947896876245 0.3929561106824029 0.0034795419605746767 0.0007007836498161969 0.17298214110977064 0.0183932438204031 0.7705670724017766 0.6300005887214124 0.4178797801756857 0.5016018904867716 1.0027486361406313 0.3069591812602141 0.6922125677033122 1.3132816038768726 0.9211711749485773 0.834782210207613 0.5674168737860963 0.8833824127633343 1.1754503270634782 0.9006285266607127 0.6080400666154772 0.5913451581486499 0.6810942007762076 0.43956731648684894 0.5833029395288062 0.787467310341308 15.036436027428874
0.5692951113094374 0.10849264453094241 0.005811927596087874 0.04604460883722329 0.14399846633923105 0.00538029679772198 1.9261065284272005 1.5747435629592543 1.044529208146885 1.2538032877355478 2.5064800387673696 0.7672790432439439 1.7302701543665624 3.2827045945306073 2.3025558255703245 2.0866177717118046 1.418301492986236 2.208027742566844 2.938024781198262 2.251085972589133 1.5199430201699367 1.4781139301552717 1.7024642966785517 1.0986447770773584 1.4579429290919828 1.9683036409079768 22.577306690362377
0.7333778201822713 0.14561109743785997 0.006973176716010543 0.028303378900004117 0.19989332188960754 0.007656789640643933 1.4951691019120554 1.222419027738097 0.810832247774197 0.9732840899551057 1.9456912594913391 0.5956121320109622 1.343145931095632 2.5482424666817343 1.7873921659717174 1.619770388212597 1.100979677215775 1.7140187881741813 2.2806947492912606 1.7474497620686942 1.179872395568128 1.1474101309075382 1.3215638746813558 0.852851355396519 1.131760178717536 1.5279304775866334 18.978417063164464
0.5161669416622654 0.09777150111557237 0.0062800044509097866 0.05266541679671399 0.16793056175849272 0.00500228005691822 2.1243617698694264 1.7368331363835663 1.1520438313260262 1.3828584915975257 2.7644734901574797 0.8462563531298765 1.908367591858421 3.620594106306343 2.5395591157525916 2.3013957163353127 1.5642887228112456 2.4352991066420273 3.2404342668310764 2.4827882323293933 1.6763925987940238 1.6302557044205939 1.8776980665772776 1.2117276222108255 1.6080080894247597 2.170906081167322 24.060168758544243
0.5219442181086241 0.10150534394993425 0.005725604047320603 0.05581488585697896 0.1949543307916705 0.010166372116857694 2.1008471548572984 1.7176083711601258 1.1392919964236579 1.3675515975909267 2.733872344143078 0.836888681332298 1.8872417773264478 3.580510040964073 2.5114453861375963 2.275920596451521 1.5469726511380686 2.4083410055255325 3.2045669290282195 2.455309181682084 1.6578314649992705 1.6122103272914183 1.8569126697607488 1.1983232529555117 1.5902171417185023 2.1469002163531865 26.336335849520744
0.750681295868437 0.149224860861947 0.003221870327714553 0.030254473974805032 0.08777449643283233 0.00805937397508007 1.460704601540682 1.1942416056906253 0.7921421344716068 0.9508493628500795 1.9008419140434074 0.5818829447671333 1.3121856701825068 2.489504181687734 1.7461920058299711 1.5824337582922012 1.075601645768685 1.6745107593345883 2.228125149211135 1.7071716051585646 1.15267447974632 1.1209616939888616 1.2911008836007334 0.8331936209223393 1.1056730556667005 1.4927093574245005 19.57318505238955
0.8446415884815877 0.16788178657572983 0.005439074345518323 0.017724109235534836 0.17496453591723457 0.027920191052009807 1.2982107379211476 1.0613899505771882 0.7040214520353376 0.8450735749436019 1.6893858989123134 0.5171523928725305 1.166214265337426 2.212566524883073 1.5519414857681844 1.4063981987257974 0.9559489595409649 1.4882373191720106 1.98026809570925 1.5172653467415114 1.024446058277918 0.9962634040546785 1.1474758926073365 0.7405066837874342 0.9826741421708911 1.3266360511392765 20.003058940830556
0.5636628436013353 0.10943894352839925 0.005370418371374492 0.049935450526997195 0.17934294191770073 0.004915478164032774 1.945355890228996 1.590482060810545 1.05496896652475 1.266334250831393 2.5315285071359925 0.7749476212240988 1.7475603162221809 3.315503915322131 2.325564999412042 2.1074734909704573 1.4324767294400518 2.2300921502453135 2.9673849841538127 2.2735837988850998 1.535132798521258 1.4928869576923314 1.7194788822859137 1.1096311981607525 1.4725199647469684 1.9879948301976709 24.002803002203255
0.5608681828197039 0.10669347750171103 0.008181322761079511 0.044663567521798835 0.19849755656230594 0.0036874247371973335 1.9550479838776766 1.5984054524141937 1.0602241865121382 1.2726427799503268 2.5441420388996083 0.7788089025264393 1.7562688556505814 3.332029933123262 2.3371537180557196 2.1179716799378028 1.439612933994103 2.2412046446834273 2.9821700945490592 2.2849094479552248 1.542782637211255 1.5003239240311026 1.7280453789869357 1.1151521417992167 1.4798492118253384 1.9978791555622337 23.246569824930862
0.6342135320285572 0.12155949709444554 0.007417079629781259 0.0362789677579297 0.19882380471438643 0.0057790442842889835 1.728949986089937 1.4135530370468055 0.9376117629132353 1.1254643602793786 2.2499158828217407 0.6887409468017699 1.5531589289077634 2.9466851872056763 2.0668660460800465 1.8730326787450466 1.273125415762956 1.9820155520480809 2.6372913613237734 2.0206678950602686 1.3643604800225113 1.3268148606005123 1.5282001631580155 0.986190758599347 1.3087102641063177 1.7668245432138256 20.724291842711892
0.7204435163836037 0.1404008044425086 0.009338885370673492 0.025392341833226462 0.19999768823311054 0.004060284091009949 1.5220094821947552 1.2443628790896335 0.8253876995793729 0.990755905130688 1.9806199434165346 0.6063045186806433 1.3672589647303524 2.593992372968971 1.8194797763263855 1.6488450391779899 1.1207430755857355 1.744788772530365 2.3216363879768 1.7788171688331895 1.2010543479515654 1.1680074537546494 1.3452884988982894 0.8681560737175644 1.1520723264478696 1.5553449265862564 19.92024966030049
0.7618448542545992 0.15017514119809158 0.004519444343061867 0.026465138074743766 0.12024856202029684 0.010257790076729962 1.439298496061178 1.1767403043367695 0.7805338613261198 0.9369153734062252 1.8729852895168906 0.5733564172180738 1.292958048111348 2.4530256896756244 1.7206022901307207 1.559237319273178 1.059837332686835 1.6499728262456508 2.1954864779333945 1.682154459818122 1.1357772248549205 1.1045327409112973 1.2721786347114772 0.8209818263137136 1.089467522322436 1.4708226488680365 19.057090658923794
1.0550976544755624 0.21907900067070282 0.007447147520339501 8.004016680360557e-05 0.12162882393130935 0.013082492454080054 1.0392579568057385 0.8496759318629252 0.5635864363226173 0.6765074979052544 1.3524052551463 0.4139894771304399 0.9335868192183506 1.7712292717960345 1.242378370301401 1.125863853094083 0.7652674761676657 1.1913886914077723 1.5852795858332211 1.2146308197233286 0.8200913423703016 0.7975404642914292 0.9185850730696851 0.5928058611283082 0.7866663647050679 1.061994612019217 14.869619402046553
0.48239354030028625 0.09116211281210519 0.006979548444815592 0.05696673298879215 0.19527305039440515 0.005912919663393936 2.273091499147083 1.8584313049568475 1.2327000957843575 1.4796744545922085 2.958018681073821 0.905504039577696 2.0419755414919 3.874075818272935 2.7173574692140474 2.4625193354633343 1.6738064837321163 2.6057969795292033 3.467299631481176 2.6566095648370496 1.7937617440262819 1.7443926483692647 2.0091597102062555 1.2965600608476373 1.7205854933655498 2.322892941437646 25.40610574389263
1.3350270941125408 0.3697369076639492 5.224133768647978e-05 9.2388441577969e-06 0.014688629629037168 0.02472840159946043 0.8213427131212307 0.6715137726260033 0.4454153430189768 0.5346541229675252 1.0688232562912967 0.3271857493144981 0.7378229761937083 1.3998121363422684 0.9818661269318006 0.8897903421250984 0.60480451801833 0.9415804949555964 1.2528882656734233 0.9599593666943467 0.6481200288298635 0.630311641640629 0.7259768570480954 0.46852041278513196 0.621729657258414 0.8393308824062456 14.685375962436272
0.6825355889284884 0.13169745431751612 0.008485019861308238 0.029851951116650476 0.19941407967608848 0.009537173837062873 1.6065453530521734 1.31347766674668 0.8712316114120481 1.0457847576234378 2.0906281850893556 0.6399800289912623 1.4431994729665119 2.7380680800595396 1.9205381173448526 1.7404279353291787 1.1829923580285397 1.8416964016726878 2.4505820942868497 1.8776136494166393 1.2677661182629962 1.232880769240699 1.4200081806200633 0.9163736992599106 1.2160592760825317 1.6417358815593215 20.13424501581003
0.6717025943406492 0.1295121838095984 0.0071041637276650854 0.03249637574982139 0.19858686072766707 0.005731951714207642 1.632452897052239 1.3346591028282662 0.8852813024278632 1.0626493440543183 2.1243422068755353 0.6503005360173277 1.4664730085318054 2.782222978411831 1.95150905024472 1.7684938762574665 1.2020692601080394 1.8713957823316207 2.490100239595164 1.9078920277143796 1.288210293647478 1.2527623073692895 1.442907522075534 0.9311510458170325 1.2356695035677638 1.6682118958501302 20.27104608669468
1.4252809833564424 0.359908412699023 0.00029637760065496436 0.00021239575769682405 0.0037192811734527696 0.018862832201565094 0.7693332587900248 0.6289915178682676 0.4172106304932957 0.5007990072775139 1.0011447946936285 0.3064687954511888 0.6911069944448329 1.311185629388926 0.9196987079381179 0.8334454215786062 0.566508486684967 0.8819681854437189 1.1735674129100864 0.8991845598954639 0.6070694812836932 0.5903986673357825 0.6800047738928384 0.43886010912736917 0.5823662201181524 0.7861951788677657 13.666086443132176
0.6707419088671642 0.12964787647963436 0.003655963719878663 0.036274544857305704 0.06395463368088523 0.005800452078357578 1.6347933411651572 1.3365726311970874 0.8865505140659977 1.0641728310865606 2.1273878079247686 0.6512327710138707 1.4685751853223383 2.7862110575068124 1.954306675264498 1.7710299930998923 1.2037927933951356 1.874078269376706 2.493669743837354 1.91062705318662 1.2900576846431144 1.2545585185661505 1.444976275077162 0.9324863553729783 1.2374414493387256 1.6706055015712036 20.610922560022463
0.7636786355701716 0.15002719561138958 0.005396440915292204 0.025218523475969822 0.12204444590234406 0.006245182218380769 1.4358443190769024 1.1739161692036235 0.7786602725999306 0.9346664794640315 1.8684913338433062 0.5719798452794136 1.2898541663369043 2.4471384829867886 1.7164741338862566 1.5554995606047306 1.0572954379945199 1.6460130578530883 2.1902052235400946 1.6781164252551055 1.133058160099421 1.1018839218358598 1.2691281849459395 0.8190084026053375 1.0868522667277667 1.4672898623636526 18.666708341954546
0.8006886808232666 0.15800586163833688 0.010223504580307389 0.01679582175320138 0.1979595155477417 0.0037034079368126784 1.3694755209955056 1.1196545305539871 0.7426684579751215 0.8914635927711213 1.7821241237768393 0.5455413132572416 1.2302332728341454 2.3340238001610305 1.637134087426906 1.4836013829339656 1.0084247985933166 1.5699310884790372 2.0889698646494685 1.6005513743779434 1.0806838442705238 1.0509520562394452 1.2104654005558233 0.781154328424735 1.0366158770322835 1.3994649794553722 19.124588591437572
1.1556775401540502 0.24902249526160233 2.6174645650938276e-05 0.0031312443610556654 0.0021234283199975863 0.016988938337908627 0.9488119278909403 0.7757290836148123 0.5145420832002289 0.6176313942380635 1.2347056211596341 0.37796625041202886 0.8523394782360211 1.6170781031904329 1.1342552072604073 1.0278815882526027 0.6986678475652115 1.0877070565370217 1.4473218037347904 1.108929326902912 0.7487164145379406 0.728132694510837 0.8386465931392845 0.5412197610720156 0.7182081948328716 0.9695709898005345 16.280719877178623
0.6511459957789785 0.1282065874562294 0.00909392260526514 0.0355515853331678 0.19945990173101452 0.007926268981481195 1.683991516143791 1.3767961563186135 0.9132307984036969 1.0961984602059593 2.191409716832294 0.670830988852015 1.5127698160650387 2.870055934422238 2.0131182425331473 1.8243281176321555 1.2400196384668993 1.930475270062476 2.568713131408923 1.9681260296599603 1.3288805191329454 1.2923141743106235 1.48846238433231 0.9605527201830996 1.274685804935429 1.7208982073810868 20.326142558270732
1.5545384274833227 0.5895522269921588 9.103565116125633e-06 5.636023785095196e-06 0.017695529972737326 0.024981327819807175 0.7053661400171236 0.5766943434453871 0.38252059498237284 0.4591573032448864 0.9178957327957041 0.2809831764760098 0.6336323576758415 1.2021449775428108 0.8432226437891857 0.764148145416028 0.5194052437510238 0.808638013780168 1.075996167898378 0.8244274138801796 0.5565862338699584 0.5413083775501862 0.6234627281039601 0.40237652720552053 0.5339491747286527 0.7208361694412934 13.647524041618553
0.8717316173776933 0.1803204454173411 0.008572385848069701 0.015342218290244194 0.19702206668738861 0.004720855731103974 1.257867334131656 1.0284062298766028 0.6821432185015828 0.8188118104353661 1.6368854175649983 0.5010808259407666 1.1299709495118073 2.143803170990498 1.5037106442888244 1.36269256954698 0.9262412711111879 1.4419880379061005 1.9187301316711551 1.4701173553512399 0.992607585339437 0.9653041063469954 1.111817128338764 0.7175001645062379 0.95214200699013 1.285423677749801 17.702322485293298
0.759583493432683 0.14847660255374762 0.007617889343472588 0.023038252911324292 0.18323477788844494 0.013380231014927132 1.4435852569780614 1.1802450047877497 0.7828581995677162 0.9397054850160698 1.8785647870845108 0.5750635496796639 1.2968081284251538 2.460331510686122 1.725728373049467 1.5638871961916934 1.0629958750807673 1.6548869894824654 2.202012651189776 1.6871630548707162 1.139167302785942 1.10782435017296 1.2759701457670112 0.8234247565798216 1.092711082139541 1.4752004584102594 19.45939461850314
1.0523920712235786 0.23320283597151006 0.0006937022708143926 0.011972750037417185 0.0040479739323282405 0.01304849059973242 1.0419316069159177 0.8518619556935164 0.56504106023971 0.6782477868371702 1.3558831352549958 0.4150607605894757 0.9359891550568576 1.7757770972627733 1.24557118470665 1.1287616554271012 0.7672362768307229 1.1944519692202817 1.5893585212006673 1.2177578443720327 0.8222005929266035 0.799593911596105 0.9209542100325508 0.59433768409678 0.7886973760383726 1.0647541686925353 16.085514045596387
0.4672077062831403 0.0880020231294881 0.007395511051684566 0.05857438881228464 0.19897647049204223 0.003918182793037766 2.346976930014585 1.9188385032926918 1.272768236438904 1.527770337948533 3.054167549678565 0.9349368149584739 2.1083484721641184 3.9999987394351293 2.8056838904937993 2.542563835295065 1.7282131184425737 2.6904961382695283 3.5800017668735786 2.7429599146972 1.8520675416100996 1.801092521304384 2.0744651897934245 1.3387032943931174 1.7765110115597367 2.3983973296715724 25.709247603292543
1.1987582525622353 0.26921093029562 0.004938313021261558 2.650035950393133e-06 0.18298255902567442 0.011359049967443502 0.9147106988626061 0.7478488576887353 0.4960490972821669 0.5954331486770836 1.190328227284336 0.3643816139702351 0.8217045913851639 1.5589558011782327 1.0934884521009076 0.9909383212149026 0.6735574823902751 1.0486171070242145 1.3953097331153226 1.0690800770737792 0.7218010606684226 0.7019634643434115 0.8085044310181547 0.5217751288633705 0.6924017061540964 0.9347420488485217 14.752861203041519
0.7109826542232205 0.13792287175790846 0.007000991918869701 0.028456062130230213 0.1875783771600786 0.006520370569980031 1.5422632289861251 1.260922137821303 0.8363716017196602 1.003940392446017 2.0069758812819893 0.6143729708176149 1.3854533746204984 2.628508059985471 1.8436919502773952 1.670787777068909 1.1356577579836995 1.768006520075106 2.3525288513054936 1.802487537505768 1.217037267267834 1.1835501415015193 1.3631898027305316 0.8797091186357534 1.1674030157920992 1.5760438623628505 19.244616559909034
0.6804179198442871 0.1335593766477792 0.008691148505147265 0.031650839893488394 0.19401375031173243 0.009601885246293105 1.6115451484153962 1.3175654736181026 0.873943001742979 1.0490393079183016 2.097134094610898 0.6419714678104677 1.4476899637588454 2.746586473960573 1.9265134447505985 1.7458436934218209 1.186673291633221 1.8474269153971687 2.458208430842206 1.883457897623754 1.2717092133938905 1.2367174799121328 1.424426844694189 0.9192289336139237 1.2198471832363895 1.6468569833646671 20.19842665251885
0.6512964000650423 0.13047718227254979 0.008382541660517015 0.03827051464051892 0.19738472752812916 0.004539716769448392 1.6836023737782853 1.376478131508921 0.9130198125283888 1.0959451015740975 2.1909027749589036 0.6706757193366715 1.5124191094545596 2.8693888950660926 2.0126512896018474 1.8239065054796757 1.2397326989168629 1.930028049482761 2.568119117910932 1.9676722622883243 1.3285723570561518 1.2920161313004852 1.488118906699905 0.9603345027431401 1.2743951968069134 1.7205118179383774 20.315002983996287
0.5401373229542262 0.10842852618243567 0.009118149443873723 0.05415783570358907 0.19987330155009048 0.00353472841789436 2.0300852533224765 1.6597552595470522 1.1009178439017944 1.3214888655186945 2.6417872128387496 0.808699552380504 1.823671943865866 3.459899034141716 2.426849691837952 2.1992636978787887 1.4948664997742944 2.327218933566655 3.09662514267715 2.3726095513385297 1.6019930921424081 1.557910216146137 1.7943710614441206 1.1579687423436105 1.5366638504864465 2.07460844100233 22.98678768037767
0.728037665238268 0.14158117057159914 0.008337074089384649 0.025378009070204145 0.19722441687716213 0.0059179801424468674 1.5061353367908912 1.2313845969141495 0.8167791696174522 0.9804226157707957 1.9599625428015084 0.599980891010388 1.3529985568620868 2.5669370681968715 1.8005034429281475 1.6316497937416552 1.1090548328384378 1.7265912309556557 2.2974225916827877 1.7602648514831911 1.1885284388543915 1.1558256702328946 1.3312574189134476 0.8591018036281564 1.140056591388768 1.5391226905845043 18.664336859593593
0.47904048541093064 0.09308988279026272 0.007090391021622135 0.061675608593379755 0.1977100038676858 0.009519540764283324 2.2890037675886727 1.8714411785565905 1.241329414455639 1.4900324564441512 2.9787245006306775 0.911842152808102 2.056267017504125 3.901178447509436 2.7363760322233155 2.4797596847768237 1.6855233785851063 2.6240351664679693 3.491570716253298 2.6752088856147522 1.8063162829878647 1.756605141193858 2.023224907579539 1.3056461742758394 1.7326401611802453 2.339184208958637 26.900019291202256
0.9051074631530643 0.18247290071027555 0.007129988940375792 0.01137602872839171 0.190343113162834 0.008456528096753242 1.211483123908819 0.990483331289379 0.6569889912776483 0.7886180008363736 1.5765253621700372 0.4826037027968152 1.0883044840685376 2.064754469319172 1.4482632240928346 1.3124423515202832 0.892086424436979 1.388817363504997 1.8479795718429692 1.4159077368811113 0.9560046734680377 0.9297080131408078 1.0708184049835805 0.6910393619623039 0.9170281938398649 1.2380045425985684 16.26854010463188
0.7531239014828441 0.15005831560155822 0.009041799324603795 0.0241175913797528 0.19723146398041283 0.015294263382565305 1.4559672552739438 1.1903684157447867 0.7895730181550341 0.9477655284299916 1.8946771747032352 0.5799957352504129 1.3079299124084578 2.481430469478813 1.7405286218644738 1.5773015453487864 1.072113156876214 1.6690795679249377 2.2208984155489233 1.701634290592995 1.1489371386994864 1.1173264730880612 1.2869141128756159 0.8304906343810039 1.102086775694567 1.4878667079595038 20.190335724060922
0.5888982811518082 0.11231498856073732 0.003957063135482923 0.0452483867650466 0.07614611068437475 0.0050875388426187655 1.861991412970889 1.5223244093837667 1.0097593988151699 1.2120673040422687 2.4230458324041955 0.7417380669016717 1.6726738282611535 3.1734318086650037 2.2259099923485124 2.0171605793037775 1.3710902768981608 2.134529074144984 2.840226847367049 2.1761545680658787 1.469347583837233 1.4289114983031186 1.6457934779710217 1.062074609222631 1.4094123092219002 1.902783188965438 22.469016753961764
0.8694138812973384 0.1737152937081505 0.005458872004504354 0.015778370323559096 0.13987388831748446 0.008899133768733847 1.26122076084061 1.0311477664303381 0.6839617741265223 0.8209948580288048 1.6412499803688934 0.5024171122705869 1.1329851055324969 2.1495232085128317 1.5077218246659698 1.366325362610662 0.928711108452354 1.4458338424463884 1.9238458376029317 1.4740354720463564 0.9952552097809684 0.9678769519245108 1.114780749259111 0.7194085465507325 0.9546756466276721 1.2888343354071978 17.06014655876743
0.7572869251281994 0.15059690669978384 0.009369197353280312 0.023227126196379722 0.19361315734911386 0.007991095995595759 1.447963359342231 1.1838245563438978 0.7852324719070402 0.942555361350907 1.8842616835858579 0.5768073535193351 1.3007400473343484 2.4677900960685832 1.730960658663338 1.5686303782496616 1.0662194172132775 1.6599045954815828 2.20869002267061 1.6922801354141992 1.1426215985446762 1.111184514513607 1.2798401487133637 0.8259247323996847 1.096027998838449 1.4796850965874402 18.175752024632466
0.8561142320726071 0.1758032804841671 0.006338834180647832 0.0185865553953893 0.19509028556891075 0.007115512939453171 1.2808134767292465 1.0471664984580416 0.694586960222005 0.8337487020341561 1.6667457291741612 0.5102216883799324 1.150584300327679 2.182911193591359 1.5311416606779378 1.3875507096979747 0.9431377426670543 1.4682925629036447 1.9537308884061446 1.496934458522919 1.0107147724155745 0.9829127825061091 1.1320984412099162 0.7305881164980956 0.9695102086599684 1.308872783246614 17.57039086472653
0.7851004293340365 0.1546045068938112 0.004945111828920195 0.02358000447892343 0.12160011427121752 0.009605400938242723 1.3966665135586624 1.1418852570424571 0.7574141237856534 0.9091636035809959 1.817508393580261 0.5563730570467467 1.2546596951599298 2.380366631545594 1.6696393857305962 1.513058064327108 1.0284468801659983 1.6011016231039217 2.1304457417660188 1.632329533284554 1.1021415639764642 1.071818740477969 1.2344995237621834 0.796663614851597 1.057197561134853 1.4272529176434794 18.47986019901449
0.7661317217015281 0.18188081833883046 0.0043519149383937335 0.04036255197726634 0.19686156350469924 0.005931362047380113 1.4312484245374297 1.1701594081296254 0.7761671456597182 0.9316730606686506 1.8625064005022702 0.5701457607281772 1.2857127956921233 2.439271335532686 1.7109624414753166 1.5505230177346472 1.053906393486773 1.6407299543603662 2.1831861832286803 1.6727467651602894 1.129424743259411 1.0983588191144311 1.2650659055634512 0.8164113675419199 1.0833964912103375 1.4626655794260497 21.939013287161554
0.7611772932725518 0.1530555900557366 0.005093817855522528 0.028316935831986467 0.18068590130594459 0.017627290508418558 1.4405624270464106 1.1777737774903918 0.7812189643143828 0.937737691670733 1.8746303901694361 0.5738590249980137 1.2940910617945969 2.4551747558827026 1.7221125528713366 1.5606128012643194 1.0607696657726728 1.6514203836059256 2.197401493876641 1.6836317832956231 1.136780634212553 1.1055054872583372 1.2732990420979664 0.8217057330024985 1.0904284419766213 1.4721287871339663 20.944967925052627
0.5111818367721643 0.09670870447930212 0.003390147715019846 0.056171804051551394 0.05806635505487405 0.00454016175213577 2.1450775804639663 1.7537697612911096 1.163277745830809 1.3963432662873076 2.7914314170394183 0.8545083035928859 1.9269772682564943 3.6559001488365586 2.5643238064940546 2.323837781628083 1.579542806405587 2.4590471618508953 3.272032719890562 2.5069988872991793 1.6927406911869103 1.6461533756874691 1.8960090644565537 1.2235427979943694 1.6236879307399088 2.192074097406591 24.83837766979253
0.6782989473397468 0.1363625590696221 0.0068821829951963105 0.036614750768931885 0.19590781804335833 0.009993082975081563 1.616579173140975 1.3216813878936557 0.8766730558232556 1.052316185029281 2.103684137698863 0.6439765079115818 1.452210519055273 2.7551603284299047 1.932529027715798 1.7512979376344644 1.1903799371860073 1.8531960573965423 2.465886017232092 1.8893423919296164 1.2756817412096473 1.2405820853873146 1.4288779877384952 0.9221053711627855 1.2236632261640483 1.6520174157720984 20.53787958617899
0.5402286906550035 0.1035884822446293 0.0054000374047233155 0.051655827057651475 0.13765329723914133 0.004833915712101117 2.0297421947530476 1.6594743498737732 1.1007316411855137 1.3212657032636101 2.6413423639572815 0.8085638419946479 1.8233681730129254 3.459329010585773 2.426445280789559 2.198886240307196 1.4946135374234715 2.3268330675061084 3.096109569189147 2.372211002065222 1.601711397939135 1.557640394314798 1.7940582921312158 1.1577704377272502 1.5363940090019288 2.0742297052947065 23.52743098460296
1.0870806882214328 0.23806800499585334 0.0012394229995756835 0.008420732532258552 0.029296897535112634 0.013949317862160955 1.0086837577062109 0.8246791363205145 0.5470106854774595 0.6566050576365733 1.3126174661297585 0.4018164089669587 0.9061226596045702 1.71911503345218 1.2058267344300782 1.0927430145406802 0.7427544242233715 1.1563398871120196 1.5386460118748362 1.1789019826669764 0.7959630495777867 0.7740791815876965 0.8915667798502631 0.575372782711626 0.7635301352720324 1.0307715076638375 15.779833163696402
0.6563295719134128 0.1262180642257455 0.00904665231257731 0.03220328424858465 0.19232476098489298 0.004193409056697206 1.6706919826765287 1.3659225788278229 0.9060183972934084 1.0875411665679455 2.1741035370736204 0.6655333560975687 1.5008240589834485 2.8473944877137805 1.9972218093446115 1.8099202856905674 1.2302270223319527 1.9152310433759239 2.5484276740938054 1.9525817028760428 1.3183867116894206 1.2821072192542675 1.4767064045812879 0.952961761252709 1.2646134971724396 1.707289903508203 20.60425179918012
1.434322444506538 0.6726131234416223 0.002299151675937847 1.4956031407470414e-05 0.09928342854053845 0.018433812952923543 0.7644896019770607 0.6250331787657636 0.4145823980092577 0.49764111074812406 0.9948253544351849 0.3045308780011255 0.6867307278811756 1.302883393809416 0.913889747183976 0.8281987519416751 0.562939301188875 0.8764073021378653 1.166173164488965 0.8935209472008585 0.6032478119263597 0.5866812743194526 0.6757229919592399 0.43609854215885074 0.5787010996203898 0.7812524443754612 13.43753090906721
1.6144600787757004 1.0242236850434312 0.0012609888261165222 0.0027443204616259716 0.19015445555043448 0.04242272567299201 0.679186753090183 0.5552918867912294 0.36832146263063387 0.44211041402535517 0.8838120432084897 0.2705483045087089 0.6101004591979988 1.1575111851634747 0.8119240081282479 0.7357869161898709 0.500128040798062 0.7786308524153 1.0360696459680425 0.7938365509759246 0.5359188452106133 0.5212159932782855 0.6003194459768939 0.38744827436287355 0.5141356836950858 0.6940957179877576 18.63563525785894
0.7452593051589093 0.1645928181700402 0.0047387888870349575 0.03859330063938966 0.17179397862079535 0.005878507050399361 1.4713318349153235 1.2029306748250894 0.797905231356926 0.9577666001332134 1.9146687756432466 0.5861146889702905 1.321725826985011 2.5075982116866586 1.7588864348651614 1.5939459573470514 1.0834243604523217 1.6866858217533482 2.2443312023449145 1.7195936421280893 1.161058319054968 1.1291196757325697 1.300496698417 0.8392693123382029 1.1137324753112443 1.5036140001096219 20.527522244781377
0.6958843233091954 0.13465806075263997 0.004608692558456494 0.032378635784074815 0.10494156260581552 0.00609350277451048 1.5757277584935925 1.2882813883829827 0.8545186131820864 1.0257234200856853 2.050524655689431 0.6277029613378858 1.4155152698185813 2.6855454534180017 1.883697321019487 1.7070414626037584 1.1602993997194535 1.806368866244687 2.4035754474041005 1.841597542687219 1.2434453602961937 1.2092307462946572 1.3927683357414236 0.8987957942689867 1.1927323867520792 1.6102424694270454 19.961048968009383
1.7638935773019697 0.5520453601088912 0.0001846239902587616 0.000803079423192435 0.1323833544572122 0.04162322502305807 0.6216406203058455 0.5082415243622068 0.3371166877906762 0.40465767833926275 0.8089476389909565 0.24763369233103383 0.5584298620339403 1.0594716627580807 0.7431429874621979 0.6734430159654299 0.4577541946932817 0.7126660326443284 0.9482928782547337 0.7265820117781794 0.49050489570348355 0.47705349120783347 0.5494538489768863 0.35462346287712637 0.4705757905280962 0.635287528982828 19.281877944042648
1.5055437893853254 0.4232331675098656 7.61914203498551e-06 1.8655039388152213e-08 0.030764018700869096 0.02300519042452085 0.7283172985206704 0.5954580304074689 0.3949676357078555 0.4740992732785152 0.9477683591988965 0.2901291114772316 0.6542591015761161 1.2412767813121253 0.8706651410846705 0.7890113573949246 0.5363061172942157 0.8349498476838426 1.1110049494607908 0.8512504709937764 0.5746992455020109 0.5589219365446999 0.6437499246347262 0.41546691323031326 0.5513211953608798 0.7442865076343185 15.44788201168183
0.49875001602391206 2.860666454937247 0.022023293217799993 0.16787747301096476 0.1999829916806902 0.02118443043913404 2.1999214699864766 1.8008158210302563 1.1925060263606964 1.430828556035655 2.8636263913940447 0.88488305783611 1.978046417373399 3.724941493322507 2.6299751869227044 2.3836700932880466 1.620531211984388 2.5217804290217907 3.356662121004765 2.571338765820928 1.7361127260739573 1.691462822947028 1.9481712781470182 1.2483744782171433 1.6652033866676021 2.2502582804591733 42.306412778804194
1.5975962202837728 0.4931207795575978 1.903387741368806e-05 1.120961443940876e-05 0.12321705349612871 0.07380805045928969 0.6863531970654164 0.5611491735587728 0.37221025791765305 0.4467822244037256 0.8931587985002729 0.27341180105367535 0.6165604519153721 1.1697564362812745 0.8205000534865625 0.7435502288943917 0.5054057998303834 0.7868463379224313 1.0469987418605426 0.802209496272651 0.5415797962509762 0.5267173146656839 0.6066566914950734 0.39153290680810104 0.5195584082654424 0.7014096504492771 16.982939556798673
0.46752486037685664 0.09031732382211927 0.01129681981603452 0.0584595226322308 0.19975049102743272 0.00468107586992857 2.345384664106361 1.9175369344034208 1.2719048003420375 1.5267337263315826 3.052094474036803 0.9343019875862675 2.106915788321732 3.997272168796592 2.8037768665721736 2.540838810420559 1.7270397499250736 2.688668127104457 3.577571973073376 2.741100812089251 1.8508083985086572 1.799871607251434 2.0730584180083302 1.3378032409111085 1.7753143720391447 2.3967951347451435 26.086054894510372
0.5089676341300025 0.10071205748174225 0.008879709258427688 0.05748746904036095 0.19709316077184472 0.008248077167388377 2.1544102798204063 1.761400620648631 1.1683393580580843 1.4024185325755298 2.803574327761313 0.8582255592971534 1.9353570479938527 3.6717894402450564 2.5754746975331924 2.333949529010662 1.5864142109966204 2.469740897414364 3.2862652691861993 2.517908670039154 1.7001029874700022 1.6533177698726909 1.9042600391814262 1.2288796806306432 1.6307666213665772 2.201652264260772 25.11777778125278
0.76394628693593 0.15064143923865475 0.007258639157495077 0.02384416353116075 0.19999875246196933 0.007670497098530003 1.435341336753997 1.1735050154454307 0.7783875331034023 0.9343390631450934 1.8678366101613952 0.5717794011097699 1.2894019016130052 2.4462797179142037 1.7158725796640577 1.5549565092062303 1.0569253732103945 1.645436109058839 2.18943773520528 1.6775288158693293 1.1326614036154874 1.1014981774758534 1.268683662527648 0.8187241239262144 1.0864726594849068 1.466781081727635 18.33215990393948
0.8375338494044139 0.17213783709708272 0.0065217762091211995 0.020562876000228755 0.1982682734579963 0.008253836148506687 1.3092280851177727 1.070397686840674 0.7099962244371111 0.8522452379858189 1.7037221520578827 0.5215408132078576 1.1761096207278672 2.231337999757561 1.5651093698907195 1.4183335073954424 0.9640609727726488 1.500865349381784 1.9970726286652374 1.5301426190331688 1.0331384586514352 1.0047187933943094 1.1572143508854489 0.7467960161622126 0.9910189498021816 1.3379140731314878 17.43028820513767
0.7494880897626035 0.14877140382361628 0.009244803548577077 0.023987367835877783 0.1832589236151544 0.014861526886043112 1.4630303228975352 1.196142965694691 0.7934032841520463 0.9523632282402369 1.9038686591315341 0.5828094001175791 1.314275111382925 2.4934692165628367 1.7489724189140758 1.5849530149405997 1.077314047181336 1.677176535489805 2.231672114987334 1.709888629786986 1.1545117465221664 1.122746964233721 1.2931576250200594 0.8345183766595075 1.1074323288795356 1.4950821252351267 20.54623464563914
0.7229512349116497 0.14232502938864344 0.004891464764167439 0.030817165154411574 0.12046882633161984 0.006102251397837847 1.5167328576207746 1.2400490074368955 0.8225262534948851 0.9873210708754223 1.973752922793726 0.6042023199074871 1.3625177499837706 2.5849959570723877 1.8131710813798836 1.6431308549199595 1.116858275335835 1.7387389909488096 2.3135872391206513 1.7726509680233191 1.196890584429524 1.1639586444212464 1.34062462104765 0.8651493154650799 1.1480810531428436 1.5499624173854782 19.542104928238277
0.8192449731072613 0.16240204613933737 0.007137305195160481 0.01846236309790944 0.19982140304602786 0.008821540602768314 1.3384560057074126 1.0942936282869005 0.7258465063392943 0.8712713155360725 1.741757839730691 0.5331843770380914 1.2023674836575866 2.2811568197310397 1.6000520454569245 1.4499971549138735 0.9855835449867063 1.534372047402831 2.041655242267506 1.5642994919602644 1.0562051647250967 1.0271477438265983 1.1830479949363477 0.7634619648389988 1.0131369836623036 1.3677661315624836 17.606491504141136
0.5337567902510442 0.10103620446055839 0.00642074484504531 0.04982493834964467 0.17193807224059077 0.004648335377384045 2.0543537745063127 1.6795961759949936 1.114078519589402 1.3372867065661325 2.6733706368968067 0.8183681253500682 1.8454775580461984 3.5012777991967723 2.4558686458519072 2.22555486029948 1.512738481998006 2.3550444772531764 3.1336460701241484 2.4009685863991486 1.6211485929889105 1.5765315650558631 1.815819607640988 1.1717956462601737 1.555016722809537 2.099362718383352 23.704749558141014
1.4783083623505706 0.5213712731484668 0.0001126568526947016 0.0005869089732376888 0.03493119897085894 0.02035305870903245 0.7417394473097377 0.606432265917069 0.40224598471088735 0.4828349144115002 0.9652300212765936 0.2954730794732469 0.6663078355104658 1.2641353101494606 0.8867032912361762 0.8035527959793672 0.5461885042721004 0.8503319692257805 1.1314746505657627 0.8669345807784452 0.5852932854578607 0.5692223905037402 0.6556140298544193 0.4231221374007104 0.5614805549201551 0.7580025438238742 16.16658708417186
0.5314101745343778 0.10443457140293862 0.00833937613098678 0.05346307074437316 0.18895359242876966 0.007367169608241922 2.063424883005642 1.687012849108289 1.1189978994864753 1.3431914472732565 2.6851735129812133 0.8219810224667577 1.8536233919468672 3.5167258913103905 2.4667079465770874 2.235381840549375 1.5194169485494333 2.365439873526303 3.147480749465826 2.411572585365958 1.6283039656652987 1.58349445584996 1.8238388251834539 1.1769801176374624 1.5618941683855423 2.1086647193495383 23.718906982769017
0.48218216666196645 0.09568306320855752 0.010589524677383617 0.060710174747094364 0.19714705773332553 0.001981649355248841 2.274089554106506 1.859247842500131 1.2332414869354043 1.4803239281818241 2.9593154779758803 0.9059005285449946 2.0428673493948493 3.8757530367411914 2.7185438760233955 2.4636023548113917 1.674540395578013 2.606935824300712 3.468819229328724 2.657779560355143 1.7945451554857983 1.7451606668521102 2.0100430072711735 1.297145014846472 1.7213573850673693 2.323959792710299 27.043736673154132
0.8717572314059291 0.1747814493148334 0.001327999628754445 0.020005799644510498 0.011718869551007354 0.01127059227306035 1.257830615665185 1.028376051766805 0.6821232689926027 0.8187879961298388 1.636838288303188 0.5010665587291732 1.1299394751052187 2.1437451028522854 1.503668940540367 1.3626527764922203 0.9262147325478821 1.4419474764816524 1.9186748669820648 1.4700736185927432 0.9925798752795532 0.9652754510630192 1.1117843961195153 0.7174753238076855 0.9521100471332264 1.2853714158413798 17.644288784472675
1.5342931525826613 0.45801671098372315 1.2383720150956938e-10 3.73562482550105e-08 0.00021689120149102765 0.025534549764916366 0.7146698559096867 0.5843003058183937 0.38756654537708124 0.4652151778030022 0.9300077650887606 0.28469207026232807 0.6419978369987271 1.2180147155599845 0.8543496047294807 0.7742266259578525 0.5262566603001819 0.8193051293452517 1.0901883252473774 0.8353011425651661 0.563928319773764 0.5484484132386841 0.6316865143576101 0.4076831611923674 0.5409914037972924 0.730342275513311 12.950078479441505
0.5735741291095007 0.10907491658640081 0.006708747827216459 0.04435168612392899 0.19511477395934362 0.005586129717214094 1.9117407422659067 1.56299884359349 1.0367393572482628 1.2444524315950467 2.487785285063908 0.7615570875658427 1.7173645295784503 3.258219243968678 2.285382461618723 2.071057052113833 1.4077245804832768 2.1915588318929022 2.9161109772685694 2.2342960120076136 1.5086074814931707 1.4670894849235148 1.6897660279927988 1.0904517155725097 1.447069394493375 1.9536242581574117 22.37797642614746
0.6768251721561324 0.1311750597385338 0.007013002362216887 0.03255801468034091 0.18205813851060643 0.01121423851550487 1.6200997884677624 1.3245595175366505 0.8785822083013477 1.0546080400176234 2.1082666860904595 0.6453794831279507 1.4553754625718485 2.76116811210154 1.9367412259601189 1.7551119872271888 1.1929731536050423 1.857234288177976 2.4712571929450227 1.8934550633876788 1.278462182819621 1.2432827370965889 1.4319889591035815 0.9241060940538615 1.2263202400927877 1.6555916528106287 20.960580794963636
0.6063001114892851 0.11561381136457943 0.008643379187077232 0.03820651432905797 0.19998126765530302 0.007027103460200263 1.808551317223536 1.4786333802018534 0.980779630697972 1.1772810303060506 2.353502788343604 0.7204507631101865 1.6246668366643973 3.0823516242586333 2.1620252617925693 1.959268246255924 1.3317405057968743 2.0732669677465987 2.7587110512348048 2.1136980284776143 1.4271769093281348 1.3879012210387494 1.5985582573355404 1.031593878389216 1.3689623144241438 1.8481713605379648 21.330468468444323
1.1815830933228868 0.28147769735477846 0.004054717064427837 0.0045360766995829836 0.1746596654034522 0.015150233029342342 0.9280085158111261 0.7587210227186652 0.5032604214015121 0.6040890822552442 1.2076319694687856 0.3696781791468365 0.8336478699615607 1.5816137078598198 1.1093823610107492 1.0053446450225423 0.6833488434877549 1.0638592416104327 1.41559270945015 1.0846216974329908 0.7322942184277115 0.7121686226354024 0.8202583351795907 0.5293629111953937 0.7024702047090563 0.9483439429031163 15.557987107466293
1.5101386201274871 0.42274412301276604 1.197707838943331e-05 1.0085598084129172e-05 0.010035474122717184 0.02291280752368288 0.7261012166319052 0.5936461959582957 0.3937658596554986 0.47265673672872016 0.9448846211450969 0.28924637884325993 0.6522685478592535 1.2375003691605315 0.8680161819345872 0.7866105430669628 0.5346743299227675 0.8324096914196827 1.1076249610765678 0.8486607579402382 0.5729501549257212 0.5572212462783505 0.6417910575672428 0.41420302548426147 0.5496438768015613 0.7420222910847759 13.778846711955714
1.5220525909453924 0.4341028175391938 9.148062818255501e-08 2.518638756857307e-07 0.007455656912661613 0.03071912430401003 0.7204169411255456 0.5889988906923027 0.3906832502770875 0.4689564682346335 0.9374872914660632 0.2869818690170404 0.6471618197056945 1.2278118944486731 0.8612207705798195 0.7804525702366054 0.5304886729149095 0.8258936036760557 1.0989547136047753 0.8420177597937759 0.5684639971633536 0.5528589629043721 0.6367665762796211 0.4109610255761383 0.5453414454168215 0.7362143696080616 13.247212568088749
1.5196864188145778 0.4252118904462315 2.0792501257828458e-12 1.777455033686138e-13 0.0002430039361799221 0.026293682452634977 0.7215408065418946 0.5899176240689351 0.3912926379685504 0.4696880387559113 0.9389503238124456 0.2874296436299466 0.6481719356422723 1.2297291363685232 0.8625648523503907 0.7816700802858084 0.5313162073852237 0.8271822757519711 1.10066962572937 0.8433314189123325 0.5693508359922019 0.5537213816641786 0.6377599562054513 0.4116019250427415 0.5461920277170326 0.7373626591330502 13.01661314698836
1.5719456705816501 0.4823657613277693 3.5415977725795595e-06 1.1392225002057735e-07 0.1330463432825914 0.051283335635112705 0.6975517064397989 0.5703049094648327 0.37828332648452695 0.45407200003363274 0.9077313517958492 0.2778728360830525 0.6266200576132166 1.188840432170276 0.8338863916758663 0.7556819091107801 0.5136517777504167 0.7996827897530396 1.0640787537433123 0.8152962710320502 0.5504180457185045 0.5353113922110966 0.616555303292846 0.39791997784791505 0.528034611946295 0.7128517260358778 19.365459429399465
0.6932441693923175 0.13420237124391513 0.0023474414252749624 0.03508482617998057 0.05239627683402853 0.010481308338066101 1.581728761046828 1.2931881675870105 0.8577735540451406 1.029630329841683 2.0583337541200133 0.630094114394274 1.420905958713978 2.6957722058533053 1.8908711219968937 1.7135432697233457 1.1647185482008704 1.813247850151437 2.4127284422801587 1.8486108503802658 1.2481822458157386 1.213836509287372 1.3980733047767187 0.9022193692235665 1.1972755364988164 1.6163764108997274 21.09977133696496
1.5735249922942134 0.6655729045450413 3.618111905877169e-09 4.303014184973937e-09 0.014235043342512103 0.03817400185601634 0.696855464746256 0.5697364673871612 0.37790495984541966 0.45361639676330706 0.9068178607261002 0.27759165154597626 0.6259837325161144 1.18763537597147 0.8330473344897749 0.7549282953880787 0.5131383140620299 0.7988819432740445 1.0630149874355002 0.814481409727045 0.5498693121723991 0.5347769871623314 0.6159398729398317 0.397522460394804 0.5275073839525867 0.7121402742232931 12.960740210548233
