0.4768898839375146 0.71888967074385 0.009653618346555058 0.1039285668991696 0.1829176753815875 0.005967780079881171 2.209530469955457 2.0976946297327963 2.0972456818132885 2.0331276694341223 2.1650550006658627 2.0953941426393063 2.141439379213181 2.1084243903158595 2.1733525262554694 2.1926258848952065 2.1129233182811338 1.95438302334044 2.0971868396993707 2.0969055643413252 2.014906717087622 2.0971914327625454 1.9999121605130643 2.0536184907452633 2.0426220655338314 0.004319063813330056
0.5245224258543161 0.8645759240780807 0.006697584845560212 0.09161392210152901 0.12934031444000763 0.010101037126240752 2.008827643182907 1.9070741348035152 1.9065645995824156 1.8483279122329697 1.9684439714125017 1.9054154174652662 1.947335438924536 1.9172424397940813 1.9762635752662352 1.993616130541313 1.9210862004148992 1.776887115155102 1.906668596590315 1.9063741986000684 1.8317393085668583 1.9066142093875287 1.8181686449873926 1.8669572962256986 1.8570752347612658 0.0035939120893829116
0.4592848064539208 0.6722687654162207 0.009656527515976976 0.11036584015168485 0.19121929293299222 0.005874479852245943 2.2942455141413944 2.178147923552858 2.1777219684884552 2.1111303622043565 2.248056184594947 2.175598911541614 2.2233753513683343 2.1891201861385556 2.2565392953795795 2.276627012719074 2.1938988715253664 2.0293058893997196 2.177606990719085 2.17733065153506 2.0922227741846964 2.1776317662381324 2.0766227353347286 2.1324035046092336 2.1209354903210453 0.004766339183940588
0.5106416216261679 0.8169610944385002 0.008315543461905847 0.09417566522579304 0.15652861488655875 0.006852485900084756 2.0634479507431687 1.9589529388987241 1.9584703519834563 1.8986386587601118 2.0219566265894473 1.9571214183968781 2.000160705710822 1.9692716121253375 2.0299024341550327 2.0477731884271932 1.9732911416149514 1.8251899109046261 1.958514873159915 1.9582248239342586 1.8815895667384603 1.9584780798115546 1.8676292636945215 1.9177580469122333 1.9075717333713809 0.0037495821072910684
0.5762914593675824 1.051894421681629 0.009542729678177117 0.07507206046449888 0.18779912728117473 0.007749432453041839 1.828314546045472 1.7355987352485955 1.7350881925932855 1.6822220446690324 1.7917101881814879 1.7346164396183419 1.772750391113814 1.7452561418304366 1.7989646351133244 1.8145984645329265 1.7485315187066939 1.6172428421201455 1.735316860742187 1.735015546798904 1.6670277206481228 1.7352013448574184 1.654699543704102 1.699072786115136 1.6901688141664282 0.0034511326529555017
0.5828656414467628 1.0798819242994226 0.009845522457693436 0.07319893147528002 0.1999158943589747 0.00978940395487977 1.80768620128059 1.7160000139243452 1.7154891810158779 1.6632387232656793 1.7715155326477103 1.715097492130346 1.7527974067216638 1.7256003177616053 1.7787010103014937 1.7941410718846242 1.7288131390179573 1.5990000014933212 1.7157366663951603 1.715434606071377 1.6482063691493378 1.715613638111279 1.6360193270522403 1.6798879153841004 1.6710943161276333 0.0034678363662801735
0.4594255891587447 0.6728288494791488 0.004461988500735134 0.11551880400983452 0.0710628708206267 0.008781380193234151 2.293541551650338 2.1774790262138244 2.1770520825421604 2.1104801287315866 2.2473652506809394 2.174932428208357 2.222696118170059 2.1884518364643775 2.25585187979293 2.2759320511087586 2.1932292746227846 2.0286858667836545 2.17694062607745 2.176663623710487 2.09158089687965 2.1769630683569554 2.0759844943930763 2.131747152881085 2.1202853874799303 0.004505698991761729
0.5149492180506633 0.8348497474164567 0.010116050444019658 0.09099431523398874 0.19454052882131878 0.01008448914421184 2.0461872101185463 1.9425529565786182 1.942053560265346 1.8827196082804885 2.005029950634742 1.9407687011870078 1.9834623591166023 1.952828317433194 2.0129500258515116 2.030657671769294 1.9567917169438407 1.8099239410792582 1.9421293771176507 1.9418386218518324 1.8658393344145072 1.9420872888837541 1.8519982363043321 1.901705699903918 1.8916127105921632 0.0037887013600696367
0.5652115181535541 0.990419628380672 0.007817975344257905 0.07960945448607597 0.1540652822642782 0.010504678126437102 1.8641586389122171 1.7696735099680676 1.769195848576253 1.715269968063847 1.8268471350223165 1.768552755292337 1.807425758778613 1.7794108036392609 1.834168802085185 1.8501444397132611 1.7827926560221476 1.6489400980909885 1.769338779661205 1.769039278015007 1.6997331780262694 1.7692374745237698 1.6871592967547135 1.7324106364036678 1.7233126159086878 0.003447419341792768
0.5191221612451683 0.839020838120628 0.009127909239258417 0.09084108416346286 0.17838174600674828 0.007426658808065189 2.0297247224402533 1.9269294375993398 1.9264537794067123 1.8676215329187889 1.9889492234064072 1.925217188086833 1.9675516973559093 1.9371487624837644 1.9967819549355275 2.0143323346928677 1.9410554427176183 1.7953649484866117 1.9265020320703046 1.9262105016291147 1.8508165118210052 1.9264555470174796 1.8370917757887657 1.8863960015648142 1.876393379278879 0.003708758168778131
0.46281204204620724 0.6817122698897159 0.009377152717057765 0.10931002491371247 0.18920791278788715 0.008510344924499471 2.2767569099808194 2.161539192331088 2.161106440262447 2.0950229820842488 2.2309171830425525 2.159038242097116 2.2064587616686753 2.172460455730325 2.2393670232244935 2.2592857454757036 2.17718264607018 2.013839306559484 2.1610056754201987 2.160728286573719 2.0762611332758727 2.161026692213683 2.0607874162668205 2.1161393826788584 2.10476948840086 0.0046782473434931904
0.5848140963366012 1.0896184483018911 0.008984912961438553 0.07359397003888256 0.175392114810524 0.008669003370120644 1.80166466305721 1.7102770366088647 1.709764566369965 1.6576936398129158 1.765618585687973 1.7093987785853644 1.746973428199192 1.7198633738005753 1.772786162322704 1.7881698993555564 1.7230572712019194 1.593674505592374 1.7100207677460852 1.7097184205319418 1.642712059489291 1.7098952874022553 1.6305658067744293 1.6742872733097263 1.6655259137001035 0.0034309756396663843
0.5761726336748078 1.0577788958378054 0.009717922479710022 0.07489727764677717 0.19676720884799428 0.008730124149591807 1.8286966740535058 1.7359536124210921 1.7354317444610856 1.6825511008667786 1.792069530649618 1.7349714274340475 1.7731191963140263 1.7456211838186486 1.7993418394837182 1.814978887342927 1.7488981630437934 1.6175818897966818 1.73568059919317 1.7353791384893165 1.6673770582064886 1.7355646516604804 1.6550458821141216 1.6994283652486475 1.6905221314609302 0.0034638337996840242
0.5400378303703774 0.9164784114248121 0.010117475107696706 0.08380762859349294 0.1997891357025194 0.006269906568605471 1.9510958896365318 1.8522324217085615 1.851725018385868 1.795206213108628 1.911916456379156 1.8507898339117599 1.8915022199502183 1.8622407293840126 1.9195628642039044 1.936361727034251 1.8658974287906949 1.7258273876880927 1.8518640636308583 1.8515681987658046 1.7790641250821977 1.8517911504214726 1.765887110777165 1.8132664083261651 1.8036950353192267 0.0035924650704197156
0.5854441694211986 1.095557200461266 0.010023430994020177 0.0723937068403128 0.19999931027571244 0.007829493952873018 1.7997267186638792 1.7084316377942768 1.7079143190850934 1.655900565666559 1.7637149545075868 1.7075623578582644 1.7450982521688467 1.7180166759575919 1.7708828928599483 1.7862481316703387 1.7212049939834402 1.5919608674448782 1.7081815052101421 1.7078790931443866 1.640944177110599 1.7080552161468412 1.6288109458332927 1.6724850291787814 1.6637337322620653 0.003461283254161929
0.5739180029294854 1.045360721834445 0.009397883670577478 0.07577901589793881 0.18613738081320141 0.007970133551808247 1.835880413571765 1.742782533666331 1.7422661225203153 1.689172446466022 1.799109343254587 1.7417717715467642 1.7800682389723934 1.7524660866724928 1.806397662812647 1.8221027320688226 1.755764599713235 1.6239345311763054 1.7424990349566856 1.7421978932679927 1.6739313972179723 1.7423858974917927 1.661551170030841 1.7061094840628679 1.697164744598934 0.003451426001027538
0.5623771074236062 0.997611680804042 0.008169936314479315 0.07986402810835862 0.17520169953880638 0.01437722423179682 1.8735678584271938 1.7785871109498161 1.7780762499141238 1.7238598993580987 1.8360104262539623 1.7774322897774488 1.816522146747207 1.7883781884508732 1.843416453612032 1.8594800605908162 1.791790853867156 1.65726451776007 1.7782731707234043 1.7779737413058188 1.708321863924976 1.7781735295124297 1.6956809034195863 1.7411628363843452 1.7320127218441352 0.0035518017066021065
0.5563860475338464 0.9831016978455884 0.009781028037593637 0.07973953758938852 0.19506428611211574 0.01175278765550509 1.8937537892638963 1.7977526855178954 1.7972236289721626 1.7423996648232707 1.8557480106826558 1.796519459937123 1.8360412792897411 1.8076091909866745 1.8632450938273641 1.879498090512182 1.8110864412036998 1.6751165433711712 1.7974341249942163 1.7971353293864212 1.7267393574305214 1.7973410793281313 1.7139598554130762 1.7599350455938632 1.7506767849208342 0.003529562471551459
0.5793218458444747 1.0784920058494492 0.008443381269340414 0.07537580160783093 0.16422186824535245 0.009056740780034859 1.81875524723373 1.7264989526038168 1.7259648413782174 1.6733789465614461 1.7823214228298199 1.7255588266608652 1.76350170510729 1.7361476888599345 1.7895782880397553 1.8051198004115094 1.7393956354498914 1.6087904517547293 1.7262444004360138 1.7259424072684573 1.6583059080431088 1.7261242036267421 1.6460424246345613 1.6901812499849254 1.6813293653226802 0.0034184167087062
0.4774063515712321 0.7209949871565973 0.008009660749208367 0.10538144820201169 0.16221268048386406 0.011121695325797324 2.207139700913091 2.0954232330953912 2.0949710097364296 2.030920189701155 2.162708073104646 2.0931270787095917 2.1391265437223574 2.106148160572575 2.1710066207394503 2.190257553774458 2.110640524255158 1.952270686700116 2.094919375677574 2.0946377841990738 2.012726880686141 2.094922737476352 1.9977485586918826 2.05139630466103 2.04041291496517 0.004323853766436004
0.5815622348278073 1.0792319098157597 0.008976150717059567 0.07434340205040839 0.1772643580556513 0.009019306480883992 1.8117414437811343 1.7198463381290958 1.7193276061999672 1.6669547481706828 1.7754746955498089 1.7189302936974609 1.756718745985135 1.7294639489834096 1.7826857172551225 1.7981627421751831 1.7326896636934075 1.6025863505920395 1.7195858061699638 1.7192837891902544 1.6519060130054706 1.719463866722314 1.6396909448054333 1.6836585602888618 1.6748438287315222 0.003434754011445286
0.5692924513254229 1.0088093136706855 0.009981664029070653 0.07641886442600024 0.19603201351744165 0.007329188813772037 1.8507911318305172 1.756970946488976 1.7564879278216965 1.7029598637942234 1.8137513458579824 1.755900973724441 1.794493657883563 1.7666716145416024 1.8210387464299245 1.8368863822529868 1.7700143033100348 1.6371184195628972 1.756650178214284 1.7563500834129655 1.6875349421013646 1.7565442211572382 1.6750540333616126 1.7199774590324401 1.710952496649736 0.0034772643815909206
0.46553278223214994 0.6885551606430684 0.009442601010198143 0.10824607137579924 0.19254482641420043 0.006378878969078486 2.2634464251058266 2.148899875036406 2.1484644106236432 2.082769609367446 2.2178790084772384 2.146436951950248 2.1935866025788533 2.1597841927519057 2.2262959818778847 2.246090082746502 2.164461200808469 2.0020680761998797 2.148370990633917 2.148092473383207 2.064111792792687 2.1483888599542666 2.0487355960547036 2.103761100010145 2.0924655312059994 0.004617796622258226
0.5853940959398974 1.1005097085100157 0.009320014591248099 0.07307853527757042 0.18950673451030414 0.01068275337750236 1.7998808183739874 1.708571775031911 1.7080458745629596 1.6560266045257692 1.7638546590507866 1.70770448962046 1.7452450671841808 1.7181615586064014 1.7710357378780135 1.7864003339054377 1.7213527030238158 1.592097944427383 1.7083284334734137 1.7080258828347212 1.641084127082801 1.7082018941631336 1.6289505272228544 1.672627450115503 1.6638767194745543 0.0034613043387943295
0.4821578004056068 0.7328371348745214 0.009425817623950545 0.10232012834469133 0.18887345426635324 0.009508945918517154 2.1853808356171562 2.074760625005622 2.07430748693852 2.0108964013900272 2.1413996585371464 2.0725342687233628 2.1180839791726145 2.0854216034273567 2.1496375512658146 2.168680481926886 2.089840247085492 1.933025507562566 2.0742625382707978 2.073979869048246 1.9928669500012453 2.0742612318893703 1.9780451873269875 2.03116005745823 2.02029764409119 0.004259740728091285
0.5751830105261233 1.0570779710000449 0.009827184460570468 0.07500724374575335 0.19854573636569134 0.008321566550209079 1.8318445783866 1.7389397120486059 1.7384119976868908 1.6854358755407652 1.795143290586077 1.7379462606136298 1.7761634148253798 1.748620971316612 1.802434719898447 1.8181012232426756 1.7519075691992114 1.6203659421526677 1.7386687374455803 1.7383673421288677 1.6702494272177035 1.7385536788904137 1.6578963319148714 1.702355913171131 1.6934326469348902 0.003465435470600388
0.4884359065294327 0.7505610477883129 0.010368030911434447 0.0992441139163818 0.19873144459537984 0.005428091575010237 2.1572860662677495 2.0480775980312003 2.047617563948608 1.9850302875456285 2.1138767521237676 2.0459396643013648 2.0909123766354876 2.058659214238092 2.1220491821783893 2.140821517503089 2.062985155151827 1.9081778442245392 2.0475916791695083 2.047307425708752 1.9672272651446878 2.0475826091471854 1.9526035017396193 2.005030954448393 1.994323727445801 0.004155622409921756
0.5768215625840997 1.0480762975265634 0.007709329843571939 0.0768033081965118 0.14786920480496352 0.010091372373743128 1.8266313922632031 1.7340072246310505 1.733507132715914 1.6806937009171756 1.7900762688010134 1.7330299711741712 1.7711237796003843 1.7436524070692372 1.797310171509017 1.8129289231790668 1.7469221518228017 1.6157537793103558 1.7337187664645741 1.733417401316727 1.6654913787362413 1.7336028640738437 1.6531751547574876 1.6975071968085857 1.6886127435545506 0.0034107799428122524
0.5746937174515917 1.0379369330085844 0.009360547461119029 0.07566812853128742 0.18548919199721742 0.008264510881393114 1.833394865175675 1.740434559055918 1.7399371063730225 1.6869231114221646 1.7967007017180188 1.7394310900217007 1.7776650621316243 1.7500956760461557 1.8039528178746163 1.8196351994154933 1.7533863876348188 1.6217345107131524 1.7401381577371655 1.7398371643994113 1.671661979889833 1.7400251709598675 1.659299988054767 1.7037974469875392 1.6948665781853103 0.0034524900824558858
0.5699324584785626 1.037458856505684 0.005932206751383841 0.08016872397348607 0.1136318329344413 0.013302239921971293 1.8487278665731794 1.754976542016405 1.754445673757801 1.7009645004258789 1.8116665716469535 1.7539187984963007 1.7924939370291746 1.7647092925495298 1.8190209056408493 1.834846414561337 1.7680477410132456 1.6352980137070272 1.754695442011567 1.754394524833447 1.6856550713251888 1.7545857119043693 1.6731852926526882 1.7180579716206164 1.7090444856393157 0.003418230930298807
0.5571922198840544 0.9842445661816821 0.007845310323522882 0.08147991751119242 0.14194893168313816 0.010292584096996455 1.891011423296218 1.7951494211077776 1.7946257168236368 1.7398859788535388 1.8530697840454664 1.7939282715637639 1.8333905059999822 1.8049972457248442 1.8605512364197385 1.876778608530365 1.8084647075002054 1.6726906628445912 1.7948302079106802 1.7945311922894833 1.7242362579611887 1.7947359804840988 1.7114754628160054 1.757383632515326 1.7481408815698742 0.0034269752915994343
0.5645751602682172 0.9966010938272997 0.008731832288803917 0.07880503404569507 0.17771214473130573 0.010401423659475436 1.866263173543931 1.771661135553728 1.7711674725761286 1.7171745399339828 1.8288840682392622 1.7705332212160834 1.809458404387333 1.7814158439046905 1.8362383411242247 1.852232562096485 1.7848057134971864 1.6508026607442121 1.7713375737985966 1.7710380173163158 1.7016543930731807 1.7712363490630438 1.6890653954117116 1.7343680317873396 1.7252584814209815 0.003477337087076979
0.46346595975953525 0.6834217035047662 0.009865088723030789 0.10856196834842217 0.18900705421426475 0.0069324831824703025 2.2735447359577585 2.1584884894053973 2.1580549858673246 2.0920650586313023 2.227769926042672 2.1559955884309883 2.203351057310261 2.169400088242154 2.2362107877017645 2.256099566221351 2.1741106818463027 2.0109968655841772 2.1579547133270807 2.1576773173390786 2.073329401823235 2.1579751137761565 2.0578775368852296 2.11315158885711 2.101799094568221 0.0046322234085624525
0.5733054651167218 1.0428083218427064 0.007066288976908204 0.07825604697135168 0.13741815917997213 0.011718026981427534 1.837843744853795 1.7446470804362233 1.7441316420718826 1.6909792267726438 1.8010319392944056 1.7436292384815852 1.7819687112711995 1.7543388678536178 1.8083268212098071 1.8240514372614849 1.757642212464617 1.6256711274971336 1.744362984430101 1.7440618902957645 1.6757238913170933 1.7442501843144944 1.6633290557170397 1.7079360039733928 1.698980173959798 0.003418151712666423
0.5824821252368567 1.0774199249969585 0.008099895930425531 0.07503825415799935 0.15580759380655707 0.009901737664233625 1.8088787335213443 1.7171338397227454 1.7166245648746317 1.66433855167377 1.7726850660160647 1.7162266201468215 1.7539519714199119 1.72673772227302 1.7798726521441808 1.7953243890161548 1.729953243368078 1.6000544081375336 1.7168683623531353 1.7165662676267854 1.6492942429926383 1.7167455508070417 1.637098735795136 1.6809966919759254 1.6721968903253086 0.0034131884589499394
0.5707102691669653 1.0090631250115905 0.00926481657531998 0.07680881028736858 0.18892411122368055 0.009801687685097062 1.8461905543806425 1.752607876102752 1.7521335298873957 1.6987431730774916 1.809260959876401 1.7515528896373316 1.790046102818019 1.7622893585127366 1.8165183200771668 1.8323242669560622 1.7656163444264894 1.6330492324063093 1.7522829036762806 1.7519827793648555 1.6833378971781323 1.7521756063727225 1.6708880417337986 1.7156995916882298 1.7066984131885654 0.0034794323305021423
0.5860098740042095 1.11061101778386 0.009086031913655928 0.07313202799647132 0.1813724321573886 0.009644972000486574 1.7979925104151742 1.7067677096997294 1.7062311068319977 1.654266500279336 1.7619920001157579 1.7059117814474174 1.7434185022829074 1.7163636628263912 1.7691822416684608 1.7845288964843418 1.719548406323421 1.5904283121147496 1.7065362596653422 1.706233565078906 1.6393619638704544 1.706408474697223 1.627240092956322 1.6708712178959821 1.6621300353963706 0.0034411583774418613
0.5765010725218235 1.060660840765289 0.007133876797280693 0.07738885418614251 0.13899902372023482 0.011781221172782175 1.8276557053279499 1.7349616260704432 1.7344385747139646 1.6815886010759418 1.7910477232196849 1.7339848514379954 1.7721137193741276 1.744631598738137 1.7983201538797395 1.813948383293155 1.7479040035315658 1.6166614502590058 1.7346926938527474 1.7343911201397428 1.6664281127286606 1.734575876580215 1.654102828352544 1.6984604757331863 1.6895594062397443 0.0034166067649218754
0.5480799097044393 0.9301352938733368 0.009908959993197013 0.08193069616415272 0.19775708950478374 0.007257399956339804 1.9224459156304539 1.8250390872700768 1.8245611315387396 1.768904739791017 1.8839118279833447 1.8237060403102705 1.8637997076819839 1.8349442030807224 1.8914191132382048 1.9079463286093035 1.838508154836413 1.7004878839911015 1.8246664079636383 1.824369565197886 1.7529187032260938 1.8245857812808925 1.7399431613893024 1.7866207090358937 1.777206637459571 0.0035510492369392834
0.5072002510732191 0.8037176779548967 0.009736784575876437 0.09383953846430113 0.19219301454717416 0.006397752748186118 2.0774501960993743 1.9722560255074202 1.9717849807403758 1.9115455104827714 2.0356853767038015 1.9703809765886078 2.0137056670118407 1.9826119915229903 2.0436504886151723 2.061657806411554 1.9866744726040835 1.8375726439105187 1.971806121936197 1.9715172533675027 1.894369927922351 1.971774088829868 1.880309648657452 1.9307825262139535 1.9205164027471464 0.0038678675939885815
0.4594262993167986 0.6728310553332673 0.004466514844014462 0.11551399674110739 0.07117651421365756 0.008778708897204255 2.293538007131379 2.177475662888557 2.177048714193516 2.1104768593356975 2.2473617743704217 2.1749290692930567 2.2226926871071426 2.188448456953168 2.255848397917722 2.275928533036841 2.193225883454504 2.0286827297814476 2.176937259690777 2.1766602574221245 2.091577658431577 2.176959703949836 2.075981286698518 2.1317438587367965 2.120282110517602 0.004505749238719073
0.45942519580172303 0.6728278395704392 0.004443475713744379 0.11553748465957604 0.0705983547834227 0.008792378754487252 2.2935435123812984 2.1774808880256074 2.177053945760487 2.110481933402344 2.247367173864393 2.1749342894427004 2.222698020682676 2.188453708276597 2.255853817449204 2.2759340019815832 2.1932311597430103 2.0286876107029173 2.1769424947558345 2.1766654909426695 2.0915826892819958 2.1769649296770472 2.0759862649321628 2.131748962678035 2.1202872079336497 0.004505432509770922
0.5852222836187227 1.1097440543813426 0.009975331694081453 0.07242391856928579 0.19872556054862905 0.007667124716879437 1.800416741918133 1.7090669319117373 1.708527001271763 1.6564891729825388 1.7643600962055712 1.7082029381036465 1.7457644827301637 1.7186759392582782 1.7715641120239687 1.7869347245753557 1.7218664499684255 1.5925723817719064 1.7088375474968536 1.7085348990399216 1.6415746108863445 1.7087104353504852 1.629435492752108 1.6731265093821484 1.664371256202455 0.0034588384889813976
0.5021836600560989 0.8362250193571781 0.005169930431922161 0.09955654206410947 0.08746973025050185 0.009015179957698901 2.0982636988635646 1.9919548863077678 1.9913294032832871 1.930375478826339 2.0558157748134653 1.9899091286639692 2.0337818386697766 2.002436849181803 2.0641128485853204 2.082319180346494 2.006590038508478 1.8559952603500824 1.9915764421137778 1.9912866927499664 1.9133773732485244 1.9915385040176 1.8991543761412628 1.9501381746467712 1.939754131315429 0.0037110045351304035
0.5500504305514107 0.9368283849162764 0.010026514038403912 0.08129015949796095 0.19999510893062955 0.007199617777935254 1.9155562243736468 1.818495088160382 1.818016909626566 1.7625649750416357 1.8771662439542929 1.8171869348918448 1.8571358385403907 1.8283794154049369 1.8846520975704424 1.9011133989611162 1.8319221016387934 1.6943946716301397 1.8181263489744868 1.817829219720751 1.7466317052409357 1.8180434514864277 1.7337039624246287 1.7802127624367259 1.7708364125891738 0.003545509147068858
0.5220377473453586 0.8496308122756838 0.010525444318109228 0.08854301912729323 0.19314210793582004 0.005911837485657367 2.018386829710624 1.9161574153964924 1.9156769502053288 1.8571780427372646 1.9778387096032228 1.9144825191028798 1.9565835602281674 1.9263454759288863 1.9856451190348323 2.0030873883233036 1.9302154412607204 1.7853351450015849 1.9157371981916054 1.9154451459031985 1.8404671630247214 1.9156877953509288 1.8268227835276052 1.8758495627129115 1.8659101135505933 0.003711524403871474
0.5741989376610859 1.0440694306617133 0.007518770865191685 0.07759223758088356 0.14033787660933086 0.009155638950309738 1.8349797653608908 1.7419297170913173 1.7414180299213682 1.6883528313528118 1.798233385819908 1.7409224015291087 1.7791973115717687 1.7516072373333438 1.8055125058828958 1.8212089186348412 1.7549030953401932 1.623137363483955 1.7416435014283478 1.7413422794394355 1.6731085537018136 1.741530021856724 1.660734784202334 1.7052708632601579 1.6963319410412026 0.003396642757125544
0.4594250794263357 0.6728274581959431 0.004444348601422482 0.11553665653398949 0.07062024804761566 0.008791856826105091 2.2935440934870157 2.1774814393245934 2.177054497989093 2.11048246974958 2.247367743751889 2.1749348398111263 2.222698582722794 2.188454262086458 2.2558543871386734 2.275934578275996 2.193231714771946 2.0286881241310195 2.176943045999784 2.176666042315583 2.091583220107313 2.1769654812393973 2.075986791213162 2.1317495039804104 2.1202877444093198 0.004505448451972284
0.5712462596997528 1.0441235019228885 0.004857828224045474 0.08092459813480014 0.07823941793046471 0.01118681956587612 1.8444745754683363 1.7509346875660083 1.750400646783862 1.6970456923255806 1.8074997090542926 1.7498937968288573 1.7883797541264614 1.7606561681202255 1.8148440158160806 1.830628219084085 1.7639823599073354 1.6315369620805176 1.7506582898421676 1.7503569784811108 1.6817732615513674 1.7505463799150607 1.6693328203416242 1.7141006280151754 1.7051112524995533 0.00336220699448245
0.5786679327933218 1.0637409087432257 0.007270463953923998 0.07676028607660076 0.13430220062638837 0.009491581799453704 1.8208046489886849 1.7284612683866307 1.7279475948654333 1.6753051672592532 1.78435398561743 1.7275091770982252 1.765486158744416 1.7381002361043834 1.7915887137118207 1.8071511396853872 1.7413533464168662 1.6106016251595694 1.728188620008365 1.7278868121626179 1.6601747457267182 1.7280698468140179 1.6478981405315067 1.6920871698700426 1.6832247067485289 0.003388691202314551
0.45942516425659236 0.6728277558957032 0.004442169456273599 0.11553880422458576 0.07056560095818498 0.008793156701401881 2.2935436696487725 2.177481037321699 2.177054095195649 2.1104820782167093 2.247367328118545 2.174934438686605 2.222698173231132 2.188453858400764 2.2558539727132523 2.2759341584055184 2.1932313108563237 2.028687750484974 2.1769426445670397 2.1766656406549556 2.0915828330767754 2.1769650789619264 2.0759864069869374 2.131749107982763 2.1202873538676754 0.004505414175897172
0.48680958199555385 0.7476009613012424 0.009824079281801663 0.10032352994659935 0.1962974887982165 0.006006751571652354 2.1644952272457423 2.054926516534049 2.0544583252037274 1.991650156052702 2.120927992224296 2.0527555318923096 2.0978815101571784 2.0655248679486955 2.1291310203058766 2.1479702527940714 2.069877505005802 1.9145555147538402 2.0544370856542615 2.054152929609388 1.973804884164286 2.0544299613106918 1.9591328984656844 2.0117349985571433 2.000990288498333 0.004176971707712353
0.45942661726701767 0.6728319639321574 0.004474121749184678 0.11550625944919705 0.07136760694593863 0.008774212308867685 2.293536421077941 2.1774741574135588 2.177047207012814 2.110475397797904 2.247360218809935 2.1749275651966107 2.2226911502385387 2.1884469438788847 2.2558468358355155 2.2759269571087817 2.193224362813741 2.0286813230707126 2.176935751078989 2.176658749349808 2.091576209070174 2.176958198424559 2.0759798527247266 2.1317423890549696 2.120280641568563 0.004505858354808261
0.5244319715608894 0.8578138911135298 0.006834537872760505 0.09155198445206908 0.13533936894718843 0.010708176663426954 2.0091693769634285 1.9074017477939311 1.906918717924324 1.8486913533488254 1.9688100585146016 1.9057599177077151 1.947670946694213 1.917566754421492 1.9765967762025138 1.9939501626310838 1.9214084545255112 1.7771867570460562 1.9069904235977555 1.906697600357323 1.8320588038008263 1.9069366970887258 1.8184772254198411 1.8672781461876224 1.8573889681492493 0.0036218749481046566
0.4833353839344946 0.73697575542551 0.009571638693800542 0.10175930963010256 0.18626757548333156 0.00560803297702322 2.1800572583391697 2.069702529392617 2.0692456241680572 2.0059898120122073 2.1361793889324057 2.0674915316400884 2.11293411971098 2.0803502880428906 2.1444103958707514 2.1634019996959024 2.0847518983375735 1.9283171580264802 2.069208496270456 2.0689254568773214 1.9880092965209584 2.069205069074325 1.9732234663647363 2.026208561955723 2.0153748673306366 0.004217305040925395
0.5508148998361753 0.9401513146508746 0.009772782286265961 0.08134308976118472 0.1962821980767099 0.007473002366655778 1.9128972028094766 1.8159677894441 1.8154888878301383 1.7601157736209838 1.8745609406001709 1.8146696759401362 1.854564566397947 1.8258472020502947 1.8820408505021846 1.89847749589198 1.8293809864966613 1.6920434501525365 1.8156026380037649 1.8153054134773612 1.7442066256221107 1.8155185476009839 1.7312961365387252 1.7777403890877423 1.7683775575067897 0.0035377074086175237
0.4976964097345879 0.7763167984253542 0.009707941682420026 0.09687725475477403 0.19979004301755396 0.007086681449299012 2.117132491360003 2.0099442997509445 2.0094781099757304 1.9480707291738657 2.0745492111467234 2.0079372266774262 2.052081630988275 2.0204122176322397 2.082619950581646 2.1010071245268547 2.024606116946016 1.872668620950228 2.009476606717016 2.0091898300974393 1.9305834774684791 2.00945615309513 1.9162449356648616 1.9676884756907702 1.9572038507698382 0.004017414775238352
0.5676232072289801 1.004237497595552 0.01044381310804029 0.07635748411716743 0.19999717077620577 0.006622085939936396 1.856236926847277 1.762141719569955 1.7616555453951928 1.7079645023948884 1.8190781887097502 1.7610515916873837 1.7997603659698256 1.7718603887206936 1.8263880014567395 1.8422870231486923 1.7752197151771363 1.6419342132118562 1.7618191589971202 1.7615192533284616 1.6925034317487155 1.761715154953186 1.6799852841676364 1.7250419499373477 1.7159878217715268 0.003486236045448064
0.5749105154389919 1.0491881915307264 0.009953047854270692 0.07498365222162429 0.1999442053713074 0.00777287493742565 1.8327098717063601 1.7397707656945456 1.739254746516057 1.6862558158126508 1.7960060364434445 1.7387720607609976 1.7770013976512231 1.7494447816792895 1.803283017206298 1.8189582041660537 1.7527337399309488 1.6211305465700891 1.7394895093337654 1.7391882806828824 1.671038516156626 1.7393753273286838 1.6586801106212428 1.70316083487454 1.6942330426292724 0.0034692938562574833
0.5742806098113404 1.0436512062192331 0.005667605208161245 0.07943613219473128 0.09623195423964799 0.010423777264940369 1.8347202395826163 1.7416838588658174 1.7411738625035749 1.6881160865774818 1.7979818204302724 1.7406774623486683 1.7789484820724613 1.751362674881398 1.805258227117418 1.8209534847207434 1.7546561482296756 1.6229084441904205 1.7413976477339879 1.7410963422361332 1.672873053564495 1.7412834975459153 1.6604997146806324 1.7050299576227494 1.6960917259695036 0.0033663893592719538
0.5782174313892539 1.0409507531671658 0.010039818573815671 0.0741986920242165 0.19916583155776918 0.007720886087092409 1.8222134328491832 1.729826716785533 1.7293480390621827 1.6766719913596753 1.7857802239760459 1.7288624497662266 1.7668515836413663 1.7394404717920309 1.7929662082638465 1.8085444934475787 1.7426964139236085 1.6118447778937957 1.7295236512361774 1.729222462105915 1.661458940145626 1.7294076044192204 1.6491746586995233 1.6933985588227751 1.68452780639217 0.0034699994145033063
0.5333576998147473 0.8914188267811394 0.008391638996823469 0.08739352164180376 0.18476316107036628 0.01367924331548555 1.9755390680606797 1.8754523430703482 1.8749541142905215 1.8177139458005012 1.935859777802747 1.8739234572039047 1.9151440636475299 1.8855296256907075 1.9435691082105035 1.9606028890914498 1.8892634177557135 1.7474454171279683 1.875067786555356 1.8747733096699861 1.8013720936534188 1.8750028766685045 1.7880234234664343 1.836002058190379 1.8262952657299487 0.0037148733367785144
0.5740926279176001 1.0538701029510738 0.008077134067544007 0.07700669993167654 0.16856412016449931 0.01330518732007766 1.8353273849618896 1.7422455292837427 1.7417171167334295 1.6886366237831578 1.798550122326259 1.7412397541720146 1.7795335386484117 1.7519421760632636 1.8058566335740849 1.821557445182283 1.7552379931044007 1.6234465046965885 1.7419752868762952 1.7416740450455201 1.673429031417019 1.7418611771856993 1.6610506285091482 1.70559634497989 1.6966531470064954 0.0034867337004727155
0.5467256599068806 0.926853406568682 0.010152427815917723 0.08203815681721961 0.19629607911315122 0.006183859494880269 1.9272131492265925 1.8295647768888577 1.829084783515334 1.7732856958702141 1.8885755508478965 1.8282138467170281 1.8684103680773116 1.8394872223339491 1.8961010712044564 1.9126747698973048 1.8430650014415486 1.7047031791329659 1.8291911270938006 1.8288945280391296 1.7572690890058225 1.8291119421594937 1.74425949362544 1.7910544842894116 1.7816135465235887 0.0035597518671386203
0.4716113111096939 0.7045432614817267 0.007751889844768439 0.10771709914859812 0.16091266315645963 0.009902599538841574 2.2342657351748243 2.121186002718064 2.1207440852412263 2.0559027362995455 2.1892894547762083 2.1188114001137586 2.165364043119421 2.1319884149633426 2.1976430361208257 2.2171557260746098 2.136569438604221 1.9762613009993462 2.12067017644791 2.120390104414981 2.0374830445004695 2.1206802264585782 2.0223119547451267 2.0766238453190167 2.0654894524940097 0.004429482362519548
0.5818499595984872 1.0799205346686822 0.009705256723019046 0.07356094558696297 0.19365241940633943 0.008334208391002585 1.810847570328107 1.718997839609372 1.7184799111227675 1.6661336401828641 1.7746010213824868 1.7180849365693236 1.7558548682859096 1.7286131474583917 1.7818076633712838 1.7972769278487992 1.7318356173084002 1.601796106129101 1.7187376632475106 1.718435604574158 1.651090835034119 1.71861540426445 1.6388818718608076 1.6828277572211068 1.6740173075518139 0.003453626123302959
0.5681088796947126 1.0148827283136652 0.003467717018843749 0.0831709875519993 0.04569408079029862 0.012170072377772904 1.8546547321351448 1.7606271204667363 1.7601247445629984 1.7064750953969934 1.817507501349353 1.7595446530312473 1.798230708179934 1.7703566107447233 1.824839396748575 1.8407226607947973 1.773711686452901 1.6405383002898102 1.7603200330173014 1.7600194877721345 1.6910621815504274 1.7602127837692474 1.6785518227209146 1.723569366785738 1.7145240183315036 0.003381242473748474
0.5722467172953836 1.019345722600989 0.009980277444352446 0.07569958372369594 0.197323964669968 0.007508064604131269 1.8412347343194895 1.7478940465084356 1.747412256245031 1.694168577056236 1.8043977929778015 1.7468591322288702 1.7852506577791176 1.7575661656409163 1.8116514940760722 1.827409213168443 1.7608793572762798 1.6286669616779617 1.7475791015977704 1.7472786630144619 1.6788155350466443 1.7474697392557308 1.6664000206265868 1.7110897522385815 1.7021160231854178 0.003474698255471138
0.5841114772489622 1.0932427289501936 0.010023986342128447 0.07269286966580762 0.19961747098052463 0.00786220125320885 1.8038359976827831 1.7123317997231187 1.711808243901531 1.6596707938883906 1.7677299166332652 1.711447981881515 1.7490718246002326 1.721931425739252 1.7749207112722167 1.7903232293392446 1.7251334786681407 1.5955956669007707 1.7120825468598757 1.7117801583241603 1.6446931317799034 1.7119575280179942 1.6325323259795979 1.6763063035604284 1.6675338597980685 0.0034595351634527055
0.567568434452276 1.016086694320925 0.006158381787432152 0.08060168201457019 0.10845618490272625 0.009968168779093366 1.856422939990164 1.7623029699577855 1.7617939360909904 1.7080902969694591 1.819229502466836 1.7612140740343976 1.7999385562134045 1.772039361509881 1.8265764302583252 1.8424749185589222 1.7754012347008352 1.6421018433647583 1.7619982113486101 1.7616977502510907 1.6926745120225415 1.7618921182971603 1.6801534304794343 1.725213934105406 1.7161599400071346 0.003378633409732916
0.5838274044297604 1.0862469721675838 0.00962887826765939 0.07317656015253642 0.19239210872963936 0.008468703454447349 1.8047109073222254 1.7131700764067035 1.7126561340813053 1.6604938561025622 1.7685986356845385 1.7122801686581786 1.749919764823969 1.7227661076307863 1.7757786369192134 1.7911910224538634 1.7259692416454908 1.5963685928172462 1.712912364433425 1.7126101563338996 1.6454917830067923 1.7127880248254423 1.6333245699898755 1.6771206527716944 1.6683426679552271 0.0034526103990006624
0.5828841396309876 1.0821975399473949 0.009817645893425181 0.07321167011616724 0.19866598279138414 0.009166917643908163 1.8076316389070997 1.7159451878683902 1.7154309171824664 1.6631813974090537 1.7714575121587346 1.715043851622364 1.752744513515637 1.7255487105371332 1.7786479002675604 1.7940873586642776 1.728761237638824 1.598951853978168 1.7156849534159193 1.715382851531805 1.6481567209813877 1.715561716908124 1.6359697610792887 1.6798370947146892 1.6710436582955437 0.003462684911763997
0.4829354306470591 0.7356585785055523 0.0058675738141736765 0.10562262181940756 0.1099385109625065 0.009434947551954022 2.1818626511698294 2.071417208210981 2.070961809702777 2.007653581501239 2.13794980696432 2.06920240627155 2.114682532072845 2.0820725182007074 2.1461860935553085 2.16519483821809 2.0864802926165025 1.9299161528098991 2.070924138195278 2.0706409350003825 1.9896592915023954 2.070919727540341 1.9748585423730296 2.0278878999004633 2.0170443958291555 0.004072065856338919
0.5811006115976116 1.0763305412779873 0.009892095068625624 0.07355201157106671 0.19724435251893166 0.007813805618617544 1.81318250233931 1.7212166712397285 1.720699425589594 1.6682833842964633 1.77688766353847 1.7202943708812681 1.758113663581049 1.7308383994811305 1.7841010817900786 1.7995926728480112 1.7340675020906444 1.6038609207101087 1.7209538540121954 1.7206519133161104 1.6532214523767395 1.72083249695114 1.6409963258644022 1.6849995328687333 1.6761762784535095 0.003459394142099856
0.5675339959017787 1.0004081244822733 0.010550891579599491 0.0762850274894614 0.19848200449978023 0.008109352350146535 1.8565291862733524 1.7624242762206772 1.7619440932922974 1.708244716734294 1.8193736703882377 1.7613312273549184 1.8000444623833947 1.7721397068003664 1.8266733077332429 1.8425767446363301 1.7754982521218186 1.6421916105179328 1.7620957216251971 1.7617959530841463 1.692769897914593 1.761992252522587 1.680249719176076 1.7253140798473812 1.716257844254513 0.00347465767780602
0.5732662557537997 1.052379696653618 0.00614544584972479 0.07912994514530712 0.11655840835114188 0.012591688421106957 1.8379738685031166 1.7447578372496273 1.7442253363826483 1.6910650177975484 1.801136298923636 1.7437425163514837 1.7820924333769985 1.7544628131503157 1.8084573912508932 1.824181527077573 1.7577678732528315 1.6257872653502736 1.744487359571655 1.744186038732899 1.6758428011705824 1.744373710783236 1.6634464541009388 1.7080561966549943 1.6991003428978397 0.003404934580458379
0.58099337433256 1.0762176530090777 0.006531071763493488 0.07693694522489432 0.1165801459757293 0.010027532397440305 1.813517974643761 1.7215345102581276 1.7210171728615948 1.6685909357523796 1.7772157444545786 1.7206117401879057 1.7584394121433262 1.731159614079366 1.7844317023190905 1.7999267269909756 1.7343890298027902 1.6041578655989215 1.7212724365443943 1.7209702936176725 1.653527348469338 1.7211505168220644 1.641299371027931 1.6853107678425256 1.6764864219771682 0.003374605617892389
0.5728029516651026 1.0400681196947 0.0074643902842934755 0.077980128661458 0.13974852602631893 0.009316903113373088 1.839454239124568 1.7461784918310077 1.7456637128967383 1.692464238313594 1.8026096949000319 1.7451544181134735 1.7835247887469894 1.7558706683710696 1.809908335752676 1.8256465578760195 1.7591805537433824 1.6270947798802724 1.7458909943579473 1.7455899060282472 1.6771913545700008 1.7457789737108087 1.6647868176131853 1.7094322819559111 1.7004693713838273 0.0033974584873017657
0.5731507183998149 1.0506288249711977 0.00272800363501566 0.08259185204171751 0.029987250738544368 0.013273490543973325 1.8383422220414414 1.745108966065534 1.744579394054311 1.6914088774338425 1.801500526450424 1.7440929030923396 1.7824507731206825 1.754815960611847 1.808820378031359 1.8245487229505666 1.758121507008898 1.6261140562746188 1.7448378414694634 1.7445363071804787 1.6761795842681297 1.7447232252515963 1.6637794601259812 1.7083978675736458 1.6994395716864883 0.0033896814558053282
0.5749177723352661 1.0485767657718663 0.007243296255136338 0.07768525847269776 0.13535192661572912 0.00979618548493586 1.832685511257071 1.7397480389921494 1.7392336528894414 1.6862361550922436 1.795983787190931 1.7387499878598172 1.776978068951751 1.7494214443424378 1.803259385620894 1.818934054782938 1.7527103870341276 1.621108678578749 1.7394660314022066 1.7391646835594907 1.6710154430587998 1.7393515458316324 1.6586571900470817 1.7031371322406477 1.6942105215698062 0.003393523135289598
0.5765149281617662 1.0616450516220082 0.006668477187316098 0.07785351275133262 0.12082520660648874 0.00998576489112274 1.8276124270325511 1.7349199227706675 1.734394512918647 1.6815455939999633 1.7910030946986786 1.7339436889810207 1.7720710570387181 1.7445892042521793 1.7982783207099786 1.8139047900947618 1.7478626042793044 1.6166234193211586 1.7346516415717372 1.7343499183243025 1.6663875973628253 1.734534529946971 1.6540631934422465 1.6984190358710576 1.6895194658375672 0.003377941699371185
0.5842118061536862 1.0897206802672537 0.00927242126944669 0.07343403945446479 0.18569678604104764 0.009344943117351347 1.8035240429056447 1.7120399744280066 1.7115233269780021 1.6593960039877318 1.767433062857951 1.7111556160173924 1.748771641012798 1.7216354638950686 1.7746132673351938 1.7900143882961679 1.7248350598221303 1.5953191792388155 1.7117860083461574 1.7114837147237407 1.6444090265561984 1.7116610599974593 1.63224974206657 1.6760168010079792 1.6672451626411167 0.003446857785951969
0.5816425652631125 1.0873184743570516 0.008223959693738403 0.07504409510554531 0.16365627839860264 0.011023695581254392 1.8114954669918488 1.7196027125335174 1.7190712466332816 1.6667031105674748 1.7752175068053662 1.7186909810446747 1.7564799275459242 1.7292302178006949 1.7824464443009362 1.7979201838331396 1.732456006071459 1.6023700284988986 1.7193534291871064 1.7190511787655294 1.6516818640959352 1.7192307126885855 1.6394683132973165 1.683429542362405 1.674616552112516 0.0034329851225543945
0.5763799316901764 1.0601546251538168 0.008282608546336367 0.07627610818327839 0.1616849899102381 0.009495078827909334 1.8280402932908015 1.7353276018894361 1.7348037123655742 1.6819421626166726 1.7914238953373456 1.734348948525145 1.7724849162758214 1.7449968933686195 1.7986978285907722 1.81432889952976 1.7482712492173933 1.617001526123087 1.735057648535409 1.7347560843125536 1.666778428074864 1.7349411060710949 1.6544511215776647 1.6988177849138497 1.6899150289656808 0.0034204235708271513
0.5796448774045202 1.071600179256499 0.007828337110347292 0.07595506888639816 0.1490947976465773 0.009542123025206788 1.8177381465016185 1.7255427081344108 1.7250232792279612 1.6724705927556536 1.7813442919341045 1.724603642362628 1.762520721295478 1.735180381170763 1.7885771847236893 1.8041116443568688 1.7384229573490066 1.607890148620379 1.7252783367955618 1.7249764226989874 1.6573781704160035 1.7251581917620264 1.6451214870553332 1.689236163470893 1.680388845751133 0.003403651285896861
0.5753307463328111 1.0538913663919613 0.004908950719856425 0.07990537502541714 0.07873121551769746 0.011095356735444713 1.8313714373985353 1.7384946732503312 1.737974366488835 1.685014478896181 1.79468947782431 1.7375032876818395 1.7757076050658491 1.748170959048168 1.801970502321215 1.817632559697588 1.7514557197839786 1.6199476223592884 1.7382195291731333 1.7379179412683667 1.6698173805034722 1.738103565272697 1.6574667743105571 1.7019145200333043 1.6929950588741132 0.003361476240742808
0.5700099028067146 1.0114036334777858 0.007308835684885563 0.07891428512154278 0.13579410020792157 0.009148913364492008 1.8484626345992563 1.7547595491701664 1.7542763462796331 1.70081592087112 1.8114729227762973 1.7536972893987008 1.7922433217861768 1.7644553398193599 1.818752191272202 1.8345789375353463 1.7677893863156982 1.635059334981472 1.754440049590372 1.7541397414876978 1.6854109334149479 1.7543326755196869 1.6729448859202682 1.7178118263913544 1.7087991442068826 0.0034042606566472883
0.5800416954380423 1.081450664719981 0.005789059770640722 0.07786170056119163 0.09931810537247857 0.01054767039287768 1.8164992181644932 1.7243543248253004 1.7238223059880073 1.6713041856919393 1.7801142012856954 1.7234241691562595 1.7613222806537514 1.7340017158294452 1.7873627959141436 1.8028851568077624 1.737240367669712 1.6067954860255411 1.7241031730535763 1.7238009199456747 1.6562482107910057 1.7239814150926822 1.6439988383738968 1.6880831481848364 1.679242751321581 0.0033640898457210204
0.5788314879636038 1.066921209454656 0.006193277418699345 0.07779026288658503 0.1086115606877362 0.010188385074662533 1.8202934038772298 1.7279717667924004 1.7274545516956858 1.6748258365014437 1.7838486490212424 1.7270225496837734 1.7649932300651883 1.7376160189258494 1.7910874444001956 1.806646378042023 1.740865818567668 1.6101499056179416 1.7277037450101658 1.7274018334853074 1.659709506756776 1.7275841968951922 1.6474349766402852 1.6916122028684353 1.6827514694487749 0.003369733377965232
0.573996268946874 1.0400234806287159 0.006632063162421004 0.07855263144088895 0.11991474453363273 0.009850396847438837 1.8356282658188048 1.7425498158678905 1.7420439927690112 1.688960046191812 1.7988765194454888 1.7415389680085562 1.7798269987952908 1.7522275086067898 1.8061491286074753 1.8218533539016843 1.7555234438473872 1.623710901318644 1.7422591251930377 1.7419579854035505 1.6737014659082112 1.7421457858399185 1.661322208959038 1.7058749012857608 1.696931408384672 0.0033816196234738418
0.578672729365961 1.0556534764435146 0.008340293397908238 0.07572807835805079 0.1608996041568663 0.009091092968099247 1.8207862086418447 1.7284542154820772 1.7279541125935405 1.6753151596842926 1.784354038179229 1.7274992063830854 1.7654696369430507 1.7380823195435822 1.7915681342197334 1.8071317122132693 1.7413344630293548 1.6105843042137722 1.7281703221159324 1.7278687607486698 1.6601578667657095 1.7280524030808455 1.6478818545592622 1.6920708210211741 1.6832077708118645 0.003418960325119269
0.5734610329695681 1.0452758457468139 0.005612642379426842 0.07966740625753368 0.09600069379823616 0.010679858104220636 1.8373455197005668 1.744171403994582 1.7436527300826674 1.6905145772466406 1.8005400546488286 1.7431563973120179 1.7814867864060966 1.7538644049952645 1.8078385000535184 1.8235577922358055 1.757166493392042 1.6252309137635816 1.7438902301864836 1.7435889197084224 1.67526885536188 1.7437765998409094 1.6628771699668952 1.7074715194420496 1.698519218467788 0.0033669244301422433
0.5754389071336256 1.0577871831287498 0.005075520850426138 0.07970405335493709 0.08298911303697776 0.011037752069861151 1.8310311814310856 1.7381663257174313 1.7376407333246584 1.684689499743654 1.7943488370964025 1.7371775594443073 1.7753791669234107 1.7478488455583852 1.801637240038944 1.81729690786864 1.7511314906481026 1.6196471959045977 1.7378970653823431 1.737595408138006 1.6695079809105258 1.737780615855227 1.6571588066364433 1.7015987709483316 1.6926801576169042 0.003361469245609766
0.572781173209694 1.035587361828503 0.004929933096898336 0.08054914663210214 0.07922390154571152 0.011005774660008676 1.8395237024222066 1.7462498208064088 1.7457433299300262 1.6925430873398102 1.8026890754644684 1.7452246203758806 1.7835952147305731 1.7559398098886727 1.809976399015333 1.8257172411716602 1.7592477903776982 1.6271564528081308 1.745957137471195 1.745656017168791 1.6772559355672925 1.7458446637342406 1.664849529361435 1.7094972866620277 1.7005332306478327 0.003365043508513945
0.5771395371213888 1.0688006314825702 0.005557152165646906 0.07878870629996872 0.09662527738304362 0.0113651660338473 1.8256360678541972 1.7330353916366774 1.7325035480063247 1.6797121954586007 1.7890587106358609 1.7320690969097998 1.7701600534166422 1.7427082251617203 1.7963381926491933 1.8119467671390095 1.7459745714765524 1.6148761117795105 1.7327761668033388 1.7324742712100454 1.6645853957458137 1.7326577053994858 1.652273225541952 1.6965812097730852 1.687691530086721 0.0033693390517213723
0.5748141121192402 1.0496425571625954 0.005278168670537286 0.0796781726257946 0.0874448181662606 0.010820423007845435 1.8330190698097202 1.7400624522428987 1.739546100676619 1.6865375394103295 1.796307607630588 1.7390639071076262 1.7773026475183016 1.7497423523040723 1.8035883400558483 1.8192673061092681 1.7530307515103727 1.621404471037106 1.7397833404378422 1.7394818756938102 1.6713212498177183 1.7396681351888441 1.6589590338222917 1.7034476726216288 1.6945184733640564 0.0033632657162408056
0.5743207010126001 1.053093256258404 0.005739847289343441 0.07930824921192675 0.0988898487319682 0.010555402798278915 1.8345959065860984 1.7415537097233735 1.7410273419397828 1.687969589949468 1.797838138568033 1.7405506266299704 1.7788258840426487 1.751243759182772 1.8051386617497007 1.8208308703599214 1.7545384359588312 1.62279961512055 1.741280565043132 1.7409790676594517 1.6727598304585674 1.7411656802131876 1.6603870369153837 1.7049137866248032 1.6959767271554513 0.003366117497699356
0.5761759165439874 1.0602797255706342 0.004753744898521304 0.0798475332951039 0.07531034541644124 0.011279480565807307 1.8286878593168816 1.7359408598828614 1.7354162820357881 1.6825352631636257 1.792056255657201 1.734961007220282 1.7731127047385862 1.745615936593653 1.7993352270409293 1.814972874185929 1.7488914480177116 1.6175747954112538 1.7356727038533686 1.7353709394113315 1.6673696579778916 1.735555393361798 1.655036670918114 1.6994191809958843 1.6905133365393274 0.0033611341207051017
0.5766838294893337 1.0591651548846979 0.006229015725171592 0.07826570102842621 0.1100435801620834 0.01022526089946503 1.8270749221745364 1.7344130845556187 1.7338935929652406 1.681061919974019 1.7904844123401846 1.733437977434046 1.7715523628630194 1.7440778327036253 1.797749468486848 1.8133719312502439 1.7473485529996358 1.616147635853647 1.7341410775867536 1.7338393992607288 1.6658973842621048 1.7340238912203398 1.6535763280294615 1.697919405809014 1.6890222836818567 0.00337126009986866
0.5653796031328222 1.0070529440066616 0.0054425336637472016 0.0818659169246544 0.09132579254771654 0.010385203845114438 1.8636119005266314 1.769132852824194 1.76862505686687 1.7147075649454793 1.8262689412411564 1.7680168478619702 1.8068922828218457 1.7788895453763902 1.8336379685553497 1.8496046378260615 1.782273334565753 1.6484596340542486 1.7688221578280097 1.7685219644344445 1.6992342722634293 1.7687184369771125 1.6866634170191739 1.7318998977262843 1.7228070584399746 0.0033734103847700894
