0.8332752322862488 9.956220432698226 0.030748301503872505 0.0003046346921966418 0.12161395401790126 0.03873461659114332 1.2926574245649383 1.2012363749295922 1.206846618771957 1.2686937603713333 1.259897516397802 1.262859123511388 1.1989605536100467 1.2623849147560742 1.2329303374132679 1.220237018700114 1.1985710722371068 1.0527849288040028 1.1687401254019867 1.1305498426601064 1.154495028459816 1.1418290665634205 1.0688473005064174 1.1992306734588567 1.199548692286703 0.01945463697623228
0.7430255054634551 7.0912893757832425 0.041446077328678194 0.00033462342870681564 0.15644419862402084 0.010045389980115114 1.4493431811873567 1.3473316707541798 1.3512745053490527 1.4237086045999652 1.4132405975871074 1.4146788633774148 1.3460888822980053 1.415157486541535 1.3836969273861235 1.3684129131640146 1.3444301157303102 1.1803972947448684 1.310470878308563 1.2678658258813198 1.2952155900680629 1.280727053035689 1.1986155877690843 1.3453052749458871 1.3455938251582724 0.020802906393651593
0.7235349182322754 9.550201225458034 0.02418022640660465 0.02146205247886228 0.08475839844060003 0.01680086156073146 1.4890469420275811 1.3832307563487012 1.3883848708755218 1.4612126138164798 1.4507169672031484 1.4513063786951304 1.380790083906846 1.4539613155537374 1.4200900776047953 1.4055071397448324 1.3806835459239606 1.212770891549957 1.3464619488171097 1.302540007213123 1.330194235123045 1.315596960833023 1.2314104094026816 1.3816939025420434 1.3822015767906342 0.02166065980580148
0.7275518621586086 8.569954723411211 0.025282117381207156 0.01972625005810277 0.09078962850776574 0.014455907018865403 1.4808321052168278 1.3754209784821143 1.3807358313330864 1.4531744576436179 1.4427461111566857 1.4433233998423405 1.3731898355343313 1.4459510774800595 1.4122639879402266 1.3977575211408213 1.3730644427896324 1.2060750748573423 1.3390643131631448 1.2953517432400095 1.322845196341617 1.3083231194824694 1.2246133596398894 1.3740614065404797 1.3745715588683929 0.021524528946286405
0.7216693360184517 9.999999999999998 0.025098742961640327 0.02080211944523007 0.08985395166400151 0.014368957179494926 1.492901874044376 1.38680213182495 1.3919654759246463 1.464977270503272 1.454460691609611 1.455052760003234 1.3843572964751838 1.4577176780135002 1.42376146674234 1.409140460504412 1.3842556731573181 1.2159091618567754 1.3499433384875037 1.3059118351613712 1.333638802413953 1.3190048151346208 1.2345998195683061 1.3852736537055472 1.3857843240295526 0.021698235665455454
0.8116870063232724 9.538461604355172 0.029536841843501204 0.003906306918561383 0.11089778947125116 0.019406532791365606 1.32709158079301 1.2332517662997746 1.2380406671709698 1.3025144898039076 1.2935236635778646 1.2938380785710755 1.2309771405301362 1.2961081771243008 1.2658108805863746 1.2527412701775908 1.2306066610296669 1.0809055113141388 1.2000226844200559 1.160836519900993 1.1854342792321968 1.1723725633240005 1.0974094442512718 1.231271620887854 1.2317166795987036 0.01961385115023992
0.757855015877226 6.196126589894784 0.024487427178081885 0.01632914989236858 0.08562407602094761 0.018698100725410335 1.4215790269016113 1.3203559780704568 1.325578445063196 1.3950728944677713 1.3852367573570967 1.3857314012315975 1.3183912027482814 1.3882050222230589 1.3558295273702967 1.341878149276269 1.3181611696128808 1.1578357653806868 1.2855361287209253 1.2435189786609515 1.2698853168898083 1.255920986870977 1.1755944897045596 1.3190313343858786 1.3195251085917923 0.020840603907799456
0.7216693111750414 9.999999999999998 0.02509843520353618 0.02080243501746959 0.08985201671572064 0.014369381475299023 1.4929019249991817 1.386802179722222 1.3919655231419765 1.4649773216612618 1.4544607412618664 1.4550528099772098 1.3843573447985713 1.4577177287157694 1.423761515747802 1.409140508833171 1.3842557229749226 1.2159092058114283 1.349943378941146 1.3059118803899896 1.3336388490202753 1.319004860896073 1.2345998627186077 1.3852737016207042 1.3857843717011633 0.02169824056191886
0.7236162971063477 9.316165027232831 0.02617328837484773 0.019400980653034007 0.0966100379030716 0.012834923639729327 1.488883206730766 1.382958082014131 1.3882227730951278 1.4610592361869634 1.4505557229968218 1.4511470771417128 1.3806338750987892 1.4537961503872554 1.419931487328335 1.4053499365336475 1.380523336810222 1.2126290192345832 1.3463362138461585 1.3023947634160378 1.3300426535281757 1.3154464776523427 1.2312732945742606 1.381539982254303 1.3820523557598803 0.021626308650195467
0.7216693097973698 9.999999999999998 0.02509867508687439 0.020802194717426906 0.08985352589261544 0.014369049791722844 1.4929019281915337 1.3868021828116832 1.391965525404738 1.4649773253507379 1.4544607435548387 1.4550528127214142 1.3843573466801633 1.4577177310711182 1.423761518533531 1.409140511677343 1.3842557245564928 1.2159092072686422 1.3499433816282438 1.3059118826732823 1.3336388520888347 1.319004864971977 1.2345998643999114 1.385273704772918 1.3857843741837452 0.02169823787497843
1.0927523850231142 9.999945177881226 0.005347724380509461 0.0008623457516759877 0.00013728659869597306 0.1356876426060587 0.9854712074216706 0.9161761824603817 0.9200832338653858 0.9673486204322254 0.9612788376325961 0.9612735165819852 0.914653364448772 0.9629244589534525 0.9403077254056391 0.9305060066292942 0.9141129799251143 0.8028574655411406 0.8910048072717047 0.8620627836355773 0.8802800271094832 0.8705067239566343 0.8148293771266548 0.9141471445793373 0.9141764385000704 0.018742698756767498
0.7255584747723549 9.512450537080284 0.029803587699508936 0.015483422645552474 0.1196090647543382 0.00852819112593158 1.4848920156061673 1.3794007113510707 1.3845342059312813 1.4571322906724773 1.4466875661220706 1.4472636838136503 1.3769436295315194 1.4499045573626053 1.416125723642769 1.401579337982181 1.3768250975235976 1.209380744610338 1.3427046670381348 1.2989005076869113 1.3264773997548374 1.3119213129328635 1.2279721012506333 1.3778364420053568 1.378350974381725 0.021559287918956196
0.7216706288913254 9.995977830005415 0.026103507434062083 0.019788273691003427 0.09591024603588474 0.012679920549362324 1.4928996897142404 1.3868001301888655 1.3919633277214392 1.4649748865299896 1.4544581794384879 1.4550499836638848 1.38435418296297 1.4577142445961497 1.4237581306744074 1.4091371629344536 1.384251880966365 1.2159058858172398 1.3499417908276123 1.3059091290229048 1.3336362082619628 1.3190026636876624 1.2345978793781662 1.3852718858903263 1.3857841948569425 0.021686012173660084
0.7216693142908936 9.999999999999998 0.025098567696864173 0.020802301429264276 0.08985285018582011 0.014369198482613983 1.4929019187431907 1.3868021738800052 1.3919655171199645 1.4649773155663222 1.454460734859379 1.4550528037033847 1.3843573384691106 1.457717722202318 1.4237615096366987 1.409140502834039 1.3842557163166502 1.2159091999723262 1.3499433739036388 1.3059118746395837 1.3336388433845163 1.3190048557570486 1.234599857042021 1.3852736958170957 1.3857843656604285 0.021698238905990073
0.7216693397583729 9.999999999999998 0.02509878729595205 0.02080207354724985 0.08985423031632825 0.014368895888335238 1.492901866370351 1.386802124549434 1.3919654688811587 1.4649772626838233 1.4544606842004315 1.4550527524735823 1.3843572892246427 1.4577176703705939 1.4237614593484367 1.409140453218729 1.384255665603234 1.2159091551512433 1.3499433329045458 1.3059118283535518 1.333638795284391 1.3190048080413541 1.234599813098489 1.3852736464102633 1.385784316877874 0.021698234873436296
0.80156568555346 3.3666661996589893 0.01581021458502317 0.019789478447689753 0.03556974405320793 0.04335422356553903 1.3438578391959155 1.2492738701415336 1.253779151826389 1.318962926283846 1.3097845114828226 1.3101348434057145 1.246483524595461 1.312441948760403 1.28178731102379 1.2685650028460407 1.2461579811605434 1.094574209638705 1.2151894508819734 1.1755251366518198 1.2004395300753097 1.1872211861384325 1.1112878950736897 1.2468589869035647 1.2472890598732318 0.020841695497930406
0.7218218216567633 9.986660859100235 0.02504269601073909 0.020835168595249216 0.08951808378632034 0.014459156249760277 1.4925867433308915 1.3865064177662416 1.3916707208213766 1.4646748554293065 1.4541521590335176 1.4547463521293527 1.3840636712977492 1.4574090156742978 1.4234608275643876 1.4088435612975894 1.3839616321421808 1.2156507925436355 1.3496685520498308 1.3056364389060036 1.3333557962213107 1.3187239834236537 1.2343395443222251 1.3849804812140547 1.3854916751040263 0.02169451660415632
0.7216693178398481 9.999999999999998 0.02509869768573449 0.020802169638158896 0.0898536675428891 0.014369018760479165 1.4929019115862867 1.3868021670813153 1.391965510339509 1.4649773082837052 1.4544607277357184 1.4550527965557867 1.3843573313121271 1.4577177147905775 1.4237615026399595 1.4091404959798104 1.384255708716006 1.215909193235249 1.3499433691550446 1.3059118681052078 1.3336388367283172 1.3190048494510254 1.2345998506711 1.3852736890305195 1.3857843588323584 0.021698237132800894
0.8023121669132569 9.995545316618454 0.019609944592928624 0.015325528799580115 0.057855062923223066 0.0329102847907683 1.3426603754101587 1.2476943047710791 1.2525012458888785 1.3177885405544036 1.308654650978116 1.3089935047863286 1.2453931329153443 1.3112907165200651 1.2806667410297286 1.2674562941331924 1.2450648839970064 1.0936036448904418 1.214081336114621 1.1744827854740614 1.1993671450063756 1.1861607836949286 1.110304035492381 1.2457506784587564 1.24618927718837 0.02005287082175183
0.7369975458723802 8.222694272538343 0.026026630113717867 0.017614764497009466 0.09488552499262753 0.014117013081028825 1.4617961330207232 1.3577682472534596 1.363075818611887 1.4344977387394853 1.424291958302735 1.4248226972944065 1.3555965147792464 1.4274061042115782 1.3941347994999713 1.379802521392007 1.3554334374253942 1.1905842228853167 1.321826558024999 1.2786978315670323 1.3058349796180875 1.2914947244609762 1.2088637670238476 1.356382805136683 1.356889115486696 0.021260488366527382
0.7216693165012157 9.999999999999998 0.02509870360067235 0.020802164873026437 0.08985370476711729 0.014369010357091507 1.4929019143626507 1.3868021700191455 1.391965512519434 1.4649773118376048 1.4544607300294705 1.4550527992288422 1.3843573336591821 1.4577177173956404 1.4237615052815322 1.4091404986252916 1.3842557112794471 1.215909195562942 1.34994337098999 1.305911870538671 1.33363883942898 1.319004852309909 1.2345998529049134 1.3852736917636637 1.3857843613450787 0.021698237293801236
0.7221308355038331 9.930600941768757 0.02506035557165854 0.020764046477111865 0.08961551695422866 0.014436444759390531 1.4919468303445838 1.3858976151105686 1.3910778240851973 1.4640468059259037 1.4535327158142461 1.4541247672048156 1.3834729385566005 1.456786177465095 1.4228515742721444 1.4082398604012845 1.3833697678944492 1.2151307374417262 1.3490841746812479 1.3050763060579427 1.332784593577218 1.3181593949444237 1.2338095743807422 1.384386382172578 1.3848969353069827 0.021683927776011806
0.7216693114335564 9.999999999999996 0.025098938207759946 0.0208019295718138 0.08985518056350246 0.014368685849041987 1.4929019251821223 1.3868021800692556 1.3919655219620364 1.4649773226840588 1.45446073984138 1.4550528093954112 1.3843573426901437 1.4577177272600648 1.423761515363916 1.4091405086367466 1.3842557200911412 1.2159092033639127 1.3499433797185427 1.305911879462137 1.3336388493910258 1.3190048632669689 1.234599860882211 1.3852737020300965 1.3857843708905875 0.021698234614213628
0.7216693347213688 9.999999999999998 0.025098791973022026 0.020802070759720837 0.08985426006202772 0.014368889274664882 1.4929018767975102 1.3868021344941406 1.3919654782454185 1.4649772735034299 1.4544606940538636 1.4550527626030456 1.3843572987823003 1.4577176805371985 1.4237614693256613 1.4091404630719473 1.384255675478049 1.215909163935974 1.3499433404546832 1.3059118374666128 1.3336388050275914 1.3190048180125797 1.234599821628798 1.385273656359732 1.3857843264650562 0.02169823519947917
0.7216693340138594 9.999999999999998 0.02509877709074781 0.0208020860581342 0.0898541666153816 0.014368909936820216 1.492901878239581 1.3868021358670515 1.3919654795716225 1.464977274984884 1.4544606954458115 1.4550527640254796 1.384357300170276 1.457717681993127 1.4237614707219395 1.4091404644494072 1.3842556769450691 1.2159091652443017 1.3499433415599322 1.3059118387634832 1.333638806374287 1.3190048193330406 1.2345998228739958 1.3852736577378393 1.38578432782215 0.02169823544378886
0.9333873885473782 9.582333688122132 0.01077952413187079 0.009977239089359753 0.008095598948538832 0.06246887145727771 1.153960242830045 1.0726750310632596 1.0770251315540436 1.1327421668848054 1.1252493479203625 1.1253746095250345 1.0707330345363895 1.1272984274371052 1.1008836266327853 1.0894600449292944 1.0702328986392922 0.9400098332535535 1.043424730820402 1.0094266655593624 1.0307834005332834 1.0193836215153829 0.9541942013162923 1.0705472172696897 1.070792217182927 0.019072292313615815
0.7216693189604245 9.999999999999996 0.02509870234883952 0.020802166480498346 0.08985369671719731 0.014369012305133858 1.492901909272026 1.3868021655361191 1.3919655075746615 1.4649773073408126 1.4544607248763437 1.455052794279545 1.3843573288413564 1.4577177124036662 1.4237615004479054 1.4091404938416876 1.384255706689219 1.2159091915721334 1.3499433652476078 1.3059118660929387 1.3336388351135249 1.3190048482467125 1.234599848654925 1.3852736871906421 1.3857843565654382 0.02169823737784501
0.7828098345307323 4.987186545537758 0.016432975132625014 0.021392349702420963 0.038406519383276175 0.037169990860163996 1.3761516627547117 1.2789979561410532 1.2836347293222792 1.3506183901396063 1.341147380182775 1.341551579074614 1.276369134512003 1.343929373024548 1.3125595475181955 1.2990325970973657 1.2760872672065944 1.1208699364552501 1.2443916787997042 1.2037808054724566 1.2293038303747763 1.2157780563954967 1.138008740002682 1.2768518361989232 1.2772953222354588 0.020695809356337313
0.7216693266638217 9.999999999999998 0.02509874282917425 0.02080212255840945 0.08985395113410219 0.014368956712014994 1.4929018933954905 1.386802150134344 1.3919654934337848 1.4649772903814515 1.4544607099806932 1.4550527788054164 1.3843573142523606 1.4577176968538574 1.4237614852280958 1.4091404787897737 1.3842556913568829 1.2159091779483127 1.3499433541132604 1.3059118521052173 1.3336388201993845 1.3190048330883053 1.234599835500838 1.3852736719882437 1.3857843419085654 0.021698236255907333
0.7216693298064504 9.999999999999998 0.025098764428532504 0.020802099329886758 0.08985408691854817 0.014368926978082154 1.492901886925905 1.3868021438809803 1.391965487690815 1.4649772833854353 1.4544607039471142 1.4550527724894933 1.3843573082619776 1.4577176905088272 1.4237614790132362 1.4091404726489507 1.384255685082748 1.2159091723511126 1.3499433495986306 1.3059118463897044 1.3336388141199738 1.3190048269282864 1.234599830114987 1.3852736657867855 1.3857843359203075 0.021698235699984803
1.082138073974762 9.9906444010963 0.006500922099257429 0.001258058389348009 0.0015743049495209706 0.11927871751650271 0.9951391537562925 0.92517851288827 0.9290977160233105 0.9768676973107935 0.9706936940246942 0.9706998616936555 0.9236131341832519 0.9723609524554276 0.9495274711420054 0.9396341903716632 0.9230745464740306 0.8107311652722288 0.8997671777980307 0.8705260356094218 0.8889237858457001 0.8790584685753047 0.8228364848072423 0.9231349972372573 0.9231887044867322 0.01876937530665296
0.7948214676032069 5.45835298369456 0.015217290147206651 0.021012303789633917 0.03224637605090731 0.041300428372630274 1.3553422596790508 1.2596461447389335 1.264293604424237 1.330229519751638 1.3209462268335197 1.3213192479660534 1.2571202357366837 1.3236481540522387 1.2927398241570927 1.2794081053960977 1.2568087473283116 1.1039308500578668 1.2255765770279226 1.1855779199896996 1.2107089417952372 1.1973810271865595 1.1207924831404033 1.2575281304431154 1.2579563904473903 0.020487133964047784
0.7216693161605081 9.999999999999998 0.025098657304104335 0.0208022110963533 0.08985341367600866 0.014369074632912093 1.4929019150027603 1.386802170437593 1.3919655133940558 1.464977312021546 1.4544607309637099 1.455052799933683 1.3843573346053704 1.4577177182791419 1.4237615059752367 1.4091404992408865 1.38425571230082 1.2159091964431241 1.3499433706319477 1.3059118711741329 1.3336388400627452 1.3190048528179694 1.2345998535984455 1.3852736923714601 1.385784362016008 0.021698237788603376
1.0291449708405804 5.75399892830511 0.010475431682782579 0.0013928155549196642 0.00900119360662785 0.0895559405926731 1.046484356973467 0.9729042965976429 0.9769472107926279 1.0272477690747233 1.0206757426947086 1.0207085524842339 0.9711842997847361 1.0224521551719463 0.9984562816938143 0.9880646742367314 0.9706441314777114 0.8525212350750434 0.9462000128578719 0.9154195625287164 0.9347690294947231 0.9244036002394692 0.865290033539931 0.9707687196807707 0.9708794406005679 0.01879898423862734
0.7216693226749213 9.999999999999998 0.025098590026640694 0.02080227618431211 0.08985299011155787 0.01436916792103573 1.4929019014289668 1.3868021574984875 1.391965501348018 1.4649772978758304 1.4544607183219265 1.4550527868408942 1.384357322403436 1.4577177052233707 1.423761493050885 1.409140486463105 1.3842556997708573 1.2159091853194337 1.3499433608488098 1.3059118594417785 1.3336388273356214 1.31900483956946 1.2345998427385905 1.3852736793869875 1.3857843496537288 0.02169823808188112
0.7461724657011741 6.807725024131064 0.025321852005857765 0.017069399870726327 0.09064024117389582 0.016236012273302312 1.4438785368163853 1.3410640343382292 1.3463442591570114 1.4169680855606057 1.4068820970379123 1.4074070829254304 1.3390100481705611 1.4099334031786648 1.377066401536028 1.3629077249909045 1.3388165007675836 1.1759839120464466 1.3057098722335752 1.263025523515447 1.289810890594365 1.2756341945346719 1.1940439907915665 1.3397395458592836 1.3402440031763037 0.021067871778228883
0.7221785698729394 9.928669769177873 0.0249263938059415 0.020892686038072376 0.0888349556989998 0.01464198879547085 1.4918358850550222 1.3857943153927834 1.3909708633494393 1.463948830467373 1.453420941840359 1.4540170506428953 1.3833681161031923 1.4566769805502444 1.422745831492339 1.4081356217681842 1.3832672627898062 1.2150412892664921 1.3489793642852728 1.3049795225504088 1.3326872140085324 1.3180643628740067 1.2337175588394076 1.384284611923549 1.38479335890127 0.021685113262667297
0.7216693417201029 9.999999999999998 0.025098783134175125 0.02080207749584556 0.08985420422560414 0.014368901977963531 1.492901862305072 1.3868021208093628 1.391965465097218 1.4649772586900152 1.454460680259574 1.4550527485316882 1.3843572854644108 1.4577176664228662 1.423761455481828 1.4091404493868522 1.3842556618924473 1.2159091519019871 1.3499433290428817 1.3059118248043944 1.333638791693008 1.3190048045000802 1.2345998097442261 1.385273642660383 1.3857843131004073 0.021698234877763994
0.9978120523015941 9.99999905239208 0.011350891694052078 0.0037105836880813054 0.011798864539072515 0.07897921897414824 1.07941099471127 1.0034763019503465 1.0076158939961968 1.0596127052034126 1.0527230639760607 1.0527918544439618 1.0016858664241528 1.0545795182569933 1.0298451455201796 1.0191395042245166 1.0011489393153659 0.8793151002599453 0.9760560178480007 0.9442239992932053 0.9641769185093689 0.9534878526932694 0.8925328107010204 1.0013377636300738 1.0014983136802704 0.018720718482392516
0.7216693365417465 9.999999999999998 0.02509873638167563 0.020802125597894013 0.08985391011938641 0.014368966181743197 1.4929018729522165 1.3868021307495706 1.3919654749991097 1.4649772693150511 1.4544606906239042 1.4550527589483548 1.3843572955164463 1.4577176769612474 1.4237614656945823 1.409140459470152 1.3842556721169266 1.2159091609089163 1.349943337972527 1.305911834218049 1.3336388013311742 1.3190048139695536 1.2345998187082683 1.3852736526159912 1.385784323047539 0.021698235651449373
0.7340889441879185 8.925594655519204 0.020663464099795432 0.02350751490063466 0.06348211835483421 0.02360195194060207 1.4676103227234363 1.363425094415682 1.3685031892977582 1.4402119947196095 1.4299253416475197 1.4304734679092679 1.3609718805943105 1.4330744461609841 1.3996768547466956 1.385291879349522 1.3608282088044463 1.1953248139820742 1.3270775320377315 1.2837889817773431 1.3110376504680916 1.2966423996484029 1.2136754208136904 1.3617848623791273 1.362278617477819 0.02145649812993962
0.7792396082205882 9.669535225272117 0.024799068683587673 0.01299419997401513 0.09040089595583117 0.027058202302737755 1.382488481902425 1.2845959503105404 1.2894918555535415 1.3568309154552778 1.3473113580724099 1.3477170455510128 1.2822288819216288 1.350102100718877 1.3185890029626284 1.3049984689623526 1.2819415829559067 1.1260105366634459 1.2501235884079838 1.2093097288922776 1.2349509208519986 1.221367326504725 1.143243001541052 1.2827287808798984 1.283199930241963 0.02033589568626113
0.9025088747251503 6.418554769447633 0.019943590989805138 0.003774262452588076 0.05680974952431833 0.0478512323906087 1.1934608328221255 1.1093627616079806 1.1137821648520316 1.1714605952617232 1.1636585799731918 1.1638146237158424 1.1073020584445172 1.1658132002118848 1.138510125732453 1.1267069449846272 1.106819700270417 0.9721519381022729 1.079132191452924 1.043962088625534 1.0660578917118777 1.05427920524659 0.9868589589602913 1.1072069775531133 1.1075205670231858 0.01898480052297066
0.7234502298389681 9.73396205506332 0.02945976072903144 0.016140493471761143 0.11701340337995075 0.008181354270619712 1.489224213873942 1.3834044030006483 1.3885531931372268 1.461375084915256 1.450890851532239 1.4514752446854362 1.3809509180504371 1.4541275080530456 1.42025289610474 1.4056664287997689 1.3808403284994508 1.2129086487797496 1.346620831629553 1.3026914228517865 1.3303497361238272 1.3157523918754723 1.2315566578322348 1.3818598096180972 1.3823753304711495 0.02161966718304766
0.72166934123885 9.999999999999998 0.025098800405154983 0.02080206040694213 0.08985431292280446 0.014368878033644608 1.4929018633267115 1.386802121792754 1.3919654659579828 1.4649772598164932 1.4544606811776226 1.4550527494981456 1.3843572863280145 1.457717667345692 1.4237614564363672 1.4091404503426996 1.3842556627370008 1.2159091526430987 1.3499433299249504 1.3059118256646918 1.3336387926447812 1.3190048055406267 1.2345998105128393 1.3852736436350477 1.3857843140078716 0.02169823472606799
0.741033683501183 9.750178905422468 0.04010498376614394 0.0028646568841726693 0.17241107855862206 0.011424858828991078 1.4538548590947977 1.3506722255939143 1.3557386189852472 1.4267356674979172 1.4165699504863287 1.4170853802308736 1.3482226839164073 1.4196345006236184 1.3865432684914976 1.3722872379613984 1.3480438806240111 1.184091574947405 1.314644311268089 1.2717344521154463 1.298725734076494 1.284463355453268 1.2022867682638072 1.349010524155407 1.349522640420477 0.02108844457431806
1.0661961574463674 9.995687112743562 0.004164042951890417 0.005648305523557933 0.0009700617439323749 0.14434429105198995 1.0101168307409591 0.9391138916067705 0.9430651771697237 0.9916080732867583 0.9852866990070834 0.9853137482999832 0.9375047459291045 0.9869945929265649 0.9638292345798068 0.9537961480159689 0.9369655014674519 0.8229331803804624 0.9134367881898977 0.883656065672131 0.9023164177298149 0.8922961872362963 0.8352587130100004 0.9370621137824494 0.9371554911936145 0.019086744328534425
0.7216693441639956 9.999999999999998 0.025098807605373964 0.020802052418006953 0.08985435793864224 0.014368868060909631 1.4929018572850508 1.3868021161249593 1.3919654604251102 1.464977253736031 1.4544606753482936 1.4550527436185752 1.384357280724324 1.4577176614664302 1.423761450669843 1.4091404446332294 1.3842556570409086 1.2159091476263904 1.3499433248351207 1.3059118203624178 1.3336387871331783 1.3190048000287737 1.2345998055071261 1.3852736379586603 1.385784308405343 0.02169823449138097
0.7216693172546057 9.999999999999998 0.02509869611089858 0.020802172456888274 0.08985365759864429 0.014369020726298476 1.492901912792833 1.3868021685252734 1.39196551111311 1.4649773102195698 1.45446072858885 1.4550527977244299 1.3843573322721545 1.4577177159285553 1.4237615038079714 1.409140497149579 1.3842557099396304 1.2159091943817684 1.3499433691460394 1.3059118691822995 1.3336388380774473 1.3190048510053531 1.2345998516322059 1.3852736903360825 1.3857843599006663 0.02169823739495013
0.7217137223727264 9.999998916202738 0.025542178137033425 0.020346142468544662 0.09262225081982982 0.013747538968509323 1.4928101920503773 1.3867172817011193 1.3918803534526136 1.46488740400479 1.4543715293523447 1.454963317464946 1.384271936598482 1.457627673072825 1.4236735209578923 1.4090533837950006 1.3841698508873372 1.215833777426486 1.3498606755907985 1.3058312390981388 1.3335565591162046 1.318923652077706 1.2345238585658074 1.3851886230851644 1.385700062810672 0.02169109713026193
0.7217094333632594 9.99712550930493 0.025052171054768955 0.02084247381612432 0.08957017017511057 0.014438038814430393 1.4928181910397857 1.3867233781503185 1.3918869523333461 1.4648976568336183 1.4543785421729911 1.4549714149418387 1.384279355648763 1.4576357930476869 1.4236816598039665 1.4090616001053615 1.3841780528387606 1.2158410546882463 1.3498681054338197 1.3058387373093077 1.333564114696746 1.3189309440469406 1.2345306096529136 1.3851960179160066 1.3857065332341711 0.021697639561623388
0.7216693333643426 9.999999999999998 0.02509871766542165 0.02080214609973843 0.08985379258697508 0.014368991898743038 1.492901879498851 1.3868021371349715 1.3919654807714197 1.4649772763976863 1.4544606967532712 1.4550527653357177 1.3843573015567252 1.4577176834119145 1.4237614719977603 1.4091404656845268 1.3842556785465652 1.2159091666499529 1.3499433419656441 1.305911839989374 1.333638807601947 1.3190048203920421 1.2345998241235074 1.3852736589520664 1.385784329074242 0.0216982362110392
0.7216693240602232 9.999999999999998 0.025098745319664224 0.020802120294947813 0.08985396673778369 0.014368952858931753 1.4929018987854354 1.3868021550933274 1.3919654985099537 1.4649772954816336 1.4544607152787907 1.4550527840418386 1.3843573192511032 1.4577177021102996 1.4237614903552205 1.4091404838676762 1.3842556963509394 1.2159091823289847 1.3499433590986536 1.3059118568122465 1.333638824995639 1.319004837823029 1.2345998399555558 1.3852736769722338 1.3857843469159739 0.02169823627387609
1.0438253574657397 9.999999999239295 0.010787734750426596 0.00026768362219619285 0.006983854964797839 0.07564612335028255 1.0317781183752548 0.9592177761581147 0.9632431152511037 1.012825764283787 1.0063628398488877 1.0063884742022855 0.95756329359164 1.0081069086189882 0.9844446319418141 0.9741965613227037 0.9570229860897806 0.8405585165090171 0.9329146335789664 0.9025673569989252 0.9216421277843774 0.9114188960897591 0.8531373393001489 0.9571281517657715 0.9572175806940636 0.018654365651874623
0.7216693427525566 9.999999999999998 0.025098801809790287 0.020802058534135092 0.08985432163230393 0.014368876145000313 1.4929018601969757 1.3868021188125168 1.391965463117527 1.4649772566230528 1.4544606781792349 1.4550527464581506 1.3843572834574331 1.457717664310072 1.42376145345654 1.4091404473861646 1.3842556597913072 1.2159091500556012 1.349943327283441 1.3059118229214635 1.3336387897847906 1.3190048026510393 1.234599807929959 1.3852736406882595 1.385784311112987 0.021698234618139668
1.043946256938521 9.879262097764169 0.009349450239533074 0.001380714597859301 0.011774449197687671 0.10631681175352761 1.0316687019351203 0.9591205027132661 0.9631396643658143 1.0127333652383337 1.0062568608043374 1.0062868438074397 0.9574576576547968 1.0080008798660103 0.9843418829139624 0.9740952554709241 0.9569133203724449 0.8404551386759692 0.9328411133075516 0.9024664741805737 0.9215350067318449 0.9113100712897371 0.8530402612586663 0.9570225606286876 0.9571253679615797 0.018698748295995157
0.9987441175009384 9.973883743978512 0.012992085335354507 0.001374492619754023 0.017318831777107246 0.06981226898264496 1.0784005477952714 1.0025065876742594 1.0066760741479828 1.0585728403181345 1.0517324850788665 1.0517849374037391 1.0007377521601923 1.053577827926193 1.0288610740275488 1.0181622304866975 1.000201132718955 0.8784819331007129 0.9750618527246213 0.9433315507666766 0.9632578833356488 0.9525828240143673 0.8916651908008214 1.000375530890632 1.0005323515080706 0.01858191597733795
0.7216693434615432 9.999999999999998 0.025098809804685887 0.020802050293902224 0.08985437185405214 0.014368865099334986 1.4929018587406693 1.3868021174317928 1.3919654617844763 1.4649772550853462 1.4544606767713018 1.4550527450321549 1.3843572820881977 1.4577176628659698 1.4237614520528241 1.4091404460053387 1.3842556583771477 1.2159091488162053 1.3499433261649116 1.305911821630453 1.333638788434543 1.3190048013169573 1.2345998067055997 1.3852736393119192 1.3857843097580431 0.02169823448218525
0.7216693167982482 9.999999999999998 0.02509867613196142 0.02080219276843197 0.08985353203313245 0.014369048410128635 1.4929019137077182 1.386802169434037 1.391965511956931 1.46497731125332 1.4544607294362712 1.4550527986406252 1.3843573331838606 1.4577177168821285 1.4237615047058878 1.4091404980312634 1.3842557109577815 1.2159091952995746 1.349943369630824 1.3059118700259156 1.3336388389570841 1.3190048518460238 1.234599852455113 1.3852736912253245 1.3857843607702038 0.021698237678875985
0.7216693380606973 9.999999999999998 0.02509874085829398 0.02080212087861913 0.08985393828074467 0.014368960059602988 1.4929018698159942 1.3868021278565494 1.3919654720649715 1.464977266241469 1.4544606875672235 1.455052755891933 1.384357292599096 1.4577176738896054 1.423761462706969 1.4091404565086258 1.3842556692000607 1.2159091583414783 1.3499433350192818 1.3059118314645646 1.333638798538515 1.3190048112306259 1.2345998160979643 1.3852736497154676 1.3857843201255835 0.021698235556539772
0.8138501031801537 9.986352896478815 0.017460304628018723 0.015386721658235347 0.04545345862150859 0.037912368256401194 1.3251013823996756 1.2295201101272157 1.234374632100501 1.2977463781889633 1.2906301022165252 1.2894475453295904 1.2267900123025457 1.2922654441676849 1.2620012203560524 1.249577546864322 1.2271513889677939 1.077640466435362 1.2035808143737203 1.1577257901906897 1.1817251778914653 1.169867716812137 1.0939659299662505 1.2268890178381315 1.227781386533304 0.019848251483520703
0.8456367856327818 9.975500597581204 0.006738237698102311 0.023047269401191 0.0009756696789097608 0.08158077685165221 1.2737982982480511 1.1838658855529887 1.1885098280989226 1.2503083517216134 1.2417574173707016 1.2420195687257962 1.181681708411469 1.2441718603784924 1.2150781588007116 1.2025152397910523 1.1812758398338548 1.0375676338167328 1.1518482081358115 1.1142650004469066 1.137865352535497 1.1253165945946357 1.053345708521463 1.1818292780027961 1.1821961084911483 0.020071547648436456
1.143735212963559 9.999899020550078 0.0033220470361619045 1.8012445276917402e-05 1.8088461763091257e-06 0.1600114716179501 0.9414911690863363 0.8753199266115296 0.8790899992325835 0.9241883022316928 0.9184534431780629 0.9184302962799352 0.8739033736820225 0.9200166708705956 0.8983998936335003 0.8890284265154382 0.8733783498550017 0.7670801736559469 0.8512270013017583 0.8236262675313584 0.8410346710463448 0.8316955316519008 0.7784889933151417 0.8733736180882782 0.8733603527322042 0.019002139204915273
0.7216693358683564 9.999999999999998 0.025098791568656093 0.02080207067442104 0.08985425754702944 0.01436888995617455 1.492901874423763 1.386802132176392 1.3919654761533728 1.4649772709034963 1.4544606918527563 1.455052760298308 1.3843572966075484 1.4577176782040486 1.4237614670472531 1.409140460828988 1.3842556731817204 1.2159091618595819 1.3499433392913307 1.3059118353974644 1.3336388027380157 1.319004815592915 1.2345998197040373 1.3852736540519994 1.385784324302885 0.02169823510440048
0.7216693338632163 9.999999999999998 0.025098758625299825 0.02080210450153961 0.08985405029377695 0.014368935375267084 1.4929018785247512 1.3868021361088338 1.3919654799245482 1.4649772751550425 1.4544606958162298 1.4550527643332691 1.384357300536945 1.4577176823471334 1.4237614710151714 1.4091404647242685 1.3842556773527823 1.2159091655757588 1.3499433416755209 1.3059118390468187 1.3336388066237979 1.3190048194962627 1.2345998231804722 1.3852736579894402 1.3857843281237432 0.02169823563982053
0.9563775492119909 9.982254525577389 0.018251729060919365 0.00025532813956351773 0.04633102033719705 0.05141230247222432 1.1261732412002172 1.0468709595570709 1.0511525064032468 1.1054702274897827 1.0982265850231527 1.0983205422534288 1.0449947232146286 1.1001855681658417 1.074396772376602 1.0632385815699017 1.044478801123736 0.9173951306725353 1.0182774639933458 0.9851019244179464 1.005949261960338 0.994818409465795 0.9312000254446439 1.044734312560694 1.0449758063506054 0.018647417757383454
1.016911770382138 9.997090204817331 0.011353485281391748 0.00204200626196677 0.014970343255671445 0.08394135883855539 1.0590666353662166 0.9845620590440854 0.9886643638154384 1.0396135304359189 1.0329247098391445 1.032970477577889 0.9828439817616071 1.0347340089999657 1.0104557357798578 0.9999428497509263 0.9823113106471658 0.8627699421610687 0.9575843552865343 0.9264343877675689 0.9460218193497302 0.9355379619713468 0.875707086896985 0.9824660425102413 0.9826076626362699 0.018696462184060954
0.7216693330886167 9.999999999999998 0.025098766856320467 0.020802096989371414 0.08985410201594612 0.014368923847755805 1.4929018801389862 1.386802137797306 1.391965481187701 1.464977277161557 1.4544606971554666 1.4550527658852728 1.3843573019352473 1.4577176838866504 1.4237614725706 1.4091404662562823 1.3842556789264298 1.2159091670162696 1.3499433419780302 1.305911840443141 1.3336388083185335 1.3190048213662509 1.2345998244377456 1.3852736596444486 1.3857843295528447 0.0216982356944079
0.7216693433642543 9.999999999999998 0.025098792755783767 0.02080206745692789 0.08985426452867887 0.014368888600483647 1.492901858918456 1.386802117628522 1.3919654619691009 1.4649772553298894 1.454460676972882 1.4550527452246091 1.384357282317527 1.4577176630887858 1.4237614522469901 1.4091404461859125 1.3842556586485746 1.2159091490372944 1.3499433262059461 1.305911821821288 1.333638788598345 1.319004801432839 1.2345998069129982 1.3852736394811118 1.3857843099472462 0.021698234689653272
0.7216693235638125 9.999999999999998 0.025098557545857107 0.020802308502319233 0.089852785586391 0.014369212828106792 1.4929018995458327 1.386802155747962 1.3919654996693238 1.4649772960083784 1.4544607165779995 1.4550527850531412 1.3843573207964852 1.4577177034632498 1.4237614912809213 1.40914048470632 1.3842556981866034 1.215909183945105 1.3499433591398589 1.3059118578569826 1.333638825618917 1.3190048377172412 1.2345998413080859 1.385273677607061 1.3857843479646954 0.021698238401555048
1.050145084914033 9.867635508914978 0.007283478487734283 0.002594210680110544 0.004292648390475761 0.11339260826507953 1.0254553382777676 0.9533283197659768 0.9573468296257566 1.0066037393359069 1.0002080865133005 1.0002271881239408 0.9517034292782859 1.0019396167990577 0.9784185884219159 0.9682301489904259 0.951163517417471 0.8354059726205432 0.9271787990259859 0.8970325033606898 0.9159925883768416 0.9058314352498367 0.8479014583821987 0.9512592229410681 0.9513477120392559 0.018730379843819398
0.7216693359092101 9.999999999999998 0.025098791399469945 0.020802070544709467 0.08985425641407278 0.014368890130481487 1.4929018743382747 1.3868021319991826 1.3919654761779745 1.4649772706584594 1.4544606918463183 1.4550527602181305 1.3843572965779818 1.4577176781534402 1.4237614669622363 1.4091404607395281 1.3842556730782969 1.2159091617609084 1.3499433393837486 1.305911835318963 1.3336388025980646 1.319004815410309 1.2345998196480918 1.3852736539260022 1.3857843242410854 0.021698235047660514
0.7216693397298982 9.999999999999998 0.02509881057172734 0.02080205006458076 0.089854376770893 0.014368863695986361 1.4929018664623068 1.3868021245816957 1.3919654689508272 1.4649772626698607 1.4544606842866965 1.455052752533168 1.384357289210349 1.4577176703896473 1.4237614594023111 1.4091404532874274 1.3842556655141338 1.2159091550776613 1.3499433333928956 1.3059118283870692 1.3336387953145354 1.319004808128225 1.2345998130942604 1.3852736464664521 1.3857843169332038 0.021698234579019312
1.0437501856709293 9.569083900435604 0.00919128924349792 0.0023784774098965776 0.014771482354780178 0.11341712628194786 1.031907483445008 0.9593624635082127 0.9633668672373733 1.0129983390878967 1.0064940465539942 1.006532160527198 0.9576859043691954 1.0082452742765171 0.9845842332737936 0.9743375275107419 0.9571498619042823 0.8406648363912492 0.9330717334054521 0.9026958633124711 0.9217745021441037 0.9115526784259077 0.8532631199116821 0.9572793217626082 0.9574000529297731 0.018859663283997342
0.7216693394442463 9.999999999999998 0.025098796620130724 0.020802064492629044 0.08985428912876191 0.014368883112512531 1.4929018670335044 1.38680212521309 1.3919654694107029 1.4649772634170521 1.4544606847799866 1.4550527531100985 1.3843572897822078 1.4577176710093218 1.4237614599910435 1.4091404538417336 1.384255666232767 1.2159091557377262 1.349943333055629 1.3059118289140355 1.3336387959913425 1.3190048088501232 1.234599813588618 1.3852736470971478 1.3857843174540914 0.02169823482727671
0.7216693316815643 9.999999999999998 0.025098659159172247 0.02080220524769697 0.08985342476172727 0.014369072962138 1.4929018828963398 1.3868021403053767 1.3919654840543703 1.4649772796575526 1.4544607002050636 1.4550527687294716 1.3843573049874354 1.457717686934876 1.4237614753159924 1.4091404689266942 1.3842556821663983 1.2159091698420874 1.3499433441815416 1.3059118430794918 1.33363881075002 1.3190048233885507 1.2345998271396055 1.3852736621655986 1.3857843323183032 0.02169823697661208
0.7927164381436563 9.305050154155799 0.013849519022252463 0.022364245828495395 0.02549154668808824 0.04363015711775992 1.3589525595525718 1.2628020350346818 1.2676372864494765 1.3337748123472384 1.3244651629766355 1.3248397683944049 1.2604692033607798 1.3271750100489965 1.296184411637104 1.2828173387652873 1.2601579595158707 1.1068723917276986 1.2288416766080408 1.1887372933315874 1.2139354183476199 1.2005718426408842 1.1237783406019533 1.2608787336911127 1.2613035276861397 0.02044205024500325
0.7216693182620568 9.999999999999998 0.025098650232382235 0.020802218560743636 0.08985336897947832 0.01436908426460986 1.492901910644632 1.3868021665965302 1.3919655091661864 1.4649773082163737 1.4544607265538256 1.4550527957037023 1.384357330478074 1.4577177139823758 1.4237615018164846 1.409140495159086 1.3842557082869031 1.2159091929618027 1.3499433666253104 1.3059118673976404 1.3336388362285398 1.3190048490633997 1.2345998500081485 1.3852736883787267 1.3857843579615368 0.021698237939516436
0.7293762689396714 7.917131803199236 0.02515445520478322 0.019605305692651957 0.09000621609466579 0.014910656632000781 1.4770948308243255 1.3719032818768182 1.3772507196582682 1.4494917608599729 1.4391272549699958 1.4396915284678837 1.369739275785335 1.442312786226635 1.4087054830961716 1.394232228899667 1.3696057756229618 1.2030354893833146 1.3356723601457103 1.2920818499009854 1.3195060324505037 1.3050192379243228 1.221520688505114 1.3705903434907627 1.3710999414396676 0.02148221910612528
1.139139416592778 9.999993969797654 0.0031219454831398112 0.0016281445512764134 4.725919316949197e-05 0.1617272880703843 0.9454615898377599 0.8790422796913305 0.8828002537680006 0.9281381325894124 0.9223275870323078 0.9223180285336404 0.8775876878403702 0.9239016892781143 0.9021987419554303 0.8927918947178138 0.877062288896305 0.7703131814146339 0.854877666421801 0.8271139228719415 0.8445919234530895 0.8352129208092257 0.781790304000862 0.8770807701289335 0.8770942088933625 0.01915369693056109
0.7217356081689086 9.999993100889697 0.025678920330407192 0.020204233436416943 0.0934728851062746 0.013552252898965798 1.492764957495634 1.3866754028345167 1.391838355264974 1.464843073479392 1.4543275612577753 1.4549192450280422 1.38422989860309 1.457583369256169 1.423630241058173 1.4090105319979527 1.3841276424624698 1.2157967098815612 1.3498197646122552 1.3057915480506175 1.3335160826189114 1.318883692821915 1.2344863189880106 1.3851466365906908 1.3856582537108302 0.02168875717620851
1.0173351474328587 9.988447732350197 0.006940769974461095 0.0066414784040550075 0.0020244043576224135 0.10692852275593318 1.0586596818631537 0.9842051636814768 0.9882896581465865 1.0392498362677862 1.0325335464435126 1.0325887005937624 0.9824716224489739 1.0343463849883727 1.0100807981485735 0.9995754490577559 0.9819390880647447 0.8624420661033124 0.9572720776637033 0.9260926951961761 0.9456679290945299 0.9351857251082083 0.8753873666667306 0.9821052222504686 0.9822527751407523 0.018932495366853323
0.7216693397661795 9.999999999999998 0.025098835587140777 0.020802025403888365 0.08985453415289538 0.014368829134688062 1.4929018664225675 1.3868021246564286 1.391965468769944 1.464977262856292 1.4544606840589127 1.455052752459324 1.3843572890627223 1.4577176703026982 1.4237614593641812 1.4091404532390683 1.3842556654462443 1.2159091550393017 1.3499433325093304 1.3059118282983362 1.3336387954728182 1.319004808493428 1.234599812931315 1.3852736465516957 1.3857843168149293 0.02169823437941866
0.7216693323042009 9.999999999999998 0.02509878454440327 0.020802078678355696 0.08985421335493078 0.014368899349787443 1.492901881786995 1.3868021391231464 1.391965482869705 1.4649772784670123 1.454460698876293 1.455052767460476 1.3843573034173613 1.4577176854124032 1.423761474084459 1.4091404677843264 1.3842556801689607 1.2159091680552445 1.349943344908896 1.3059118418495588 1.3336388095141054 1.3190048224409419 1.234599825787346 1.3852736610088632 1.385784331111786 0.021698235376041677
1.1059439000174394 9.99569220078636 0.0031070713701896206 0.002655990762280601 2.8738866785521964e-05 0.16175930772100652 0.9737811600629797 0.905339201770091 0.9091957288558978 0.9559134366803325 0.9499031666075505 0.949902271606319 0.9038281708851551 0.9515291775972511 0.9291825227081429 0.9194985175449354 0.90328747687685 0.7933481146244372 0.8805086939646715 0.8518598940602399 0.8698511869474822 0.860186984277368 0.8051844658354781 0.9033182840809936 0.9033455558455031 0.019006451160084807
0.7216693386964247 9.999999999999998 0.025098792638878965 0.02080206881360246 0.08985426404369991 0.0143688885316099 1.4929018685742823 1.3868021266918709 1.39196547080458 1.4649772650332966 1.4544606862318095 1.4550527546116088 1.3843572912101905 1.4577176725041077 1.4237614614591714 1.409140455303809 1.3842556677021352 1.2159091570430005 1.3499433342759062 1.3059118302736499 1.3336387974052801 1.3190048102762295 1.2345998148762671 1.3852736485530008 1.3857843188863859 0.0216982349365945
0.7216693427102007 9.999999999999998 0.025098777767029488 0.020802082799797183 0.08985417047268884 0.0143689095611306 1.4929018602501922 1.386802118904098 1.391965463194594 1.464977256750592 1.454460678259486 1.4550527465426812 1.3843572836008062 1.4577176644486556 1.4237614535361904 1.4091404474563658 1.384255660024327 1.215909150261969 1.3499433270142602 1.3059118230168334 1.3336387898651945 1.3190048026829044 1.2345998080614349 1.3852736407629067 1.3857843111963444 0.021698234923853317
0.850279449550061 9.541820734685114 0.026425377190705715 0.002827464455968025 0.10715865552933393 0.05157415807998877 1.2668716113518932 1.1774416939210206 1.1820629506268456 1.2435015587068745 1.2350127033490188 1.2352612459356906 1.175248103287938 1.2373914577017624 1.2084531483849184 1.19595621124848 1.174821959570573 1.03189551377398 1.145598780023584 1.1081799489796804 1.131643607751325 1.1191599668245364 1.0475993483964343 1.1753766470338247 1.1757787540010094 0.01945054480373364
0.9561018918099196 9.921110937157373 0.011500090105938578 0.0066769918672300215 0.022675173161277644 0.08775410545033797 1.1264321556013606 1.047118015812516 1.051399599536835 1.1057284407743726 1.0984732672367916 1.0985731299574304 1.045237726449499 1.1004466900131966 1.0746510065613506 1.0634908701555659 1.044719098713501 0.9175923694385071 1.0185456635899595 0.9853447447173519 1.0061826191979493 0.9950449121492893 0.9314208212318925 1.044986886873923 1.0452174558555112 0.0188947814140192
0.7216693284283624 9.999999999999998 0.025098745052962463 0.020802120132132076 0.08985396512567081 0.014368953899009823 1.4929018897478055 1.3868021467967477 1.3919654900364051 1.4649772868417743 1.4544607064615946 1.4550527752590015 1.3843573108686031 1.4577176933071259 1.4237614817571853 1.4091404753495496 1.3842556879917676 1.2159091750044007 1.3499433504631884 1.3059118489081303 1.333638816985372 1.3190048299335437 1.234599832468199 1.385273668625457 1.385784338508006 0.02169823619294391
0.7216693423682107 9.999999999999998 0.025098800916908755 0.02080205964502254 0.08985431591355944 0.01436887724021531 1.492901860990475 1.3868021195961984 1.3919654638252676 1.464977257472312 1.454460678902952 1.4550527472295662 1.3843572841830607 1.4577176650905288 1.4237614542175974 1.4091404481393808 1.3842556605617478 1.2159091507390016 1.3499433277617834 1.3059118236198228 1.333638790524245 1.3190048034350226 1.2345998085850802 1.3852736414470266 1.3857843118457136 0.021698234670551812
1.1207891825749812 9.998563011565873 0.0028853432189331926 0.00306705165768238 0.00012807005953292965 0.16352111669856398 0.9609383635724273 0.8934262287438475 0.897229731536197 0.9433358767493726 0.9374019460916714 0.9374011541071819 0.891933575744837 0.9390079676480921 0.9169547341322005 0.9073975214095302 0.891405749075867 0.7829133378738984 0.8688863255720519 0.840651315670905 0.858415344203233 0.8488852005366612 0.7945920173342471 0.8914445672038007 0.8914802612641415 0.019171673209546335
0.7216693385160281 9.999999999999998 0.025098780956251013 0.02080208071437546 0.0898541904537275 0.014368904614091982 1.4929018689310278 1.3868021270501216 1.3919654711534728 1.4649772653827378 1.45446068659785 1.4550527549785275 1.384357291606734 1.4577176729005634 1.4237614618201617 1.409140455650743 1.3842556681464286 1.2159091574323646 1.3499433342362868 1.305911830608238 1.3336387977850934 1.319004810643616 1.2345998152071707 1.3852736489191009 1.3857843192276522 0.021698235106670526
0.7682216995370532 9.471120206644065 0.01835005278483375 0.021040486628135527 0.05013880986507634 0.03153289031683739 1.4023310536653892 1.302978898765235 1.3079202838649158 1.3762747183283353 1.3665785258780423 1.3670172597365204 1.3005960984089036 1.369453455685896 1.3374992342926137 1.3237247682974338 1.3003436904213141 1.1421802198793543 1.268061232650244 1.2266798230825047 1.2526953315251537 1.2389194784789082 1.1596643686896093 1.3011589656628617 1.3016213692760044 0.02072058340901175
1.1136532901863077 9.561232393617344 0.004919617274818745 0.0015344295363109663 0.007908931174915758 0.15792613307547967 0.9671034684148644 0.8991554764205848 0.902975893961455 0.9493878133040928 0.9434045917861565 0.9434066512880679 0.8976450975901639 0.9450221643340848 0.9228289077358814 0.91321153900063 0.8971155373573827 0.7879282880701497 0.8744607675721768 0.8460391705292075 0.8639172749475353 0.854326915808629 0.7996869658795015 0.8971618715373861 0.8972057441135805 0.019121446756248175
1.0478110875387332 9.99975771128482 0.007577230279935559 0.0026528839093892796 0.0038841101402426435 0.1100024120531939 1.0277591195811902 0.9554799195569231 0.959494756541402 1.008883365027436 1.002450531443153 1.0024752254496314 0.953836481032157 1.0041873045218295 0.9806155318489679 0.9704056701902475 0.9532960076756949 0.8372784990007266 0.9292757708440011 0.899047972104026 0.9180497458470879 0.90786623672122 0.8498087327169175 0.9534000362470133 0.953493343036116 0.01872331315896203
1.0139655870504627 7.431097285922231 0.010810854961948706 0.00322061416626792 0.014286795729491542 0.09046835907489623 1.06223891459049 0.9875500182992548 0.9916229191937561 1.042766445049094 1.0360130630013442 1.0360711469451633 0.9857820115087799 1.0378324159501306 1.0134858365165718 1.0029457710387304 0.985248823804071 0.865348849513339 0.9604995173979508 0.9292151733929505 0.9488576896711077 0.9383416813722243 0.8783412370533757 0.9854210240996507 0.9855724254661322 0.01883723162160424
1.0704970980219948 9.861339699320636 0.005439780994937045 0.004069825628538173 0.002194062546550621 0.13072274626333916 1.0060780943558263 0.9353675590617399 0.9393005997319204 0.9876464370794015 0.9813519022103591 0.9813746904310435 0.9337584379291203 0.9830485316919744 0.9599719607017775 0.9499757026609419 0.9332239828666866 0.8196481567000797 0.9097096986519858 0.8801154886159862 0.8987157031661811 0.8887455315688705 0.8319094459144348 0.9333180339321504 0.933406651994989 0.018984100832118843
1.0883518587053966 9.951630816059524 0.0036453907425251296 0.004551833710179282 0.0010588320129973005 0.15426299299401594 0.9895429916536455 0.9200034761226915 0.9238923356051782 0.9714163743188986 0.9652562937053497 0.9652715697714038 0.9184417270646873 0.9669209794073677 0.9442206848107089 0.9343863934157616 0.9179069580544463 0.806192298461112 0.894795968388997 0.8656656508954017 0.8839519461876102 0.8741375005961506 0.8182463521374183 0.9179793904331199 0.9180494266602074 0.019123033214501938
1.1432556941488417 9.999288110000416 0.002775114740796563 0.001698808205591492 5.02689291162314e-05 0.16652681572861816 0.9420549104299403 0.8758764428311011 0.8796245052695911 0.9247940003449242 0.9190102646382341 0.918999368148849 0.8744312188202134 0.9205783086475946 0.8989528729121494 0.8895793415008524 0.8739070013471326 0.7675415866550367 0.8517981830439332 0.8241367190456665 0.8415517232188047 0.8322060489927068 0.7789752867156096 0.8739221581200771 0.8739320349692503 0.01918828811122837
