0.9112950216796522 9.998354529105306 0.04445478570457164 0.0004509371143658874 0.16353153847805005 0.015335804232365479 1.1618983033250956 2.036216494502962 1.8156881521104138 2.541893636118205 0.3962305547461073 1.9116454273744237 0.37030740939794105 1.6015028488625644 0.8036755003562456 0.22408365590872584 0.9834305870169529 1.2279151999741338 1.3056908205664917 0.9534264085543597 1.1237463841698712 0.9059221161000576 0.41311639612297013 1.0746695482645203 0.37596301209649374 3.6284272337012653 21.759738281776034
0.8852273903103466 9.99999999195924 0.046349496014512805 3.0613150631504508e-06 0.1762638087076744 0.00921814009178818 1.196125796560334 2.0961860502321605 1.8691537269074026 2.6167435349758317 0.40790375290643205 1.9679326752518065 0.3812144878026869 1.648673240597642 0.8273511297704108 0.23069036574615326 1.0124002880602547 1.2640882867968122 1.3441523101327366 0.9815121030140663 1.1568481131048864 0.9326077876437826 0.42528561073354787 1.106326721851785 0.3870378249555961 3.735354282766171 21.412560537713176
0.8853184025911983 9.998797388808379 0.04632585809088911 3.170054421932292e-08 0.17641815473241218 0.009189852816513152 1.1960028320750264 2.0959706271882568 1.8689616512596887 2.6164746379161126 0.407861808825353 1.9677304731526084 0.38117529285035734 1.6485037279134733 0.8272659961129243 0.2306666104020316 1.0122961015371654 1.2639581483917512 1.3440140167832713 0.9814110740921342 1.1567291171991085 0.9325118391644802 0.42524184207969895 1.1062128113773875 0.3869979797132515 3.734970394258531 21.41667042416136
0.8912684015804719 9.999999999739675 0.045973380562379935 1.0032473506588836e-05 0.1743500152940526 0.010588114279831431 1.188017832716159 2.081980428148224 1.8564887477736127 2.5990130325798373 0.40513859923104145 1.9545992441908662 0.37863078861279553 1.6374993693090827 0.8217427090271168 0.22912640184222918 1.0055377248339323 1.2555192748346395 1.3350412753746783 0.9748588997072792 1.1490067542095528 0.9262862794920467 0.42240284961984575 1.098827400978206 0.3844142953812167 3.7100241570190327 21.560573557776628
0.8836660438982015 9.798127194989933 0.046454617287973926 6.7809680052297016e-09 0.17628686327753038 0.009004014302630956 1.1982392640471535 2.09989152607419 1.8724555215513918 2.621365129877083 0.4086245497195665 1.9714080628509982 0.38188797206082375 1.651585862261114 0.8288131095082233 0.23109806865791058 1.014189184461748 1.2663220462933855 1.3465272832670634 0.9832464334947764 1.1588920972832286 0.9342556132455645 0.42603707287421977 1.108281636359597 0.38772172190078236 3.741955834399385 21.369766456636672
0.8851640218812216 9.999991707125313 0.04639261735457165 2.2886587273979956e-09 0.17577198551751388 0.009179477659060607 1.1962114348238801 2.0963361127287405 1.869287471079789 2.616930733787633 0.40793301657862663 1.968073389815546 0.3812418134514519 1.6487913953861761 0.827410577158772 0.2307069801038425 1.012473033413475 1.2641792241825858 1.3442487976183788 0.9815826600730867 1.1569310863224063 0.9326747170863292 0.4253161644433921 1.1064063162439504 0.38706565800255244 3.7356211882913275 21.385656283560124
0.8926721761188425 9.069799832065815 0.04568795064960597 0.0001706101877095159 0.17045576360287246 0.011241969943469775 1.1861495365902988 2.078719282368732 1.8535730691383763 2.5949270718401762 0.4045014844841104 1.9515261763409448 0.37803541688320264 1.6349243557671589 0.8204503609636872 0.22876603238927187 1.0039562893727578 1.2535446136094217 1.3329416082124745 0.9733256999054699 1.1471996695327258 0.9248294789968723 0.42173854317613285 1.0970992718230717 0.38380973871118806 3.704182197404881 21.553274892350906
0.9063014752250985 9.914972223373594 0.04512530438530022 1.3885938204255649e-08 0.17257405660598973 0.012402266992366885 1.1683112430781815 2.0474538521753844 1.8257058167222528 2.5559177519747998 0.398417928453651 1.9221914103028004 0.37235104551085746 1.6103408863330333 0.8081113168256343 0.22532514508875842 0.9888580458946143 1.2346919000851984 1.3128966350322415 0.9586880070979253 1.129948182932923 0.9109216968747854 0.41539618789176175 1.0805998339666985 0.378037663060675 3.6484598701841713 21.796573557220903
0.8852979711588913 9.996104844010995 0.046327769549920274 4.220719734673061e-08 0.1764890742424828 0.009204403230868474 1.1960304343298926 2.0960190203051665 1.8690047738650895 2.616534998098303 0.407871220954132 1.967775866366052 0.3811840879474162 1.6485417654719865 0.8272850852771717 0.23067193281535056 1.0123194603069343 1.2639873132582915 1.344045031882667 0.9814337201302678 1.156755812449792 0.9325333593283764 0.42525165489543965 1.1062383356153014 0.3870069093768686 3.7350566232247964 21.420771673656905
0.8862634543395462 9.438445073392051 0.046347370002674054 2.8186827214250007e-12 0.17534822239111056 0.009522198608907807 1.1947272687539736 2.0937430367669867 1.8669707095976755 2.6136850017732107 0.40742682636703353 1.9656324728288324 0.38076885122911613 1.6467458929357752 0.8263839474331693 0.23042070600762754 1.0112168520493525 1.2626106958089685 1.3425810214827116 0.9803648291271155 1.1554957311190115 0.9315175888696239 0.42478850040951205 1.1050336379967423 0.386585453374078 3.7309803743623062 21.432073601534416
0.8867807467416853 9.999999999864034 0.04624724682926614 4.901681703388929e-09 0.1756442065045109 0.009740768710378227 1.194030455904129 2.0925149043933597 1.865880727811876 2.612161462477709 0.4071891509383188 1.9644869232743 0.3805467782684543 1.6457855591168742 0.8259017231542083 0.23028618107595367 1.01062676049238 1.261873746473389 1.3417977046211664 0.9797926781311381 1.1548216393273327 0.9309740919109075 0.4245406038842445 1.1043886269964729 0.3863598106270076 3.728808230082366 21.469989011647478
0.8853110191866912 9.996495201748207 0.04632764244539472 2.2014134083858402e-10 0.1764511393032154 0.00920138171722974 1.196012806197424 2.095988130361234 1.8689772371663886 2.6164964489219953 0.4078652098352419 1.9677468759808585 0.38117847119322895 1.6485174741807778 0.8272728958311941 0.23066853450640143 1.012304545311907 1.2639686920097644 1.3440252278822753 0.9814192609593819 1.1567387664451225 0.9325196182241765 0.4252453894716181 1.1062220395349818 0.3870012081087068 3.735001538017713 21.41912535216584
0.9118617923292592 9.999999948475914 0.044718313090432914 7.693005185388452e-05 0.16784506006110678 0.015380504279186132 1.1611866762317866 2.034969951451276 1.8145762160082737 2.540336819602034 0.39598824027890456 1.910474398360879 0.37008071739161397 1.600522175142888 0.8031832570755145 0.22395093652431178 0.9828278910631134 1.2271623780816145 1.304890651990519 0.9528418357136018 1.1230578352845482 0.9053669063242217 0.41286310384163016 1.0740102502535271 0.37573238309128404 3.626205876223481 21.84331425137282
0.8866294806772206 9.213818500636743 0.04660590702566106 0.00014164218814383188 0.17542841255775882 0.009871077492244529 1.194233896080273 2.092881449613188 1.8662011901218398 2.6126070138416893 0.4072582602084934 1.964822248724832 0.3806115523273117 1.6460657829651726 0.8260421588197644 0.23032530276844515 1.0107988495690026 1.2620885461704803 1.3420265008620735 0.979959698577773 1.1550187466504152 0.9311329929652394 0.42461305501251506 1.1045770276221025 0.38642573490973176 3.7294372651541745 21.476142743162836
0.9137976940849941 9.998269242223754 0.044719367054725775 3.0335032403389235e-09 0.16976301588148218 0.013239261181292695 1.1587264945308215 2.0306593857685717 1.810733205885667 2.5349567628789185 0.39514917988992 1.9064287327481513 0.3692967442741536 1.5971316680390484 0.8014814481953927 0.22347635913269354 0.9807455876482026 1.224562211692509 1.3021261396417703 0.950823044222584 1.1206786250844747 0.9034488285037453 0.4119883922863701 1.0717346547644988 0.3749363138894088 3.6185208911877544 21.822235728665778
0.900873803336384 9.999661252492123 0.045465496678898695 1.1904597787642834e-06 0.1727547224072001 0.011438493983810834 1.1753410162931863 2.0597692705031094 1.836687133743051 2.5712917199916245 0.40081474655267485 1.9337533370366684 0.3745909802108199 1.6200284528118765 0.8129731869318925 0.22668085401926474 0.9948075118672743 1.2421207079150178 1.3207957967317585 0.9644562023031766 1.136746699755318 0.9164024933699132 0.4178955692751675 1.0871018323476682 0.38031231651957 3.670421501197638 21.67395177626104
0.9100899577535153 9.999999987193059 0.04487455590371494 6.525170745171874e-08 0.16949329090738915 0.014468072747102143 1.1634472167538341 2.038930260265272 1.818107709554061 2.545281011278292 0.3967587580191734 1.9141929287455015 0.37080092998726516 1.6036370902642296 0.8047463411933761 0.2243867750257344 0.984740775039411 1.2295508147746648 1.3074305584654182 0.9546965033571195 1.1252439337646676 0.9071292738163141 0.41366677628692405 1.0761008874855786 0.37646379179118217 3.6332669013808268 21.833678438351395
0.875999440024106 9.999999999957094 0.04692394341156721 7.223028470186664e-11 0.1777639397980387 0.007899461851100208 1.2087276101539992 2.118264998590361 1.8888385869371054 2.644299868430672 0.41220278945081906 1.9886563468471967 0.38523148298965554 1.666040831772557 0.8360693928390246 0.23312221313534737 1.0230676993629986 1.277407701241951 1.3583141393571039 0.9918541816340146 1.1690367736784095 0.9424343854129639 0.4297675193949897 1.1179838284296875 0.3911167933378445 3.774709723058819 21.16021534347126
0.8855581262541985 9.956735283797931 0.04633382022864425 2.5964010917199217e-05 0.17572358329992 0.009338260094033216 1.1956789417020244 2.0954036547177264 1.8684558555947766 2.615766391973044 0.40775133989383366 1.9671978615630012 0.3810720961216705 1.6480574483227786 0.8270420910131563 0.23060420214056007 1.012022178751514 1.2636162032974625 1.3436502939561135 0.9811455603471442 1.1564160316422343 0.9322594746425609 0.425126788173241 1.1059136142305854 0.3868933013002797 3.733957654169229 21.415419359848478
0.8862625677061473 9.956489716247487 0.046286911254368686 2.2778688911109126e-05 0.17542441344247936 0.009946394732669854 1.1947281891901422 2.0937378610089667 1.866970772033285 2.613687352917404 0.4074270508664048 1.96563443463907 0.38076910844257145 1.6467471263645919 0.8263843706977257 0.23042078437206157 1.0112173958571269 1.2626112990200618 1.3425818651567072 0.9803653479631057 1.1554965109679909 0.9315181786992226 0.4247887387160261 1.1050341965718176 0.3865856509711252 3.7309874518384065 21.481396985104194
0.8857099368812914 9.91409881257342 0.04632223928077195 5.250390822601494e-13 0.1758416037347377 0.009243843113832537 1.1954740871434655 2.0950452959915262 1.8681359395738366 2.6153183495491974 0.4076814973218598 1.9668609019105423 0.3810068133807305 1.6477750859817097 0.826900340317808 0.23056466177268217 1.0118486892424476 1.2633995333479378 1.3434199705724992 0.9809773317768347 1.1562178228136175 0.9320996672415488 0.42505389922746045 1.1057239468598057 0.3868269525300628 3.7333177343758495 21.406951053461523
0.9042487991028391 9.984114873015178 0.04523114841712587 1.2034851679003656e-07 0.17162537421685814 0.013493406941617792 1.1709633919228817 2.052099831563381 1.8298485494656003 2.5617176822015635 0.399322383899513 1.9265529985732315 0.3731961753466295 1.6139958611368221 0.8099458141038688 0.2258367180517645 0.9911027735530323 1.2374948354143782 1.3158768410504236 0.9608642932732349 1.1325130718503282 0.9129894628942241 0.416339157715347 1.0830529556770687 0.37889585013470894 3.656746433230901 21.799705749171057
0.8947031374706297 9.999945096427238 0.04580446611608346 1.2709830266659174e-06 0.17440917716700774 0.010571790392078879 1.1834459965276356 2.0739700240046086 1.8493475804554396 2.5890158702282418 0.40357904247156445 1.9470817444215442 0.37717378721828787 1.631198428451287 0.8185797404569009 0.22824430869260703 1.0016676837164114 1.2506867686974734 1.3299035517380295 0.971107020428999 1.1445851670480196 0.9227216660427225 0.42077726295429857 1.0945984189549114 0.38293487199891213 3.6957416347482974 21.594956707111574
0.8911105337269116 9.999999897022441 0.04600704790173089 2.004656854505973e-07 0.17575061046956175 0.01018299180606093 1.1882175366242158 2.0823299707488743 1.8568010332836695 2.599450402693877 0.40520623598622313 1.9549287143274559 0.37869425963826975 1.6377741294983472 0.8218801166217011 0.22916462926241135 1.0057061152945104 1.2557293487580514 1.3352652429879124 0.9750222775403252 1.1491997348569611 0.9264418032593184 0.42247372673537825 1.0990116037335946 0.3844787727578875 3.710646490747276 21.566408655401222
0.8854457656112594 9.916802403322688 0.04632213823515115 2.627030833943649e-06 0.17666002572571912 0.009283183270397722 1.1958307712916103 2.0956701878635 1.8686930843468008 2.6160983440869234 0.40780312840018795 1.9674474849534884 0.38112046330042754 1.6482665973653365 0.8271469853952295 0.2306334246754552 1.0121504826239622 1.2637763193437175 1.343820685611191 0.9812698986893945 1.1565627306601955 0.9323777033002648 0.42518067234237966 1.1060536765378401 0.3869423101275085 3.734432375174968 21.439548231147786
0.8851213490287761 9.999999860195459 0.04638191118327787 3.7454747461208827e-07 0.17583741314292942 0.009242061152961898 1.196269104040306 2.0964371407849587 1.8693775656183995 2.617056881009499 0.40795265776323075 1.9681682727863048 0.38126017529025774 1.6488708191020245 0.8274503915939615 0.230718070831178 1.0125217503443347 1.2642400256564617 1.344313511026837 0.9816298862624785 1.1569868043485803 0.9327196242280342 0.4253366341210378 1.1064595348939172 0.38708427923464817 3.7358015975992105 21.396649491606514
0.8858057661911312 9.84045151595986 0.04632718140524454 6.066619221222898e-07 0.17564482161247627 0.009259610277035433 1.195344740025939 2.0948196079807775 1.8679340736961034 2.615035449079511 0.407637398877205 1.9666481267619096 0.38096560377094135 1.647596850836912 0.8268109269358661 0.23053973941303865 1.0117392833252952 1.2632629511216533 1.343274688746711 0.9808712719044085 1.156092767773828 0.9319988629486119 0.4250079397105636 1.1056044154266098 0.38678513377714463 3.732913017379311 21.40327613601043
0.8851297776680717 9.999999999999998 0.04633560821200977 8.301778049378995e-14 0.17689058085732204 0.009228056500381662 1.19625771340873 2.0964171734768047 1.8693597809806897 2.6170320069326274 0.4079487254342387 1.9681496290555363 0.3812565067900882 1.6488549740233476 0.8274422749990138 0.230715762812438 1.0125118035914111 1.264227469231455 1.3443004078392222 0.9816201897202074 1.1569756113649947 0.9327105495015701 0.4253324518659984 1.1064485032230198 0.38708043566892847 3.7357667986030614 21.436186400733146
0.9094632409419716 9.999575173474877 0.04487913975397862 2.089004987846879e-06 0.16959344485052405 0.015121706239799951 1.1642375847122712 2.040315151920292 1.81934234417107 2.5470094342119185 0.3970282472211866 1.915492640515407 0.3710527604184644 1.6047263322481942 0.8052929973432721 0.22453919757672955 0.9854096941417276 1.2303861018371816 1.3083186739689774 0.9553450221178265 1.1260082708959145 0.9077454577210061 0.4139477647848794 1.076831897928254 0.37671951468611453 3.6357367230037245 21.85780341871779
0.8941433856976624 9.988417094747996 0.04580802219051011 1.7975129031299838e-09 0.17485232595645167 0.010878739245563518 1.184187318832859 2.0752686930511883 1.8505056445343435 2.590636965961689 0.403831737470443 1.9483010265228102 0.3774099664916928 1.6322198512922643 0.8190922677732128 0.22838720042757762 1.002294843072964 1.2514697906722654 1.3307363183851462 0.9717150676661205 1.145301972033336 0.9232995141770206 0.42104075850248235 1.0952837737087329 0.38317465358625313 3.6980551558627104 21.63406516227508
0.8747290332556028 9.99975981816999 0.04702032964682946 1.000518602424517e-05 0.17716707100541898 0.007684210971424229 1.210483817989591 2.121341175712408 1.891580861315419 2.648139195844464 0.4128010939091865 1.9915435307434843 0.38578991238516375 1.668460079732254 0.8372836384228697 0.23346049253380557 1.024553614460032 1.2792633217906073 1.360287030309811 0.99329477024639 1.1707339583870338 0.943802305548168 0.4303913295841406 1.1196077571423995 0.39168448642045234 3.7801941415355675 21.08354140712229
0.8851908168856513 9.999999999116815 0.04633142776334262 2.51777483638087e-08 0.1767101215134117 0.009390686417135821 1.1961752161511638 2.096272629139909 1.8692309132972673 2.616851588390013 0.40792059455283686 1.968013948221293 0.3812302217045505 1.648741281377853 0.8273852226117293 0.23069985559657916 1.0124419891786587 1.2641403048300894 1.3442077126471326 0.9815525099963849 1.1568958284866395 0.932646234564904 0.425303126346282 1.10637222543565 0.3870537500534128 3.735509102866846 21.450595578542156
0.882934445673824 9.999871564430931 0.046493586076676384 5.0313222183399596e-06 0.1763497924814577 0.009076651894447233 1.199231974667949 2.10162825278872 1.874005623626679 2.623535972089036 0.40896314709083115 1.9730405392208472 0.3822043296856465 1.6529540314596405 0.8294998679074082 0.2312895882104639 1.0150294943158769 1.2673713406972762 1.3476428823344313 0.9840611058905661 1.159852204469958 0.9350296347088075 0.4263900520075122 1.109199923075261 0.3880429646363421 3.74505843880663 21.371694138978654
0.9024191493240832 9.975160804372928 0.04531661432469722 1.4412503123070712e-05 0.1733587332589543 0.012388326360655367 1.1733376216023461 2.0562598907445566 1.8335572359047276 2.566909554566872 0.40013216930511697 1.9304572603871621 0.3739527872600618 1.6172680110613717 0.811588212021394 0.2262947136272105 0.9931124117972724 1.2400041820686032 1.3185448749172317 0.9628125698665149 1.134809276637069 0.9148405954345314 0.4171833074288008 1.0852489357995494 0.37966408090665626 3.6641638456335612 21.784615895899243
0.904121972255708 9.999998773009304 0.04527959239389625 2.931118221407492e-08 0.1719532807759934 0.013307310903391042 1.1711276401885926 2.052387513130347 1.830105004503001 2.562076637623052 0.3993784801608931 1.9268229084507336 0.37324854899848464 1.6142223525916635 0.8100595297609345 0.225868424241377 0.9912418741313314 1.2376685204580498 1.3160614910282347 0.9609991134490408 1.132671981823505 0.9131175628620658 0.4163975657546077 1.0832048748800427 0.37894899503497664 3.6572601797003577 21.796353050488552
0.892751946347229 9.610717961626069 0.04589629881544037 5.501027921298152e-09 0.1750720186755631 0.010403801821858237 1.1860424523754671 2.0785241979685227 1.853404139823304 2.5946932144997104 0.40446483721483684 1.9513507452396575 0.3780012710997267 1.6347768517889156 0.8203761190317784 0.22874528789754425 1.0038655720815095 1.2534312324991754 1.3328213386368584 0.973237753622311 1.1470962545511385 0.9247460582031273 0.42170044815294416 1.0970000400445912 0.3837750368915533 3.703851147880077 21.59031513891807
0.9111758786954698 9.999816191243884 0.044781441464311574 3.888426775529816e-07 0.169881558014788 0.01332165503127142 1.162060197751131 2.0365004206312998 1.8159407793390012 2.542247124898425 0.3962860751850892 1.9119110508370767 0.37035905601263863 1.6017259612093946 0.8037873928281769 0.22411939172999754 0.9835671860961482 1.228085472272037 1.3058721933300756 0.9535585663564023 1.1239026026570047 0.9060479272448326 0.4131736539405438 1.0748181023301844 0.3760150046700256 3.6289351547352133 21.810917778617778
0.9062112043565049 9.873884880935988 0.044793247435094864 0.0002558306687454823 0.1653384054490039 0.01636701386890326 1.1684275006179698 2.0476579631984846 1.8258874608911946 2.556171907152312 0.39845755229696544 1.9223823730152905 0.3723880613524904 1.6105009158294759 0.8081917357446881 0.22534760868317769 0.9889563853420147 1.2348148558481578 1.3130271160602731 0.9587834410518199 1.1300603939831286 0.9110122270673979 0.41543754646747066 1.0807076421336492 0.37807535702320855 3.6488243482057303 21.769192303525593
0.885276750514553 9.999999999571605 0.046331460595320215 8.195857296320773e-07 0.17642384131543798 0.009196664015825303 1.1960590832676663 2.0960691474443456 1.869049497198058 2.616597664288484 0.4078809922307597 1.967822966174263 0.38119322004107054 1.648581249662275 0.8273049153165754 0.2306774657302614 1.012343727564433 1.2640176209358436 1.3440772425197736 0.9814572512473425 1.1567835309093337 0.9325557095010895 0.42526185064218563 1.1062648650842961 0.38701619077246713 3.7351463433500305 21.417085243175638
0.8853621853858973 9.992262113973336 0.04632205747952369 1.3522985668978529e-06 0.17675906744852404 0.009253991446106193 1.1959436819509621 2.0958670717207606 1.8688692668944353 2.6163452851874673 0.40784163322318145 1.9676332054541255 0.3811564419728183 1.6484222041567576 0.8272250666028715 0.23065519319756567 1.012246021098348 1.263895602177812 1.3439475385323147 0.9813625169847702 1.156671912632308 0.9324657171369924 0.42522080409368873 1.1061580647423477 0.38697882930324207 3.7347856283226433 21.437638756388207
0.9030156766334201 9.998097674896691 0.045357715193495234 1.5605882337930536e-06 0.171682970118134 0.011719572265467432 1.1725622612263014 2.054900764923749 1.8323463640069455 2.565214754009967 0.39986734123151924 1.92918323397915 0.37370558659193015 1.616199113673989 0.8110514042504605 0.226143291175434 0.9924558297960934 1.2391842931476489 1.3176734325322434 0.9621761980430491 1.1340593896452398 0.914236065966958 0.4169076396009826 1.0845318223779283 0.37941322413516276 3.6617406409142967 21.67857696481426
0.8887408808602943 9.993697316777048 0.046151602074867196 9.810392579560164e-06 0.1757937583769154 0.01009199454543853 1.1913897405964 2.0878880818690853 1.861756105802552 2.6063872995248647 0.4062882271706896 1.9601450800484 0.37970517265273107 1.6421460322785002 0.8240746464647241 0.22977663176444177 1.0083913275227974 1.2590823591366291 1.338830107945541 0.9776255489250097 1.152267724644378 0.9289151672143164 0.4236016633250237 1.101945964401534 0.385505299473753 3.720557865244635 21.533573222080047
0.9105593755237972 9.99999409414659 0.04481106486095569 4.733628513683069e-08 0.16933641182686743 0.014556060397350488 1.1628423410521804 2.037870675205577 1.8171627021393286 2.5439579056853967 0.39655260588409114 1.9131977072673076 0.3706082152807385 1.602803656967925 0.8043281394864655 0.2242701624261729 0.984228964651628 1.2289118017717764 1.3067509435584668 0.9542002425435454 1.1246589496038062 0.9066576752361057 0.41345171510832884 1.0755414724997248 0.37626806976419935 3.6313784561845575 21.840466241385585
0.8862042336707183 9.515923703362905 0.04634532627901506 1.1117435644804075e-20 0.1754394873816172 0.009491146284948744 1.1948070895997431 2.093881831466699 1.8670951618345084 2.6138596020731657 0.40745403533773994 1.9657638107300934 0.38079428177794056 1.6468558925986982 0.8264391251954393 0.23043608572960564 1.0112843723063774 1.2626949907325664 1.342670685030553 0.9804302865814004 1.1555729095458283 0.9315798008894183 0.42481686474440633 1.1051074127947178 0.38661126302946985 3.7312304290107026 21.430109390941755
0.9008055525758474 9.99999999902709 0.04540513494300464 2.104070913223283e-12 0.1736579332121203 0.011629907252063733 1.175439280563939 2.0599418861620458 1.8368401709008062 2.5715056353428563 0.4008488679779334 1.9339135723619103 0.3746224916227792 1.6201643725522972 0.8130419109586521 0.22670008569612773 0.994891220285389 1.2422253195806954 1.320906515867424 0.9645371257228987 1.136841802046301 0.916479168626098 0.4179305386909901 1.087192838367955 0.38034412422815594 3.670729389241261 21.72512861539558
0.9027446247457557 9.991400416425394 0.04528210361819481 4.292316899134202e-06 0.17251213442895344 0.012479673403204057 1.1729119855114656 2.055513842930879 1.8328924452221826 2.5659790009790817 0.39998681503331257 1.929757631576059 0.37381707974000444 1.6166812401694952 0.8112935476202616 0.2262125236499296 0.9927519640787118 1.2395541043673877 1.318066438930672 0.9624631882135843 1.1343975482593838 0.9145086729638376 0.41703194607994176 1.08485520561518 0.379526342101802 3.6628343517457194 21.763710813258765
0.920025373380087 9.999999999998996 0.044252624077940304 1.2213455818767285e-08 0.1652648720469238 0.01846158034866218 1.1508825549287258 2.0169157466130168 1.7984799985621382 2.5178026797404267 0.3924740146651472 1.8935286762858834 0.366797094264214 1.5863212279828058 0.7960556121102573 0.2219633570232834 0.9741063959666957 1.2162722490857054 1.293311613656001 0.944386487315677 1.113092424595975 0.8973330781615901 0.4091995111676405 1.0644796719889167 0.3723982558251271 3.5940187535659756 21.90659427127806
0.8857175507909911 9.962697696238887 0.046319036364523454 2.8118274857440817e-09 0.17592334975675622 0.009226233554653969 1.1954638220548313 2.09502670459249 1.8681197847129727 2.615295915087602 0.4076779983265893 1.9668440414166897 0.3810035431802519 1.6477609468609924 0.8268932355349039 0.23056267838196146 1.0118399937325302 1.26338866995759 1.343408429698228 0.9809688972971524 1.1562078922271795 0.9320916583156703 0.425050244307746 1.1057144328941209 0.3868236242547758 3.733285967826183 21.407227682955014
0.8858687655845823 9.98338986990864 0.04632404260652182 6.940226886354492e-09 0.1756956193996298 0.009256711838705075 1.1952597461765602 2.0946688921737606 1.8678009680049343 2.614849658623497 0.40760840153807787 1.9665084572860514 0.3809385185684171 1.647479738027242 0.8267521184916152 0.23052333568888753 1.0116673330772386 1.2631731053668647 1.3431791822370636 0.9808015204168756 1.1560105755397498 0.9319325979253914 0.42497771855982386 1.1055257964654626 0.3867576291638121 3.732648294228765 21.403122971327562
0.8859046510509035 9.973771771490767 0.04632474081949185 1.2449730869014391e-09 0.17573885911560388 0.009274887757743277 1.1952113215274422 2.0945841666801805 1.8677253508236513 2.61474376022736 0.407591886181248 1.9664288214723629 0.38092308803113106 1.6474130047893707 0.8267186276958712 0.23051399760417535 1.0116263559619896 1.2631219418372424 1.3431247783213733 0.9807617959032328 1.1559637524839323 0.9318948516905092 0.4249605062647343 1.1054810221701086 0.38674196549508616 3.7324969098104703 21.407197365632733
0.8851227333978471 9.999999999906835 0.046335770699428847 1.3416220233654968e-17 0.17691479713663774 0.009227847584157234 1.1962672348848 2.0964338559535416 1.8693746540045817 2.617052829601079 0.40795197494117513 1.9681652875033508 0.3812595431876128 1.6488680962767353 0.8274488621143308 0.23071759862080837 1.0125198604973613 1.2642375284277698 1.3443111054468169 0.9816280002759601 1.1569848189245835 0.9327179718909843 0.42533583617911 1.1064573058890432 0.3870835152657594 3.7357965412743077 21.43695832433366
0.885534958602291 9.98755429496562 0.04632301325082712 3.257532731496203e-19 0.17612484170130027 0.009204458715850102 1.1957103363880168 2.095458300875745 1.8685047895051452 2.6158350024126205 0.4077620643300347 1.9672494502205689 0.38108209325260256 1.6481006602447172 0.8270637216157245 0.2306102136928107 1.0120486002159448 1.2636491308100815 1.3436854001468987 0.9811711331106638 1.156446276781831 0.9322838308219141 0.425137873621803 1.1059423752107935 0.3869033683914311 3.7340563641256352 21.40982495368462
0.8854669473549099 9.998784226864279 0.046350604239973656 2.7400744336470907e-08 0.17616448762968093 0.009244391693851318 1.1958021813229514 2.095619076942251 1.868648227837434 2.61603583979617 0.4077933996044685 1.9674004740996585 0.3811113739435187 1.6482272948732113 0.8271273374906839 0.23062796908099698 1.0121264570670865 1.2637463925060897 1.3437887371625374 0.9812466354739448 1.1565351887272977 0.9323555260948605 0.42517058159028 1.1060275094288272 0.3869331468614326 3.7343430325414597 21.413227971066547
0.9068938264070279 9.999999999986004 0.04505232881223332 6.925003976137864e-08 0.17090693946013993 0.013496994520127818 1.1675372014102905 2.0460964343715413 1.824496686946486 2.554225356742362 0.3981535632444144 1.9209190743184417 0.37210424522401747 1.6092737637447805 0.807575414152753 0.22517566321370303 0.9882025171024971 1.2338733606039602 1.3120265514377216 0.9580526226848437 1.1291994343154206 0.9103180828833751 0.41512093450984183 1.0798838080105801 0.3777871822786293 3.6460440718547904 21.80614118693508
0.8882285449349906 9.408133967714285 0.04626138781595668 5.4830833205265594e-06 0.17457717917701568 0.010002278908682955 1.192074247270525 2.0890948422325666 1.862826982290691 2.6078840554476352 0.40652166521398414 1.9612704783762875 0.379923311766712 1.643089382660047 0.8245483344648068 0.22990877936007229 1.0089710029179952 1.2598063207114534 1.3395995964028489 0.978187623379889 1.1529299041396066 0.9294490719405102 0.42384519648365737 1.1025796696853483 0.38572698526497967 3.7226920018001732 21.478426874452012
0.8852742311453764 9.998931640874154 0.04632425346103715 3.194546107052155e-14 0.17654069058639613 0.009183069280528375 1.196062509726338 2.0960751804496045 1.8690548707573085 2.6166051460980744 0.40788215755644225 1.9678286203581459 0.381194306878206 1.6485859585858325 0.8273072577317485 0.23067811344014233 1.0123465887624672 1.2640211793336 1.3440810538072674 0.9814600176497603 1.1567868190961978 0.9325583533077719 0.42526305048872015 1.1062679718074717 0.3870172782042521 3.735156898862384 21.420012287800684
0.8861517451015892 9.999999846698602 0.046253320209908716 1.468158686002983e-05 0.17608186381021806 0.00960313536203209 1.194878038295422 2.0939999097608477 1.8672046863511316 2.6140149652208726 0.40747819368712324 1.9658807916414798 0.3808168561282254 1.646953583968332 0.8264879194508162 0.23044963068152718 1.011344033786995 1.26276932847067 1.3427500281767504 0.9804880528975863 1.1556412830239322 0.9316348503502839 0.4248419109682015 1.1051724058916077 0.3866340099470123 3.7314564685562366 21.467847148701647
0.9157390686908685 9.938529279915983 0.04435188106039511 0.0001037354639212988 0.16508636966790446 0.016836382817874033 1.1562698982966957 2.02635594544854 1.8068957060624848 2.5295840793747812 0.3943114776500863 1.9023880786268694 0.36851391214914764 1.5937460525141414 0.7997823543350908 0.22300259898349437 0.9786664145167513 1.221966218151522 1.2993655565891076 0.9488073118823105 1.1183026071714761 0.9015333982154315 0.41111496508275375 1.0694626887361671 0.37414147059103287 3.610847886046195 21.849221855858907
0.893072698453556 9.866584496466789 0.04587956292283467 5.861684660708202e-13 0.1752147124176305 0.010360409492748676 1.1856069821336128 2.077757298537979 1.8527235806293523 2.5937415430868933 0.4043159020731705 1.9506356575789492 0.37786236008407714 1.6341763316499724 0.8200742583578082 0.22866103464202323 1.0034964417135013 1.2529701600515588 1.3323316072475684 0.9728799966333896 1.146674949745151 0.9244063718831036 0.42154550930341445 1.0965968450735974 0.3836340146760731 3.7024898454074893 21.589806944267067
0.8851469271259197 9.999831916340103 0.046334295695353696 6.605358985472507e-17 0.17685619645013284 0.00921969627312595 1.1962345330231858 2.0963765602156497 1.8693235699578774 2.6169813200492675 0.4079408237804872 1.9681115063877976 0.38124912372849135 1.6488230292220685 0.8274262445214596 0.23071129216749187 1.0124921849052528 1.2642029727085766 1.3442743598444724 0.9816011696375161 1.1569531926749586 0.9326924765918343 0.4253242106627763 1.10642706506255 0.3870729358548905 3.73569440020986 21.43413844240548
0.9118210198459469 9.99999996255728 0.04473026175093397 1.9479862159240304e-08 0.16938748121527167 0.014276466502767978 1.1612385753173882 2.0350609195062574 1.8146572313464242 2.5404501300400733 0.39600597738143095 1.9105595658959125 0.370097268324447 1.6005937182576064 0.8032192224602561 0.2239609742146199 0.9828718881333077 1.2272173285401653 1.3049489952642161 0.9528844558582461 1.1231080121820987 0.9054073615019518 0.41288155188340514 1.0740582501391407 0.37574917419744086 3.6263686368414443 21.845909832173824
0.8843231874862165 9.461810763470293 0.04642897927118117 1.3212239767115124e-20 0.1757950522876193 0.009198330800627307 1.1973487604332291 2.098335814431731 1.8710655030633723 2.619417693699452 0.40832085296932635 1.9699434691065845 0.3816042011610368 1.6503585829707232 0.8281971712029308 0.23092632193745294 1.013435515438631 1.2653809979732373 1.345526647549545 0.9825157730711301 1.1580308933577117 0.9335613495470604 0.4257204858083421 1.1074580806062198 0.3874336137618519 3.739171423569661 21.389240439376227
0.8851434336404407 9.774202380944192 0.046359124743332786 2.8476121682493364e-11 0.17631324212295274 0.009266023496001525 1.1962392087460252 2.0963876158423855 1.8693314442739384 2.6169914572797395 0.40794243061389696 1.9681190593084665 0.3812506225763208 1.6488294879977219 0.8274295755973741 0.23071224419278238 1.0124962717905197 1.264208136831641 1.3442797326436726 0.9816051580571667 1.1569577812916294 0.9326962026842456 0.4253259320615418 1.1064316075943263 0.38707452057413655 3.7357073175903825 21.42197944220117
0.9098296355702867 9.999999999999961 0.044876799109803744 1.5151705794135217e-13 0.16975659734846615 0.014390759847246826 1.163770983859807 2.0394975756500977 1.8186134880118048 2.54598906248864 0.396869090467142 1.914725391578082 0.3709040687669673 1.6040832784723944 0.8049702098263121 0.22444918052461407 0.98501475448954 1.2298929354144883 1.3077943542453814 0.9549621359161614 1.1255570340384382 0.9073816795707214 0.41378187068845346 1.0764003153123336 0.37656853708042026 3.6342789406544393 21.838281668658386
0.912951803294989 9.999999999987063 0.04471484225935661 1.555210689516831e-12 0.1690209585569977 0.014624061563444857 1.159800167996934 2.0325404928858997 1.8124104311232632 2.5373048884069536 0.39551527897675437 1.9081945212314415 0.36963885140999264 1.598611212066377 0.8022240379419694 0.22368344395619222 0.9816542504335539 1.2256968514333135 1.3033325371113982 0.9517040279731457 1.1217169003402523 0.9042858742023979 0.41237012024967457 1.072727740347709 0.37528372893861023 3.621874732097635 21.85441971467929
0.9082425036175039 9.999999999854312 0.04497927015782677 3.7645078304161434e-08 0.17048016232427404 0.014308856701147897 1.165802135878907 2.0430562793450275 1.821786423249919 2.550431113047433 0.39756169104920114 1.9180659475310273 0.3715512910367525 1.606882423472368 0.806375051792525 0.22484091772962025 0.9867338123561151 1.232039424996848 1.3100767323970557 0.9566287829422757 1.127521388515423 0.9089652857143299 0.41450402706068473 1.0782789368399828 0.3772257524805453 3.6406235914274503 21.841780491828708
0.9056831153506562 9.999999999961522 0.04513768789938772 1.4829891074274967e-08 0.17144247018640654 0.012877004667989845 1.1690980825370747 2.048831162017699 1.8269350062900551 2.5576389700883664 0.398685781607992 1.92348626661118 0.3726016104823259 1.6114248039531176 0.8086549523500521 0.22547668417442376 0.9895235305709579 1.2355228164200824 1.3137804702145603 0.9593333651060876 1.1307089780708048 0.9115350306690774 0.4156758852014248 1.081327445589826 0.3782922268395048 3.6509196943578766 21.77803208242711
0.9049729052874146 9.999979099063204 0.0451413916940597 1.8372950025781578e-08 0.17103244911698856 0.014477668996706348 1.1700186357499287 2.0504442190253482 1.828372844724747 2.559651811667876 0.3989999178020608 1.9249996389420718 0.37289501209896564 1.6126936018223605 0.8092919875469808 0.22565436296968677 0.9903028832660357 1.2364960537802894 1.3148150206119846 0.9600888964945157 1.131599268830718 0.9122527799015211 0.41600321334151447 1.0821790450438595 0.3785901282239572 3.6537959046179185 21.83394556860816
0.8857084929899841 9.953609377070649 0.04631964217809477 2.132981228800011e-11 0.17588433253661911 0.009226892077125468 1.1954760460733755 2.0950482345385244 1.8681389019234844 2.6153226456539076 0.407682166021814 1.9668641415706454 0.3810074378436612 1.6477777899480341 0.8269016894522508 0.23056503595166725 1.0118503383509465 1.2634015875251186 1.343422163829602 0.9809789273477065 1.156219712448985 0.932101187978235 0.4250545905883497 1.1057257405246133 0.3868275800735956 3.7333241052718904 21.405962527220986
0.885173997074276 9.999907070789497 0.0463336187856706 3.407325323657754e-13 0.17678558452585894 0.009214638599821069 1.1961979524173596 2.0963124718186235 1.8692664327438107 2.6169013234702567 0.4079283437866814 1.9680513504613133 0.38123746773445477 1.6487726213745402 0.8274009477471792 0.23070423919321245 1.0124612317264832 1.2641643272052372 1.344233261816902 0.9815711620823689 1.1569178186432432 0.9326639603577473 0.4253112078730527 1.1063932448353828 0.38706110357864965 3.735580054570979 21.431225237132193
0.9090418026579153 9.999999999999998 0.044896749918339016 9.374731402251979e-10 0.16955613038324588 0.015370000556138068 1.1647804550305982 2.0412663927135686 1.8201902908882315 2.548196485037663 0.39721349031615527 1.9163851810787416 0.37122578887903457 1.6054745842350238 0.8056686621953318 0.2246439730671651 0.9858693027926273 1.2309600353430468 1.3089287883223937 0.955790581125833 1.1265333166194889 0.9081687453278905 0.4141408019813318 1.0773341050326914 0.37689519664092225 3.63743268901113 21.860417184861955
0.8852470405981173 9.98033175890809 0.04632956455595789 1.4493385655229203e-13 0.17647818617474517 0.00919763103626698 1.1960992453462307 2.0961397770388652 1.8691122954896084 2.6166854661524317 0.4078946886799547 1.9678890141723842 0.38120601478231786 1.6486365909700251 0.8273326819267218 0.23068520582082508 1.012377698902637 1.264060033322829 1.3441223506509523 0.9814901815053109 1.1568223562823436 0.9325870055231685 0.425276119086166 1.1063019772169642 0.3870291736535548 3.735271519730575 21.419302703233512
0.8969426083487416 9.99999999999998 0.04571489077433665 2.1823545359542963e-13 0.17489544285544573 0.010864309105933065 1.1805022130013887 2.0688124899371925 1.8447489958996879 2.5825779802071196 0.4025754522904462 1.9422401266723308 0.37623584067361887 1.6271417849553333 0.8165438887012412 0.22767662659151813 0.9991763653412331 1.2475759447988406 1.326595784271203 0.9686915771801549 1.1417383059906447 0.9204265872420864 0.4197306413467088 1.091875641399038 0.38198234236660694 3.6865440826617237 21.65829924186554
0.9061426572867496 9.999999999999996 0.0450988892968295 1.2342143635720549e-11 0.17101110094661728 0.01359147717034911 1.1685066109008082 2.04779487600434 1.8260110328358103 2.5563454134693386 0.39848410866692885 1.9225134323849549 0.37241314059318575 1.6106096897762054 0.8082458879399704 0.22536262402255128 0.9890229574309277 1.2348978009595992 1.313115848044052 0.9588480586283189 1.130136952038558 0.9110738860915341 0.41546559966402274 1.0807804256745244 0.3781008552710723 3.649072159430808 21.805663410902476
0.9122007899913478 9.93138437242422 0.04470137822150202 1.3835800016720377e-08 0.16909459967369211 0.014917615993260048 1.1607550821801838 2.0342145374239218 1.8139020994950419 2.5393927323411054 0.39584109025450503 1.909764361586168 0.36994319294542455 1.5999273655603379 0.8028847910007916 0.2238677201521858 0.9824626616604939 1.2267063581780262 1.3044056776201018 0.952487719535501 1.1226404044949905 0.9050303936135577 0.41270965015495353 1.073611067685043 0.3755927333627305 3.62485804829887 21.86705788705673
0.8987278059456366 9.999999999999885 0.04559647355107823 1.1263719914178916e-10 0.17458585181103375 0.011088480661147074 1.1781571425164346 2.064703828717518 1.8410856917770035 2.57744927238169 0.40177579721615103 1.9383832395369789 0.3754885910125058 1.6239100503256598 0.814921907844471 0.22722432870578207 0.9971916095786273 1.2450976793893447 1.3239606533408554 0.9667673222727863 1.1394703598458302 0.918598227719835 0.41889686581499536 1.0897066236152353 0.3812235395678828 3.679219444704164 21.686898988208505
0.9027846854491036 9.999998240434444 0.04527747051197682 5.151363556901834e-11 0.17270151218380286 0.012236863548105065 1.1728621874807112 2.05542658899774 1.8328145350452665 2.5658698734390004 0.3999699747587 1.9296754410912835 0.37380126247304574 1.616612741989866 0.811259291679485 0.22620298931259608 0.9927099648572955 1.2395016848438871 1.3180105767293622 0.9624224201592163 1.134349425038201 0.9144698821427473 0.4170142605794989 1.0848092088863148 0.3795102450745534 3.6626788340905274 21.75539414154704
0.9141241702362178 9.999999999882224 0.044603852073985255 8.360888591585471e-09 0.16820712171006746 0.015587171576561037 1.1583043417546357 2.029919538670633 1.8100738790718065 2.5340337962932504 0.3950049035681535 1.9057347895651442 0.3691620882230812 1.5965495191730859 0.8011890627083695 0.22339480370914364 0.9803879603876999 1.2241157020717193 1.301651486867016 0.9504764496393702 1.1202701532374604 0.903119545047787 0.41183824681467857 1.0713441345867283 0.37479969555824205 3.617202746223518 21.876703973446254
0.8974294178692696 9.86079668827444 0.04563699161166612 3.466616296868861e-11 0.17442143634808394 0.011266167247514884 1.179861865884075 2.0676920951091677 1.84374910174145 2.581177659902188 0.4023569996327299 1.9411870986164397 0.3760317501335022 1.62625914448659 0.8161008483674022 0.2275530828600111 0.9986342749882294 1.2468990597259557 1.325876097720819 0.9681660493606628 1.1411189203953092 0.9199272614495189 0.41950294382732217 1.091283311923215 0.3817751281326435 3.6845422245635313 21.687007268036496
0.8952256440152714 9.216521561602846 0.04579731923346318 1.7850590612321424e-09 0.17402365237796558 0.011796784972951996 1.1827556155432912 2.072770266394889 1.848271407413528 2.5875059848496087 0.4033435099203646 1.9459461314907676 0.3769537465232185 1.6302467402270393 0.8181021202158578 0.2281111348762755 1.0010833047978294 1.2499571020671498 1.3291277119459355 0.9705405302713476 1.1439174693939724 0.9221834145454905 0.4205318298752982 1.093959945035218 0.38271152426776167 3.6935802498778907 21.698932336556794
0.8983817221531755 9.999999999997573 0.045622720662086835 4.2700629694541203e-13 0.17448452600389194 0.01104887951969735 1.178611084572942 2.0654991015199795 1.8417949000555518 2.578442322088263 0.40193052209951086 1.9391300716035094 0.37563321458223753 1.624535556902958 0.815235791993457 0.22731185441669238 0.9975757392262363 1.2455773116421711 1.3244707031459986 0.9671397724639439 1.1399093590359697 0.9189521373118809 0.41905825745753345 1.090126478347758 0.38137042226048834 3.6806362830353714 21.67575580105352
0.899585883375332 9.999999999898705 0.04555336815830483 1.2942866986996727e-12 0.17434082228382622 0.011199008533531072 1.1770333525608137 2.0627347979671415 1.8393303533176937 2.574992021866975 0.40139246691070285 1.9365354230280802 0.375130455161119 1.6223612337771818 0.8141444692404599 0.22700752990611733 0.9962403690621882 1.243909887900752 1.3226977982728776 0.9658451340842787 1.1383835173413366 0.917722041346488 0.4184973026252551 1.0886671847048197 0.3808599094087209 3.675707523696096 21.695858177551514
0.8998351466250268 9.99999999869846 0.045537543057464165 2.4414004159959574e-11 0.17375313408776638 0.012469297512887565 1.1767072624668227 2.0621634442277443 1.838820956815069 2.5742788718131506 0.4012812573057517 1.9359990985855484 0.37502653754558857 1.621911807264234 0.8139189162085895 0.22694463887672536 0.9959643646445748 1.2435652796462375 1.322331359754709 0.9655775679881748 1.1380681393723244 0.917467800486858 0.41838137086591576 1.088365616807041 0.38075440757371004 3.674689097261019 21.765441828312714
0.9041474322462373 9.99999999999997 0.04523529013722492 2.9399209222069103e-09 0.1722608256654391 0.012214411082436006 1.171086442108945 2.0523149910217415 1.8300409729359128 2.56198718411801 0.3993639456949938 1.9267561164235594 0.3732352524676641 1.6141651274892537 0.8100304098556483 0.22586024753329081 0.9912065458301591 1.2376243289321645 1.316014880714972 0.9609650116480933 1.1326319942385559 0.9130853159720798 0.41638285028701777 1.083166568091274 0.37893561581563184 3.6571306227174443 21.749841450959337
0.9098213118938049 9.99999999999991 0.04483975438042463 5.952703865294027e-11 0.1699386668521071 0.01464807698795403 1.1637910225533257 2.039533078848275 1.8186444215052353 2.5460320781968657 0.3968764564716769 1.9147571910800945 0.370910638017846 1.6041113660565516 0.804984783755444 0.22445331630305293 0.9850322641059005 1.2299149108816392 1.3078172134013857 0.9549789300453768 1.1255765236876873 0.9073974131437367 0.4137890636433815 1.0764190952826596 0.37657507974381177 3.634341993486251 21.85853609846876
0.9096081472110371 9.999999992889562 0.0448960762968398 1.7046131889931867e-09 0.16971722323139632 0.014343951963515659 1.1640523866500498 2.0399905499058626 1.8190531222451372 2.5466045687095065 0.39696497645708495 1.915188351790475 0.37099371418514404 1.6044710153619213 0.8051647486011039 0.22450341877484806 0.9852528464290092 1.2301902136096927 1.308110515701388 0.9551929953187315 1.125829166240364 0.907601063983414 0.41388191441642463 1.076660561573367 0.3766595857876919 3.6351577166424263 21.831855512450737
0.9036733957272018 9.999999998653564 0.045253443346334105 3.422191788480336e-09 0.17197801238490754 0.012523736688207963 1.1717003990636004 2.053390707941124 1.8310000376233555 2.5633298733866616 0.3995733160360258 1.9277657989047867 0.37343088933238155 1.6150112265874006 0.8104550711290551 0.22597866751565973 0.9917261681004852 1.238273170744733 1.316704762645042 0.9614687912657003 1.1332257349761228 0.9135639767920335 0.4166011342158962 1.0837344350677405 0.3791342735133307 3.6590490790929007 21.754548341748357
0.9010595334491204 9.999999999993705 0.04535856876005747 1.0050779364910228e-09 0.17234425531245287 0.01376620451067442 1.1751071119807344 2.0593598487553435 1.8363213212346008 2.570779301699607 0.40073551057596263 1.9333673377127494 0.37451660157188954 1.6197064656485844 0.812812056068929 0.22663599232163906 0.9946099791183315 1.2418741893941212 1.3205331581537652 0.9642645154340113 1.136520473581069 0.9162201364678207 0.41781242855522754 1.0868856311239967 0.3802366482434211 3.6696918417772157 21.80718105803177
0.8998394243234311 9.999999999906366 0.04555312666750275 5.39939675032771e-12 0.17299777785934634 0.012381768556764495 1.1767016025348789 2.0621534896358362 1.8388121194159779 2.5742664951174947 0.4012793170415544 1.9359898309895085 0.3750247346470464 1.6219039935577266 0.8139149896924408 0.22694354440249465 0.995959565603828 1.2435592872028702 1.3223249914615502 0.9655729261459715 1.1380626612726834 0.9174633894290612 0.4183793656657436 1.0883604048801712 0.3807525861234555 3.674672038560512 21.732008574426096
0.8990365146173004 9.999999999743844 0.0455720454761251 6.671642515957882e-13 0.1743311035269417 0.011105337602618644 1.1777526266796556 2.0639950429635765 1.840453891773234 2.57656491065895 0.40163778213096235 1.9377182162896023 0.3753596645847504 1.6233525036932794 0.8146420232903692 0.22714628001670994 0.9968491741402569 1.2446700892844598 1.3235060553355196 0.9664353600120827 1.1390791257515007 0.9182828261948739 0.4187530369743033 1.0893324734577488 0.38109264923591707 3.677954728435475 21.68328841819894
0.9085045235559517 9.9999999995963 0.04496309859052032 2.150857410639579e-08 0.17064232341077454 0.01363430393548723 1.1654695283216852 2.04247361857132 1.8212667885366387 2.549703597136698 0.39744837640285513 1.9175187462451262 0.3714453436053501 1.6064241642322623 0.8061451316919104 0.22477681330249652 0.9864524134793985 1.2316880618818047 1.309703054947661 0.9563559184228504 1.1271997489698626 0.9087059864672726 0.41438577856497716 1.0779713244941758 0.37711813317900106 3.639584906328033 21.82087285311755
0.9034685307198158 9.999999999961291 0.0452103911857334 2.202459926417236e-09 0.17145455644931376 0.014466618133395798 1.1719734982421737 2.0538694757308154 1.8314263466101994 2.563926488209343 0.39966682771650325 1.928213979344197 0.37351803276471973 1.6153878791989662 0.8106444954802929 0.2260315527086546 0.9919577013687759 1.2385624075858745 1.3170118661085517 0.9616931554038205 1.1334898909941624 0.9137769619980678 0.41669828622391447 1.0839872658859846 0.3792226967432507 3.6599027759660627 21.83322040236158
0.903708006875891 9.999999838604676 0.04525076921089566 5.083723091965965e-12 0.17292086948878427 0.012238547572010363 1.1716587283371738 2.053317856522445 1.830934804965445 2.5632384459318445 0.3995593132872955 1.9276968420380935 0.37341768562748384 1.6149540154704802 0.8104265401280223 0.22597073768498682 0.9916911463067477 1.2382294754707168 1.316658121373968 0.9614347611213929 1.1331855264643604 0.9135315646783673 0.41658635320677495 1.0836959974960183 0.3791208164714733 3.6589192669844697 21.7707901372443
0.9047043058483187 9.995026057514622 0.04519792222188068 5.511207878423569e-11 0.17183202245270132 0.012747139887784292 1.170363113899003 2.0510476743918553 1.8289111175804185 2.5604054496327597 0.3991172044368333 1.9255666716925541 0.3730047301670418 1.6131682085825227 0.8095299942922956 0.22572069680099932 0.9905942539868856 1.2368597847909668 1.3152020136563078 0.960371423989997 1.1319324208649657 0.9125213383913219 0.41612566419023705 1.0824975176405818 0.37870155949250434 3.65487143116984 21.773454355925953
0.9040712802677024 9.999999999948935 0.04521096066752985 5.0803161865769396e-09 0.17146969633528325 0.013987521525754788 1.1711853445796099 2.0524882921658745 1.8301954426206186 2.562203448182765 0.3993976804396607 1.9269186457804448 0.3732667588974854 1.6143013875062684 0.8100988384551305 0.22587934059344772 0.9912902472843406 1.2377288937274085 1.3161259895805464 0.9610461800351491 1.1327275988877417 0.913162403344482 0.4164180170212154 1.0832580981737034 0.3789676294166345 3.6574402343778556 21.81737395173334
0.9079058931015129 9.997741860847158 0.045029558868171546 3.3890611108007667e-09 0.1713440399916654 0.012417444718110942 1.1662415343904586 2.0438262040217445 1.8224727903579294 2.5513919577515054 0.3977116088338158 1.9187885314745423 0.3716913494313409 1.6074880956709903 0.8066790885130429 0.22492570424136196 0.9871058281183345 1.232503921619369 1.31057059548152 0.9569894117147321 1.12794641858904 0.9093079286284523 0.41466027424001345 1.0786853777518326 0.3773679429868467 3.641995715610808 21.770248553183805
0.9062704249640262 9.999999999999773 0.04510456858715989 3.4982929347381954e-10 0.17150377929140792 0.012812137235327672 1.1683415463504825 2.0475056625275574 1.8257532019936231 2.555984463452074 0.39842780868623495 1.9222420414629557 0.3723605429932735 1.6103822223025328 0.8081316933974952 0.22533077283953806 0.9888832424033038 1.234723316139599 1.3129303700819974 0.9587125947535428 1.1299773350481104 0.9109451981014801 0.4154069061498509 1.080627710050115 0.37804743363902155 3.648556484870489 21.782992485185908
0.9070968046349245 9.886038600112084 0.045001724604025524 5.121319186981564e-09 0.1707804515679317 0.014291820240173628 1.1672866961274677 2.0456591394267316 1.8241052719418358 2.553676712459352 0.39806861130575266 1.9205059681220191 0.3720245801336402 1.608928909217713 0.8074027818556978 0.22512759402739185 0.9879909808185682 1.233609336704264 1.3117453461549398 0.9578473860600197 1.128957249847077 0.9101228676963455 0.4150319354701145 1.079652348410752 0.3777061869598682 3.6452613204299835 21.84598635289394
0.937789998652254 9.828118017691146 0.04297909389974246 0.00016450095180631704 0.15576582796901198 0.022100133115961918 1.129080021723611 1.9787165686874686 1.7644213593353537 2.470120954712564 0.385038664932379 1.857671382740665 0.35984936732831857 1.5562737767203485 0.7809747695561959 0.21775801716596618 0.9556529881488681 1.193230455742551 1.2688117607530924 0.9264960359295231 1.0920066385956242 0.8803343294440505 0.4014477392264149 1.044314085629831 0.36534359487852786 3.5259167709695025 21.85497970720223
0.910399167463228 9.999999999999998 0.04485228797245596 1.2230688448362784e-08 0.1694643399141928 0.014482195068607125 1.1630520940031828 2.0382380111355247 1.8174904535867322 2.5444168522921635 0.39662405353323504 1.9135430171960883 0.3706750341658134 1.6030926001313857 0.8044730945321918 0.22431058333651224 0.9844063959344095 1.22913330053423 1.3069865860466026 0.9543723063393663 1.1248618132384332 0.9068212187364197 0.41352629613152786 1.075735444339097 0.37633594347717253 3.6320328616362954 21.837107527053142
