0.27242704429127207 9.99999999932339 0.013090756718620745 0.07971400726063345 0.08972917853049414 0.0008893376558250201 3.991901128841584 3.9995732820459553 3.8875266531573804 3.7381678816945527 3.643031359859427 3.6100074326369587 3.6343089891958402 3.7188660359012085 3.4418403703640617 3.564395487824972 3.39946117226531 3.6419017335714914 3.6305918146633007 3.635484963672822 3.7436356820132994 3.7170687371031725 3.7373269948408714 3.5423669637294504 3.7802415480103284 3.502110605853851 0.16934260138511076
0.2727832099841014 9.999999941952137 0.013027517746328815 0.07961212781306895 0.08846404212025098 0.000762374403671779 3.9989906365702828 3.9912116430291564 3.8830463057570954 3.733223060898728 3.6372781852686566 3.6045425457301503 3.6289341751110284 3.713491233820008 3.4366286095952345 3.559077758025752 3.394289024877197 3.6365373320118612 3.625208729988159 3.6300139328933727 3.7382921287649524 3.7117386623843713 3.7319752165241264 3.537008255595828 3.77484258540756 3.4967832854404173 0.16978694783890266
0.2731276009624437 9.999999999988512 0.013058277952207873 0.07937032663605782 0.08861374995208149 0.0006575293438505196 3.999760183096453 3.988244505925585 3.877168527868599 3.727993586180244 3.6324204803598437 3.599703805063117 3.6240034624695623 3.708292097410376 3.4320428872416233 3.554230393559448 3.3897502590946464 3.6314847963835204 3.620181669865339 3.6249841560330895 3.732922183058536 3.706449576044552 3.7266242597901633 3.532177972575463 3.7693504944166 3.4920457707428247 0.1702903119505579
0.2730250763371184 9.999999832923624 0.012972194481438227 0.07949770588056326 0.0885809526920187 0.0012165338094442678 3.997806219225387 3.9898632192419483 3.8790562359650416 3.7295256689540977 3.6340182802460084 3.601219454202696 3.6255185776635988 3.7098907612989245 3.433433118530345 3.555697470199575 3.3911206774451603 3.633016675380743 3.6217089183080677 3.626536387250726 3.7345646391740055 3.7080533614303413 3.7282598195063916 3.5336475884015424 3.771063210668975 3.4934882355902173 0.16868827658456317
0.2731569758532938 9.999999999975167 0.013395305464414822 0.0789699015976264 0.09353988609066279 0.0005076890878460504 3.997917381816487 3.990187147621209 3.8765968665362474 3.7273340536385877 3.6322053237447376 3.599344668157614 3.6235723473802093 3.707811293152435 3.43163687096415 3.5537751893125398 3.389341765074637 3.6309953004514415 3.61970447492199 3.624551525365678 3.732391562169087 3.705911697564013 3.7260928010218826 3.5317448708246797 3.7688463422034593 3.491633405925525 0.17131427164477875
0.27359710999280956 9.99999999999999 0.01351574410108701 0.07856824085406547 0.09475033693048107 0.00027925827498795645 3.9986677224576135 3.987649043189454 3.8689572244866857 3.7205077299169167 3.6261059427992612 3.5931795763258627 3.617248586662442 3.7011345451044844 3.4257608909470663 3.5475407773390253 3.383526513911502 3.6244867917272714 3.6132338251350307 3.618100248097146 3.725473872602947 3.699085152333191 3.7192025217907356 3.52554111730402 3.761821054613787 3.485558080258992 0.17505127188832403
0.2730054557480512 9.999999950631771 0.012664081837886932 0.07983385311306745 0.0843139615363889 0.0014477219647282158 3.9995917760805595 3.989503427047492 3.8793754863295753 3.7298271084300656 3.634134736882718 3.601408178035677 3.6257347169097045 3.710086625038713 3.433657606500411 3.555932194729129 3.3913476206791873 3.6332498094047705 3.6219438922452634 3.626750258569913 3.7347360930930327 3.7082553345342415 3.728437047794651 3.5338725839242184 3.7712680158979275 3.4937060533538045 0.16838502317225015
0.2919246533602202 9.945021258464353 0.018072010714512678 0.06453375930940708 0.15800816209184051 0.00011176823534811828 3.7850425284877884 3.7587018832285355 3.6260697127947275 3.4858076616530447 3.3996761898362897 3.367246638311512 3.38867442371513 3.4658946647832773 3.2079301222673484 3.3208107732979815 3.1674576740492095 3.39172985389888 3.3810000395422084 3.385569293842098 3.485512603442224 3.460654205283807 3.4795265060570575 3.2988935531873675 3.5197523572616394 3.26197826486554 0.19383766681401823
0.2732137048584231 9.999999999455135 0.013301958909345747 0.07909114867530385 0.09217001074454725 0.0005727564616610227 3.994918490795776 3.988654831675789 3.876715717508856 3.7270124596500493 3.6313013474056466 3.5986169951854685 3.6229244283966224 3.7072214615939956 3.430986380152891 3.5531504681793855 3.3887002649703883 3.630398962776158 3.6190926320081176 3.623883394212684 3.731865934723808 3.705387997919116 3.7255665390690176 3.53109499829613 3.768300285856906 3.490972950093483 0.1708569423509993
0.27298870489830623 9.999999999999998 0.01298162666570166 0.07954140314370381 0.08788640998493166 0.0008549646305276902 3.999691284809339 3.989426619673423 3.8795571522766976 3.730103191949424 3.6343473841790774 3.601636878129699 3.6259782353380867 3.710371838109878 3.4338845851929705 3.5561762621640556 3.391574398783567 3.6335110423101202 3.622197234555764 3.6269964809533897 3.7350699951413255 3.7085683621915817 3.728764758777062 3.534115763638615 3.7715402143466403 3.493946118364984 0.1694722278661141
0.2733099575751135 9.999999997421567 0.01330934617550306 0.07903081664884935 0.09157286875090302 0.000264450132720091 3.9907931092311193 3.9881103506252096 3.8738361283250753 3.725492003025618 3.6306676368133735 3.5977558555110987 3.621950394001523 3.706126145922764 3.4300516533876544 3.552142802526456 3.3877331166304234 3.629304995897243 3.6180380452164145 3.6229390461496846 3.7306040511366563 3.704119464618867 3.7242662042543824 3.5301153092864177 3.7671146397008384 3.4900250216943633 0.17559998630428808
0.2729607363906271 9.999999991362099 0.013156617728716007 0.07938012793580038 0.08941002243654186 0.0003100710040641996 3.9967359349514675 3.990644202394831 3.8802205795843325 3.730640728858371 3.6348598992376484 3.6021242871511236 3.6264758396827084 3.710926437650979 3.434312933871781 3.556646260246821 3.3919932586895283 3.634018384901171 3.622700244640258 3.627507208032974 3.7356495873642785 3.7091231933740105 3.7293390150698573 3.5345814787899497 3.7721683053393122 3.4943981145583094 0.17422907402313922
0.27300968519932206 9.999999820302698 0.01314774263388522 0.07934492120106618 0.08961108330745915 0.000461140858012218 3.9966089190567473 3.9905117958923237 3.8791012317671956 3.7297907967270074 3.6343154595346876 3.6014998559265403 3.625805275409535 3.710200464208312 3.4336827784848043 3.555968128075621 3.391362267824584 3.633298997342654 3.6219916479187506 3.626830711464694 3.7348617234381156 3.70833785720752 3.7285494413806335 3.5339151414928494 3.7713988899993582 3.4937497422166772 0.17179077773818274
0.2733188294877988 9.999999990763262 0.013127971700450075 0.07920738873745285 0.08904796424427844 0.0004012748847924917 3.998392122919453 3.98662690766346 3.8740460199703675 3.725239742940403 3.629806095307564 3.597104941998709 3.6213713509256027 3.7055544018500894 3.429562594437546 3.551631518159968 3.387293743049653 3.6287971696993573 3.6175024308707164 3.622298387558599 3.7301087796624293 3.7036657539080178 3.7238168101737603 3.5295810536478167 3.7665013702569397 3.4894906525222873 0.17256930417989838
0.2731379203758292 9.99999999243698 0.01317149829152414 0.07927291345396517 0.08959662124565895 0.00031780240451644156 3.994946477257025 3.989539119434278 3.877245600112993 3.7280672105914956 3.63247761976333 3.5997372117101105 3.624049274578029 3.708392384336935 3.432024281697805 3.5542468815148447 3.389723202223332 3.6315325379803296 3.6202257943041865 3.625036953666514 3.733033103127482 3.7065348157434896 3.726729816995202 3.5321868501485554 3.769518873941969 3.492042949027278 0.1740804579959027
0.273242763142823 9.999999999234815 0.01321662548242465 0.07916479283982222 0.09093649387242773 0.0006203550917618326 3.9956094868026284 3.9881081021034945 3.876085977630025 3.726569566117387 3.630874279445736 3.59819977802146 3.62250065597645 3.7067707813589545 3.4305976934626194 3.552738793721022 3.3883171573409405 3.6299687050936527 3.618663648342427 3.623449889465234 3.7314042696640968 3.704933945784608 3.725106191061416 3.5306827967563073 3.767819505930604 3.4905680034997353 0.17054748013553198
0.2727985576336251 9.99999999998167 0.013330162784142115 0.07924540172255445 0.09215975408771336 0.00030505092712150377 3.9996029822899075 3.9936754940790213 3.8822240475888643 3.7325603343360036 3.6371608056951183 3.604277571984248 3.6285787937320206 3.713030090282884 3.436342430408577 3.5587163244741045 3.394002115273295 3.636110299539716 3.6248022395789756 3.6296581839118445 3.737746015054293 3.7112080193697112 3.7314387090298395 3.5366751672442125 3.7742934649143636 3.4964808588829053 0.174275808555085
0.27311270745036115 9.999999999999998 0.01313961459755079 0.07931922582734618 0.0895510814534009 0.000519997730705592 3.9971177912602 3.988823065091355 3.8779962542620012 3.728418471783439 3.6326681183658995 3.599977861414277 3.624304519249257 3.708649426984833 3.4322939640475285 3.5545182000088458 3.389997690412964 3.6318080925762817 3.620497163349002 3.6252891778599428 3.7333207994920117 3.7068312063258855 3.7270179647310706 3.5324579861017416 3.7697718050646873 3.4923128510421844 0.17124281799418736
0.2725347482341183 9.9999999998301 0.013063053645422547 0.07970285736607846 0.08870166444398579 0.0005831485583612731 3.9992290783884634 3.9936229875071896 3.88706896071917 3.7368239730722568 3.6408515114336475 3.608032123446636 3.6324518922784943 3.7171636958302052 3.4399147996416777 3.562528480914538 3.3975378402239023 3.640113311157398 3.628775297269782 3.6336079649043893 3.742052718866351 3.7154438887053876 3.7357251106521723 3.5404577583260397 3.778695185723271 3.5001752357317133 0.17068704526954
0.2731125835605834 9.999999999999998 0.013087624106150197 0.07936259975122939 0.08891491072675757 0.0005952278621452192 3.999748906740158 3.988184139751174 3.8774857312009874 3.728262320609292 3.6326109028291653 3.5999127889983997 3.6242263796350995 3.7085343630205156 3.4322482888246366 3.5544521986990762 3.389954799148687 3.6317199637191546 3.6204134520430977 3.6252088512589995 3.733179206271503 3.706703746025576 3.726879945444148 3.532396227878377 3.7696098476674758 3.4922582708098204 0.1706614249890303
0.27332412802118766 9.999999999999998 0.01318291595777466 0.07912630560632132 0.08982709010861373 0.00035755517482076877 3.999694588227752 3.986286878829012 3.8738835212876572 3.7250549989779005 3.629717883778555 3.5969931793399534 3.621239478600163 3.705393626116073 3.4294555893790366 3.551502559830225 3.387187481463917 3.6286498249449606 3.617359882615771 3.6221650623584 3.7299299330287505 3.7034933609957754 3.7236406102765076 3.5294589296984222 3.76631259191623 3.4893772658592295 0.1732584859163956
0.27264084418999224 9.99999999660348 0.013135277515096244 0.07956385978966718 0.08948033712455833 0.0004414013906326267 3.9987882412493265 3.9930300851542038 3.8853306829161363 3.735229495669408 3.639378599652311 3.606557389577107 3.63094729470107 3.715582270863795 3.43850948524132 3.561044983947535 3.3961461808012214 3.6385702921815684 3.627239703776398 3.632073233985054 3.740421749741503 3.7138344988428904 3.7340994900484157 3.538979924651681 3.7770329092250594 3.4987255778680204 0.17196638179036114
0.2731761300456489 9.999999999986265 0.013139192468911199 0.07928004405838378 0.08933521592927969 0.00043408522897095544 3.9983186905073773 3.987831130837359 3.876669320577769 3.7274198274637875 3.6317529695622635 3.599071111225848 3.62338055690252 3.70766492797739 3.4314415827406926 3.5536138261187538 3.3891535941496027 3.6308584548087084 3.619555200175266 3.6243510883314256 3.732292117437459 3.7058211662854537 3.725994255167717 3.5315574145809854 3.76872145228318 3.4914307948531653 0.17212065563491336
0.2741094191300668 9.999999976408626 0.014032010952573842 0.07778933442779201 0.1030623013727463 0.0004681309710097509 3.997400531587359 3.979192718091562 3.861195306885156 3.713408477489202 3.619026552958708 3.586238213176795 3.610265371397409 3.6939095432956677 3.419159784887684 3.5406544718126076 3.3769810190189884 3.6173849696113884 3.606151628199802 3.6109836966856528 3.7180920820242753 3.691778176120482 3.7118370648592145 3.518658740090392 3.7543383968012995 3.4787818072212358 0.1718684163763113
0.27321404631332497 9.999999999999998 0.013257208272428827 0.07912828947042605 0.09124389349924833 0.0004683977028159136 3.9958202380008774 3.9887490071777227 3.8763914056952107 3.7268865135660247 3.631320255474799 3.5985986149484983 3.6228868617120393 3.707161840373655 3.430961055531453 3.5531115796651362 3.38867338216241 3.63034621626833 3.619045060825252 3.6238499524035017 3.731782950759444 3.7053071149301724 3.725484979340896 3.531060828661279 3.768221325725525 3.4909431009541003 0.17174247516488617
0.2729396467203036 9.999999999997215 0.013060591119613028 0.07947366379829154 0.08852963959540167 0.0005738627393154439 3.9972753974329347 3.990846010831122 3.880150201152346 3.7308001729847486 3.635279836631809 3.6024590524384403 3.6267794926441645 3.7112203831355344 3.434598485987541 3.556932294294303 3.392271276308979 3.634300523226438 3.6229887331087616 3.6278235125883267 3.7359155140792715 3.709380479677315 3.729604889389403 3.534875164683649 3.7724650018412182 3.4946917446367265 0.17079749724804413
0.27225699319769536 9.999999999996994 0.013172011718512351 0.0797311573445239 0.0902906471145318 0.000533726009805511 3.9928694758434875 3.9999482243397138 3.890456526334452 3.7407564157145026 3.6454192054667534 3.612380663914543 3.63673322191778 3.721442798328745 3.444070356139463 3.566769036177701 3.4016640108209217 3.6443916699857013 3.6330663175820415 3.6379642664322516 3.7463062369961917 3.719689402088669 3.739984232280974 3.544729875060304 3.782986437341097 3.5044220570952422 0.17105967070851263
0.27276802514744375 9.999999926396049 0.01326879205163903 0.07938268500468534 0.0941757745063645 0.0016382372392645735 3.9955168316746543 3.9928180933300377 3.8828028061753397 3.733462155046189 3.6376999636174125 3.604921885216906 3.629306189278081 3.7139215404136126 3.436929791402274 3.559421063021735 3.3945774704587772 3.6369162799261816 3.625581522122831 3.6304052125559476 3.738739450383292 3.7121459724426766 3.732404498891917 3.537331056233939 3.7753304473295657 3.4971221981035803 0.16824055197160906
0.27283677336539935 9.999999986084347 0.013226598843110332 0.07937149021726099 0.09096566854230302 0.000499914433058561 3.996442774431833 3.9915623441525887 3.882745176960842 3.7325180595102014 3.6366008429907244 3.6038509636877043 3.6282271238598196 3.7127690955930626 3.435946969876713 3.5583671025338726 3.3936101496048168 3.6358109318438014 3.624484758323041 3.629295065054765 3.7375637334905503 3.7110083827700735 3.731247276920257 3.53630167090278 3.774117906328585 3.4960886414732233 0.1713951143118898
0.2730970202396033 9.999999999999998 0.012989052884649875 0.07946898115327199 0.08796190453764534 0.0008507881347739586 3.9996737903672357 3.9886403914278987 3.8777276682462185 3.728471689002281 3.632820484816133 3.6001189524155524 3.624433472909709 3.708745744967433 3.4324463442394384 3.5546576047079803 3.390151160092151 3.6319297711734597 3.6206233236627385 3.62542024036561 3.733392517469508 3.7069158856424553 3.727093050903761 3.532601854215847 3.769824952578816 3.4924607069433833 0.16949386095969987
0.27319695328257815 9.999999992278198 0.01350843102763551 0.07881296698397552 0.09470435959454238 0.00024798947768764004 3.999663333722028 3.991276183233284 3.8753870406193567 3.726436658627652 3.6315967587376745 3.5986858116955633 3.622860734149498 3.7070034836447534 3.431020968493572 3.5530828677875905 3.388735041463035 3.6302372417989632 3.618960342350918 3.623824781738464 3.7315158966523576 3.7050620399914997 3.725229849856101 3.531067436262299 3.767949753518047 3.49098536948659 0.17603467403162745
0.27313841671820577 9.99999999999999 0.013098242493676119 0.07933564107671855 0.08911083423924471 0.000610650715380789 3.9983862164830604 3.988351193270069 3.8772932369344617 3.7279354237006688 3.6322983563673827 3.5995915401789498 3.6238992895187323 3.708204253637778 3.431928301604784 3.554121387734525 3.38963532725549 3.631383381292228 3.6200780244152555 3.624877113177322 3.7328437592856054 3.706365222011806 3.7265441292795196 3.5320660712344285 3.7692826480988795 3.491932034417339 0.17057425026781392
0.27248391897191815 9.999999793549906 0.012870380191046285 0.07995636251305362 0.08698979442134228 0.0011550441972683289 3.9972835578902717 3.993586852629058 3.8883942707166512 3.7378566974524166 3.641562210279057 3.608800954723721 3.6332780433413077 3.7180903238087444 3.4406470838800964 3.5633375825815166 3.398264675885026 3.6409911965647197 3.6296376872785685 3.6344461488073314 3.7430612128619276 3.7164237707311027 3.7367248574218768 3.5412498984337466 3.779746471367128 3.500937622223515 0.1687693165029608
0.27373861483390277 9.999999999999998 0.013410055373359013 0.07867484224596732 0.09305216591898646 0.00028141882159895453 3.9933772835659416 3.983941630513778 3.868181352860785 3.7192778912695634 3.624077612103213 3.5914019337769374 3.6155828458939356 3.6995372154170227 3.4241055738509623 3.5459077247081745 3.3818842809153034 3.6228823418260823 3.611608683373046 3.6163990642386965 3.723952491847569 3.6975686070911573 3.7176750307939725 3.5238717940363657 3.7602572239287295 3.483877673142373 0.17509548660397609
0.27302204130330104 9.99999999056431 0.013116685427281559 0.07940090059491119 0.08901763184496359 0.0004275611650635083 3.995735134245678 3.989973399835587 3.8791879439663406 3.7298109969431232 3.6340649653107504 3.6013319179344765 3.6256786562579655 3.710109718885042 3.433547896878045 3.5558549397756476 3.3912344861143393 3.6332088984819944 3.62189183594146 3.62669509133759 3.7348150569624745 3.708293381496024 3.7285041524994544 3.5337886251247608 3.7713323400905154 3.493613710704805 0.17220656619482333
0.27320302033737903 9.999999999951317 0.013081196917028356 0.07932572206750504 0.08845038575100794 0.00044343716169526306 3.995914447919544 3.9890512598627024 3.876175765769282 3.727037629683613 3.6314869132714693 3.598765206468675 3.6230615764095373 3.707346337579822 3.4311206340701617 3.5532828193707076 3.3888333683054754 3.6305217597934947 3.619218571088474 3.6240208277892707 3.731953547509475 3.7054748340255954 3.7256535563796573 3.531225134443365 3.768409821462642 3.4911016896692133 0.1720196579610856
0.2730487762979945 9.999999999999998 0.012968623538274217 0.07952515392753998 0.08777304022063735 0.0009051840511211463 3.9996952571902695 3.9889162490043986 3.87858261938819 3.7292247477102434 3.6334794199923786 3.6007900256104026 3.6251234985004204 3.7094754725772323 3.4330896937682605 3.5553394056273517 3.390789445411226 3.632641876348557 3.621330496699338 3.6261223645639227 3.7341512625315576 3.7076650271928884 3.7278490755078066 3.53327958301849 3.7705948234500957 3.4931245507343633 0.16933038736886424
0.27345623123125384 9.999999999994797 0.013263160867489143 0.07896568854877528 0.09065017265003562 0.0001789916006464851 3.9966031955906764 3.986355355794528 3.871615529070569 3.723093270490017 3.628118104810411 3.5953042492196707 3.619493427554791 3.70357741032194 3.427787139583732 3.5497499153089414 3.3855256372750855 3.6268331118411528 3.615555398848277 3.6203894029582995 3.728031967996049 3.7015960856292787 3.721744899522486 3.5277142775775086 3.7644471921694937 3.487664269254021 0.17969943285598192
0.273044020262217 9.999999999999993 0.013041089042438484 0.07942382241566705 0.08863216584351223 0.0007668370711281793 3.9983036549861097 3.9893883496581464 3.8786968166862104 3.729252332333049 3.63372346194419 3.6009432145132316 3.625244522262459 3.7096040106605583 3.4331805222510368 3.5554318125367894 3.390871372797026 3.6327392977099984 3.6214327479689565 3.6262542946951384 3.7342664168334117 3.707762077935376 3.727962387816893 3.533379844923818 3.7707539029027277 3.4932251063039454 0.16978902759271158
0.2731118519101311 9.999999999999988 0.013240044499164865 0.07917456592266112 0.09043032059670315 0.00019318669626622317 3.997853874849489 3.9890447974033716 3.877426908972843 3.7281743941413983 3.6328655165504924 3.600035919238389 3.624300257135441 3.7086090192634966 3.4322912193715864 3.5544895032904726 3.389986838481709 3.6317572192800247 3.620458845896883 3.625297733489423 3.7332283100616737 3.706729644013303 3.7269271154351973 3.5324454364191316 3.7697191289698253 3.492310691124338 0.17871097706257552
0.2733131341379728 9.999999999751413 0.013015640410981605 0.07932039898588573 0.08796664813435029 0.0006979345960495072 3.9994770264832917 3.9867207701665683 3.874099424433056 3.7252522928554916 3.6298151845268 3.597123995624555 3.621387502605552 3.7055523655996994 3.429598907234326 3.55165722846396 3.3873324082147067 3.6288116172132256 3.61751878982618 3.622312793647322 3.7301000131446163 3.7036650649052407 3.7238101020052117 3.5296087724394805 3.766476617489028 3.4895215728090454 0.17011189353357822
0.27308292515347726 9.999999999999526 0.013037299858573494 0.07944044182954779 0.08801916331722254 0.0005412660727226687 3.996898956649299 3.9897577981788026 3.878105804345326 3.7287977072879297 3.6331247419160837 3.600405597761617 3.624731138714158 3.7090912903713584 3.432690265837491 3.554933304083919 3.390389140109463 3.632233840757813 3.6209231220911704 3.6257238860103294 3.733753565214644 3.70725545477429 3.727448872263072 3.5328715186861164 3.770232701110876 3.492719022452613 0.17106102946957466
0.27304834769502623 9.999999999999998 0.013090029101929442 0.07940307176717867 0.08956196883324877 0.00086021561463141 3.9967976581017197 3.9898088324290586 3.8790675032074695 3.7293566614782985 3.6335767285365987 3.6008719901451802 3.6252095293567264 3.709597039436838 3.4331397404560406 3.5554080083324178 3.390834130562339 3.632731436323527 3.621417963683874 3.6262153856426016 3.734294931007911 3.7077910315094726 3.727989476552455 3.5333477224123535 3.7707699571820323 3.4931871853129186 0.16948161531265532
0.2731510429840345 9.999999999999996 0.012999676211319276 0.07943224938439412 0.08795007792243001 0.0007819624838275347 3.999724562533531 3.9883193090119744 3.876731420520276 3.7276486296744733 3.6320596604975974 3.599362546253956 3.6236648323769214 3.707936493948513 3.431731139639905 3.5539026299959184 3.3894439514987886 3.631142657100419 3.6198400508975337 3.6246360051021336 3.73255461747281 3.7060900522520788 3.7262579609772333 3.5318485241269015 3.768972804207369 3.4917214439745483 0.1697362124317967
0.2732703979933498 9.999999999999952 0.013159149490548108 0.07920793219499339 0.08981561219096229 0.0005207669576963187 3.9957117618641393 3.9874652362036653 3.8756953280845536 3.7261742452016295 3.6305012525167517 3.5978280741274684 3.622125445072243 3.7063829083711926 3.430241633276853 3.5523660606143386 3.3879643538951307 3.6295835450277285 3.618279836467814 3.6230668318980235 3.730999771622996 3.7045343613281414 3.724702145481593 3.5303092178177478 3.7674142045776393 3.490199219382076 0.17126504162447775
0.27315388171440386 9.999999999999998 0.013064140586731936 0.07936076427367132 0.08861076764634385 0.0006271167364976172 3.999686997663006 3.9879590917364096 3.8767966753702106 3.727635489199221 3.632031487982977 3.59933412270159 3.6236361491880205 3.707911861020177 3.4316991058235264 3.5538714380352943 3.389411103006314 3.6311142826337384 3.619811018478334 3.6246068065287 3.732534983098606 3.7060688048986754 3.7262378899586466 3.531817444119744 3.7689524269290198 3.491690467733644 0.1704671326762861
0.27312294167450857 9.999999999999998 0.013096838664781786 0.0793466200505639 0.0890592417909814 0.0005972221696821363 3.9997320630759106 3.98820214421217 3.8773119359039487 3.7281008235180844 3.6324602388318867 3.5997635541106616 3.6240740515319825 3.7083717958900295 3.4321080463576012 3.5543030640990083 3.389815978062859 3.631563302739441 3.620258010917595 3.6250537825889513 3.733010062041265 3.7065379146231234 3.726711747870205 3.5322480018343936 3.7694359464816345 3.4921133749032456 0.17064826904043992
0.27336566176473737 9.999999999999998 0.01313909288873832 0.07914472581095151 0.08937350409214595 0.00046382917938141735 3.9996588981658108 3.9859768583748854 3.8731952000719185 3.7244294933814808 3.629139543633633 3.596414855643112 3.6206497767237806 3.7047734279682696 3.428905788359707 3.5509218074521125 3.386643238747772 3.628045168498001 3.61675818890206 3.6215635124277785 3.7292892753738696 3.7028611386733714 3.7230018302084473 3.528879996366713 3.7656600613952014 3.4888089405482052 0.17178365396678652
0.27309989467551476 9.999999999999998 0.013099496862927875 0.07936634028561063 0.08896958441191799 0.0005372588955186243 3.9982617967092167 3.9885355086789356 3.8780376545481174 3.7285801466567268 3.632796391531993 3.6001227644031784 3.6244551335358355 3.708795971659816 3.432446612655568 3.554674442424352 3.390150468878996 3.6319636563499267 3.6206531703655664 3.6254429553596235 3.7334655406882433 3.706980763773145 3.727163750522502 3.532613407961975 3.7699084135640337 3.492466735129815 0.1710921028727067
0.2730980082436689 9.99999999999999 0.01291046541881435 0.07955284145714184 0.08739870782800167 0.0011471865161056137 3.9999189074604184 3.98853121664085 3.8777246368859686 3.728466817540142 3.6327806073406657 3.60009287306729 3.624412246487813 3.7087230321123044 3.4324303018796267 3.5546407829513047 3.390137109268945 3.631911544814977 3.6206044370733577 3.625396480988315 3.733370281761741 3.7068966083098065 3.7270712029005133 3.5325839942330948 3.769797040750904 3.4924427346757185 0.16880180858964228
0.27287074169180486 9.999999999999833 0.013032317521376199 0.07956661991168186 0.08879863376366842 0.0008950660416835103 3.9967033022986427 3.9909491494459606 3.8822311196306214 3.732067574183741 3.6360663098856847 3.6033596428024417 3.6277462452566924 3.7122728038158317 3.4355009286706366 3.5579033366039523 3.3931718609424912 3.6353330918990423 3.624005470640638 3.6288011341448345 3.737063559665682 3.7105182254363793 3.730747696263736 3.535833144293972 3.7735959636831433 3.495624478081352 0.16936794114360731
0.27303952268758996 9.999999999957089 0.012995467773125194 0.07950773442566836 0.08771432108033347 0.0006900235262826772 3.9972814501708185 3.989987572172833 3.878801641635194 3.7294338940313656 3.6337174135257992 3.600998903044793 3.6253349120134324 3.7097223282470475 3.4332579378554566 3.555530297933304 3.390951859332922 3.632853185176314 3.621539786862498 3.62634002888214 3.734404661836203 3.7078995728142474 3.7280982881698375 3.533467191936672 3.7708919858780185 3.493304066393025 0.17013539067397015
0.27296815466073676 9.999999999999998 0.01296418678995499 0.07958143004390446 0.08767935480538235 0.0008824956697297796 3.9976325631038776 3.990315568469021 3.879970102469933 3.730503263783702 3.6347108351196793 3.6019912510311674 3.6263458367851213 3.7107845051617003 3.4342021650471475 3.55652708669406 3.391887160741918 3.633891201918146 3.622572579170897 3.6273718489846254 3.7355035020321075 3.7089847055832514 3.72919389548192 3.534461330081395 3.772007600470144 3.4942794684513996 0.16940177197682255
0.2743809479540028 9.999999999883586 0.013378880416743646 0.07833946018493332 0.09216752328438188 0.00017795032462772394 3.989616658529797 3.9772651747597125 3.85835312694914 3.7100907707120534 3.6153596218847652 3.582711082377266 3.60676067115603 3.6903575377625075 3.4157947862365385 3.5371897191151147 3.3736500642108083 3.613867507317208 3.6026246201294 3.6074043918931826 3.714534344463511 3.6882441105029216 3.7082765651975595 3.5151674403903437 3.7507077751374576 3.4753150103111436 0.17996284741754148
0.2730668429580383 9.999999999999998 0.012968970311822628 0.07951359862372451 0.08780443810949363 0.0009191653929792362 3.9997392429010317 3.9888458891233776 3.878253380851981 3.7289453355594606 3.633218631124126 3.6005319877899216 3.6248608040310284 3.709197058238389 3.432846995573963 3.555082308357179 3.3905495538447084 3.6323732808850364 3.6210632805216734 3.6258544276023064 3.7338636516891968 3.707382800983674 3.7275627278701897 3.5330234916344163 3.770298345415325 3.492873585148937 0.1692921434966385
0.2732943482251283 9.999999999860929 0.013345924533584875 0.07893579140530789 0.09264913558075322 0.0004688095476201778 3.9975479054644327 3.989281340839345 3.8743221977488322 3.72527675560166 3.630300452207387 3.5974375550978324 3.6216258807426356 3.7057668595166784 3.429820106948221 3.55185651118915 3.387543078374883 3.6289994970069976 3.617718886847971 3.6225666780535355 3.7302807581319373 3.7038285505795274 3.7239926118210724 3.529831668742344 3.766705620007709 3.4897562021720265 0.17170400969343574
0.2726333774317797 9.99999999999909 0.012958162708696661 0.07975456974510087 0.08773272274075855 0.0008920537506733549 3.999838590963971 3.992436114544808 3.8853354879546234 3.7353490503667026 3.639433932015091 3.6066383318147337 3.631040607496959 3.7156797866769486 3.438602893856369 3.561145320166756 3.3962407901989313 3.6386736243951003 3.6273412335204536 3.6321664785558543 3.740523301749022 3.713939355654039 3.7342007168300158 3.539076778389522 3.777126645324908 3.4988187294779274 0.16932530733102324
0.2731715553585911 9.99999999998365 0.013100437804153512 0.07931723477580514 0.08859296101125738 0.0003665649455170629 3.996682733091204 3.9890562576477078 3.876565546010574 3.7274430609049025 3.63193649438557 3.599193900604857 3.623487026991689 3.707781929990831 3.4315240122924076 3.5537010248431744 3.3892314806791717 3.6309500257313956 3.6196474228455027 3.624457209952388 3.732393668517665 3.7059098058066975 3.726093090482342 3.5316453066104874 3.768859116434418 3.4915169556677923 0.1731018179189418
0.2738523089708863 9.99999979505057 0.013328401965041542 0.0786770214252652 0.09156589742550077 0.00018911275011467539 3.9956284966921545 3.982680833087842 3.8652183959792907 3.717277463725551 3.622637428096329 3.589851257595063 3.6139541950769996 3.697781222785201 3.4226012340184417 3.544292865546402 3.3803885696147153 3.6211683059877737 3.6099154585621744 3.6147455168400247 3.7220673112677027 3.695703941678811 3.715797117559602 3.5222710465998555 3.75838232843422 3.482317591254957 0.17907316788238112
0.27257768582681363 9.999999999999998 0.013125196333371428 0.079578861453282 0.09014308229402557 0.0007949630790203274 3.9949744762120267 3.997052402504047 3.885318083996955 3.7359026879210866 3.6406430313046836 3.607686507302926 3.6319906042413135 3.7164997111808904 3.439621365139204 3.5621017510700184 3.39725977090435 3.6395614634894136 3.628250825270761 3.633124541308945 3.741246491224321 3.714694591308479 3.7349377467529044 3.540067719387557 3.777820914397308 3.499836093273932 0.1696337861035488
0.2730657654822458 9.999999999999998 0.013174335945445436 0.07927421301469818 0.09057849308779287 0.0007129072223091428 3.996618355156276 3.989713178886133 3.878695834758618 3.7290094189630336 3.6334562388529386 3.6006749423491353 3.62497427713158 3.7093386088277294 3.4329123054583586 3.5551577214339134 3.3906040773066044 3.6324660869242167 3.621158963822991 3.6259802078888366 3.7340094229548844 3.7075013191759747 3.727705063970537 3.5331070678377414 3.7705009988675107 3.4929555741202156 0.17002900089452122
0.2728965756313666 9.999999961453204 0.01277169514627138 0.07981599881590956 0.08594290177259283 0.0014308178636385407 3.998128483689934 3.9909179092989486 3.8811317125593026 3.7315441888494214 3.6356854326728616 3.602965327761689 3.6273355063936505 3.71181866418932 3.4351353311088872 3.557506709431247 3.392812515450765 3.6349048838631646 3.623583021874256 3.628382313695011 3.7365671022907425 3.7100363913199397 3.730255753239742 3.535438689682792 3.773089196137225 3.4952391013285022 0.1684095112144938
0.27302582397743225 9.999999999999819 0.013029126858134165 0.07948219969562306 0.08800223435808546 0.0005837695248146136 3.997289847254504 3.9901336662084033 3.8790290561357903 3.7296373671200085 3.633906622188136 3.6011881008862994 3.6255274757129157 3.7099237717254874 3.4334382067378995 3.55572008935579 3.3911302639245826 3.633050115963221 3.6217359253589 3.6265364077500415 3.7346120317626625 3.708104511724415 3.7283051652797887 3.5336564945362166 3.7711027123808805 3.493490235647989 0.17074253980094178
0.2733027313763631 9.999999999999998 0.013259319699835796 0.07908810154159784 0.09116235153397925 0.0004312739579398574 3.9943735370336944 3.9879128703913023 3.875351747076782 3.7257296208950903 3.630067650506094 3.5973957076069802 3.6216870317936074 3.70593042954662 3.4298253979116757 3.5519310056155007 3.3875512319935326 3.629135895190369 3.617833378520797 3.6226195924689133 3.730540450804 3.704078239472815 3.7242438391183676 3.5298757982525326 3.766949581044712 3.4897734329525543 0.17219328626003566
0.273412747626391 9.999999999993685 0.013020278500628818 0.07925582695222841 0.08815691369370984 0.0007631858564190958 3.9996081598517343 3.985711496547771 3.8724325127175145 3.7237600846085703 3.628429235618084 3.5957399195243607 3.61997809529002 3.7040726193171394 3.4282827411868313 3.5502687569255094 3.386029288351898 3.627367542695882 3.616081430485351 3.620875325135952 3.728573256688144 3.702158133154053 3.722287843464013 3.528224825141521 3.7649228595504796 3.4881633367933116 0.16984062482514597
0.27363762756072685 9.999999999314642 0.013219479992225171 0.07892317953076182 0.08993693965721312 0.00020355876330682514 3.999614928928008 3.9832985104404597 3.868735377129406 3.7204263725298308 3.62531951190704 3.592636142295986 3.6168196987232912 3.700764754884599 3.425326618240159 3.547154930053798 3.3831018497521996 3.6241345956150823 3.6128620554293747 3.6176521803251283 3.7251681276040527 3.6987956309198995 3.718892745160183 3.525119256409107 3.761459185558564 3.4851151882038818 0.17816870574239926
0.27304316495464453 9.999999999999998 0.013055863562540062 0.07943529026971814 0.0886022170005107 0.0006654148735387362 3.9982545840255472 3.9892832719502604 3.878899258810316 3.729363143871735 3.633630992504314 3.6009192542511372 3.6252508017053082 3.7096247733575893 3.433189424356818 3.5554520795160407 3.390883940886011 3.632768178068769 3.6214562561471144 3.6262561706722716 3.7343101840783395 3.707811262894534 3.728005677484703 3.5333924420162393 3.7707775792770457 3.493233345436095 0.17025458301777874
0.27341142522122464 9.999999999999998 0.013170417858775442 0.07908581542581507 0.08945074772730031 0.00028559983786532176 3.9996184085769833 3.9855451154126462 3.872433814461032 3.7237446094854074 3.6285109471636967 3.59578384485482 3.6200060599343282 3.70409863390105 3.428303395597094 3.550286346525868 3.386046668570178 3.627384710625406 3.6161004597906294 3.6209057288068056 3.7285931051083288 3.7021732462870554 3.7223075404955703 3.5282461759866335 3.764952789008717 3.488186886596314 0.1748920235921305
0.27289771073493757 9.99999994446094 0.013011007039035535 0.07958078006577472 0.0883641534744783 0.0008531317935296043 3.9956785991567325 3.991094732828181 3.8812623722760637 3.7316794354227003 3.63580550406497 3.603067028607924 3.627445055326223 3.7119673899804018 3.4351950713908295 3.557593962128922 3.3928654150345694 3.635018793116889 3.6236930509201177 3.628497793358971 3.736730409519151 3.710182669594482 3.730414872596573 3.53552223874382 3.7732847662066193 3.4953146885914377 0.16950511088670034
0.2728864526211049 9.999999999999982 0.013114911164974333 0.07946623936423264 0.08902046372554545 0.0004165117953173193 3.997198190005596 3.990971216333779 3.881439033082731 3.731746032838275 3.6358936790814522 3.6031545393439695 3.6275243096033676 3.7120278030070484 3.4352931645331837 3.5576795818856635 3.3929643614172806 3.6350933052691876 3.6237697783776217 3.6285762895203395 3.736787032786057 3.710245482055929 3.730472727623463 3.53561169338832 3.7733262248580055 3.495409156456773 0.1723210711321965
0.27328343964661117 9.999999999999998 0.01325386042817097 0.07910025988290591 0.09092024156170792 0.0003553706978724049 3.994619761626221 3.9879032430099874 3.875642112384192 3.726003846928573 3.6303442800828005 3.597664151446554 3.6219567640024337 3.7062120520419035 3.4300770369410567 3.5521950448097477 3.387799693522269 3.6294096459779635 3.618106429241286 3.622895389116626 3.7308283907276736 3.7043615994425227 3.7245307517503616 3.5301395795961272 3.767244637597241 3.4900326634291163 0.1733323864871886
0.27957365013407837 9.99999949301558 0.015391539893369036 0.07340938715044448 0.12187538702739932 0.00016239211098422054 3.936525909320393 3.9187445606549667 3.7849329628962485 3.6393651658273782 3.5478072870620356 3.5151947190495467 3.5383016860855174 3.619602646603477 3.350817312636896 3.469322145585793 3.3092118771423165 3.5439942939167017 3.5329510711660026 3.5376890485338905 3.642191759568108 3.6164351291459864 3.6360510453495793 3.4473914437223447 3.677669145793005 3.4085544572853377 0.18268210274154026
0.2735680690974325 9.999999999999998 0.013316612753205536 0.07887458095518252 0.091780355816054 0.0003413879936903061 3.9930075794924464 3.9856528069758657 3.8711592901237206 3.72185907467792 3.6264241591108 3.5937613293428057 3.6179922854891555 3.702070245928991 3.426356750206586 3.54828415900743 3.384114881202078 3.6253558134480204 3.614068604166423 3.6188527274046423 3.7265712928068266 3.7001545265413722 3.7202851943571935 3.5262379566348505 3.7629163771607383 3.4861986421050126 0.17364101859274308
0.27296955704785647 9.99999999999866 0.013076032951976178 0.07948517749510711 0.08864705297189188 0.0005353673378160014 3.9914688719896763 3.9908416231893473 3.879265863789014 3.7305866665775467 3.635399753460297 3.6024678095047076 3.626772648754642 3.7112047845649236 3.434528373507752 3.5568934303420194 3.3921860134975126 3.634262075771315 3.6229470831743553 3.627836356345435 3.735849066191869 3.70927989175927 3.7295342672533214 3.5348412802068223 3.7724320554437942 3.4946456183984855 0.171160598518301
0.2731570135372094 9.999999999999998 0.013053292678728642 0.07936972685220997 0.08845302222819758 0.0006321153596406646 3.9996728959320995 3.987939179747866 3.876743592977398 3.727587844165881 3.631989282829069 3.59929117406279 3.6235921217900686 3.7078657175279948 3.4316578810472067 3.553827869142331 3.3893702955399343 3.631069022432723 3.6197658640407817 3.624561533739209 3.73248735065779 3.7060216797482055 3.726190299542079 3.531773922484415 3.7689039562803175 3.491647639224499 0.17043838747777862
0.2728621078602669 9.999999999999993 0.012981251233410264 0.07961450305246563 0.08789878362636443 0.0008390878613533829 3.997230365300849 3.9911519674359464 3.8818491847746 3.732111369337713 3.6362338080234786 3.603493403510283 3.627869418695002 3.712391137086612 3.4356155971430957 3.558019992381859 3.3932841050950286 3.6354480397416817 3.624122661675042 3.6289286404609986 3.737162931346679 3.710616083601485 3.7308471624037285 3.5359510224379536 3.7737091085504697 3.495741208224857 0.16952937068913818
0.2725341209555575 9.999999999976444 0.012961116722541872 0.07981089534198667 0.08774449278298134 0.0008645427619618113 3.999868435915942 3.9931995887139577 3.887012808362006 3.736843776542253 3.640835443462855 3.6080314112155203 3.6324579004099173 3.717170705048239 3.439923494963309 3.562539167001332 3.3975477391953692 3.6401244130617907 3.628785400449218 3.633612916606161 3.7420612429026905 3.715454725251732 3.735733489511933 3.540466483699538 3.7786986267168197 3.5001825348506537 0.16940061525234762
0.27317879352819224 9.99999999283081 0.013062552224247322 0.07935454561396861 0.08857152427183668 0.0006263617403501698 3.9998377508324126 3.98742724131745 3.876126370782123 3.727253210578258 3.63173565603359 3.5990252894741914 3.6233199994896026 3.707575855001995 3.4313976496386505 3.5535560180731784 3.389104664610314 3.630779006619053 3.619486452360576 3.624305581258512 3.7321677953917574 3.7056988198883554 3.725873694424218 3.5315059985945063 3.7686178151915297 3.491384532067025 0.1704780861754976
0.2730446517862489 9.999999999999998 0.013006140651069743 0.07948367483069624 0.08837044974337707 0.000906920257141604 3.9983363351065644 3.989256170599846 3.8788595436767546 3.7293364381052307 3.633606667621635 3.6008954295295235 3.625226464448522 3.7095982847458795 3.4331679194485294 3.5554289901360705 3.390862954213911 3.6327437341645865 3.62143206168824 3.626231644252938 3.734282911982503 3.707784985861166 3.7279786784620406 3.5333699201814985 3.7707487675228974 3.4932112406241536 0.16933357655664827
0.2731498080757193 9.999999999999986 0.013130240361584758 0.07931013904076241 0.08912382107218858 0.00039674887976321897 3.995533128644845 3.9892064344206704 3.87703960772981 3.7278824877937953 3.6322718630142066 3.5995459627262347 3.6238592778500953 3.708192970124101 3.4318529475566115 3.554064857852716 3.3895564081419676 3.631343466801604 3.6200357546408517 3.6248396039668918 3.7328333651127363 3.7063409084427126 3.726530442216636 3.5320041796268433 3.7693070725417233 3.4918633219996655 0.17263498354592333
0.2731859383496982 9.999999999999975 0.013029025462566122 0.07938250395300474 0.08841152937161373 0.0007886770829759219 3.9995504690863526 3.987691380186167 3.876340738625917 3.7271829505810956 3.6315696529376438 3.5988857381736277 3.623185324374649 3.707441519904695 3.4312780966556793 3.5534292468519673 3.3889953511190876 3.630655622345476 3.6193534984511233 3.624144871721598 3.7320525431189706 3.705593647316455 3.7257569036603266 3.5313752547698996 3.7684588881709713 3.4912556378674733 0.16971991767539918
0.273375287857266 9.999999999999975 0.012968456785892275 0.07932992059477478 0.08774149267976052 0.0009321777943123037 3.999627007543358 3.986065539987592 3.873047262920846 3.724317450121614 3.628949187921617 3.5962586997281663 3.620506173593952 3.704626524876827 3.4287765490310003 3.550789424281991 3.386518417590634 3.627908846848652 3.6166202924127835 3.621414239868384 3.7291445791584885 3.7027222601139265 3.722857457829744 3.5287440450210226 3.7655039586406094 3.4886727349283295 0.1692907519185893
0.27352427954750574 9.999999987314622 0.013236658450087462 0.078976586233588 0.09053895691368771 0.000337897200322741 3.9964749130776394 3.985687539310812 3.870733089758747 3.72222074584393 3.6270149676600525 3.594304578306444 3.618519094507912 3.702572065972584 3.426881829920785 3.5488120932360205 3.384636010005123 3.6258714752266124 3.6145905545737222 3.619392214647842 3.7270320050521537 3.7006216699559698 3.7207480285488224 3.5267705048802993 3.7633889554875726 3.486730613595107 0.17367746281293864
0.27405811312084954 9.999999999999998 0.013513528747144867 0.07832366807786344 0.09435745250565841 0.0001612206828732494 3.993491450499569 3.981779474394495 3.8625394868543155 3.714241718143442 3.6198814739736167 3.5870367666298915 3.61105742803484 3.694757858409447 3.419875905477278 3.5414135521281347 3.377691500270534 3.618192171399283 3.6069506435896357 3.6117902322972872 3.718978045715297 3.692640400865067 3.712715116630536 3.5194099685950997 3.7552450010972156 3.4795102787737746 0.18119040726395497
0.2740292060984835 9.999999999999963 0.013383784960863386 0.07853844741289619 0.09237449404959863 0.0001947393290026718 3.991270301085475 3.980730808327042 3.8639387633342506 3.7151943437537307 3.6201144593563233 3.587474926534841 3.6116071477851617 3.695409717302996 3.4203551989328655 3.5419800930584624 3.378169108360905 3.618827409050574 3.6075649609920815 3.6123428315141575 3.719728854595771 3.6933873556699255 3.7134595477120937 3.5199469614838534 3.7559677201225687 3.4800141681645917 0.17878971517563047
0.2731038300258194 9.999999999999998 0.013063428164837507 0.07939071864828666 0.08878439752625758 0.0007019602035111415 3.9977252910659065 3.9892945805848417 3.8779230455698817 3.728453596964573 3.6327725977180076 3.60006788579618 3.624384721959979 3.708712426745492 3.4323836686077334 3.5546012161625864 3.3900865540580494 3.631882245831167 3.620574513550497 3.6253727499378154 3.7333704803646035 3.706886273530525 3.727069491445427 3.532544610389597 3.76981402768579 3.4924016176187833 0.170078708688703
0.2750851822498347 9.999999999999996 0.01380837204474109 0.07741930158619165 0.09868704434732721 0.0001850951615269461 3.988226249772016 3.971880916045662 3.846697896899765 3.6993614602160485 3.6060958271797223 3.5731728341717375 3.5969286048034865 3.680039895287207 3.4065740033427225 3.527429804556923 3.3645120496642673 3.6037174581058533 3.5925326196462364 3.597388109181621 3.703851224678759 3.6776500608636224 3.6976206414761164 3.50546519395686 3.739950871926046 3.46580708346599 0.17955863333871644
0.2730109059204341 9.999999999999986 0.012925708192330717 0.07959398186635945 0.08717545205062573 0.0009293588969763086 3.997722293828564 3.990073697669889 3.8792436439097053 3.729845032715507 3.634101702630862 3.6013843704339115 3.625726855115977 3.710130160188296 3.4336287531877567 3.555919123299671 3.39131988972958 3.6332556154779 3.62194051434602 3.626739746242178 3.7348253884118385 3.7083167580894116 3.7285180670959313 3.533855434499754 3.7713156634556944 3.493685487588757 0.1692720611578384
0.2741367548044684 9.999999999999998 0.013621234170586614 0.07814784553767626 0.09615909547810791 0.00023741258593447588 3.995517289421202 3.982111042680994 3.860730306378077 3.7127471537568697 3.618785756451907 3.585861350329027 3.6098115714602805 3.6933996809942427 3.418752456719668 3.5401856808774457 3.376582375724172 3.616881732149152 3.6056554255044535 3.6105184159881536 3.717537736015053 3.691222903510953 3.711282700358523 3.5182007876495374 3.7537867492332295 3.4783398931839065 0.1766082132893522
0.27375498590539205 9.999999999999998 0.013322474535672509 0.07870369038865377 0.0920604548260567 0.0004265525044983465 3.9939685265155993 3.984436195001916 3.8675144836437623 3.718775869376776 3.624006945841446 3.5911966488746625 3.615308627171159 3.6992128871532275 3.4238575890729175 3.5456149865168536 3.3816357033240214 3.6225576883506636 3.611295038378908 3.6161244052279446 3.7235750546538533 3.6971879439725703 3.7172995255725887 3.5235949929661388 3.7599014260375423 3.483616224915475 0.17228699645932047
0.2731621562165259 9.999999999999998 0.012929358555609527 0.07949567126239641 0.0875742140297043 0.0011021460443694068 3.999727368162738 3.98799711541585 3.8767485674313287 3.727546684859204 3.6318506549651866 3.599189822051371 3.6235014742604617 3.707769545739537 3.4315821383058984 3.5537490108795247 3.389298775728197 3.630987879399033 3.6196828008752546 3.6244659612443217 3.7323995265457284 3.7059425194652986 3.7261036063788127 3.5316930892959006 3.768791644731273 3.491567119400628 0.16889008457565255
0.27292420306739024 9.999999999999998 0.013167431020553119 0.07937034384226169 0.09012281714113395 0.0005417988477232552 3.9973392657214677 3.99056613691409 3.8810028978652773 3.7311252873783656 3.635407545629352 3.6026320612880807 3.6269709652893076 3.7114334679648993 3.4347807470870357 3.5571279274934513 3.3924547809134435 3.634513187659357 3.623196228587261 3.628015398846805 3.736168662838229 3.7096339652672348 3.7298576336913727 3.535069615458892 3.77269714466207 3.494881865852031 0.17103641921127222
0.273077324629569 9.999999999999979 0.013053930400573944 0.07939780321399019 0.08842601210650781 0.0005902560894037512 3.9973850137655007 3.989613842130956 3.8778332876369985 3.728726826754443 3.63336029249837 3.600541657560202 3.6248255843759507 3.7091664108701847 3.432776300494628 3.5550083248942754 3.3904673904105214 3.6322980098782613 3.6209956253769677 3.6258298561871474 3.73379533760983 3.7072887203647884 3.727491205838934 3.5329572713092676 3.77030451012643 3.4928097886700753 0.17069707873376164
0.2735958916735807 9.999999999999998 0.013329529798193537 0.07879415390148295 0.09198271090540742 0.00032457395959282554 3.994454710329888 3.9857774593493667 3.870098677546585 3.7211382559350215 3.6261827725611324 3.593381749892729 3.6175374335386996 3.701546168800897 3.4259461549956582 3.5478159387102446 3.3837041846803664 3.62484234660112 3.6135695700716144 3.6183968628632317 3.725978969006395 3.699565033866474 3.719697107877112 3.525788772590277 3.762340956197884 3.485770436323666 0.17396459726518992
0.27311415963016106 9.999999999999998 0.01315115194722196 0.0793069210168396 0.0897536881973093 0.00053054696350716 3.9968139523198807 3.988919302064847 3.878021478997309 3.728409141194745 3.632656009142383 3.599964671449652 3.6242914980723295 3.7086388206679812 3.4322789805256333 3.5545039338702433 3.3899824495737056 3.631795007235063 3.620483959339714 3.6252763575437212 3.733311754056154 3.7068207952270655 3.727008692426281 3.532443762490853 3.7697653769758865 3.4922984990875574 0.17115646954987196
0.2731502534450907 9.999999999999998 0.013079270109243214 0.07934794571302703 0.08883857518638973 0.0006236867406667413 3.9997136418703114 3.9879497613592103 3.8768559219802503 3.7276926622253366 3.6320812929416575 3.599384938939475 3.6236884930178404 3.707967462669505 3.4317476699580003 3.553923138934832 3.3894592297526414 3.631168533570746 3.6198648939033937 3.624660295686003 3.7325932916756233 3.7061264103605365 3.7262960809351644 3.5318690310294367 3.7690115579905084 3.491741112400546 0.17048728007603986
0.27336439987513644 9.999999999999998 0.013319303915867373 0.07897373604596905 0.09221989504158679 0.0004835713811127133 3.994038400823605 3.987385404851226 3.8743494963093514 3.724803459524455 3.6292502660916623 3.5965589836891354 3.6208263267069056 3.7050282309919447 3.4290149964954986 3.551076151722643 3.3867466324556337 3.6282488567574878 3.6169515990109558 3.62174435857394 3.729609024783245 3.7031555374614142 3.723315303133867 3.529026738547436 3.766008531274027 3.4889408848863215 0.17162005107290662
0.2731325921709057 9.999999999999998 0.013064274523783186 0.07937932408656567 0.08852366319962406 0.0005877396929822073 3.9995930921392264 3.988245971427774 3.8771906235215057 3.727973416269591 3.6323064102524447 3.5996229818449295 3.623936099253886 3.7082279546728136 3.4319812559424934 3.554170300140037 3.3896918760778885 3.6314259801058326 3.6201200053462173 3.6249105405620434 3.7328653642498075 3.706397111690631 3.7265673832144772 3.5321137905111133 3.7692819837352243 3.4919807533196607 0.17071280474159894
0.2735237674132788 9.99999999999984 0.013187567841174733 0.0790265906546926 0.0896424880384643 0.0002779967146638153 3.9976646153007818 3.984730665120177 3.870841365674424 3.7222242446002087 3.626989185615743 3.594288931784642 3.618504782169469 3.7025558513105343 3.4268754333576372 3.54880261782201 3.38463046770082 3.6258613378188667 3.6145806954871005 3.619380665906991 3.7270236564630954 3.7006140644509418 3.7207399819725526 3.5267611148102813 3.7633718367654962 3.486720958630163 0.17514613000631732
0.27307131258253353 9.999999999999998 0.013026349247525498 0.07945538825728934 0.08835140100529502 0.0007653506267140805 3.9998662522116457 3.988069270437166 3.8781939688643203 3.7289240768903067 3.633191585428667 3.600501284160167 3.6248331501136284 3.7091829168750117 3.4328079812177252 3.555049044840956 3.390509678787154 3.6323466357042786 3.6210354950324612 3.6258275995737215 3.7338537218018724 3.7073660828174706 3.7275512395071955 3.5329885120755646 3.7703048937597448 3.4928367859777167 0.16980230052135273
