0.5180913174270588 0.12003782124264328 0.06909809933096467 0.19981546372772918 0.15797101360420127 0.010590058016283176 1.9732757753153862 1.235442214269012 1.0858627618856769 1.7153335130221392 0.6089079812790169 1.9071185565471207 2.6823101606895756 2.8995729840242683 3.7153895008129254 3.0255890390563973 1.8689857772390988 2.2621881896212526 1.5074242307894794 1.9301657060211759 1.9671129910112433 26.894169177239995
0.6382802749138564 1.986154299282477 0.12064375398273901 0.19852877730406124 0.19998818186134976 1.668270769357909e-06 1.6002704858092431 1.0028092598145242 0.8813555218468531 1.3913468997301097 0.4943047611728152 1.5478717776310909 2.175868339792421 2.3541936580035796 3.0155851988777234 2.458203332675238 1.5173039645984763 1.8365359751407193 1.2238175493779693 1.5657590686083753 1.5967739280651718 49.18244696701336
0.48482291862820903 4.287170727021696 0.10039809550742608 0.15468566938162126 0.07983236382588299 0.059326383598853595 2.1096340632855184 1.3210393357105326 1.1629314562788413 1.8325753507373228 0.6684970851769128 2.0378887281771907 2.866140742575635 3.098766262909865 3.9629889286310958 3.233918816511379 1.998129360124951 2.418362254949848 1.6117700731282254 2.063619566934841 2.1030405811359407 42.59963937920028
0.63144810122769 0.1306294429023815 0.028518977654253312 0.19996532138188994 0.1996784475732422 0.0006407711863498831 1.6190315343808244 1.0136573853670225 0.8909190456416978 1.4073916468343333 0.4995966510742555 1.5647536859991054 2.2007958468907414 2.3790632336885498 3.0483825184087454 2.48245612498055 1.5334736401111488 1.8560833525692317 1.2368087164393569 1.5836634201885642 1.6139762412285996 25.75441364761977
0.7065354273563688 1.113515574085084 0.09971983037151168 0.19137071712838086 0.16450766006198742 0.02395032539260037 1.4469805098647261 0.9059738255637763 0.7962484210978352 1.2577082892229783 0.4497618432015366 1.3982850326979832 1.966632869987292 2.1260457159957955 2.724289647782894 2.218650183750139 1.370512632219048 1.658839299621932 1.105373860759879 1.415368592683331 1.4424605478338344 38.25727053214958
0.48984841029708065 1.407694509706346 0.13489642245623387 0.19917052693666187 0.19997451455761153 5.752653954370038e-07 2.091004086107477 1.3054683635920683 1.1492218108695043 1.8162445601398014 0.6510400240019829 2.02089608594338 2.841596552104352 3.070693844054525 3.90323906250333 3.2084412436879934 1.9766772868055884 2.3976797141797586 1.5964980409120522 2.0451195836032374 2.0814918205028023 55.208637017067765
0.7431126774098193 9.521927042344123 0.051271474975858516 0.1284735741366789 0.190983247972282 4.322858634723584e-05 1.3756537478674797 0.8610276182277862 0.7575111028389715 1.1954217767256083 0.4243209313766965 1.3292416801218472 1.8723651319354313 2.0210473663923527 2.5899283566025417 2.1093490318310755 1.3033524292844478 1.577045896234136 1.0502232752060676 1.3456028574787389 1.3713316229561772 30.767701289576248
0.6131272448246149 5.727384936394846 0.11236186974865435 0.19999790357231165 0.19675580798355705 9.564620706704595e-05 1.6669527932301733 1.043491673950391 0.917331930037859 1.44906472791959 0.5141972759663881 1.6106594339573963 2.265378953080423 2.4510125011251 3.1406934341043176 2.557894933640142 1.5788984875360463 1.9109372544425058 1.2740031985791955 1.6304572915153142 1.6617444897991929 46.15989119620913
0.6369919797454355 0.1278975078082561 0.018000854081925696 0.19991436321820913 0.19175990544429142 0.002102390790868939 1.604940733387851 1.0048345925565203 0.8831640425281593 1.3951423971954349 0.49524833892393094 1.5511345121664555 2.181642454788303 2.3583592326546645 3.0218524636360358 2.4608500177569548 1.5201271217805727 1.8399298152083334 1.226044972667299 1.5698811186380806 1.599929931471755 21.403938430777114
0.685869534832591 4.403746191816294 0.08511744198363154 0.1998471453357988 0.16272209320818123 0.003926953191268651 1.4904284534414796 0.9333403022008225 0.8199407551069541 1.2956236098469631 0.46067349963796245 1.4401007158328534 2.025261203887216 2.1902105214478227 2.8073473521663255 2.2862869631670173 1.4111938372864572 1.7080372793851355 1.1389461091442916 1.4584136110211907 1.4857615874863621 37.877417774319426
0.7342842026811068 1.1236340981657427 0.06895794082454021 0.1846360311790094 0.09471336115886257 0.013452539940439531 1.3919687083777121 0.8717612546025281 0.7664149098265056 1.210403051986954 0.429508930616739 1.3457992681013762 1.8923782314773914 2.0455214025792827 2.6190092252402852 2.1373184273518437 1.3190762794887745 1.5963891585585648 1.0637884090876946 1.3622217556026863 1.3882099479719772 34.35634368232353
0.8436035863180164 1.2446812170375043 0.0808147944538555 0.19319955490506924 0.17570583379547183 0.002511951657536263 1.2118310698312853 0.7587440530088235 0.6668687924337011 1.0533607951364277 0.3739353029111431 1.171107362785873 1.6472815407296777 1.780624306630993 2.282134511537583 1.85805819834298 1.1478145214682691 1.3892531916063238 0.9257456382883917 1.1853531530934658 1.2080442077909193 34.15616784268337
0.7408254694166668 1.9989118596457256 0.08579609311382745 0.19775662644343667 0.19999990683979246 3.745592311646563e-08 1.3799111901422176 0.8639614175505493 0.7593140567522368 1.1992994566792654 0.4348557585465165 1.333432170167648 1.87541636251477 2.0274635498182687 2.597864676930871 2.1157404889931377 1.3069789588248317 1.5819425423561326 1.0544501065793666 1.3497516634728777 1.3755663577051462 47.350856102000634
0.6630494371202158 0.14893369859196334 0.048899779180031244 0.19999903014934065 0.1999997183399943 2.1526711821418053e-05 1.5418677216498886 0.9653467708927073 0.8484585338189017 1.3403147181727018 0.4757859024400853 1.4901764356885818 2.0959023579518394 2.2656727936405536 2.9030930946402753 2.3641439524089014 1.4603900168250077 1.767621286928316 1.177861417430132 1.508184658719479 1.5370529033716946 31.903458770623708
1.026502161747059 9.828290567459078 0.03191872473260369 0.17967553517315107 0.14268334925891096 0.00022172099233350856 0.9959201545179057 0.6234840807960259 0.5479609423117934 0.8655851331174139 0.30820616161395575 0.9623636823524293 1.3537726386948299 1.463485797752689 1.8753146116584214 1.5272130670830062 0.9432971116583009 1.1416631759199958 0.7607383108480418 0.9741612848027211 0.992784550601649 28.11403808602587
0.7981208384247586 1.0512466056295076 0.09976205818922836 0.13498254088456635 0.19820217312447683 0.0007446029106585022 1.2807222638011955 0.801915205701288 0.7047083220686834 1.1132812453778453 0.3952084549323714 1.237720507902011 1.7405471566383182 1.8814834569221048 2.4112636322890917 1.9639259262244986 1.2156753155282605 1.4682492208475837 0.9784015317851833 1.2551689235365409 1.2766996964070163 32.66298484687965
0.9525056856296461 7.9795443544402795 0.06536998333727993 0.1786573893910093 0.17261421818055192 0.00015108536743122674 1.0734125037947087 0.6719811471019109 0.5905927110310238 0.9328783829027852 0.33115447890620103 1.037353490420597 1.4587913594401434 1.5770880117572126 2.0207660712635813 1.6457517962501087 1.0167152963735278 1.2305576970427032 0.8199868097626859 1.0499748124101314 1.0700703847399682 32.714316265428124
0.811411196216621 1.8371987756914672 0.07803688830392115 0.19973500594932195 0.17208828182749805 0.0011897750089000518 1.2597425637776487 0.7894874288339302 0.6943691718614784 1.0950503753602177 0.3892883352428888 1.2174646380866359 1.7123748314718497 1.851048269350837 2.372773240522326 1.9319067022803644 1.1932423281097457 1.4443015031277615 0.9624682323397743 1.2322261552232445 1.2558708782122168 35.89309616989208
1.2339583347094667 9.999678844678973 0.023172687311692766 0.16032420702956013 0.19988372668857962 0.0037354400818634353 0.8284955500260689 0.5186994392262557 0.45589505049757645 0.7201231108854199 0.2556366938128887 0.8006816002076681 1.1261472940531059 1.217402016630139 1.5599373114637862 1.270354642113096 0.7847231362205545 0.9498005406574862 0.6329031730208519 0.8103978031122149 0.8259099038409876 20.053142244643947
0.49653813268216834 1.9776237002099835 0.13504258849623677 0.1903699401317551 0.1999997200228571 3.2684316400282846e-05 2.061965464334957 1.2893654562482657 1.1327166192834748 1.7899368366266266 0.6348831546834328 1.985617622014334 2.7896572947045892 3.016602100998582 3.8778006856889653 3.1749392696822336 1.950749943164688 2.362832853920579 1.5723810115273034 2.010829848971608 2.048851661088199 50.5565163890263
1.0381005880732073 3.005670684773409 0.0555511216143625 0.15579861024635375 0.06928096306906006 0.009686793828737822 0.985142458502177 0.6165889870213109 0.541913739701251 0.8559739213708677 0.30385708190072597 0.9517168129748916 1.338580919142844 1.4470640729634743 1.854228960948119 1.510022648446538 0.9327740042992574 1.1290018749606412 0.7523147928054905 0.9632966587082731 0.9817355186956267 25.714483452677428
0.5760586000270663 1.1038751594910723 0.08667415758487984 0.1832551633099366 0.06866379238417615 0.02118140659587179 1.7750842393235622 1.1171056974252271 0.9781836131183062 1.5441013560879184 0.5476832625095752 1.7151750325882418 2.412301709498533 2.6078311651567785 3.336592387502639 2.7214927046602044 1.68122060248262 2.0349783086922715 1.3560269696807012 1.7367239563009613 1.7699880928978962 39.71812580787109
0.509290778632252 1.4422562690251914 0.10107539774074051 0.18977950210178315 0.14849095404725646 0.00038272645671788634 2.0084257226220634 1.2510125285646185 1.1032854577953257 1.7453250697466973 0.6184081697725338 1.940293816853548 2.7299950001953017 2.9443922691478615 3.787522353465617 3.082277386876166 1.9021187988974868 2.302188896228092 1.526907349643223 1.9539615178309997 2.0017792554181777 44.85763516490485
0.8237947778477178 2.4960283627993114 0.06792766808261773 0.19919282171834787 0.15482734066307086 0.002570925588768978 1.2416620493887573 0.7769816406980357 0.6828759645357635 1.0785800998591584 0.3828814745060901 1.1992272234494954 1.6867501476401088 1.8234903829856444 2.3362490314722515 1.9028609285896962 1.175431691482492 1.4228250130080786 0.9480288408249243 1.2138776461278338 1.2376464516590406 33.84084747361409
0.6369859401361391 0.7600798047015087 0.11962780198693056 0.19451393934496378 0.19999957348993463 5.449073285219681e-07 1.6051397115349644 1.0051308942218082 0.883472687674164 1.39529974768413 0.4952868250293008 1.5510793626999437 2.1808919836804126 2.3582064932445816 3.021586893391642 2.4605202602110743 1.52039098850666 1.840229937345683 1.2262683689486789 1.569994860182957 1.599848646452136 49.750886431633944
0.5383567189999894 2.200060977277858 0.08068706503286177 0.1917330496792468 0.10827816941764618 0.052087407803072014 1.900850687052908 1.1879084513805407 1.0438150438415175 1.6476853886704648 0.5852721909554256 1.8348534449138947 2.582308660564919 2.791147491875801 3.5771191078973863 2.9127569843962715 1.7946599112496449 2.1702895439161045 1.450673873059722 1.861203232634376 1.8966923837929548 41.68634322486847
0.7605028697057247 8.763151255619277 0.061031891903485264 0.15780660280210482 0.12659330236851646 0.06441594272391693 1.3443439973860347 0.841453354033285 0.7395617388549586 1.1681965740946598 0.41469707398472716 1.2989861666626359 1.8271169479492013 1.975201918885824 2.53123498705133 2.0612026574389573 1.273254031668349 1.5411884173198465 1.0269088760293175 1.3149749476640193 1.34009798252987 31.39825991612154
0.5064196743711016 4.034978453956867 0.14788579471837549 0.19540871231529058 0.1956906951797922 0.004033496900174072 2.0190311654133115 1.2634625770784704 1.1100842383863208 1.7545838678178802 0.6224713836771828 1.9497530421844156 2.743880577167112 2.9672897434863343 3.8016932682041578 3.096038126462127 1.9114581203552141 2.315023695680243 1.5417855685817974 1.9739450500710294 2.0118589875846 49.04361473996569
0.724869763406951 1.8334475579303176 0.10166544597635996 0.1999443625576623 0.19963237425102856 3.112986441020383e-06 1.4104517328296111 0.8831675708360006 0.7761131130992467 1.2258653183217896 0.43522696445226705 1.362934671275978 1.9170119357428435 2.071906057428083 2.6556172386526957 2.1624243500017943 1.3360781397980732 1.6170690714572857 1.077625903962321 1.3797612386277642 1.4061792680706782 45.13462046567579
0.5680782434930314 0.11847917930725199 0.04590065291275007 0.19996168299811326 0.1973620363646342 0.00017157877492013192 1.7996364230408142 1.1267331131974907 0.9903039268394361 1.5643886763200492 0.5553276453339964 1.7393057557097273 2.4462974737948775 2.644448723664362 3.388434658598771 2.7593726358103785 1.7045306924870844 2.0631305924724157 1.37477533116609 1.7603220977642458 1.7940165245757576 29.36793473492613
0.6728519532448735 9.731546086607718 0.09953091314365936 0.1735215042897875 0.12002437923744075 0.015984741510667838 1.5190856107868955 0.9528699863115457 0.8370609281484199 1.3200220789917028 0.46919542218479865 1.4678248457214302 2.0664860493536263 2.231971191250132 2.861318822071613 2.329294677794534 1.438836921002408 1.7412461363527694 1.161622736654857 1.4857725937297945 1.5142524965738973 38.79967328230595
0.7592653204014665 9.187561712110245 0.07182683846167419 0.1989475934745904 0.17535362433062932 0.028648133596204044 1.3471610831472425 0.8428880716116297 0.7412625720531211 1.1701551954731573 0.41540784869046693 1.3011742095328975 1.8300784623776782 1.9784789248202366 2.5352022143001243 2.0645135224066986 1.2753561885591649 1.5436365064143878 1.0286184345516693 1.3170849361769725 1.3422994107064656 35.935506336999914
0.5649725806592892 5.0931262523651135 0.11105336065506956 0.19991977322025484 0.19037415995786472 0.0005866332237988632 1.8087880534656 1.1327056243036069 0.9953372264361099 1.5718805477424123 0.5703507844680192 1.7481663055174461 2.459569174069705 2.6588025232352637 3.4072283856981715 2.774873619751312 1.7133676310925126 2.0733796204218415 1.3821014267817369 1.7705060767599285 1.8039702024712394 45.50064206825875
0.8159272353470237 5.482719983906868 0.0657447576545542 0.19379589923896529 0.1999231892149299 3.0256848152244584e-06 1.253743302907746 0.7850871590122046 0.6893793775161601 1.089725722809159 0.38741696830698197 1.2115826016955706 1.7034659543454596 1.841302690767713 2.3564792081437527 1.9207161568777402 1.1875575983950255 1.4371601763106236 0.9571023575475727 1.2260568893136792 1.2498257899991498 39.08985593994754
0.5443229835287818 1.2007691227533093 0.11736463421728781 0.19388645303724542 0.17017462513360868 0.010235658901444008 1.8725964235267945 1.1752272738807672 1.0331017564785574 1.6369544630279682 0.5796397358490905 1.8096977985516 2.5466657898461116 2.7625907074764564 3.5368845325272864 2.88162206258989 1.7793409331515722 2.1564785002496825 1.4331710284746095 1.8382607353635583 1.8767060768258976 43.79796382116781
0.5557270088205977 0.5045348788961048 0.08464696442758726 0.13819193235064764 0.15619994124945527 5.236252163354406e-05 1.8437315899737188 1.1500140257881348 1.011441565359837 1.5983874108317095 0.5677738185530603 1.7746508378641914 2.500309401412786 2.7032410975633 3.464104435305761 2.8219117912700935 1.746772934863501 2.106442404035659 1.4053178433730036 1.7996729170028027 1.8316625498274017 38.891391072962485
0.5514124860503626 0.9598843709974905 0.10461602619923487 0.16093385020201112 0.19384931497767074 0.008813099042950256 1.8556501784690986 1.156741083275014 1.0174078085897555 1.611360935094245 0.5705582619026991 1.7910331053858277 2.5191672069769986 2.725380513251819 3.490175663776224 2.843949825493704 1.7544996468991565 2.1266751018121965 1.4263097755716703 1.8136127477515867 1.843848357885253 38.775919310851
0.6645480667322226 1.6195533074300228 0.10811793407866796 0.19516157183888017 0.1971940277753128 5.346967665018508e-06 1.5380795358089907 0.9640629165841121 0.8531991530150616 1.3372675248235755 0.47454823999647533 1.4866069502404593 2.0898888900557786 2.259066040029569 2.8962319440733784 2.3591702726092727 1.456819508023736 1.7652928831709118 1.1753949981552794 1.5040214732243582 1.5328772433554436 45.953049255900105
0.6105711365623643 2.839779289523846 0.1233817873414856 0.17200330164309116 0.17825424881554064 0.025637032257057144 1.6750271543686488 1.0483527622103088 0.9249265531390236 1.4556207763810949 0.5280293032686225 1.6179569211830527 2.2731930625401446 2.4568773334429066 3.1547265168710372 2.5657125059500316 1.5857388480459476 1.9202930398656468 1.278721922502413 1.6392813613297539 1.6688833697447643 41.569782048711744
0.9000668232861916 0.21539900751745347 0.03126115758241286 0.1766780863880953 0.16320090598933612 2.852893112669297e-06 1.1358296168553235 0.7111263616124156 0.6250225313307404 0.9873512916967621 0.35048988908942225 1.0977492576680485 1.543974262902909 1.669042863937046 2.1386810031137324 1.7415938059903677 1.0758109510930887 1.302136415585895 0.8676783293951505 1.1110164127130304 1.132282465599667 32.398581177893774
0.7481790364865442 3.0207993722439817 0.06550299266302216 0.16082507726904838 0.19996041343264034 0.000989190188223695 1.3662991485853733 0.8554649548660265 0.7517925875796313 1.1873850985310557 0.428566981977964 1.3206786554358136 1.8567538662353122 2.008090720452876 2.5719051312227026 2.094997518083924 1.2940693051391816 1.5676993285258582 1.0437465589833 1.3364262643363833 1.3619910618447286 31.388973584262963
0.8020863751321379 3.628710616528098 0.0713756584118934 0.17650399218778326 0.1485771252223813 0.000231999724384523 1.2744981600689422 0.7980950551273679 0.7013406589357288 1.1079716488423041 0.3932557648245589 1.2317439927064266 1.7322502652553886 1.8757639843481668 2.3988269920335688 1.953579505712065 1.2070502512879906 1.4606014667394016 0.9739098787908792 1.2470187147216336 1.2706488254382227 35.055804698464144
0.7298550798337516 0.16007242269333194 0.02341748526117001 0.1999927364194986 0.1996635658475177 7.218171733558025e-05 1.4007359333878386 0.8769850309160971 0.7707955959161235 1.2176313824635026 0.4322354072130067 1.353775610216368 1.904058762647512 2.0582902549038313 2.6373654568274953 2.147747679704772 1.32671753785902 1.6058263168490023 1.0700487467828053 1.3701365641032468 1.3963623077573917 30.414803640712957
0.6495018367911551 2.699319718801424 0.09680983407199534 0.1980051078301864 0.18807955165578927 0.003975956625921485 1.5739744232461088 0.9850932584486922 0.8674983810100237 1.3683348050006263 0.48541036195985404 1.5208488608846011 2.143443233812635 2.3128304099777126 2.9644035477722737 2.408609758408578 1.4909521882966124 1.8035110786497388 1.2017476213464071 1.541483194142261 1.5697807564214963 38.812101540355876
0.6923768659291388 0.14161095408596835 0.010539453765430178 0.19999787637597743 0.19999999948107236 0.0024211087616958 1.4765578124647885 0.9244557451391325 0.8125180057346932 1.2835417917263527 0.45563232277270244 1.4270557272559945 2.007127287853381 2.1697077817048003 2.7801268258521183 2.2640018165533085 1.3985298607549757 1.692749812861171 1.1279708266924648 1.4443025982390825 1.4719477941080656 19.178017027553462
0.9677196952177224 9.123411591255744 0.029677737282412058 0.15854839396716663 0.15545499213811106 0.025022842041328652 1.0564579848841291 0.6613459285574035 0.583125605832366 0.9193593548167601 0.326511297679201 1.0208590114082259 1.4360021165948655 1.5522093399017338 1.9885070505057183 1.6197892730089487 1.0005423836273797 1.211022973014522 0.8069523793108873 1.0332778328309327 1.0530554348689294 23.669839395200576
0.762471462257475 3.7557513417852544 0.08293182865893546 0.1352525864735514 0.1957384962606078 0.0002502256433706156 1.3408655220485688 0.8394311148638163 0.737723095002409 1.165253664598528 0.4136661916249867 1.2956634452140692 1.822412629002038 1.9701262248872595 2.5242296912595847 2.0558889791701205 1.2700104315996508 1.5372012927308936 1.0243018589092383 1.311569709560932 1.3366765414658004 32.26543819357863
0.6346117233265685 0.12927703316927044 0.022375137356541 0.19940115416352866 0.1995124234503383 0.0011818143323320109 1.610958316211864 1.0086024695335973 0.8864759225803992 1.4003735502084291 0.49710533729888157 1.5569507031487764 2.1898219794292726 2.3672009196398562 3.033181973728606 2.470077130919853 1.5258269664771411 1.8468282805920802 1.2306416999281844 1.575766913783466 1.605928483593624 23.47228760059664
0.8145830043224523 0.21654225803642768 0.04859296006495703 0.1999999999981312 0.199999851713434 2.9956394020751405e-06 1.255041276851932 0.7857688554714916 0.6906251310535829 1.0909817877332917 0.38727790780629956 1.2129641814936942 1.7060060206421248 1.844194158507471 2.3630405804290113 1.9243585260251108 1.1887257494598902 1.438798741057263 0.9587493788621367 1.2276237480208987 1.251121898580382 34.04769372364001
2.317891911596463 9.99999999999477 0.0032735334208118826 0.03694988615575071 0.13718548584373808 0.014253449010998983 0.4410622139568592 0.2761500430356203 0.24271186499584793 0.3833974860139976 0.13609954032073274 0.4262708878317195 0.5995411082516292 0.648111133722252 0.8304544820544323 0.6762873372377093 0.4177577829479086 0.5056395217672899 0.3369352408162746 0.43142666629614657 0.4396843622613876 2.392838440265816
1.3800279708943581 5.10492798349343 0.020594876635054226 0.12917528270463427 0.19992064858711403 0.024779753586646337 0.7408034563062497 0.4639583540568631 0.40783142209255063 0.6439220973992954 0.22867493087710564 0.7159370148855472 1.0069504169783274 1.088537463270544 1.3948071504539052 1.1358814974836768 0.7016604150368762 0.8492646277103868 0.5659721807888082 0.7246197971388595 0.7384899650307313 15.17956284958609
0.7134649481357637 1.6204069154654037 0.09465741491787179 0.19863487421770126 0.19055982981945435 0.0016598256803275976 1.43236104832688 0.8968608910133166 0.7883253698439022 1.2449388208298633 0.4419764775902304 1.3844852884789698 1.9473016626881636 2.1040481475437938 2.7009588187439766 2.1972823331045035 1.3570335663910238 1.642420872789215 1.0944544801674279 1.4014594291840954 1.427993573589966 38.03524274276474
0.5744524374381278 5.7046696292171815 0.12454327550068553 0.13218662902652284 0.17638581613661009 0.03712576925520778 1.7851493155576887 1.125759467236338 0.9790751033501487 1.5502426232211426 0.5489819917051333 1.7201474070828693 2.419496946121988 2.613924475049179 3.3359183827976118 2.729815915287466 1.6867653245396341 2.040882873145238 1.3630708036507528 1.7463514033336862 1.7760714094472072 39.44772454184037
0.6836901528646377 5.883018885451515 0.07948142751559714 0.19695258237606586 0.15335957988315277 0.029997966820471258 1.4952051768669907 0.9360203863235831 0.8230396266127464 1.299638547538371 0.4608297907763689 1.4448791285280616 2.0325235822404877 2.197209963729819 2.8154288457513963 2.2925597652446825 1.4163614232053574 1.7145849525071664 1.1425824680266092 1.4630150659693384 1.4907842821194732 38.46063517775968
0.7416509630979654 4.219275597657018 0.05872479207681474 0.14859199097436293 0.19645629356618607 3.891977072744082e-05 1.3787277585477593 0.8634810324770754 0.7589815269567199 1.198115308088226 0.42480382976009823 1.3322468049857443 1.8732430897905892 2.024828859956813 2.596051266850546 2.113217973215867 1.3059486210978635 1.5804061326807624 1.0534328417983807 1.3486411950759634 1.3744322283064232 33.42581675667922
0.5299620727157319 4.111125491961893 0.11328143405705035 0.19976500220868904 0.19985640091050524 0.003563451134544176 1.9272985170299837 1.2055283302155506 1.071144115068718 1.6718941280695319 0.5920471468000196 1.8657159689136014 2.619896076799627 2.836068880534144 3.6303424108500586 2.9598203787890727 1.826387072367245 2.2110355150275476 1.4719242541146866 1.8853825335676055 1.9315988993310773 44.346579347379034
0.9238078294223996 1.6493631833831566 0.064979214173638 0.18856396412065246 0.19923816496317093 9.800883265913701e-06 1.1065914434131099 0.6928396473996358 0.6089427855690169 0.9618446916851201 0.3421139172322825 1.0693960280032833 1.5040658713494302 1.6257463513997878 2.083477808882289 1.6967522038489238 1.0481128528528325 1.2686123448295061 0.8454029135367491 1.0843166699910152 1.1031330474101424 36.36739931359488
0.8402195334351532 2.444362696263928 0.06591947949082969 0.18555645533235898 0.12866294473834838 0.0006837457583168073 1.2165800319643993 0.7617123756571488 0.6694501691248814 1.0573662739227834 0.3753638994024115 1.1756366479876474 1.653510066822058 1.7875441300705643 2.292706994226289 1.8653587126090123 1.1522915584315245 1.3946900232631043 0.9293686006711199 1.1900059226990727 1.2127590732541988 34.003769094811446
0.48711123149847363 0.1479078263602992 0.14073821458908323 0.19996185133560831 0.19999989762037035 2.471079011231882e-06 2.0987900693618577 1.314040552948272 1.1549353765481083 1.824436715970305 0.6476522925075157 2.028421817689931 2.8529108034246717 3.0839845516072857 3.951620350987949 3.218014285683867 1.9878566947747984 2.4060803271725724 1.6033075857651131 2.052939682753104 2.092235105948259 39.30776867555979
0.6734772955880266 0.14610091717754647 0.03576071228753074 0.19936593983274825 0.19997939215006838 6.442338803277051e-05 1.5179939608046136 0.9503988974174129 0.8353201310285212 1.3195614308846277 0.46841858910957945 1.4671026033548993 2.0634512198140347 2.2305937948861327 2.858144078009293 2.327538364138163 1.4377782118274767 1.74025268702388 1.1596243758423481 1.4848331307914864 1.51325424800586 30.528180044950915
0.578518678242154 1.9555354587363212 0.11270609577472913 0.19978085736949233 0.19771944323832497 4.917604159206594e-05 1.7643922399735263 1.1097819005258722 0.9706945602743092 1.5348167032907998 0.5449027978445785 1.7061509482778083 2.4092404401427507 2.595314668288557 3.3277211964471434 2.708744278268025 1.6730101038719198 2.0272283901573114 1.3482070330334694 1.7272392350854355 1.7608570263074619 46.239213607949445
0.7250100020718634 3.1400641192524033 0.07437822899899602 0.19828844329362671 0.12821702683734212 0.0004990904311727468 1.4101843738480406 0.8828290683352461 0.7758918276521547 1.2255125502609683 0.4350335514739815 1.3625171415468742 1.916382150113698 2.0727729480819885 2.6551378558343086 2.1619938063998383 1.3356447434079246 1.6165103219049448 1.0771281064340192 1.3792098111465896 1.4056099451338964 38.2410990758536
0.8016429948907969 9.981323458104747 0.08850918333978292 0.18432272013842466 0.19289786583289648 3.2800883432892694e-05 1.2749640758173597 0.800158117803418 0.7015291372268818 1.1080256829917554 0.39340473662581804 1.2320807701720995 1.733649307793745 1.8737445086903588 2.4021090702428736 1.9553808240588166 1.2078988853366468 1.4616334378056688 0.9742421042005353 1.2471235926941615 1.2709531554102906 39.29926085765884
0.5972664199410311 0.11998910374797567 0.02700574218406427 0.1997081122558773 0.19757617235812502 0.0008653511205421299 1.711689198222028 1.0716688360306308 0.9419058772601739 1.4879369039578367 0.5281886137949863 1.6543047249988907 2.3267489088582063 2.5152191810522586 3.222843198533914 2.624526306462834 1.6212332785341514 1.962307343726826 1.3075917529135805 1.6742972370420433 1.706344745851013 24.918187656526065
0.7022125268102989 0.2020086209726406 0.08721321193823989 0.1934664662416893 0.19998166014421775 1.4867843481033663e-06 1.4558762973874733 0.9115147727750303 0.8011501499304903 1.2655631280135293 0.4492518779409931 1.4070646931075905 1.9789839779264855 2.139271368581296 2.7411328978604605 2.2322627131268704 1.378932216495949 1.6690366542131712 1.1121681485083854 1.424065829162513 1.4516020705320816 37.094103400879014
0.6560218513301823 0.13871824999558197 0.029350207040094996 0.1968466888152793 0.19816286121904478 0.000122365953440432 1.5583939779883165 0.9756885483566885 0.8575486980586718 1.3546762781858304 0.4808833959299318 1.506144693720313 2.118388482353289 2.2899684758628087 2.9342913191419773 2.389241081829689 1.4760381762376042 1.7865654891440106 1.1904826808407558 1.5243482045601737 1.553524490708197 29.614928363147474
0.5793947809288088 0.11292746796925573 0.02055697997801838 0.1999993837307754 0.1999473466036601 0.00016881859720620866 1.7644869601943265 1.1047243276399992 0.9709584470498993 1.5338326494661472 0.544480653678343 1.705331931962107 2.3985191727751167 2.5928035706951236 3.322253873327571 2.705479365348402 1.67123961851513 2.022835379295538 1.34792517753045 1.7259420800142324 1.7589779312659046 30.330803780767447
0.9150623363137387 0.32542035969985655 0.05776611287647732 0.1999999921333454 0.19999923066952613 6.194874348677865e-07 1.1172332024936655 0.699491934057847 0.6147963672038972 0.9711870693545607 0.34475517011565227 1.0797725357096832 1.5186672824386114 1.6416805130256875 2.1035595967622944 1.713059161597871 1.0582019059239776 1.2808124045378333 0.8534755659755233 1.0928257955275344 1.113743848732126 37.358608447399305
0.8882757248983834 8.981185203003626 0.06962398050304928 0.13303514874512065 0.199090764290181 0.03632914575873242 1.1509019733062216 0.7205135102296104 0.6332559341337807 1.0002406168198181 0.35854529257760553 1.112181094769107 1.5643679076002233 1.6910677307098252 2.1666624979445297 1.7646644241458265 1.0903450471245884 1.3196563947020636 0.879197581488801 1.1257597453963837 1.1473167997691698 26.741961007019178
0.8543353918603152 9.215741320128146 0.05859609950323497 0.19970717888831255 0.1918701684792453 0.00017061533504024025 1.1964804367749449 0.7490309126842782 0.6584362963709904 1.0398617119112838 0.3691616056908989 1.1562485113623728 1.6264001883160386 1.7578555414875492 2.2549146148776003 1.834400757254399 1.1332585078942083 1.371622085686833 0.9139987239792721 1.170330362206749 1.1927155829106482 34.40548428808838
0.5253407261570476 1.3657001192556613 0.14762385944243103 0.13910498249052142 0.15684584891737585 0.05722331545669317 1.9458009452514877 1.2183403002200393 1.0758784734556603 1.6915042575917278 0.6259283977688531 1.879932890197397 2.644254195009432 2.8586879166819816 3.662180887990751 2.9827997544137834 1.8416267788364922 2.2309542011436325 1.4864976302236919 1.9034387298412767 1.939912187005233 43.08199805687367
0.8116790659496712 2.99212533964641 0.06967220558602549 0.16246963487387708 0.1819090060382912 0.015389454646610297 1.2600056614343818 0.7886240813267711 0.6930463455879514 1.0945752524711059 0.3884934241233239 1.2174118849635955 1.7124768083378141 1.85027149842673 2.3708860038721817 1.9326994616038773 1.1933563505076683 1.4445878418960953 0.9623383873683728 1.232254138568973 1.2560608780148548 30.13567121721789
0.7574570310174734 0.16265838587953438 0.00966945335074475 0.19965354178587183 0.19250523128904257 0.005130069171918644 1.3496916649496948 0.845026646781073 0.7427067674946223 1.1732596138192712 0.41648430277116977 1.304442655861109 1.8346733178129315 1.983284523134279 2.5412571110309443 2.069480613732423 1.2783700599873264 1.5473084560420105 1.0310551919928157 1.3202075218470402 1.345477533782416 16.75053439737513
2.3173256260817525 9.999999999635325 0.0031652202176037547 0.037081372707772405 0.1330136128350146 0.014331123541400408 0.4411699986691137 0.2762175274570335 0.2427711782204247 0.3834911730028816 0.1361328003527693 0.4263750538717424 0.5996876135403402 0.64826950902425 0.8306574180730016 0.6764526014481465 0.41785987232487354 0.5057630886893251 0.3370175809470674 0.4315320974237088 0.4397918114266592 2.3967556363207976
0.7732474525693497 4.007657199211725 0.09171062904732115 0.19148928084523298 0.19999922654868715 4.385788408430988e-06 1.3219271479342216 0.8276557941258598 0.7273864625574162 1.1489217304712265 0.4078551525334415 1.2775415589256784 1.7966277896193823 1.9427209790637738 2.490328480897708 2.0278572605813645 1.2520431166447084 1.5154025101546662 1.0098590739540811 1.2930521004901874 1.317931896614748 42.04838069721793
0.7892410342373644 8.580476328137545 0.0731519004707191 0.19999040007236513 0.19851066829549402 1.6625193232059931e-07 1.2961735020565484 0.8118534940754507 0.7136921759170682 1.1257347309501313 0.39962869923226185 1.2517703764074049 1.7614144650473582 1.904109146295841 2.435267327126583 1.986647589514372 1.2268494809532404 1.4861994294698848 0.9894965151113837 1.2673921938459158 1.2923871463302155 43.969447275894645
0.5593505666760997 1.2916677276058355 0.11665800375306729 0.1652488370027382 0.19991630932909096 2.6992545136700848e-05 1.8254951587315684 1.145380983413268 1.0048261859417114 1.5875029502792468 0.5711154703716889 1.7641536516412226 2.4831679650312775 2.6982081158576894 3.44074372487925 2.801512295474664 1.7293735711244853 2.0919515026905153 1.3956368959063121 1.785282604789076 1.8193693226034768 44.850043330509855
0.7609131456716586 2.2746649860473727 0.0874545501933846 0.1047057352844993 0.18418262665236054 0.024295089834318134 1.3440783218548413 0.8426589964738074 0.7395616235739395 1.16770288289337 0.4145127752853301 1.298481956733086 1.82605193046235 1.9754976958303234 2.5257495160608836 2.060084522973497 1.272773061362763 1.541962638552664 1.0263964900967633 1.3165802034955782 1.3396537969773767 27.939566054785107
1.005454727200964 0.31279078892873496 0.03159503073675705 0.1999999995489294 0.19999997208816042 1.415288301131896e-06 1.0167889197688311 0.6366023882795435 0.5595207549209045 0.8838733979087148 0.31375828227371005 0.9826982619014123 1.3821399861668646 1.4940957845276361 1.9144500626704781 1.5590519358208805 0.9630656839344508 1.1656622311735634 0.7767437024206245 0.994575917461205 1.0136133606455868 33.41434400987411
0.7483546642931245 0.159609886250571 0.00975739652854563 0.19998507351111297 0.19620435829471675 0.002622594177441725 1.3661093804279256 0.8553055878714007 0.751741107666131 1.1875312507444067 0.42155046025770704 1.3203100794463327 1.856990555199471 2.0074094282179504 2.572169153312577 2.0946534134887522 1.2939198396857725 1.5661299643189772 1.0435969889644925 1.336266594342838 1.3618439882120945 18.757172983724832
0.66245446399092 3.6212048084666164 0.08271087483253257 0.19988771373318542 0.11667878713465996 0.00099736049498286 1.543475364782811 0.966190106818517 0.8502696953204262 1.3412737577570726 0.4759977075612765 1.491749677697825 2.097776388182539 2.2677321949732763 2.90425260504985 2.3662238923080197 1.462455521968963 1.7695418722981646 1.178936344308179 1.5100779370027746 1.5388334061483584 39.824477864691666
1.0077900433082865 0.4110994416896084 0.04857324779350211 0.1999999999942724 0.19999999994712023 5.884177843102148e-07 1.0144358041042516 0.6351317304462862 0.5582291234449948 0.8818262297590816 0.31303185960140284 0.9804194733866136 1.3789284235228687 1.4906250830542231 1.9100105048768337 1.5554443387685168 0.9608374088888418 1.162963998551713 0.7749463814966756 0.9922740637218752 1.0112674685077567 36.42360678800348
0.5317010712670645 6.480457514883338 0.09529270266034962 0.1393424753977046 0.10909159398846248 0.0007205166849813152 1.9228740606896169 1.2031893910154956 1.0584442254824096 1.6691616183335625 0.6129267323143548 1.8558362092429939 2.6128782817442575 2.8253228912952384 3.6203585268048357 2.9492661053886793 1.8196972437671268 2.20499975871961 1.4682272311613942 1.8807617506751353 1.9151976807642728 39.60480267719405
2.3142720003682418 9.999999999999998 0.0031501887330785913 0.03722217526782047 0.13242127020656236 0.014313430986398775 0.44175212385577767 0.27658199747817397 0.24309151762025252 0.38399715932007317 0.13631243157368392 0.42693763501875087 0.6004788611545705 0.649124864134538 0.8317534372685959 0.677345162107266 0.4184112379567442 0.5064304507681621 0.337462284689775 0.4321015111000053 0.44037212440594997 2.3978151116592383
2.3178867540658317 9.999999999913538 0.0031678387998197717 0.03705611044523428 0.13314074111033086 0.014334182266575684 0.4410631924770956 0.2761506551376386 0.24271240280098277 0.3833983369883262 0.13609984232526937 0.42627183344693276 0.599542438748345 0.6481125719673011 0.8304563243496881 0.6762888377809737 0.4177587097173064 0.505640643526598 0.33693598835226324 0.43142762354091574 0.43968533773438623 2.396507141836745
2.3172019291655674 9.999999999999998 0.0026782254755073555 0.03757434948730278 0.11364743634321242 0.014693428224244832 0.4411935432873562 0.27623226850009236 0.24278413404111487 0.3835116369968781 0.1361400626292397 0.4263978081835146 0.5997196171421592 0.6483041060778516 0.8307017514222204 0.6764887041541231 0.4178821732609664 0.5057900814218359 0.3370355667277367 0.43155512797928214 0.43981528286054317 2.415746684344524
2.317889216980208 9.99999999999847 0.0031677707093375053 0.037055922539429915 0.13313862586698896 0.014334288261327871 0.44106272656985973 0.27615036398373854 0.24271214698611215 0.38339793161026364 0.1360996985093549 0.4262713832588526 0.5995418051399135 0.6481118871071501 0.8304554472826355 0.6762881233774309 0.41775826848891756 0.505640109439994 0.3369356324288523 0.4314271677813707 0.4396848732912028 2.3965101128622193
2.3177210964729182 9.999999999999998 0.002626160605638142 0.037604796775524765 0.11155877003778135 0.014739875047925186 0.441094720524436 0.2761703956884955 0.24272975317957307 0.38342574082735426 0.1361095711314625 0.4263023032164168 0.5995852927488857 0.6481588982340557 0.8305156857178412 0.6763371795489679 0.4177885721633024 0.5056767881690089 0.33696007367515535 0.4314584632086271 0.4397167677280642 2.4175701413953745
2.3178897099371425 9.999999999999996 0.0031677638441195864 0.03705587878745287 0.13313843430243144 0.01433430203299787 0.44106263287661446 0.2761503054457078 0.24271209555577383 0.38339785007936655 0.1360996695867657 0.4262712927289465 0.5995416777131264 0.6481117493742343 0.8304552709123505 0.6762879797113268 0.4177581797666786 0.5056400020345443 0.33693556085310683 0.43142707612913417 0.4396847798918888 2.3965106288571487
2.317866414473007 9.999999999999998 0.0026297937227570253 0.03759527301336264 0.1120305545382343 0.014794744114930564 0.44106706557771685 0.2761530810765163 0.2427145350685706 0.3834017029851059 0.1361010373504084 0.4262755767511265 0.5995477030927915 0.6481182630438377 0.8304636173711265 0.6762947768634496 0.417762378527148 0.5056450839458798 0.3369389472039439 0.43143141217884967 0.4396891989129673 2.4138684527094534
2.3178808726624185 9.999999999999998 0.0022017562740623384 0.038022922589854055 0.09540620124508964 0.015129027332462052 0.441064314175888 0.27615135824569964 0.2427130207616342 0.3833993114753813 0.13610018841479746 0.4262729178332261 0.5995439634390232 0.6481142204664123 0.8304584374083269 0.6762905585663946 0.41775977277782345 0.5056419297318987 0.33693684539682356 0.4314287209560907 0.4396864561364468 2.4277413277676083
2.3178901022035583 9.999353410110002 0.00297562874315995 0.03724814949328238 0.12538447843392816 0.014472949910963576 0.44106255817637907 0.27615025855980696 0.2427120544653578 0.3833977851243775 0.13609964654166648 0.426271220583367 0.5995415762298879 0.6481116397133119 0.8304551304289317 0.6762878653361124 0.4177581090798238 0.5056399164400133 0.33693550381002685 0.43142700309334486 0.43968470545677696 2.4045513702824914
2.317658581011809 9.999999999999998 0.003115167835232668 0.03711795583674962 0.13100161639950014 0.01436947676855695 0.44110661882709706 0.27617784517443894 0.2427363007225238 0.38343608289703623 0.13611324265756825 0.42631380192963947 0.5996014651791832 0.6481763808747671 0.8305380872489698 0.6763554225104658 0.417799841514502 0.5056904285713861 0.3369691631024758 0.43147010159045573 0.43972862891301145 2.398812845098806
2.3172898258819257 9.999999999999998 0.0031618733812601055 0.03708667458436935 0.13295220977233443 0.014330506838461952 0.4411768061394926 0.2762217896042444 0.24277492408524737 0.38349708888768 0.13613489824596217 0.4263816328817507 0.5996968668891891 0.6482795124911092 0.8306702381491057 0.6764630407654235 0.417866320306126 0.5057708934356709 0.33702278073209496 0.4315387562088468 0.43979859775172414 2.3968144061400745
2.316585620766105 9.999995218153666 0.003082629776030724 0.03719447376117819 0.12968408135873744 0.014383526105161998 0.44131092488481904 0.2763057596224197 0.24284872627852444 0.3836136657636912 0.13617628139668148 0.4265112485630269 0.5998791680473561 0.6484765839741636 0.8309227581843445 0.676668684058156 0.4179933518697345 0.5059246507171373 0.3371252374336099 0.4316699462084411 0.43993229890996405 2.4003405092363104
2.3178899425671324 9.999999999999998 0.00316784321597995 0.03705577580900551 0.13314141879986904 0.014334232572308358 0.4410625886103979 0.2761502777524491 0.24271207121952337 0.38339781158753583 0.13609965592590526 0.4262712499510692 0.5995416175334219 0.6481116843229092 0.8304551875678289 0.6762879118361773 0.41775813783072896 0.5056399512925716 0.33693552703660473 0.43142703282612754 0.439684735765381 2.3965087814312294
2.3179075663252404 9.99962834424257 0.0031467196251016446 0.037076199031257646 0.13235362428820707 0.014362407225620188 0.4410592343657221 0.2761481773929669 0.24271022509537807 0.383394896331815 0.1360986209950147 0.42626800827126043 0.599537058522288 0.6481067558963306 0.8304488719961737 0.6762827688308568 0.4177549606439958 0.5056361059428293 0.33693296465565375 0.43142375182992787 0.43968139198689876 2.3966763837349863
2.317907959262586 9.999998884869825 0.0031630652542935186 0.03706159040131853 0.13295234472573084 0.014338194555963095 0.4410588863796517 0.27614795291128913 0.24271002702879627 0.3833945986127491 0.13609851430005732 0.4262676710989784 0.5995365892658643 0.6481062476233628 0.8304482150515774 0.6762822355986087 0.41775463040185945 0.5056357064693688 0.33693269887721927 0.4314234117614752 0.4396810449095454 2.396641799520114
2.3179050434902377 9.99998551736292 0.0031555304448066383 0.03706900935269027 0.13266274039031434 0.01435247338318179 0.44105952728566006 0.2761483530538405 0.24271038054297472 0.38339515476606356 0.13609871192563824 0.4262682906896989 0.5995374597150428 0.6481071887832569 0.8304494222385065 0.6762832182955818 0.4177552377103672 0.5056364412716572 0.3369331884797512 0.4314240386700761 0.43968168384598516 2.3965439006760625
2.317929676527608 9.999909362479178 0.003097112856128454 0.03712737482275201 0.13041329742241745 0.014404036524916206 0.4410547216080411 0.2761453406804571 0.24270773571097837 0.3833909797846437 0.1360972308691508 0.42626364642387893 0.5995309249488031 0.648100123075317 0.8304403609459853 0.67627584376892 0.4177506862933581 0.5056309305633689 0.3369295187115174 0.43141933822979217 0.4396768931558849 2.398278158018396
