0.6634425484321198 9.99991681847834 0.035885915900480195 0.1796391903615315 0.18815360220945668 0.025047912368518215 1.101237441010959 1.3290332122083992 1.1052413654183553 0.9784026506004067 0.592957888907662 1.110597667910739 2.031498876825378 1.4233874514585558 0.7544007782135052 1.4608561736222732 1.4792165568651783 1.5767815470260242 1.6588806726922638 3.517660456823496 1.9402890684251586 2.1416202681988477 1.9901038020660353 2.6255948406821785 1.095932687173306 2.778700273324539 27.671643383898935
0.7828528358973993 6.578028753844163 0.0195234752058017 0.15935508962277237 0.16897462279750433 0.025473133208449208 0.9333775904736634 1.1253542240478087 0.9365235322367517 0.8291267888364896 0.502547777625944 0.9411607967081539 1.7216900313610815 1.2063398754787171 0.6394358395086217 1.23810050875757 1.2536371429367117 1.3363195689946152 1.4059077377653162 2.98089625383145 1.6444005279064624 1.815058330938947 1.686616767033648 2.2252566298709415 0.9288901552379288 2.3550489008342477 23.905726367333457
0.5895386489555823 9.99999950931752 0.03927473158521411 0.1999808920592433 0.199078694598299 0.0068056130259976115 1.2393372789975394 1.495978316789017 1.2439187062589288 1.1011265163094381 0.6673749063636547 1.249846829911338 2.2862240295771548 1.6018786701452898 0.8489867760606552 1.6441033936686045 1.664728273679189 1.7745481815474562 1.8669617918688761 3.9574884277420335 2.183652565832325 2.4102590246859776 2.239729294038765 2.954975051292139 1.2333694646991953 3.1273151447641387 33.07651175660878
0.600273056774378 9.999969000109164 0.03845878150436725 0.1997356488862826 0.19999999966732418 0.0015770820822446274 1.217135273048575 1.4691203287342889 1.2216156326880732 1.0813922230372195 0.6554169296278215 1.2274617742584237 2.245281981892956 1.5731858075763587 0.8337811476062696 1.6146477727114388 1.6349021286970267 1.7427566264368042 1.833513250866532 3.8868371733152847 2.1445148210407194 2.367050151358502 2.19960061408459 2.9020052126180813 1.2112735025816528 3.071247014333976 35.50096442859158
0.6210454775909379 9.818391918667885 0.032938839026553646 0.1995907916636966 0.19211621159088219 0.01194333338666558 1.1764490529196707 1.4199353591346742 1.180765333121235 1.0452406592826198 0.6335063842461994 1.1864402424664109 2.1702478033910504 1.5206065481844648 0.8059118764792833 1.5606779201156917 1.5802534214811852 1.6844979413304673 1.772220040119113 3.7570652500490582 2.072833446410791 2.2879335192009065 2.1260627091008937 2.8049754484645266 1.1707841503235503 2.9685521157630403 30.755632852704903
0.6166628103688337 9.999999943419141 0.044138828627967565 0.17108834864171793 0.17090397824328982 0.013679983096676339 1.184808420255687 1.4300615316042997 1.1891683012901475 1.052676509423806 0.6384302729620249 1.194861265246863 2.1855935927379817 1.5313762606039112 0.8116267256697798 1.5717359911799107 1.591456089301356 1.6964461270504492 1.784792593938015 3.783869904138635 2.0875506729332542 2.3041764490907006 2.1411541412816777 2.824875019346573 1.179102392651566 2.9896212286279398 29.622540160657184
0.5848443292946819 9.99896656934608 0.04086265839885402 0.1999999381119663 0.19962067227322744 0.0016505447435406235 1.249290277526729 1.5080109625229743 1.253912814362857 1.1099706047791948 0.6727345689983169 1.2598818763920598 2.3045838854866014 1.6147426569577046 0.8558041583348466 1.6573080726156737 1.6780989209842772 1.7888013433349215 1.8819576706685404 3.9891199687335366 2.2011941910305954 2.4296233632757636 2.2577219392718706 2.978727599299608 1.2432745642889678 3.152460849556499 35.772809908714656
0.5833117016386786 9.99906397308106 0.046843953696731035 0.19171356398359238 0.19961980507749977 0.002465035802517791 1.2525691799200938 1.5119784123856173 1.2572083091175146 1.1128880259110931 0.6745036738720146 1.2631863550759581 2.310601307249441 1.6189735548369233 0.8580494785922748 1.6616490075659571 1.682495615716801 1.7934891123562147 1.8868952961309093 3.9997405282768104 2.2069566528403084 2.4359770774136504 2.2636314930981163 2.986537889472951 1.246537524602312 3.1607149522123605 34.81132456986302
0.6086216368954135 9.999999695744958 0.036353710679423064 0.19949250591772366 0.1954393546329972 0.004101274392556066 1.2004657398843324 1.4489860904315195 1.204885911942435 1.0665848656141617 0.6464415679486332 1.21065598099057 2.2145381362421857 1.5516447733272443 0.8223627329361266 1.5925379797795043 1.6125139586647672 1.7188872844439271 1.8084007105549913 3.8336829736791413 2.1151527159448498 2.3346460256200756 2.1694691896064113 2.8622522070516063 1.194685190714841 3.029173327287928 33.69499627504946
0.6598044607948332 9.999983073657564 0.022639115432716676 0.1995570566344211 0.1695648518162309 0.03229670338711913 1.1073269193993256 1.3364060758122516 1.111361188283776 0.9838182325019543 0.5962813908487258 1.1167452788015204 2.042771967021833 1.4312746730760053 0.7585644856069472 1.4689819874185317 1.487405335698887 1.585523553474071 1.6680905962282933 3.536614797487601 1.9510394047536233 2.1534987309828337 2.001140292976663 2.640156563439346 1.1019952033379254 2.7941221935927922 26.804901199916525
0.6058525262793716 9.99998686427957 0.033918670771071226 0.1974530974292106 0.1779903052706888 0.012892392004517141 1.2059449449321955 1.4556033802188162 1.2103854526562368 1.0714523583772912 0.6493916971745732 1.216177390972421 2.2246309628514545 1.5587188839530808 0.8261126504123514 1.599800912373585 1.6198697248954221 1.7267296976223176 1.8166524872076877 3.851158475515342 2.1248069536904377 2.345302273510779 2.179371324623657 2.8753193825812806 1.200137791746801 3.0430045914830193 30.693904707663044
0.5955403407665883 9.999869900044395 0.044043575129425735 0.19146151792508778 0.19996762152801842 0.004320788930014285 1.226827930821992 1.4809420484420732 1.2313544149100473 1.0900088260147573 0.6606387338981426 1.2372304970843595 2.263124148143416 1.5857014658414494 0.840548468418313 1.6275061391755987 1.6479138490501246 1.75662355675644 1.8481012445401765 3.918045165676142 2.1615847919467885 2.3858968501654814 2.2170964516688865 2.9250709471210046 1.2209173048306547 3.095637229915552 33.62807371311474
0.6220152962626844 9.99999926698725 0.03428025237300746 0.1999919376119362 0.19986070715446647 0.006562153924957627 1.174594076672499 1.4177004694296418 1.178901893078348 1.0435916377326995 0.63250659585937 1.1845709040923937 2.166830423126139 1.5182116732564714 0.8046426574174236 1.558218909202999 1.577762873724844 1.6818424600394568 1.7694258207783895 3.751201199763212 2.069563914087694 2.284324426095692 2.1227091713232906 2.8005503665791687 1.1689381750398218 2.963869516067089 32.35395328690879
0.6656678925544611 9.999579186449429 0.030147055499029435 0.19094444273394112 0.19448459773624252 0.02310227853709837 1.0975724096055735 1.3246162169031839 1.101565996907609 0.9751495563315644 0.5910277195083002 1.10690942047646 2.024782945406426 1.4186678695943795 0.7518824964300869 1.4560413432409443 1.4743020590810854 1.5715557701115612 1.653395397138432 3.5054833277708553 1.9338516296420962 2.134527331394593 1.983511185639234 2.6168982022682736 1.0922873859006024 2.7695079235230162 27.730396347215425
0.6239963183599225 9.99999968906223 0.0350753641677139 0.19701120062236624 0.19246095517453443 0.002554215400389818 1.1708806976011346 1.4132134873255722 1.1751741513009384 1.040292442851381 0.6305076206415541 1.1808260917990252 2.1599796256516677 1.513410739342989 0.802098094624653 1.5532911699161023 1.5727736322660995 1.6765244049416832 1.763831058935702 3.7393683382230534 2.063020973156142 2.277102511054437 2.1159981881309267 2.7916968808733498 1.1652426186058975 2.954500061433018 34.112352535348556
0.6945566279067086 9.99987371184457 0.023907304685040487 0.18867320447481964 0.17857568034286406 0.04101929802913622 1.051916842874166 1.269439053032652 1.0557215605562704 0.934577295611223 0.5664389723077472 1.0608728792938789 1.940582746422624 1.3596622417780768 0.7206081757920862 1.3954753828539939 1.4129755340669368 1.506183387576996 1.5846185845133833 3.3597564500644563 1.8534093053193619 2.0457372177618254 1.9010029034721851 2.5080448261839474 1.0468520385865665 2.6543088102590393 26.019160969484748
0.5838615302805413 9.999998218599503 0.03393556115442992 0.19993930577020425 0.18119067569039501 0.020472045486694963 1.251434552846162 1.51060817678646 1.2560769225700155 1.1118886902887812 0.6739280076791553 1.2620434525683901 2.3080475469196053 1.6174829164242301 0.8572985597436199 1.660126089019604 1.680954464110876 1.7918436774120536 1.8851584712721587 3.996805576726853 2.204587840466045 2.4331751001437802 2.261157177793025 2.983484452017965 1.2454120002624702 3.157752730343184 29.99266678885156
0.5981890907073635 9.99958483073238 0.03843195074659947 0.19941765332124572 0.1999388046473161 0.005446515378567948 1.221380413828903 1.474254026870203 1.225881247908973 1.085165730313125 0.6577032994344741 1.2317442566190697 2.253109363942977 1.5786737987937456 0.8366881760478201 1.6202831249547895 1.6406080548023003 1.748835183925517 1.8399082851063684 3.9003171263628094 2.1520082587046376 2.375328935601344 2.2072720958792367 2.912132631853278 1.2154990893804292 3.0819729254098873 33.37396300655972
0.6300255797540746 9.999339164212433 0.027604732976458345 0.18387535467515362 0.13523570165844817 0.02838283449003046 1.1596733887694102 1.3996680162726898 1.1639234917032324 1.03033574711796 0.6244738766619751 1.1695177578106102 2.139263365787724 1.4989002931127369 0.7944094255850196 1.5384007385729257 1.557701555625209 1.6604625642921296 1.7469359687836619 3.7037150630219684 2.043268527754488 2.255297976186093 2.095737654713569 2.7649620925815945 1.154088449679401 2.9262067177944795 28.051812426854216
0.6753659330016193 9.999999978972589 0.023930800923007187 0.19859294851522719 0.1993112170007226 0.035790063247867855 1.0818094649617926 1.3055639455338637 1.0857368600905135 0.9611411252820041 0.5825379506751799 1.091016684731301 1.9957203107374522 1.3983005919846363 0.7410871561799841 1.4351349317696587 1.4531321001870439 1.5489882815131675 1.6296520082887958 3.455169801271995 1.9060789975238146 2.103872691046784 1.9550253282361798 2.5793153498883092 1.0766008335796087 2.7297328382843578 26.14071063750113
0.6237132462454028 9.999999983701812 0.03382363256806085 0.1999700448843442 0.19861832524926729 0.006127887765018346 1.1714114309138297 1.4138615693232044 1.1757096479197773 1.040765555842949 0.6307941258879443 1.1813622406920063 2.1609602835822783 1.5140983304085815 0.8024625212517591 1.5539968063829965 1.573487777800199 1.677285326077904 1.7646313550156256 3.7410572587299233 2.0639562074651394 2.278134784935223 2.1169574367931663 2.7929617462712093 1.165770853755666 2.9558380530604897 32.456362014561606
0.59966549590311 9.999999849474431 0.033140286791499385 0.19747050655980922 0.17412127360283988 0.019873267498537087 1.2184001192223644 1.4706521219355888 1.2228892388174737 1.0825185330133926 0.6560985361240156 1.2287336776887392 2.247596187069986 1.5748120615727332 0.8346423472914901 1.6163211511233944 1.636598475448328 1.7445631385488405 1.8354154339011342 3.8908594561609844 2.1467550740997674 2.369529185036861 2.201883318731541 2.9050276580982137 1.2125330035047959 3.0744489971936604 29.549708424787475
0.6593430318991947 9.999999997110308 0.02833253699077389 0.199723828243476 0.19999242327089797 0.01160754001156127 1.1081018297504803 1.337340381629831 1.1121377779296877 0.9845057326648399 0.5966979623723054 1.117528257263506 2.044211924409399 1.4322820925119624 0.7590979337014959 1.470014739076932 1.4884496027155527 1.5866355432828239 1.669259705536173 3.5390801755610606 1.9524045035478856 2.1550056891592626 2.0025406074644643 2.64200281228856 1.1027661689429429 2.796074875214969 29.60471536745275
0.6564466935614812 9.999720418643431 0.02609449043825923 0.18571667967278535 0.15021993116361076 0.02831129719717968 1.1129512087249043 1.3431977422686918 1.1170184257138167 0.9888296188439544 0.5994949672765819 1.1224164153310245 2.053052570388751 1.4385108421788542 0.7624142288072503 1.476408672498501 1.4949292867792203 1.5935546980315067 1.6765284545628476 3.55496067182116 1.9609027053337478 2.1643886668587293 2.0112499726126876 2.6533131237154977 1.1075920596185764 2.808507036645081 27.010328065569595
0.6224105665373306 9.991658768700992 0.05180167586964627 0.16496968586394845 0.1999999997445245 0.0002556859165840201 1.1738539860952997 1.416875082046898 1.1781960821783768 1.0429394588656598 0.6321151342326794 1.1838203340865923 2.1653982621584427 1.5172467802586413 0.8043844738691859 1.5572712179972568 1.57676819615494 1.6808620569403623 1.7683203174951176 3.7486330633076506 2.068350792279669 2.2829332044208535 2.121362841179401 2.798898900575027 1.1684324246327813 2.9619580274348123 35.68972397425115
0.6829108428247593 9.991776102526782 0.046699901547165634 0.16727477546735212 0.19777464634578487 0.007167856978196966 1.0698578587192515 1.2911213143856597 1.0737371170659935 0.9505209311793724 0.5761015224671717 1.0789626846323144 1.9736657191244207 1.3828454329244093 0.7328956340845758 1.4192706787464273 1.437070140709547 1.5318682376260793 1.6116416285791317 3.417026856271524 1.8850177884486312 2.0806259360174573 1.9334235241639208 2.5508185618843107 1.0647056872950715 2.699578130605053 30.192218936420907
0.669433274735236 9.999999815038198 0.02779545799444635 0.1966362432390424 0.1994816125827503 0.017772381580760787 1.0913980283484968 1.3171522410693601 1.0953649466368847 0.9696618800352932 0.5877018856969887 1.1006849321512453 2.0134043349185777 1.410692943853203 0.74765529146622 1.447854732436711 1.4660115105893192 1.5627173018554135 1.6440959587795383 3.4857712852461664 1.9229728203310712 2.122519643615375 1.9723530248766579 2.6021758361880982 1.0861427966433728 2.753926099287462 28.023037202371988
0.6931161619070224 9.999999999821526 0.02531051993048094 0.1892501281376904 0.19750761940210135 0.0462129899448638 1.0541027084596972 1.2720802507928646 1.0579161501391832 0.936519621768583 0.5676161371831269 1.063077687459412 1.9446166967895693 1.362488903742689 0.7221063312744439 1.3983767139936125 1.4159130275324097 1.5093144405889447 1.5879125308686077 3.3667347626801156 1.8572613481440494 2.049989082025961 1.9049539345836828 2.513257156393895 1.0490276988742768 2.659824566412627 26.211605997077655
0.6570505539210417 9.99999999838704 0.026852183279802856 0.19969007371571024 0.1929664263029714 0.02150960069588259 1.111968632871434 1.3420148115900925 1.1160211740828863 0.9879424104406688 0.5987807950298353 1.1214266772817842 2.0513388525106424 1.437277211510762 0.761745671170914 1.4751425239804068 1.4936423650979265 1.5921713573551488 1.675084130524317 3.551421927538637 1.9592177495067244 2.1625259205386684 2.0095287863716216 2.6512228681972587 1.1066144101786612 2.8058328704097364 27.919448851930465
0.6741573676777388 9.960211133954743 0.02581160316217361 0.19473440704837258 0.1869094150721068 0.02725452321783296 1.0837494019552572 1.3079075149040016 1.0876852653025806 0.9628653466250324 0.5835828865311696 1.0929717821895615 1.9992937497793457 1.4008051591343824 0.7424147323616268 1.4377059573544746 1.4557359145499997 1.5517643185416177 1.6325729288767798 3.4613640764869538 1.9094963863242351 2.107644657797457 1.9585304342388927 2.583940357025614 1.0785310726743969 2.73462818726342 26.997988059646193
0.6396899999424861 9.990599522571415 0.032144102739015 0.19139076701003938 0.18712086873373288 0.03105385636575027 1.1421508025327836 1.378497879564995 1.1463303738655757 1.0147650534510837 0.6150366310256626 1.1518568825579611 2.1069840880449506 1.4762746633980732 0.782415865690027 1.5151735279752114 1.5341784829968963 1.6353838481165004 1.7205485199854433 3.6477388569973566 2.0123980413478626 2.2212252272363937 2.0640749392362134 2.723190314102702 1.1366512434400398 2.881998830542921 27.848476157962974
0.6644426133408887 9.999788461135266 0.024248148622244545 0.19478474209849564 0.16267508166621703 0.025959235229009246 1.0995968755646321 1.3270638970825082 1.1035994823034672 0.9769490664792755 0.592118326529072 1.1089499638779436 2.028512414809437 1.4212821425783972 0.7532683054920521 1.4587252559078205 1.477020175555559 1.5744535792160679 1.6564443521296028 3.511945466977326 1.9374185208304218 2.1384642076681377 1.98716953986646 2.621724947440491 1.0943020677388826 2.774616547042317 27.216560169554942
0.686971580393688 9.998598436164224 0.02826297846636025 0.1864944407036453 0.19297756013281947 0.035223034717976796 1.0635323946633164 1.2834765546144855 1.067385106511837 0.9448995676356261 0.5726947681285245 1.0725853894574937 1.9620044585139176 1.3746740041813679 0.7285647541570875 1.4108840291111266 1.4285777136985127 1.52281492430395 1.6021162878397675 3.3968350989332565 1.8738749357800815 2.0683266258469506 1.9219941665881037 2.5357385696423167 1.0584114920449428 2.6836170091968015 26.35552953732801
0.5921043549891502 9.999774293949518 0.037793643729806904 0.1994295162231817 0.1987801243519439 0.016317357358776114 1.233963624776978 1.4894794629167425 1.2385217650603506 1.096350847598833 0.664480824844774 1.244428104786463 2.2763094221486817 1.594931728832624 0.8453052106497331 1.636972922241224 1.6575086702991197 1.7668524190260844 1.8588653205975791 3.940388216793187 2.1741825994797943 2.3998054780102587 2.230015930196046 2.942155560352002 1.2280217255764498 3.113745608087842 30.4886714385478
0.5941615563428538 9.999999999384698 0.0371811944357218 0.19975393776990377 0.19480349228750585 0.012608527642155648 1.2296734459548646 1.4842751839266581 1.2342060937987982 1.0925339921775272 0.6621681131240363 1.2401021141951605 2.2684011749512503 1.5893885934557683 0.842367129796409 1.631282374305709 1.6517462059796029 1.7607093905899145 1.8524021047022483 3.926730709219129 2.166622206860745 2.391459963436663 2.222261262874333 2.9319211832988055 1.2237521527715314 3.1029138286141986 31.26021368827071
0.6720758430937491 9.99683678995885 0.028718347890510993 0.1918809174929095 0.1999815887357826 0.02924289512559495 1.0871064229180933 1.3119665011784374 1.0910563561450326 0.9658486878009709 0.5853909592444935 1.096356716868922 2.0054835445178165 1.405143031078568 0.744713979928108 1.4421586466695595 1.4602447122418973 1.556570740328183 1.637629778402181 3.472077733882506 1.9154112390070872 2.1141732790932197 1.9645972117517854 2.591944198071442 1.0818719788426616 2.743098648020746 27.057222821027896
0.584540473551552 9.996870418684578 0.05886945777523292 0.16487678619223398 0.1965381940054881 0.007514162687449951 1.2499478030396025 1.5088132490959958 1.2545819581653819 1.1105616712489836 0.6730965190046629 1.260529851108076 2.3057316622864117 1.615549755505386 0.8562237278462556 1.658142571748355 1.6789509581097692 1.7897169082345288 1.8829256388251807 3.9915113163888343 2.2023422112727653 2.4308851511100458 2.2589006802523213 2.979895170591041 1.2439272075245378 3.154126819505401 31.133171112935862
0.6672293790902717 9.999995381158666 0.026076560731784503 0.19912338954458547 0.18934684215353048 0.015936007566397414 1.095003333853734 1.321509543056979 1.0989851549577265 0.9728657464647087 0.5896435768857479 1.1043203277597222 2.020053875355358 1.4153527936725045 0.7501250967899623 1.4526378025059616 1.470854572731931 1.567879803089668 1.649527257398381 3.4972774365777757 1.9293252342560407 2.129531266345648 1.9788685624681326 2.6107717857791783 1.0897307288304436 2.763023150789211 28.344754014425163
0.6301535269269039 9.99999993940471 0.03273737749932453 0.19953572824920515 0.19710532512672013 0.0084449928171124 1.1594381070198214 1.399391510825516 1.1636878430995778 1.0301262778133984 0.624346151592396 1.1692899060445117 2.138879280567943 1.4986244337317514 0.7942610459748303 1.5381133051319962 1.557404654712893 1.6601409703505354 1.7465940137401241 3.702873340542414 2.0428588803307144 2.2548477325469447 2.095318202987722 2.7644108112905563 1.1538551755393696 2.925621748393563 31.48484709973891
0.6031533476354535 9.99999953723859 0.036729503615396925 0.19839934608836718 0.19563412792902124 0.011759762635634465 1.2113524458764264 1.4621447200762603 1.2158170973958542 1.0762585977141113 0.652304325033058 1.2216312633491164 2.234610239110774 1.5657111123233134 0.829818268069243 1.6069776293861389 1.6271358612522868 1.734474718104231 1.824800555756295 3.868384003986568 2.1343363197883036 2.355821226866057 2.1891456579589015 2.888217127423186 1.2055193960265178 3.0566547831615374 31.246808589865033
0.6776484772705327 9.999999392993567 0.024809756631395202 0.19505672510373293 0.18644920767142628 0.030190633497852188 1.0781656912261404 1.301160791134698 1.0820784101617276 0.9579032719278349 0.5805756391345229 1.0873416379151417 1.9889965550984616 1.393589093155769 0.7385900562323336 1.4302990165387015 1.4482358793847399 1.5437694086386056 1.624161605102718 3.4435399720382263 1.899658171158301 2.0967854518697364 1.948439545526834 2.5706270456128517 1.0729743261940012 2.7205385471055017 26.6261582384485
0.7036840190388813 9.999876699605435 0.02910073426582117 0.1845863868219959 0.19984727992739504 0.023621064952797335 1.038271761679522 1.252947654071147 1.0420189607301897 0.922450407447607 0.5590893760141773 1.047114106888224 1.9154232251408247 1.342030077242518 0.7112624368068258 1.3773763355430992 1.3946483718883793 1.4866464779083448 1.564063797570367 3.3161928524135473 1.8293668171319384 2.01919996539795 1.8763430702044281 2.4755106893223444 1.0332722369572556 2.619877415473567 26.70859519176026
0.5832477454781945 9.999999999166977 0.03857950814251963 0.199568832334 0.188608281064314 0.0045044214902683856 1.2527120885218488 1.5121496540056547 1.2573501618078455 1.1130122711275252 0.6745780112978581 1.2633304013097975 2.3108848347852073 1.6191593664343986 0.8581454146215955 1.6618427112314353 1.6826918560531128 1.793698491122962 1.887110653839879 3.9999910016275497 2.2072241462325 2.4362794069201335 2.263906523818192 2.986892762565388 1.246679617294968 3.161106063521636 34.02021168749024
0.6821354206249926 9.999363646860399 0.022557010675424677 0.19329148052872666 0.173267695743401 0.03978705044655191 1.0710731225850982 1.2925900395583716 1.0749572290913394 0.9516009493771342 0.576756169595689 1.0801892395172636 1.975911398243856 1.38441998701732 0.7337304221345822 1.4208879218596444 1.4387072539932297 1.5336126984822152 1.6134763338858515 3.4209045073135167 1.8871616601820005 2.082992047577751 1.9356220371366881 2.5537174747400537 1.0659161172354088 2.702643843426464 26.19637674764837
0.6182392744229179 9.999996572716409 0.03389296082026892 0.19777002173312155 0.17960081215145945 0.002128648074493076 1.1817649246357746 1.4263681355579931 1.1861026227616782 1.0499639771747813 0.6363690183928858 1.1917993443464203 2.1800476023012902 1.5274748594822538 0.8095525521553256 1.5677281130083114 1.587392517613786 1.6921082911610077 1.7802269015407854 3.774061592789663 2.082199117550843 2.298271088691784 2.13566885238457 2.817650890897987 1.176074352643435 2.9819684916542935 34.503761063734686
0.6583196225873231 9.99999999282557 0.024902491897761635 0.19716455104752278 0.158020713015625 0.013933283778998936 1.1098252818821608 1.3394256551326071 1.1138699049751746 0.9860383048811481 0.5976267975109777 1.1192637927018843 2.047378626492351 1.4345028979818093 0.7602754756843526 1.472295449841081 1.4907604204610774 1.5891000015288335 1.6718533112678775 3.5445858084255515 1.9554405293550667 2.158356505860188 2.005654392845217 2.646112106816278 1.1044810851190139 2.8004252585974143 28.90702212270705
0.5832561797695416 9.989617701822457 0.04080508453433255 0.19836335433116734 0.19460559601937344 0.006756183820778653 1.2526939255293428 1.5121263797697113 1.2573309678132552 1.1129951946165162 0.6745675103901075 1.2633121101127698 2.3108556408747045 1.6191379500892549 0.8581338421921649 1.6618206598489171 1.6826690208639994 1.7936737544009027 1.8870844198853156 3.9999458516517556 2.2071924400577925 2.4362448268695758 2.2638744109274476 2.9868501324620578 1.2466616697325326 3.161060269179848 33.144544117678805
0.6213935254447405 9.583057175947488 0.035817747738064 0.19942585361302412 0.19998962293857955 0.000450646876825344 1.1757863039825254 1.4191317852727103 1.1801032715604034 1.0446539881709829 0.633150550493568 1.1857735286211986 2.169029273201474 1.5197529935131588 0.805459493754382 1.5598011159245544 1.5793648877128545 1.6835501479249257 1.7712224435073642 3.7550139809638754 2.0716654117575883 2.286644369182445 2.1248647410089765 2.803395610898278 1.1701247164700412 2.9668809152584714 36.627611008926344
0.6672274058138569 9.999999999797193 0.02619206117272671 0.19971159055618623 0.1999935949797008 0.02102592252518728 1.0950064322155417 1.3215130974060811 1.0989881209358268 0.9728684260701663 0.5896452151259703 1.1043237943136583 2.0200607145234826 1.415357467919236 0.7501275504155654 1.4526425530030098 1.4708592626710608 1.567884701220061 1.6495323412176568 3.4972871312540357 1.9293309179771325 2.1295375843148534 1.9788744260135507 2.6107794023048982 1.0897339126724137 2.763031007856545 27.533477436520474
0.6628719334709227 9.999957726050315 0.03793625893730662 0.18132255610285464 0.19287041069357586 0.011412716066333055 1.102192136461764 1.3301939364442683 1.1062027423400094 0.9792533904210823 0.5935155923142275 1.1115662759932783 2.033296592255783 1.4246352949001495 0.7550450470840913 1.462166739477803 1.4805043581532653 1.5781676966238696 1.6603523416506092 3.5202614589386076 1.941989972690967 2.143508637379599 1.9918579995193253 2.627908945616631 1.0968851979680698 2.7811562798203275 29.710851690066203
0.6733625193657958 9.999999998818046 0.025342086360772287 0.19477528587135853 0.19271008013866406 0.037185685558710296 1.085028702327414 1.3094556824298698 1.0889701524010376 0.9640024421674449 0.5842720747138613 1.094261864381923 2.001651816171092 1.4024579908828363 0.7432908912787234 1.4394027480759426 1.4574542363326035 1.553596172526178 1.6345002943108657 3.4654472370253275 1.9117509061181797 2.1101330851596267 1.9608428484641658 2.5869910141589707 1.0798045312705835 2.7378566461524976 26.52442772831826
0.720932890063174 9.999997451192305 0.0172170244536 0.19183768906237647 0.19183382894650847 0.03308766662640652 1.0134277720956235 1.2229223120095554 1.0170717431166405 0.9003722577086848 0.5457091617591107 1.0220621677324164 1.8696034489066284 1.3099217452422474 0.6942445194857633 1.3444192186698352 1.361277352607991 1.451074046725986 1.526638151361664 3.236860155605494 1.785592271785345 1.970881995182306 1.8314440068979827 2.4162702970526 1.0085482543436781 2.5571851583567926 24.672214673538214
0.6793512007031333 9.99985352447499 0.024098943074213803 0.19361636022220133 0.17784238489173718 0.03256692681348239 1.0754632635276085 1.297895327219364 1.0793652128365994 0.955502026009238 0.5791203819316173 1.0846161636427638 1.9840096666193843 1.3900947732003015 0.7367380975024298 1.4267125409336026 1.4446047464344913 1.5398990396188141 1.6200898979016056 3.434915684066749 1.8948965299447205 2.091529615681703 1.943555574253316 2.5641839521241088 1.070284908117808 2.713720248188182 26.407565176296757
0.6169121567523999 9.934662755541696 0.03064890103663315 0.19991123987982615 0.18187627568350534 0.02211965105822943 1.1843312228717509 1.4294748979184078 1.188682911487485 1.0522464744071744 0.6377521118788984 1.1943865339616824 2.184776417613537 1.5307892100270313 0.8113092855845538 1.5711312158479962 1.5908390384974027 1.69578279795926 1.7840931969181437 3.7822299251840454 2.0867223177131895 2.3032640673035796 2.1403083212495124 2.823773463655389 1.1786284245643763 2.9884469069664483 29.097595626320008
0.6882332412913365 8.810949382543015 0.02840244349116559 0.18811269323801616 0.1999493718641488 0.039259342560572806 1.0615828210131717 1.28106214280543 1.065425118672319 0.9431672777786374 0.5716449099043036 1.0706196357124362 1.9584103781189788 1.372155574053526 0.7272299171028139 1.4082993009625124 1.4259603014295732 1.520024643197567 1.5991805605441178 3.390621289764337 1.8704408013325546 2.0645364052710042 1.9184719359406788 2.531092471203284 1.0564715132895937 2.6787001194983726 26.481947112412332
0.5846151080559225 9.999998075068639 0.040595517425855286 0.19999826925065617 0.19991787034783937 0.004043576893836294 1.2497804078715304 1.5086037832929309 1.254405049042493 1.11040614830678 0.6729985152806651 1.2603758036892203 2.305486784750254 1.615375471471462 0.8561396169196448 1.6579578403275934 1.6787569960369786 1.7895029688550472 1.8826959258156049 3.990679532122457 2.202057937944415 2.4305768528414133 2.25860788685744 2.979897165743243 1.2437623034152905 3.1536990115968733 34.299089623558295
0.688591727146159 9.999999999999998 0.023254609782922684 0.19203728603522446 0.18250280381621242 0.041797981158179974 1.0610294945373688 1.2804515439196562 1.0648717151244216 0.9426752970435024 0.5713467704572844 1.0700621151003529 1.9573907237021466 1.371440734201574 0.7268510155230207 1.4075652684886202 1.4252170261301702 1.5192322798704858 1.5983468827612006 3.388845645547799 1.8694656198311927 2.063459758655832 1.917471585773003 2.5297716505516834 1.0559209413584636 2.6773018865202505 26.107071338789083
0.6089001082913718 9.169701730603174 0.03509776860715679 0.19992303567617822 0.1869495696747053 0.0038076578080272015 1.1999168668423972 1.4482749261369539 1.204332847647569 1.066097002162773 0.6461460083055717 1.2101013060995127 2.2135221196830117 1.550933689620662 0.8219860991648208 1.5918087563095586 1.6117759135472824 1.7181007698817325 1.8075733655895025 3.8319537247938475 2.1141853639041517 2.333578155324617 2.16847693207754 2.860942813672781 1.1941389170442853 3.0277875510534793 33.88497735967777
0.66998925825083 9.999999999854122 0.016365288745491063 0.19624821609242765 0.12626347010306901 0.04061517607136834 1.090492539897697 1.31606226802017 1.0944587867869853 0.9688594529354576 0.5872156882814659 1.0997685117203702 2.0117138174816187 1.4095111481656308 0.7470297295997885 1.4466438613957284 1.464788190623019 1.561415534728061 1.6427279423521386 3.482896446482122 1.9213775307841372 2.1207584120482337 1.9707164119294547 2.6000193949174357 1.0852418395752683 2.751646814535422 25.809069124576745
0.6855907013799062 9.99999999946892 0.0221985089797235 0.19239209181255812 0.17498023208408786 0.045080701919684586 1.0656742484418475 1.286065468196209 1.069536126432813 0.9468032737309794 0.5738485542213972 1.0747453558938658 1.9659543033115876 1.377442281705124 0.7300320839358776 1.4137257888324948 1.431455272663321 1.5258823784424083 1.6053435080095184 3.403674343544925 1.8776496034032788 2.0724929666166143 1.9258657130473442 2.5408463733317053 1.0605434420497688 2.6890225878420617 26.227705534615666
0.6881774983682837 9.999999968996226 0.023147091539412943 0.1914757801144725 0.181026596576051 0.04415068751330716 1.0616681528687977 1.2812236825236618 1.0655132352987235 0.9432430245924274 0.5716908561796149 1.0707059599579054 1.9585672665881284 1.3722654157058556 0.7272881722002207 1.4084118941355863 1.4260744764733249 1.5201464618163332 1.5993087876251586 3.39088566707263 1.8705910226361204 2.0647019322795805 1.9186258806740035 2.5312947279159963 1.0565566022398343 2.6789139529181827 26.194682551494402
0.6744746569972772 9.92643155411285 0.030333178701246025 0.19202761475948832 0.19744335711662603 0.009106731835303437 1.0832397830320466 1.3072893033181696 1.0871729591242845 0.9624120401945397 0.5833081067577894 1.0924582220683974 1.998357323514285 1.4001483619176884 0.7420664344644353 1.4370312424340759 1.4550522218159536 1.5510351203429926 1.6318054884015072 3.4597332796788374 1.9085980200960617 2.106653074629631 1.9576090407417535 2.5827241458310004 1.0780237275994973 2.7333406949642436 30.008710500937102
0.6596336912438704 8.800580897233418 0.02403724087625669 0.19764662415537437 0.16613364671633096 0.030513227854130458 1.1076144840262505 1.3366921085250576 1.1116481551414716 0.9840743423472872 0.5964365845090583 1.1170341537610455 2.0432984062128545 1.431644463851173 0.7587606339971792 1.4693621916179427 1.4877906878132698 1.5859346453655314 1.6685233182003678 3.537543499220913 1.9515461976839885 2.1540582694338677 2.0016601399010607 2.6408436115367047 1.1022812608358563 2.794850057994325 27.096952696554766
0.6220344088855856 9.99999357029216 0.03420339677975548 0.19997553256468226 0.19966665199823466 0.007134159455534917 1.1745745338406972 1.4176880210452896 1.1788870885864473 1.0435770913118083 0.6324979286119627 1.1845516338065025 2.1667932686516846 1.518186065190872 0.8046290612627286 1.558192838939607 1.5777366037722378 1.6818145771383368 1.7693965720333227 3.7511468505171557 2.069530020455084 2.284287256042524 2.122674456809129 2.8005055404181367 1.168918718655352 2.963822170962047 32.153112886144605
0.688110640164451 9.99941858088253 0.023489582090296817 0.19086670111687837 0.1723591396562763 0.03526920005094514 1.0617716712334093 1.2813487352049724 1.0656171490405124 0.9433349225907537 0.5717465118794102 1.0708099439046406 1.9587576118915393 1.3723987279785959 0.7273587923705943 1.4085486217581131 1.426212913931015 1.5202940332130437 1.5994640462556748 3.3912149753430567 1.8707727045925417 2.064902436645487 1.9188122009990318 2.53154059304614 1.056659237234983 2.6791743097828644 26.026814513161018
0.6802122507557974 9.999998772272773 0.027565019805562772 0.19056199889439057 0.17400306539327481 0.011398081274098313 1.0741020571495599 1.296249781525432 1.077998078760701 0.9542920580875004 0.578387007458418 1.0832433540939017 1.9815007110475 1.3883361390898525 0.7358058350519334 1.4249069991761645 1.44277625700584 1.537949715637809 1.61803892411579 3.430568786328139 1.8924974217207997 2.088881538293185 1.9410948475318515 2.5609374031163465 1.0689298705803514 2.710284507894357 29.129602527461458
0.6913781419819743 9.838526997714784 0.023231382718851397 0.18852063530268967 0.1563367852060868 0.028419414591278624 1.0567537881619926 1.2752782512573289 1.0605786670484354 0.9388759441551365 0.5690441195000613 1.0657493067018726 1.9495002848624996 1.3659117033046 0.7239205665180894 1.4018901927936547 1.4194711873649002 1.513107815973694 1.5919037837095398 3.3751979512614008 1.8619308322804207 2.0551429558762755 1.9097431900964212 2.51957632175093 1.051665187432797 2.6665131746081956 26.362619355351153
0.6208322865923228 9.962409082819585 0.032758394269781846 0.19558135581332334 0.1929345846497506 0.03192430204385713 1.1768493536465499 1.4204386265005706 1.181172807919623 1.0455995198141366 0.6337236773932023 1.1868426853378982 2.170973379388941 1.521117596757476 0.8061835838172415 1.5612039947110308 1.5807876038139634 1.6850685299172077 1.7728211394034388 3.7584157976074657 2.0735385781878084 2.288711775923848 2.1267859517316015 2.8059320204632843 1.1711828604370658 2.9695667324776296 28.50183080531334
0.6998194296160323 9.999999999970786 0.02391685106754155 0.1914826773537223 0.19945818925423944 0.041468749372656565 1.0440052643999442 1.2598765043915197 1.0477762178606846 0.927545773850467 0.5621774930559704 1.0528963197127548 1.925998759165841 1.3494413343978664 0.7151906405371738 1.3849837574208446 1.402351241958093 1.4948574031709367 1.5727022226948877 3.334496796390724 1.8394700033920965 2.0303515601188606 1.8867057122036452 2.4891816547847023 1.0389787146040232 2.6343449066427227 25.652808701668857
0.6357870238554859 9.999993894790627 0.029425309287547545 0.19998388930904187 0.19109255680559428 0.02080332952167638 1.1491629954030484 1.3869721970901971 1.1533704718715097 1.0209956353846987 0.6188126062948339 1.1589291259235945 2.119926827891773 1.4853434163532506 0.7872220382227153 1.52448126883215 1.5436017442634002 1.6454276375146375 1.731114552648438 3.67010065738719 2.0247539998416304 2.2348636882262074 2.076748242690106 2.7399099704512566 1.1436296240545019 2.899692125268008 28.71554335204469
0.6956787384249047 9.999474266570207 0.02601953120061389 0.18780555139037813 0.17697388452026133 0.023455099991187806 1.0502202975540347 1.2673880170363507 1.0540174590279634 0.9330691291353694 0.5655248705548339 1.0591621005322458 1.9374564831999261 1.3574708776568691 0.7194465257896249 1.3932256404393377 1.4106970932373757 1.5037542716707042 1.5820627192647032 3.3543379160527045 1.850419278006235 2.042436945970406 1.8979360992610785 2.503998528700111 1.0451631821520058 2.6500264201206547 26.785210651930882
0.6991809836438794 9.995465935369218 0.03137363200418954 0.18195724778021133 0.1999488251754101 0.022214030841712192 1.044959380157469 1.2610298701513516 1.0487346192306661 0.9283937820421763 0.562691372662145 1.0538572723289246 1.9277542433851533 1.3506716180476364 0.7158427332138221 1.3862464676328488 1.4036302481115048 1.4962212222033542 1.5741373945383312 3.337542801762501 1.8411497253685416 2.0322055365872163 1.8884285694753749 2.4914552842121855 1.0399275771570882 2.636751909287538 27.03765239979061
0.6602724446502068 9.99999969349806 0.027973041301802917 0.198448369070482 0.19685109115938498 0.017053712939115118 1.1065420932504009 1.3354557596616452 1.1105719232747937 0.9831199128797845 0.5958581157115692 1.1159551128558627 2.041332517525163 1.4302647045442718 0.7580288167526245 1.4679442877160316 1.4863535101082492 1.5844014524366803 1.6669094616553717 3.534102958134566 1.9496561510397536 2.151972039020512 1.9997216348443725 2.638283767415113 1.101213941867613 2.7921392187536793 28.42330265948682
0.6817290821157818 9.999999960018753 0.025258805324952383 0.19615371502492315 0.19986168554083564 0.02814204694310198 1.0717113337830968 1.2933593741837839 1.0755966453357468 0.9521670177863691 0.5770991572315037 1.0808341353352626 1.9770978476902223 1.3852500570983157 0.7341699837443942 1.421739037935764 1.4395677896886814 1.534528954521443 1.614439581734299 3.422936484198312 1.8882860772270764 2.084233359926106 1.9367754662004635 2.555238155065467 1.0665510672240266 2.7042519654720727 26.584303094552656
0.6787999640492032 9.998955395762088 0.028880989449545647 0.18866255529019882 0.17650659673251862 0.012209542633142004 1.0763370970740673 1.2989512665323735 1.080242616239009 0.9562784324435613 0.5795908590312202 1.0854967761612553 1.9856207888141255 1.3912236097423964 0.7373363249274941 1.427870947756158 1.4457776745202564 1.541149362314211 1.621405357113091 3.4377037181648062 1.8964353203649582 2.0932280638542813 1.945133879678506 2.5662663513275286 1.0711541122579364 2.7159243848759673 29.02951871924547
0.6830688751258918 9.66776589125076 0.03646261869344445 0.18039420893671226 0.1983491634229108 0.013178473139614025 1.069610057685279 1.2908067261648888 1.0734872144120962 0.9503003853609523 0.5759678609960774 1.0787135934527183 1.9732140372760922 1.3825290423305703 0.7327279592833179 1.418946285619394 1.4367409881593378 1.5315166266956342 1.6112710983210106 3.4162338772890166 1.88458245771421 2.080145356021797 1.93297677863618 2.550227961836536 1.064459420820893 2.698951357760991 28.951345729590393
0.6840565106186567 9.999999647853068 0.01588153309733259 0.1940947878631282 0.13372836120571543 0.049154508041189045 1.0680648251840335 1.288956383533966 1.071937932599375 0.9489286857234857 0.5751366973456 1.0771545031016987 1.9703548729830356 1.3805272371958783 0.7316674690246745 1.41689307409184 1.4346634209617912 1.529303068107783 1.6089429488480376 3.4113094391244676 1.8818615325208392 2.077141758521632 1.9301856296153441 2.5465466278374045 1.0629224937443986 2.6950563797607656 25.729281281071565
0.6639680655985836 9.999999962178702 0.026314272678224653 0.19631106302581008 0.18508171243955363 0.025181449997347113 1.1003825912490315 1.328012298920356 1.1043876032755382 0.9776467300026954 0.5925411372739561 1.1097434481479662 2.0299677166687333 1.4223011976905489 0.7538082086759907 1.4597706946884599 1.4780779515743814 1.575580484859279 1.6576294950558883 3.5144491549309347 1.9388032558995896 2.139992769795119 1.988589942612162 2.623598086341716 1.0950841375243128 2.7765979599171002 27.45190965695735
0.6751068647462307 9.999999994218173 0.022663132053252797 0.19532297853647543 0.1697147863391557 0.03405628023901687 1.0822250319742743 1.3060677653777002 1.0861552471707496 0.9615111580756446 0.5827622157108138 1.091434144737837 1.996478619784156 1.398832954521001 0.7413695837792703 1.4356820203920235 1.4536870840824552 1.5495807442657192 1.6302759257341548 3.4565010780569647 1.906810659984242 2.1046801317676924 1.9557756584170503 2.580306408048885 1.077014156994347 2.7307828852812777 26.316078605392736
0.6800200099547433 9.99999998458323 0.014840337270888043 0.1952346750098829 0.12378505424842241 0.04617945687416259 1.074405415959247 1.2966196553952607 1.0783050112005597 0.9545634816004682 0.5785516510087768 1.0835475608144722 1.9820465307453843 1.388720735787637 0.7360102736875328 1.4253034316065798 1.4431796276290279 1.5383812930672909 1.6184940661563467 3.4315492723010412 1.8930330488888274 2.089472522591903 1.9416439964649201 2.5616638814824984 1.0692323795167737 2.7110551828606435 25.56408685299654
0.6829233558461358 9.999999606796921 0.01756205486659959 0.19336554466493525 0.14075750706601087 0.046451061075179136 1.0698372732698604 1.291098210600911 1.0737175167422266 0.9505036263243627 0.5760911752036747 1.0789418301400098 1.9736245588854817 1.3828184138997284 0.7328818091131811 1.4192447237154298 1.437044465936883 1.5318410859212381 1.611613064921106 3.4169659428323795 1.8849842968447585 2.0805885988480552 1.9333886175473223 2.550772164931314 1.064686303675403 2.6995280984697576 25.887681576252323
0.6957704332254493 9.999999999521307 0.02607084462882176 0.18761093869253684 0.18928933792241906 0.036075218837132224 1.0500816067545258 1.2672206142002602 1.0538783154818367 0.9329460373920009 0.5654503193093942 1.0590225398459585 1.9372003159112086 1.357291537783121 0.7193515465077642 1.3930417449077537 1.410511017025324 1.5035560241341317 1.5818542209144302 3.353896505223622 1.8501755267240525 2.0421679277567697 1.8976861212965948 2.5036687736469525 1.0450255030019049 2.6496773581410467 25.95875081744725
0.6603704509091759 9.999999920698592 0.01787091147462047 0.19834011362723492 0.13797554099595533 0.041316426366602765 1.106378008311885 1.335261399269031 1.1104098911390754 0.9829760872698535 0.5957710665663455 1.115786647905397 2.0410111741069223 1.4300422876103915 0.7579117431394846 1.467718144097792 1.4861270519716068 1.5841621036640277 1.6666590422210945 3.5335934740366826 1.9493674464796733 2.151653021019377 1.9994252192627202 2.637894995937751 1.1010509849583616 2.791730168825337 26.36795163994813
0.6859336752011886 9.999931430056895 0.023251737300318712 0.19138948468090783 0.18564791522161941 0.05078820419711289 1.0651410868078575 1.2854211539204905 1.0690007877402223 0.9463295401794326 0.5735614760306548 1.0742080074860867 1.964971277995822 1.3767534572869367 0.7296670243401832 1.4130188302367206 1.4307394694729618 1.5251193818097228 1.604540799226832 3.401973483434339 1.8767107454310092 2.071456709100945 1.924902774163677 2.539575970790187 1.060013154544095 2.6876780529195727 26.39679289689939
0.6936614952017851 9.99999999999988 0.02310510301615798 0.18978546526446666 0.18116742788074092 0.04683500593063883 1.0532740759224823 1.2710793588208398 1.0570844762275475 0.935783527182308 0.5671700357179463 1.062241708250379 1.9430861196970641 1.3614166200121065 0.7215380672264398 1.3972762515720003 1.4147990439708693 1.5081272134188064 1.586663647422563 3.3640905577773825 1.8558012194827598 2.048377367775091 1.9034562553587349 2.5112815727569537 1.0482030151965305 2.657734194431546 26.11441003187185
0.6758328563691616 9.999999995227794 0.01565926470819859 0.19585008430582207 0.1330580222694125 0.049992882392898834 1.0810622633309728 1.3046649021917094 1.0849894342239104 0.9604792231587543 0.5821369055084198 1.0902602129508014 1.994323662122294 1.3973243798352086 0.7405704446618502 1.4341347123761152 1.4521218378327818 1.5479134625296205 1.6285226607738068 3.452798268088245 1.904762607367414 2.102419334407516 1.9536748324405906 2.5775362071142807 1.0758574474625506 2.7278527057309723 25.94372130355447
0.6833488043500994 9.999991778960856 0.022665866811250376 0.19174525702310413 0.16600113321497692 0.03678357417966954 1.0691711526454186 1.29029178844541 1.0730476097090014 0.9499108548837539 0.5757318688610639 1.0782709208522607 1.9724019184094648 1.3819606918298437 0.7324269487938304 1.418363671466143 1.4361515227366164 1.5308885612235432 1.6106104768069378 3.414835811180589 1.883810233650818 2.0792928486951023 1.9321845207095296 2.5491829152113272 1.0640231205652646 2.6978453888415723 26.071403348866173
0.6893493862781098 9.99999999984739 0.023145435430210394 0.19007150358944733 0.18095007937349616 0.049284915237544843 1.0598631033745678 1.2790426650273345 1.0637010321245957 0.9416392000603617 0.5707188867706792 1.0688856822196064 1.9552364966886246 1.3699315752112131 0.7260512696246498 1.4060165440811425 1.4236493250795401 1.5175615556611426 1.5965894344756526 3.3851251845904393 1.867410920828181 2.0611917984113646 1.915364100583847 2.526991706469562 1.0547604454547728 2.674360330586733 26.289315932499342
0.6714752867514742 9.99694171145854 0.02034749067578154 0.19456781311210383 0.13960389590795977 0.02863718502857124 1.0880791336635343 1.313144174653084 1.09203455747683 0.9667140917144059 0.5859154350739134 1.097335515290273 2.0072677116607784 1.4063946119379716 0.7453776619812091 1.4434442631116906 1.4615476977476525 1.5579606786699398 1.639092768822681 3.4751893406063763 1.9171246232680152 2.1160642424301046 1.966354349786237 2.594263871218511 1.0828397127732294 2.7455551766825934 26.494663351577383
0.6925249551628474 9.9999999956763 0.02219547227785214 0.19010109129873798 0.17874877603947614 0.05215879431299764 1.0550026084519057 1.2731687067958977 1.0588204658657334 0.9373198901606336 0.5681011802835157 1.0639846550976524 1.946272628971806 1.363649927030726 0.7227218539749903 1.3995688194647975 1.4171206355777644 1.510602157321951 1.5892676116647784 3.3696101995905807 1.8588472316012443 2.0517394463713643 1.9065804794440793 2.5154035497491285 1.0499234796022494 2.662096650159378 26.196153462729775
0.6972409050067903 9.994421063341857 0.021563617700455794 0.18885519461185957 0.1736160749935793 0.05322381223280013 1.0478664519474366 1.2645445713734633 1.051654909638481 0.9309783062756779 0.5642578662676181 1.0567886633195247 1.9331107864423183 1.3544265277210836 0.717833257419086 1.39010157397878 1.4075346071971266 1.5003838112157426 1.5785171896095391 3.3468294949166704 1.8462736352983269 2.0378610398247727 1.8936839571675337 2.4983893077284445 1.0428216670785924 2.644090707404791 26.065556624511974
0.7011323769243014 9.999999999987462 0.024611270688586942 0.18637374100632573 0.19010006450505262 0.05074383760535405 1.042050125774426 1.2575152072623623 1.0458140524687831 0.9258091205798765 0.5611250547713375 1.0509239871724496 1.922386330576182 1.346910702690101 0.7138495975465873 1.3823867795622253 1.3997225947696577 1.4920561539827213 1.5697556695294828 3.328260038133853 1.8360254572171857 2.0265494722492132 1.8831726516869933 2.4845215169512316 1.037033244571579 2.6294141296481794 26.090709982475403
0.7020369415994911 9.962279744147654 0.024196427294194585 0.18627721981564072 0.19236755727709265 0.05693434661528428 1.04070689900383 1.2558906822281142 1.0444654117159957 0.9246156294647541 0.5604017654140223 1.0495696874316633 1.9199088484566036 1.3451746662567126 0.7129295032134393 1.3806049944762586 1.3979185404134413 1.4901331734307015 1.5677326103530533 3.3239760429601484 1.8336594398498658 2.023937985826384 1.880745886894186 2.481320286873686 1.035696813661661 2.6260264570187255 26.24104682135217
0.6985020327856569 9.99999972460128 0.026796312348144693 0.18694587652705089 0.18935565283194136 0.029437834385261454 1.045974899857497 1.2622573088348772 1.0497543542698 0.9292962926221378 0.5632383580807642 1.0548815068703181 1.9296278085024159 1.3519846422330644 0.7165386851979294 1.3875943334759462 1.404994979692595 1.4976759062200742 1.575667763169057 3.3407856076399476 1.8429394418977558 2.0341809740914742 1.8902642146407214 2.493876981555939 1.0409383827681615 2.639314634366499 26.352734639418077
0.6789851391033922 9.999874284474345 0.017436449313516008 0.19472526003155974 0.14024946369816552 0.04533730758726459 1.0760429536855671 1.2985980833285475 1.0799488668451227 0.9560183690542103 0.5794333775210538 1.0851993199230348 1.985069494011115 1.3908387908481594 0.7371328005750819 1.4274772441325774 1.445380360355389 1.5407269044574217 1.6209616200255255 3.4367748391687987 1.8959184444600645 2.0926574294180083 1.944603572664656 2.565568107492437 1.070862091193282 2.7151865614045687 25.95374315745351
0.673093890120196 9.951128667569828 0.021374336567546413 0.19488850031183344 0.17101913495467405 0.04957786630267611 1.0854615955422209 1.3099783524766337 1.089405929959823 0.9643880589494823 0.584505849535788 1.0946975234435878 2.0024434544877865 1.4030138599115578 0.7435858311280688 1.4399741376847224 1.458033773558145 1.5542147405284905 1.6351516232365366 3.466835199143534 1.9125143577430503 2.1109756443677874 1.9616258154154453 2.588024908302963 1.0802357932717475 2.7389517384638653 26.608784655078043
0.6970622198401376 9.999999999877351 0.02270584142687826 0.18851547532081062 0.19826882997859077 0.07142908900115996 1.0481338186563884 1.2648679880296527 1.0519235175022195 0.9312161973116444 0.5644021382787371 1.057059389524513 1.933605882529804 1.354773675492538 0.7180173524234668 1.3904582044745928 1.4078957288684821 1.5007687537524022 1.5789221729236675 3.347687676446427 1.8467471045388117 2.0383837327901535 1.8941696538536146 2.499030062950102 1.0430890332819032 2.644768520845393 26.59427762316765
0.6788235820628784 9.903136754949518 0.017773192100861653 0.19402562353269173 0.13843686735660093 0.04352686348767786 1.076299285339708 1.2989038811935685 1.0802062334596638 0.9562462305784531 0.5795714617840075 1.085457523889616 1.9855412378356816 1.391169490662918 0.7373081006577384 1.4278167514601554 1.445724230294462 1.5410935454449544 1.6213474143942153 3.4375932413480568 1.8963698742205324 2.0931556912736444 1.9450665845943087 2.566179082784684 1.0711170729623645 2.715833311294383 25.921236714554205
0.6724939981139719 9.999999993244426 0.01920535783679325 0.1957948744482594 0.16168671289061742 0.05443303149937281 1.0864295726949889 1.3111509281143992 1.0903784115785347 0.9652486045250895 0.5850274073750279 1.0956733623083106 2.0042266040997943 1.4042637582340596 0.744248392600177 1.4412573927754446 1.4593334910395694 1.555600495209353 1.6366097468781486 3.469928965966647 1.9142204328636092 2.112858772550006 1.963375677361846 2.590334107620617 1.0811993563636149 2.741395979939732 26.629966915355958
0.6642479317196515 9.995868144505085 0.04168832356707461 0.17853639241043087 0.1996786575566135 0.009334684261442678 1.0999191639675359 1.3274528210079624 1.1039227793096293 0.977235174136489 0.592291678811953 1.1092751498604014 2.029107761682143 1.4216984090626053 0.7534887090887806 1.459151623610104 1.4774517657628046 1.5749137218252656 1.6569286099073843 3.5129778835428427 1.9379853742940087 2.139090152173436 1.9877512989992796 2.622493184070392 1.0946224900130201 2.7754303847214037 30.20431919196905
