0.7813773979100693 1.1210380607813484 0.010469443705727579 0.057580206420275594 0.06825564412601719 0.05023736275906355 1.4368017771321773 1.28240713568333 1.2796942028198963 1.2800915511093496 1.2792828105444387 1.2787569899251572 1.2646634020275098 1.2820977566326708 1.2439164117066794 1.2797108560652146 1.355006678782273 1.279695203120506 1.2706940179761763 1.192025364513649 1.3115632009401545 0.002605937888867526
0.7320962539596964 0.9153326565491147 0.01389810849306926 0.06076548423410792 0.08912854996143148 0.045643250961438 1.5335143616919593 1.3687511480786414 1.3659846106372213 1.366428745378475 1.365635345825556 1.365004601681517 1.349807203553703 1.3682639442070414 1.327308173504609 1.3656595205287771 1.4460682343014106 1.3658658120536789 1.3562559807217993 1.2722887171246298 1.3998694690930804 0.0027864781585097884
0.7320963311197822 0.9153329387744309 0.013898106414029743 0.060765475983083336 0.08912853872561663 0.04564325691177615 1.5335142000653943 1.3687510040424669 1.3659844665077283 1.3664286014474698 1.3656352013921156 1.365004457295421 1.3498070611817194 1.368263799711718 1.3273080348609803 1.365659376586465 1.4460680821465715 1.3658656680085786 1.3562558377293419 1.2722885829918447 1.3998693215495392 0.0027864776233785843
0.8001291725046717 1.122307997767485 0.018174730763505422 0.04729191491672182 0.11665658742889948 0.04870188193488546 1.4030827188569999 1.252314051623994 1.249703210912542 1.250103802169747 1.2493569349877744 1.2488840519292272 1.2351193986802493 1.2520736398465102 1.2148312103752503 1.2497101170304934 1.3232170220739292 1.249645260127108 1.2408611826767084 1.164042055795338 1.2807746936751923 0.002645818976320866
0.7360796284924803 0.9249924446116126 0.015533399184596607 0.05849333174231805 0.10005440973923227 0.045540405418633266 1.525212467392702 1.3613406251915692 1.358585689570055 1.3590273099818724 1.3582372809096155 1.357615506058506 1.342508013852656 1.3608687735596945 1.3201478332744117 1.3582781401885868 1.4382460023672963 1.3584686229424183 1.3489115907902154 1.265399514823127 1.3922897949820479 0.002774786048888202
0.7320963279166305 0.9153329245549379 0.013898106218281006 0.060765476599280686 0.08912853752226704 0.04564325680209821 1.533514206774728 1.368751010013502 1.36598447249351 1.3664286074226157 1.365635207398817 1.3650044633066365 1.3498070670958318 1.368263805689936 1.3273080405951065 1.36565938257631 1.4460680884626158 1.3658656739876576 1.3562558436650485 1.272288588560134 1.3998693276745444 0.0027864776505544054
0.7320963629118509 0.9153330542161454 0.013898105577099092 0.0607654725761771 0.08912853365239921 0.045643259078587926 1.5335141334713278 1.3687509446962276 1.365984407123013 1.3664285421399367 1.3656351418877761 1.365004397820615 1.349807002515298 1.3682637401566353 1.3273079777328531 1.3656593172830933 1.4460680194536213 1.3658656086568068 1.3562557788118503 1.2722885277248475 1.3998692607576453 0.002786477406529597
0.7259681795603203 0.9300210464638308 0.013044164852812878 0.06321717736210604 0.08426063302342886 0.045524897176236215 1.5464899485235069 1.3803344184760102 1.377509070292857 1.3779545710941383 1.3771025196213509 1.376431758138662 1.3611193170279505 1.3797973222637936 1.3384989542830783 1.377206728317465 1.4583213325361526 1.377437572413155 1.3677415020235983 1.2830603450120686 1.4117183501749244 0.002756905531410563
0.7891856498025426 1.0816550822492264 0.011265328854897142 0.055607020239504375 0.07301592933244094 0.051371522729907894 1.4225403738939908 1.2696866641891975 1.2670558730659278 1.2674634500887587 1.2667111764288252 1.2662128438710343 1.2522328465610273 1.2694111644245338 1.2316198660682978 1.2670160438628995 1.341552854894156 1.2669829516685631 1.2580754779085819 1.1801896820832 1.29854076130919 0.0026433547203677864
0.43321667085776705 0.3398322316094044 0.045374271671317766 0.11709243403904605 0.1987883841448216 0.03167595041433355 2.588663186033305 2.3086255313927087 2.308624646941861 2.3159654823443163 2.3046041538653 2.3107149125449618 2.282354265064851 2.3070614382806833 2.2407487989363952 2.3013798748874237 2.4488763085961884 2.313807471823066 2.2913755618777505 2.14619707756253 2.3738946111495154 0.021486614396319537
0.8125851687296577 1.1732289812695373 0.017656094362639527 0.046373385698638823 0.11308614776162124 0.049274721397716305 1.3815780602282555 1.2331103179435656 1.2305199005354355 1.230912830827819 1.230171173626064 1.2297289343526925 1.2162058423040123 1.232916373418663 1.1962799218792484 1.230591914149868 1.3029606335212955 1.2304806096984502 1.2218320628334287 1.146190898485803 1.2611382565071165 0.0026413544896913776
0.7320963669365653 0.9153330670090744 0.013898105163924441 0.06076547252215191 0.08912853117192038 0.04564325957951612 1.5335141250408466 1.3687509372045326 1.3659843996104162 1.3664285346571816 1.365635134345808 1.3650043902804363 1.3498069951020633 1.3682637325552178 1.327307970560317 1.3656593097527803 1.4460680115183864 1.36586560114082 1.3562557713530412 1.2722885207282697 1.3998692530637487 0.0027864773819218135
0.7934272959404907 1.1080803837582112 0.022433272667573133 0.043834025768576805 0.14483800575512276 0.0463714765711399 1.4149452360899804 1.2629036500363122 1.2602698912515553 1.2606737793195129 1.2599113373988617 1.259420363788222 1.2455313173358082 1.2626337477958227 1.2250592949570218 1.260252485736423 1.3343874577826214 1.260216314962764 1.2513571759871467 1.1738879970709621 1.2916072220442893 0.002687855091317658
0.7321964167336392 0.9156216843067024 0.013933030785537983 0.060718121168346545 0.08944871628642358 0.04567721142425083 1.5333044929223254 1.368563811350397 1.3657975089971248 1.3662415613651937 1.3654482052600896 1.3648176751448005 1.3496225926264482 1.368077000164874 1.327127252557661 1.3654730382837847 1.4458706505981285 1.3656788986144666 1.3560703920431207 1.2721146298876038 1.399677919294613 0.0027857766329015573
0.7320963220234251 0.915332901775078 0.01389810573338032 0.060765477803207506 0.08912853421855217 0.045643256616813725 1.5335142191189812 1.3687510210165663 1.365984483502846 1.3664286184188483 1.3656352184330756 1.3650044743370946 1.3498070779683402 1.368263816746471 1.3273080511621715 1.3656593935639492 1.446068100081797 1.3658656849894777 1.356255854585672 1.2722885988038455 1.399869338941659 0.002786477692894662
0.7320946076488667 0.915328695136877 0.013895646700280475 0.06076831405039198 0.08911656894940141 0.045647374421442156 1.5335178090964987 1.3687542268710358 1.3659876828702116 1.3664318190091798 1.3656384176406542 1.36500766986935 1.3498102357413266 1.3682670160678079 1.3273111528949395 1.36566259009292 1.4460714894123576 1.3658688871307958 1.3562590336223361 1.2722915808464992 1.3998726193262554 0.0027864592651125936
0.7788189927248652 1.1037777789714343 0.02070442314906931 0.04747720509307202 0.13115106403378043 0.0454840976367634 1.4415308584091238 1.286632944304483 1.283913924825071 1.284320303334305 1.283491355088515 1.2829497517404036 1.2688037019107299 1.2862997560450475 1.2479735549363657 1.283895522484506 1.3594382045203643 1.2839051427170576 1.2748766205086923 1.195949038052561 1.315880358477114 0.002652354890170595
0.7320963893412912 0.9153331471799432 0.013898105056960219 0.06076546962700371 0.08912853074404152 0.04564326096911643 1.533514078110129 1.368750895368459 1.3659843577604467 1.3664284928580501 1.3656350924168665 1.3650043483688656 1.3498069537689399 1.3682636906091181 1.3273079302718336 1.3656592679687887 1.4460679673361931 1.3658655593153752 1.3562557298326063 1.2722884817804263 1.3998692102213368 0.002786477232226722
0.7320963107501033 0.9153328627189112 0.013898105897978304 0.060765479250111776 0.08912853515862001 0.045643255877101836 1.533514242732853 1.3687510420722153 1.3659845045595038 1.3664286394542473 1.3656352395214906 1.365004495415203 1.3498070987582491 1.3682638378378496 1.3273080714698091 1.365659414584677 1.4460681223162202 1.3658657060335877 1.3562558754774994 1.2722886184015785 1.399869360500168 0.002786477765513993
0.7320963774604383 0.9153331022398055 0.01389810555562761 0.060765470698202186 0.08912853377635212 0.04564326003108475 1.5335141029969086 1.3687509175555805 1.3659843799549398 1.3664285150257731 1.365635114655738 1.3650043705913535 1.3498069756977717 1.3682637128330553 1.327307951606745 1.3656592901276892 1.4460679907630756 1.3658655814950462 1.3562557518503344 1.2722885024336896 1.3998692329402773 0.0027864773179630225
0.7711000269441217 1.0221006636944323 0.01566682793460152 0.05344655836720057 0.1007450345682456 0.047940943580467535 1.4559174334486915 1.2994834365052228 1.29681631508301 1.2972353018753688 1.2964715100854818 1.295930639170863 1.2815812385430425 1.2991408407104577 1.2603995395251948 1.2966817504102086 1.3729817181068407 1.296722992718779 1.2876049346982403 1.207890618641158 1.329017761060223 0.0026704528439289946
0.7429011681874289 0.9498541680080791 0.01793640143901512 0.055038977513746805 0.1140803220175226 0.04490938666486144 1.5112101177224553 1.348860412320273 1.346094444599967 1.3465546494327494 1.345708245756103 1.3450733178080863 1.3301379373333913 1.3484015502357787 1.3080586285640883 1.3458199362471064 1.425056555231949 1.3459938983533277 1.3365238908406776 1.2537792994222552 1.3795026680394606 0.002751334277603108
0.7320963967430796 0.9153331740400805 0.013898105790801417 0.06076546781942326 0.08912853556609429 0.045643261104135774 1.5335140626059949 1.3687508815554044 1.3659843439343853 1.366428479048602 1.3656350785647973 1.3650043345094645 1.3498069400996615 1.3682636767720409 1.3273079169465507 1.3656592541641557 1.446067952736311 1.3658655454985276 1.3562557161155628 1.272288468912991 1.3998691960674425 0.0027864771834423224
0.7882271686314019 1.073750375288433 0.02336814387830138 0.04344165830035096 0.153861153747952 0.04661574285888997 1.424272121476153 1.271232790813238 1.2686057980082694 1.2690149385296403 1.2682648607683968 1.2677635647650174 1.2537593724855856 1.270947942989958 1.2331013574996847 1.2685408272952483 1.3431664170937134 1.2685262145193335 1.259608550105171 1.181628765488684 1.300123478419017 0.0027215744972661922
0.7321075359218552 0.9153547462118131 0.013928972765123577 0.06073389741623385 0.08938375863047097 0.04566353981004069 1.533490699616194 1.368730033793054 1.3659635286953393 1.3664076580999593 1.3656142746766264 1.3649835581049243 1.3497864158256592 1.3682428768296226 1.3272877756777801 1.3656384884956587 1.4460459525592717 1.3658447810710572 1.3562350978623356 1.2722691322637927 1.3998479108954978 0.0027863009806875123
0.7320963567792316 0.9153330288883227 0.013898106131085039 0.06076547285180986 0.08912853728354153 0.04564325861379945 1.5335141463171438 1.3687509561483817 1.3659844185820946 1.3664285535819953 1.3656351533719329 1.3650044093037828 1.3498070138344025 1.3682637516313751 1.3273079887338655 1.3656593287351435 1.4460680315457453 1.3658656201055581 1.356255790177028 1.272288538386006 1.3998692724849418 0.0027864774551418633
0.8044366276632615 1.141273644849059 0.011948009499734203 0.0531304953834195 0.07752767551512676 0.052290533107442534 1.3955657798427559 1.2456040367150132 1.2429954344803475 1.2433941064921854 1.2426467281856586 1.2421859790813328 1.2285086437191592 1.2453728243271927 1.2083602334220265 1.243032313899853 1.316147113696461 1.2429476145786527 1.2342108356137456 1.1578030726477997 1.2739108733612594 0.002627136367733635
0.7362464345753582 0.9254965196098849 0.015382253293908375 0.0586211868940045 0.09919660528369421 0.04559093001664493 1.5248667619414926 1.361032000643774 1.3582774547036354 1.3587189006007259 1.3579289984999574 1.3573076387770977 1.3422039696188608 1.3605607049496644 1.319850067676227 1.357971053414382 1.4379207216283698 1.3581605927512124 1.3486057374767997 1.265112599094743 1.391974123414287 0.0027734179066886484
0.7320963867111164 0.9153331383222217 0.013898105474033074 0.06076546943099971 0.08912853350852143 0.04564326069083636 1.5335140836194665 1.3687509002494094 1.365984362667316 1.3664284977253376 1.3656350973572127 1.365004353314881 1.3498069586125263 1.3682636956375172 1.327307934896337 1.365659272922176 1.4460679725192591 1.3658655642306636 1.3562557347075819 1.272288486352795 1.3998692152470058 0.0027864772489829496
0.793716706586165 1.0983369565588843 0.01394324005408536 0.05234036715898875 0.09019604843740586 0.050632004484234196 1.4144198949862268 1.2624369820112116 1.2598138563708188 1.2602188178931302 1.2594680240249805 1.2589803030236193 1.245090524979237 1.262173351757618 1.2246152667418324 1.2597929219625879 1.3339007175380928 1.2597472867610016 1.2508914088764476 1.1734508549241123 1.2911265363236457 0.0026322946955400148
0.7320964076511184 0.9153332128661935 0.013898104935923644 0.060765467240033025 0.08912853019943405 0.045643262154338594 1.533514039756669 1.368750861178631 1.3659843235580014 1.3664284586830955 1.3656350581538594 1.365004314118926 1.3498069199875633 1.3682636563599555 1.3273078973010388 1.3656592338337983 1.4460679312275444 1.365865525136291 1.3562556959010843 1.272288449950735 1.399869175207536 0.0027864771091867285
0.7320964100186504 0.9153332229862227 0.013898104546032977 0.06076546724842582 0.08912852773670002 0.045643262467324114 1.5335140347975362 1.3687508567459081 1.3659843191318655 1.3664284542519785 1.365635053726513 1.3650043097064797 1.349806915616582 1.3682636519406426 1.3273078930202258 1.3656592294282226 1.4460679265575525 1.3658655207179053 1.3562556915133062 1.272288445834763 1.3998691706794126 0.0027864770889519997
0.7320963325551727 0.9153329435905672 0.013898106652416555 0.060765475455107805 0.08912854039412793 0.045643256931840855 1.5335141970585568 1.368751001339067 1.365984463823751 1.3664285987375597 1.3656351987185744 1.3650044546439624 1.349807058534166 1.368263797064329 1.327308032220489 1.3656593739447347 1.446068079313364 1.3658656653301824 1.3562558350691025 1.2722885804964736 1.3998693188022011 0.0027864776148108943
0.732096299335567 0.9153328212974559 0.013898105775321879 0.060765480897430134 0.08912853414790736 0.04564325524289674 1.5335142666422477 1.3687510633742788 1.3659845258793266 1.3664286607275213 1.3656352608930207 1.365004516789807 1.3498071198330939 1.3682638592213594 1.3273080919480347 1.365659435895727 1.446068144825567 1.365865727344411 1.3562558966310616 1.2722886382445544 1.3998693823260449 0.002786477842684544
0.7320962700843044 0.9153327161787437 0.013898107457381124 0.06076548307644192 0.08912854464970203 0.04564325282969481 1.5335143279139205 1.3687511179630774 1.3659845805158284 1.366428715288174 1.3656353156488483 1.365004571523262 1.3498071737937376 1.3682639140373238 1.327308144509601 1.365659490464012 1.4460682025061145 1.3658657819520321 1.356255950839707 1.2722886890944862 1.3998694382585328 0.0027864780418120046
0.7374043180314844 0.9288979076950863 0.012260831378151685 0.06164058532226903 0.08011723988892397 0.04818569345490502 1.5224701216445817 1.3588934357120743 1.356140469234996 1.3565810032292507 1.3557917436929747 1.3551730554992913 1.3400966972479018 1.3584277940380411 1.3177881858083518 1.355845954188135 1.4356702661625538 1.3560259719207088 1.3464860129080556 1.2631238701251395 1.3897861562114826 0.002757577350220567
0.8011038460914164 1.1232875722360278 0.020757669852240517 0.044566600262752006 0.13632813756678752 0.04890417060099151 1.4013730527246528 1.250789013877283 1.2481811583119087 1.248582290892328 1.2478367593834438 1.247366648923674 1.2336194946953654 1.2505451387434228 1.2133580629450844 1.248185660703257 1.3216039297898088 1.248122513666163 1.2393495094891953 1.1626242486703176 1.2792146589870035 0.0026673819282347065
0.732096399519006 0.9153331828997086 0.013898105362793027 0.06076546784127203 0.08912853286704613 0.04564326146352085 1.5335140567912193 1.3687508763451872 1.3659843387469077 1.36642847383693 1.365635073386566 1.365004329357036 1.3498069349877175 1.3682636716230658 1.3273079118867845 1.365659249017974 1.4460679472615319 1.3658655403186906 1.356255710971725 1.2722884640876042 1.3998691907565983 0.0027864771663907908
0.732096374950857 0.9153330966941352 0.013898105663330471 0.06076547098848801 0.08912853449845115 0.04564325989362229 1.5335141082535892 1.368750922237178 1.365984384639158 1.3664285197010666 1.3656351193445275 1.365004375282738 1.3498069803082022 1.3682637175454662 1.3273079561583716 1.3656592948115232 1.446067995714936 1.3658655861808193 1.3562557565016515 1.2722885067968999 1.3998692377391204 0.002786477326882266
0.7524580644412568 1.0049755858421836 0.02304619038686737 0.04869081256725708 0.1484212731487157 0.044125752163183665 1.4920174128488715 1.331749732888499 1.328927423673518 1.329386308304328 1.3284343367651734 1.3277751151884007 1.3130936935293862 1.3312425321060926 1.2915028730888038 1.3287568233036786 1.4069955192607537 1.328904068636126 1.3195588108883078 1.2384448438137565 1.3619825003414274 0.0027448009479060366
0.7560536686903367 0.9759686185132376 0.016712289781648033 0.05440784874505797 0.10744909877078432 0.04638636917146699 1.4849022203305007 1.3253576926288926 1.3226577244538982 1.3230866827492527 1.3223145075541067 1.3217392464283193 1.3070701663349429 1.324963290830692 1.28538975013082 1.322445853925001 1.4002778502478765 1.322549917359244 1.3132483632646672 1.23194568133997 1.3554833745198478 0.002716671680073178
0.7961466389435471 1.10531823502713 0.01608001704412072 0.049932628889794946 0.10393929215632917 0.04993738650582741 1.4101006716396516 1.2585809792361369 1.2559640804645853 1.2563678455212401 1.2556199206308445 1.255138395184817 1.2412951582222842 1.2583238599917097 1.220889996827218 1.2559509683972858 1.3298306112099063 1.2558990473511962 1.2470706457357945 1.1698668696506005 1.287183354857815 0.0026355261452626635
0.7942493664966424 1.094001474797531 0.023218147385373387 0.042826578046050674 0.16034799097505767 0.05129240656237361 1.4134687689277345 1.2615891975229823 1.2589726671137675 1.2593782852190782 1.258632239686742 1.2581448698922284 1.2442602437861465 1.2613239952246744 1.2237848849933721 1.2589375658097268 1.332993573019143 1.258902063124011 1.250052583693878 1.1726647447782852 1.2902607723585262 0.0027170966048727886
0.8081539246301498 1.1512009226930915 0.019045851133687345 0.045495409472391425 0.12426814424889447 0.049966833312717604 1.389144530399576 1.2398713272032509 1.237273689901856 1.2376708727213812 1.2369285616040815 1.2364761988144233 1.222866282882334 1.2396503263559873 1.2028142732105507 1.2373152103013962 1.3100889053771534 1.2372264586674937 1.2285306285517896 1.1524752658375927 1.2680486965306794 0.0026467385114456758
0.7327714672742638 0.9171699189944827 0.014444622596589494 0.060110641226538225 0.09292693259423111 0.04558401265957179 1.5321009830084722 1.3674894897131435 1.3647247279133399 1.3651683781633699 1.364375276983378 1.3637459642397454 1.348563977381074 1.3670043350863215 1.3260891520785358 1.3644025492630036 1.444736281601379 1.3646066208235128 1.3550058064450838 1.2711160710926588 1.3985792536009058 0.0027839577228993806
0.732096373761921 0.9153330884584701 0.013898105346056538 0.060765471343517466 0.08912853228812569 0.04564325984776082 1.533514110744048 1.3687509244528286 1.3659843868633945 1.3664285219211092 1.365635121585203 1.365004377527778 1.349806982509477 1.368263719797727 1.3273079582498963 1.3656592970388355 1.446067998055435 1.3658655883998216 1.356255758704171 1.272288508862891 1.3998692400111268 0.002786477343762671
0.7320963547256857 0.9153330205294408 0.013898106306059178 0.060765472850593576 0.08912853833575196 0.04564325840340712 1.533514150618493 1.3687509599501342 1.365984422414824 1.3664285573796064 1.3656351572387233 1.3650044131770909 1.349807017633949 1.3682637555241495 1.3273079923588829 1.3656593325846331 1.4460680355924946 1.3658656239430438 1.3562557939833064 1.2722885419559182 1.399869276408005 0.00278647747155042
0.7362087892823234 0.9254467323194898 0.015295501333686623 0.05872091029742735 0.09834271801644706 0.04552388155850258 1.5249444265934289 1.3611039144035815 1.358346713145881 1.3587905932199238 1.3579960367909147 1.3573728590317142 1.342270091179174 1.3606285197524217 1.3199188312902501 1.3580382733065304 1.4379930260711742 1.3582294896189326 1.3486745027108076 1.2651775384258934 1.3920452998294868 0.0027734320257376873
0.7320963441171275 0.9153329872519845 0.013898106381348802 0.06076547428397417 0.08912853871583287 0.04564325773397228 1.533514172840188 1.3687509797753064 1.3659844422273022 1.3664285771946012 1.3656351770680553 1.3650044329894304 1.3498070371897037 1.3682637754054081 1.3273080114791453 1.3656593523558618 1.4460680565164412 1.3658656437449486 1.3562558136429168 1.272288560397859 1.3998692966967705 0.0027864775320008165
0.7320963916980051 0.915333157824183 0.013898104809500742 0.0607654695086324 0.08912852916384588 0.04564326120942203 1.5335140731734196 1.3687508909629196 1.3659843533539286 1.3664284884462456 1.3656350880085302 1.365004343961579 1.3498069494168112 1.368263686241058 1.3273079259967928 1.365659263590638 1.4460679626882496 1.3658655549173755 1.3562557254651937 1.2722884776833585 1.399869205714143 0.0027864772111031873
0.7963631183914115 1.1050015508391204 0.015693225484285474 0.05030666392528265 0.1014080107165788 0.05009580266415034 1.409716246483669 1.2582380795642467 1.2556224560278602 1.2560263222600887 1.255279359092053 1.254798596612434 1.2409590547167477 1.2579815238142538 1.2205595106000653 1.255609516662514 1.3294690956409407 1.2555565599514644 1.2467305812562026 1.1695478596971545 1.2868323657180092 0.0026349578878513222
0.7486305910792265 0.9568214374765613 0.014438122923098325 0.05776905280902587 0.09269694544442794 0.046610681066005154 1.499631001520334 1.3385054848400648 1.335785223384829 1.33621866875798 1.335439903363734 1.3348476089084687 1.320018699200237 1.3380834415393892 1.2980926588987303 1.3355412817541985 1.414154106681314 1.3356738421291485 1.3262788574255495 1.2441687663549628 1.3689315322338096 0.002727931069038643
0.7500599506312652 1.0014573451112105 0.017084241993812747 0.05509082715295172 0.10970312254918375 0.045345942402790745 1.4968031836437417 1.3359729290112783 1.3332141294667967 1.3336356160230258 1.3328144985009367 1.3322093198818894 1.3174382282408708 1.335542775183436 1.2956418251286879 1.333035597433994 1.4115032704532224 1.3331572912779164 1.3237789435820009 1.2418227493685976 1.3663504026532494 0.0026788324670563852
0.7320963977918331 0.9153331833275802 0.013898104800657849 0.060765468856828486 0.08912852919247474 0.045643261578355576 1.533514060408838 1.368750879612311 1.3659843419702657 1.3664284770914044 1.3656350765817051 1.365004332536793 1.3498069381651523 1.368263674777873 1.327307915109994 1.365659252201274 1.4460679506762726 1.3658655435399643 1.356255714172651 1.2722884670905517 1.3998691940645147 0.0027864771621771652
0.7320963677804122 0.9153330676260009 0.013898104447057096 0.06076547298881818 0.08912852727086051 0.04564326024059201 1.5335141232713168 1.3687509355903644 1.365984398032104 1.3664285330566752 1.3656351327916405 1.3650043887407983 1.349806993545403 1.3682637310490002 1.3273079689295288 1.3656593082194401 1.4460680098521705 1.3658655995696005 1.356255769789119 1.2722885192615836 1.3998692514456055 0.0027864773783470103
0.7320963379624281 0.9153329612994077 0.01389810613472637 0.06076547534699284 0.08912853698212193 0.04564325740581235 1.5335141857322199 1.3687509912617217 1.3659844537277925 1.3664285886715077 1.3656351885939602 1.3650044445152245 1.349807048555398 1.3682637869187764 1.3273080225494531 1.3656593638369565 1.4460680686525356 1.3658656552359614 1.3562558250485448 1.2722885710967564 1.3998693084645846 0.002786477581761148
0.7348455036884277 0.9217611967535458 0.015618708919470554 0.05858760082389008 0.10048210919538784 0.045422891512491854 1.5277749421273683 1.363628016890192 1.3608698165469715 1.3613123501522213 1.3605213736573094 1.359896938570951 1.34476145280939 1.3631502905837953 1.3223578162656242 1.3605551045452215 1.4406588887435245 1.360751848926139 1.3511786732679547 1.267526224413422 1.394629574213942 0.0027804708414735616
0.7320963863897515 0.9153331348118435 0.013898104796416727 0.06076547020729387 0.08912852901618516 0.04564326090036812 1.533514084292614 1.3687509008653536 1.3659843632734368 1.3664284983404935 1.3656350979529799 1.3650043539073053 1.349806959205846 1.3682636961783918 1.327307935521354 1.3656592734957043 1.4460679731543336 1.3658655648276623 1.3562557353025204 1.2722884869108053 1.3998692158629518 0.0027864772554215887
0.7320963647713227 0.9153330587373151 0.013898105878647498 0.060765472051269566 0.08912853571164951 0.04564325918970386 1.5335141295764263 1.36875094123364 1.3659844036532376 1.3664285386780033 1.3656351384090604 1.3650043943466603 1.3498069990964003 1.3682637366625587 1.327307974387726 1.3656593138103759 1.4460680157864103 1.3658656051859126 1.3562557753661078 1.272288524492705 1.3998692572033928 0.002786477398601676
0.7320963363472465 0.9153329564532384 0.013898105743806632 0.06076547589949891 0.0891285345508864 0.0456432575175876 1.53351418911527 1.3687509942817577 1.365984456743991 1.366428591690198 1.3656351916137326 1.365004447529005 1.349807051542416 1.3682637898987458 1.3273080254678666 1.3656593668412345 1.4460680718368522 1.365865658248467 1.3562558280409427 1.2722885739039116 1.399869311553143 0.002786477589487243
0.7354156539961476 0.9246478440829744 0.015740964576828796 0.0583824876666837 0.10117838076516379 0.045398652690081316 1.5265897577924272 1.3625758400904557 1.359812068351087 1.3602614164552362 1.3594545390364778 1.3588243896606698 1.3437073761832359 1.3620957267925433 1.3213357505293697 1.359499008104005 1.4395425521302185 1.359696086905503 1.350130455330922 1.2665433271939774 1.39354771110248 0.0027756797410401057
0.7320963673673161 0.9153330683638617 0.013898105697357846 0.060765471821632326 0.0891285346678285 0.04564325939262794 1.5335141241386028 1.3687509363732906 1.365984398802381 1.366428533822339 1.3656351335516959 1.3650043894909103 1.349806994296576 1.368263731815841 1.3273079697069428 1.3656593089857527 1.4460680106655037 1.365865600339574 1.3562557705549345 1.2722885199793676 1.3998692522373637 0.0027864773804348424
0.7449276375947802 0.947770623713066 0.018135853308362093 0.05455993908466473 0.1134202816567926 0.04475167154240985 1.5070903138787501 1.3451634409891011 1.342433174897801 1.3428688436974054 1.3420860832658357 1.3414844776638715 1.3265738851603524 1.3447248371507132 1.3045193657539564 1.3421660479845514 1.4211727043809883 1.3423200093471583 1.3328779733385014 1.2503592438462323 1.3757423665994821 0.002759763742739981
0.7320963779985801 0.9153331097466111 0.013898105349407084 0.060765470835011486 0.08912853256350128 0.04564326016143425 1.5335141018695837 1.3687509165384666 1.3659843789419457 1.3664285140082277 1.365635113638809 1.3650043695856018 1.3498069746815988 1.3682637118882621 1.3273079506474341 1.3656592891410093 1.4460679897043838 1.3658655804926239 1.3562557508535664 1.2722885014986038 1.3998692319099515 0.0027864773014847012
0.7320962981321008 0.9153328186396854 0.013898107116637996 0.06076547966242545 0.08912854283907945 0.04564325465877459 1.5335142691637098 1.3687510656327186 1.3659845281278153 1.3664286629990017 1.3656352631330537 1.3650045190108147 1.3498071220484222 1.3682638614971838 1.3273080941654427 1.3656594381131903 1.4460681471960095 1.3658657295894885 1.356255898861658 1.2722886403367752 1.399869384628102 0.002786477849343075
0.7320963790261725 0.9153331108234175 0.013898105520022545 0.06076547061243991 0.08912853360970344 0.045643260168225015 1.5335140997171464 1.368750914646698 1.365984377029627 1.3664285121197681 1.3656351117130652 1.3650043676452492 1.3498069727930997 1.3682637099133188 1.3273079488491961 1.3656592871863915 1.4460679876788507 1.365865578569523 1.3562557489485136 1.2722884997121486 1.3998692299485458 0.002786477300594062
0.802937288067894 1.1332062427739777 0.021387837932937765 0.043683446941402755 0.14080951123902102 0.04906500337677152 1.3981756669623588 1.2479329422046825 1.2453265243717622 1.2457253408011426 1.2449796604407872 1.2445129922929377 1.2308026808766148 1.2477010412796588 1.2105951366435177 1.245344406068003 1.3185918328121002 1.2452739460979756 1.236520876609632 1.1599707695536814 1.2762949948655908 0.0026703197218053473
0.7737250612410088 1.044358655025243 0.010767408926542729 0.05815001557988876 0.07049108368435099 0.05022491361175571 1.4509911564445732 1.2950776658946797 1.2924057934831457 1.2928125372517514 1.2920412203557163 1.2915009649276479 1.277217968761789 1.2947505992236574 1.2561527205465672 1.292312237603359 1.3683459164176637 1.292325142374615 1.283236875938898 1.2037907484193218 1.324519097964819 0.0026495463733518508
0.8026646141303951 1.126185285651523 0.01836330439692172 0.04683539040161858 0.11926345929805171 0.04966650647990564 1.3986464489295245 1.2483549013212814 1.245752854940673 1.2461532030396716 1.2454115121292606 1.244945136368251 1.2312266763881032 1.2481229358117238 1.2110066708591196 1.2457658796439157 1.3190389569906866 1.2456935835698577 1.2369374477304387 1.1603614283745292 1.2767248759300753 0.0026464124601129494
0.7860348719568836 1.0699433459125591 0.015707138435820087 0.05149111942912766 0.1013105845842564 0.04918301234830551 1.4282473744976443 1.2747813082213066 1.2721460380152392 1.2725555782889164 1.271802008307821 1.2712957723651357 1.2572511134928637 1.274493601516903 1.2365362629608931 1.2720844294596783 1.3469210030500527 1.2720679844618714 1.263124799683064 1.1849267064258266 1.3037524046574391 0.002645783009623896
0.7320963481601506 0.91533299933609 0.013898105695225921 0.060765474362649924 0.08912853416878086 0.04564325815291803 1.533514164371148 1.3687509722134237 1.3659844346761343 1.366428569630965 1.365635169515062 1.3650044254387266 1.3498070297536715 1.3682637678312475 1.3273080041857643 1.3656593448324619 1.4460680485422808 1.365865636198832 1.3562558061499013 1.272288553368992 1.399869288962631 0.002786477509750665
0.793114464234355 1.091277824933621 0.01600459605697429 0.05033189620126737 0.10334343850344463 0.049767719719019644 1.4154905127712223 1.2633933559222033 1.2607742064139387 1.2611802831385432 1.2604332520007455 1.2599444033253173 1.246039098844871 1.2631282374852097 1.2255363234481258 1.2607422441160083 1.3349053964013058 1.2607011670396564 1.2518387316152682 1.1743397093130001 1.2921044235846235 0.0026413651472472657
0.7961583681788932 1.1081538479672528 0.014293703865666143 0.051726025141574046 0.09255810973972528 0.05072439671053741 1.410080074212226 1.2585624182697641 1.2559424364388463 1.2563459371731416 1.2555956315038888 1.2551142096658354 1.2412733824930187 1.2583039942364107 1.2208745628696076 1.25593406063026 1.329813731976558 1.2558802915813891 1.2470520020472506 1.1698492075495874 1.2871641667584275 0.0026289933307033658
0.7320963753957566 0.915333095661446 0.013898104320865398 0.06076547217576035 0.08912852581038898 0.045643260409045 1.5335141073213119 1.3687509214060982 1.3659843838105705 1.366428518873977 1.3656351185218178 1.3650043744589169 1.3498069794876015 1.368263716714756 1.3273079553384808 1.3656592939823606 1.4460679948358608 1.3658655853489483 1.3562557556755344 1.2722885060222824 1.3998692368872268 0.0027864773276654138
0.79029407308581 1.0828968883731915 0.016953500322682287 0.049710755680323446 0.10953534618697434 0.04902266843386706 1.4205447516110632 1.267905034539794 1.26527958836895 1.2656869389649852 1.2649371764587491 1.2644412570359045 1.2504806220082638 1.2676307327623926 1.2298932587581424 1.2652349187373801 1.3396645397338096 1.265204734465928 1.256310346431686 1.1785344125829436 1.2967194519141123 0.0026479082922154814
0.7999135451712766 1.1174325356754797 0.01447714320417775 0.05110555564968329 0.09365512482308425 0.050896669720898326 1.4034574988874235 1.25265014701947 1.2500416584968925 1.2504433133274366 1.2496992955680424 1.2492267225917482 1.235456344052071 1.2524103669901356 1.2151602271410682 1.2500477042614657 1.3235758198448606 1.249980120876376 1.2411934177270283 1.1643535116217787 1.2811172979883492 0.0026307247903771306
0.7685246602741319 1.0138750318885104 0.01574957891140326 0.05370318569589443 0.10149443616959951 0.04770370655069601 1.4607968969458294 1.3038391546514552 1.3011668736095476 1.3015874677250265 1.3008224987224952 1.3002756055173104 1.2858721929866557 1.3034891150946566 1.2646060450041752 1.3010196040172497 1.377577199550039 1.3010710912677759 1.2919220167056187 1.211940265802823 1.3334731289624417 0.0026769846515182455
0.7320963590261018 0.9153330405012919 0.013898105071262457 0.06076547369423266 0.08912853042337794 0.04564325913526927 1.5335141416105766 1.3687509519576118 1.3659844143824718 1.3664285493951864 1.365635149151375 1.3650044050841763 1.3498070096876893 1.3682637474061023 1.327307984758872 1.3656593245215303 1.4460680271194704 1.3658656159100682 1.356255786013207 1.272288534480087 1.399869268189101 0.002786477430528135
0.7320963786682894 0.9153331095542839 0.013898105391749507 0.060765470624930935 0.0891285327186893 0.045643260207492306 1.5335141004666004 1.3687509152655095 1.3659843776907583 1.366428512725737 1.365635112410189 1.3650043683559712 1.349806973462327 1.3682637106692863 1.3273079493635649 1.3656592879180798 1.4460679883812477 1.3658655792447367 1.356255749612495 1.2722885003344029 1.3998692306266776 0.002786477302657053
0.7320963938384585 0.9153331649553125 0.01389810492418716 0.060765469046692014 0.0891285298409874 0.04564326120404418 1.5335140686901159 1.3687508869591027 1.3659843493556791 1.3664284844442696 1.3656350840054947 1.3650043399660385 1.34980694545923 1.3682636822164647 1.3273079221399648 1.365659259606174 1.446067958465557 1.3658655509223623 1.3562557214984308 1.272288473962217 1.3998692016199796 0.002786477198831157
0.7986414364983335 1.1160040900975525 0.015602662891278945 0.05007571729032716 0.10012306039677933 0.04939099392386392 1.4056975109338805 1.25464863327737 1.2520359574198578 1.2524373725210782 1.251690692702308 1.251214449441987 1.2374205336288835 1.254405796509419 1.2170883723505008 1.2520381304486399 1.3256832552023938 1.251975120129651 1.243174332374339 1.1662117789519129 1.2831618863733774 0.002635950299795722
0.7320962653307558 0.915332696552728 0.013898107488492645 0.06076548357917714 0.089128544713431 0.04564325250729056 1.533514337871057 1.3687511268238197 1.3659845893958416 1.3664287241418969 1.3656353245581772 1.3650045804210489 1.3498071825660531 1.3682639229681373 1.327308153016269 1.365659499342118 1.446068211876101 1.365865790829105 1.3562559596488217 1.272288697357575 1.3998694473450584 0.0027864780795679223
0.7320962962573877 0.9153328088387098 0.013898106904248121 0.0607654801412899 0.08912854135992242 0.045643254589510775 1.533514273090432 1.368751069115698 1.36598453163043 1.3664286664757197 1.3656352666616443 1.3650045225419174 1.349807125513304 1.368263864998046 1.3273080974834774 1.3656594416326344 1.4460681508929525 1.3658657330917157 1.3562559023360443 1.2722886435959604 1.3998693882111948 0.0027864778686070048
0.7320963854955534 0.9153331314779438 0.013898106247565533 0.060765468774738464 0.08912853838625488 0.045643260309914 1.533514086165894 1.368750902531825 1.3659843649431322 1.3664285000036622 1.3656350996306026 1.3650043555841354 1.349806960870492 1.3682636978757954 1.32730793709328 1.3656592751681438 1.4460679749131657 1.3658655664984158 1.3562557369598442 1.2722884884656513 1.39986921757224 0.0027864772640454945
0.7847139712473502 1.0628851572308937 0.015374416230462607 0.05200403675670967 0.0991157090814933 0.04915718744440275 1.4306483163688617 1.2769253658811157 1.2742898047465416 1.274700778456774 1.2739485871687977 1.2734400253932818 1.2593672677685144 1.2766320515675125 1.2386088753165592 1.2742185648329116 1.3491824806341441 1.274207119900573 1.2652488674256328 1.1869192267097954 1.3059447134312236 0.002649593783239974
0.7774852412798049 1.0402300009338767 0.014432938351201652 0.053864724403241276 0.0930193181445142 0.04896554160567782 1.443955093416395 1.2888044920698498 1.2861532415047858 1.2865684170428766 1.2858109935470736 1.2852852009635098 1.2710663010277372 1.2884884763938376 1.2500833704953878 1.2860498898296344 1.3617166593520031 1.2860640395548255 1.2770214887805187 1.1979625819731088 1.3180947668249308 0.002657685141974528
0.7320962770226679 0.9153327393870849 0.013898106579121959 0.06076548301964565 0.0891285388906693 0.04564325346959071 1.5335143133806448 1.3687511050285148 1.3659845675597153 1.36642870235862 1.3656353026600794 1.3650045585276975 1.3498071609901545 1.3682639010030424 1.3273081320674875 1.3656594775054174 1.4460681888234912 1.3658657689994531 1.3562559379810304 1.272288677032473 1.399869424990969 0.0027864779983675157
0.740696819454015 0.9364594183713769 0.014231145130072948 0.059133098523435346 0.09134467274437125 0.04611891691499457 1.5157006637152093 1.3528500199215552 1.350108102624308 1.350546649240254 1.3497610392166322 1.3491503453123341 1.3341464850652773 1.3523971668470403 1.3119486495690562 1.349825382598588 1.4292896514175757 1.349992805011897 1.3404959562984078 1.2575050980806897 1.3836043417256167 0.0027540634671994867
0.7320963835932204 0.9153331253631016 0.013898104920191962 0.06076547044801548 0.08912852969137783 0.045643260672043384 1.533514090150338 1.3687509060899075 1.3659843684960609 1.3664285035597468 1.3656351031902898 1.3650043591354981 1.3498069643622495 1.3682637014253245 1.3273079405344297 1.365659278717228 1.4460679786686665 1.3658655700486995 1.356255740484986 1.2722884917724342 1.3998692212101131 0.0027864772730848033
0.7320964033495199 0.9153331968886315 0.01389810550341464 0.06076546719233153 0.08912853381173037 0.04564326166647704 1.533514048767559 1.3687508692083652 1.3659843315934679 1.3664284667046263 1.3656350662079517 1.365004322167038 1.3498069279114728 1.3682636644147856 1.3273079050478132 1.3656592418535027 1.446067939707488 1.3658655331664382 1.356255703872491 1.2722884574284659 1.3998691834338972 0.0027864771402752314
0.7966387233587324 1.10829174709753 0.014264436414664267 0.05166142923686349 0.0922621124890712 0.05073409012394978 1.4092305501104623 1.2578036397999781 1.255186888712171 1.2555898414092679 1.254841830034111 1.2543609352126255 1.2405280416905407 1.2575526516910454 1.2201377012494643 1.2551799567471205 1.3290126289639335 1.255123479081698 1.24630035103346 1.169144140229486 1.286388164714729 0.0026308019049486905
0.7806745717057777 1.0502048186939912 0.018213515393441015 0.049611390683089666 0.11800723846258074 0.0479525916294376 1.4380566231549088 1.2835385681874378 1.2808946662105831 1.2813079033945756 1.2805524543948819 1.2800335201320123 1.2658787841162578 1.283232307769371 1.2449920370308287 1.2808016559624151 1.3561554732171608 1.2808085775728217 1.27180351161486 1.1930681010010882 1.312709531787498 0.0026699327801164067
0.732096396853781 0.9153331705262335 0.013898104731151141 0.06076546882919424 0.08912852875012595 0.04564326152616502 1.5335140623738273 1.3687508813279123 1.3659843437294528 1.3664284788267393 1.36563507837805 1.3650043343351417 1.3498069399100396 1.3682636765668728 1.3273079166908424 1.3656592539821797 1.4460679525171622 1.3658655452926558 1.35625571591021 1.2722884687201303 1.3998691958534182 0.0027864771895640753
0.7912517396208446 1.0865365260416537 0.017649246867788237 0.04888620626282511 0.11440761631925406 0.04889722077325151 1.41882520228509 1.2663699235602046 1.263745935057638 1.2641527907533385 1.2634029929038728 1.2629090023424534 1.2489676442238926 1.2660992671029896 1.2284092548153749 1.2637055817440028 1.3380442099569545 1.2636730658197228 1.2547894151995052 1.1771077351324313 1.2951495466449647 0.002650684914913059
0.43511278027229094 5.785765357006987 0.058558104289833886 0.1858879284654754 0.17455501668612666 0.02321529191866171 2.63048950497645 2.306430128906585 2.302308201995122 2.2712709510122924 2.236413278763622 2.323028602662134 2.3004753334415775 2.3170986171605783 2.088940233460803 2.363476590832438 2.478795109348766 2.2074438781049683 2.2022207920116483 2.2042404949053713 2.4188162664170187 0.3945875538810967
0.7637248705267785 1.0076890464229684 0.005093007541398263 0.06545228615008708 0.03498174656335058 0.05268441499359009 1.469981928425792 1.312037551661865 1.3093450318907773 1.3097661331761 1.3089924405565816 1.3084346455316045 1.2939382059029387 1.3116762866660605 1.2725433081515027 1.3092058188547309 1.3862557924120347 1.309261371773424 1.3000522978444233 1.21956540825273 1.341861644306827 0.002736307370647906
0.7886047693931681 1.0790269750469812 0.015061021046847365 0.05184536655042536 0.09726010809003881 0.049604008645606885 1.4235888277941928 1.2706225290782216 1.2679917199254316 1.2683998176236384 1.2676473500010925 1.2671472725946709 1.2531546614242046 1.2703436302153037 1.2325203486577976 1.267943831065252 1.342534912019365 1.2679174393563395 1.2590035523068186 1.1810606421539136 1.2994988008485104 0.0026404952511400763
0.7957200732688097 1.1021864594160689 0.01622084671154069 0.04984031178397216 0.10479786252084235 0.04982368684114373 1.4108558043146273 1.2592554393858746 1.2566392938376905 1.2570435846896812 1.256296688124104 1.255814304379246 1.2419616238568816 1.2589968799790996 1.2215413064298346 1.256621917191861 1.3305413196911273 1.2565718538611421 1.2477387134830238 1.170493600696906 1.2878728731220932 0.0026379657717484177
0.7918663521201758 1.0905576434723472 0.01710568657214057 0.04935210532879391 0.11069083630160985 0.049202107368087694 1.4177277114508822 1.26538960343437 1.2627651510165572 1.2631710495134054 1.2624204986207916 1.261927795606146 1.2479996873297141 1.2651213951369162 1.2274624331303823 1.2627308332389788 1.3370113308781968 1.2626947860596447 1.2538181332314196 1.1761965510353436 1.2941472233895253 0.0026445907485584653
0.7320964027174367 0.9153331984194881 0.013898105049183557 0.06076546784193243 0.08912853087653769 0.04564326173885345 1.5335140500914648 1.368750870399234 1.36598433277141 1.3664284678976697 1.3656350673741269 1.3650043233305877 1.3498069290800385 1.368263665559917 1.3273079062352837 1.3656592430209593 1.4460679409590131 1.3658655343447008 1.3562557050441235 1.2722884585273861 1.3998691846443378 0.002786477135715264
