0.4052820607445233 6.6083256728196345 0.01940417251918555 0.041701053891344146 0.14103865387572745 0.07509450653212835 2.4566538714126747 2.43859370994021 2.3951618638215355 2.4174258466135075 2.5203599650639728 2.341526432570898 2.703723247246449 2.5240029092935576 2.4068359662610956 2.819218489290603 2.473403635768057 2.4201473010815975 2.3662830411703113 2.367911778361311 2.845579817292038 2.2004661407821455 2.6182383097359496 2.436071230903479 2.3995916429761146 2.39368109644059 0.02159998122859913
0.4132889747201375 7.686419586868179 0.025417619509152188 0.033239788596638634 0.17902122278345062 0.07141833738372498 2.408994314174605 2.390387671362485 2.348801950939203 2.370739388351454 2.4720864617639493 2.296484136280592 2.651891324683363 2.4754472378110064 2.3603173024720374 2.76465058415352 2.425482630142364 2.373195201664983 2.3203728802406007 2.3219575228472955 2.7902721712773637 2.157683135511127 2.5672948008587073 2.3886994219727518 2.352907401861809 2.347196212748302 0.02143171122216135
0.37391912183696535 5.409654153896079 0.02747819990832538 0.043811898097677576 0.19820657651319307 0.06328536884760116 2.6633976256910437 2.643949438614121 2.5948103384181995 2.618903183146416 2.72926416775748 2.5364236164995644 2.9283010807177567 2.7344048272451427 2.6083720657389575 3.0558780439790363 2.6811555383799917 2.62371072365013 2.5653303469280493 2.5671776544159526 3.085560020396112 2.3859444814942417 2.8392015181343564 2.641497994565669 2.6020155305535937 2.5952188883291663 0.0224971079678433
0.4088078093504882 8.930666081252472 0.023394864919505747 0.036418525386628195 0.1677010855885848 0.07244612000380524 2.4355605211105953 2.415100418704746 2.3740919447797006 2.396754116429328 2.499020732339339 2.3216319067102407 2.6808424953713303 2.50254199326278 2.386265749317718 2.7951254406968675 2.45220331884366 2.399371102175568 2.3459567506797385 2.347565390053672 2.8211418699788853 2.1815089093952134 2.5956977254604303 2.4150951673556786 2.3789182910474875 2.373094948756527 0.021626637814619484
0.386547699032393 5.7103359122680875 0.026171794830563852 0.04077544222596571 0.1770042584038892 0.06248082514332266 2.5760802500471347 2.557504067578145 2.510757802357257 2.534132344212707 2.6412031700173384 2.454199261283861 2.833537379477271 2.645579051602838 2.523244268622182 2.9558987381971265 2.5933390308926008 2.537714703109624 2.4812215830347806 2.4830076674822767 2.9841357033177434 2.3075698357153964 2.745827123803664 2.554709667744581 2.516485294424914 2.5100959350138234 0.021908882904443677
0.4209388872408155 9.745869662862692 0.018616985292659028 0.03772008449333851 0.13409467820465953 0.07874862651923802 2.3651368228906735 2.345491096779875 2.3061820103716637 2.327912806470042 2.4276438205684943 2.2550740358804306 2.60415935374509 2.4307669057140986 2.317574126365386 2.7145220273071677 2.3814422828344997 2.3300469781252584 2.2781736702773703 2.27970184716192 2.7394642178782806 2.1183522598365854 2.520472236856093 2.3451400471172157 2.3099814901101396 2.304417519213376 0.02167994974124712
0.3777972814671384 5.556133618849967 0.027475105323286887 0.04245276368201164 0.19096448898126517 0.0642798970246517 2.635631168202624 2.6173403706400182 2.568826451608611 2.5923052338848356 2.6999451508704855 2.5101559040073997 2.897303089152434 2.707251188464683 2.5817490306886057 3.0254739075275765 2.6532490451874566 2.597364621077438 2.538995076514378 2.5408054416599675 3.0529839231587386 2.361119216816224 2.810428165077711 2.6144658497626723 2.5753096145561716 2.5687083231053776 0.022261312937840057
0.4179833485023942 7.379815753715748 0.023307269678719583 0.03407526910917505 0.16618431656059104 0.0755931078021789 2.3818211906271514 2.364055716047339 2.3227198336443053 2.344194738054166 2.4445359984927477 2.270801376170814 2.622282117458306 2.4477434946792243 2.3338205900312556 2.733550735317464 2.3981863626189237 2.346458369282815 2.2942303844254766 2.295783929217853 2.758768889199107 2.133326340639728 2.53827867525019 2.3617165252896717 2.326319554698349 2.320707959259315 0.0214346246331481
0.4222183239479516 7.376138390383609 0.02467472802421402 0.03153911700893019 0.17451613931850754 0.07576866176520437 2.3578572961509625 2.3405320946659898 2.299614736717594 2.3207423495334294 2.4202264253742904 2.2481327372063893 2.5961692536438257 2.423303661588217 2.3104285689939204 2.706097918603902 2.3740932764337566 2.3228576110570835 2.2711553273679477 2.2726842717494464 2.730954988762785 2.1118312454649195 2.5126694075780276 2.337908412001143 2.302858508231485 2.297333781077996 0.02140727040544093
0.4004676278159465 6.220326976710495 0.025588489996836692 0.03695837069245752 0.1753020587224438 0.06647193680205167 2.4862912778839723 2.468313497500483 2.423931035502064 2.4463937782332867 2.5503414143530114 2.369485791604849 2.7358881499424283 2.554146361668037 2.4356985221759513 2.8530166254419145 2.5031402946685213 2.449333547362485 2.394765852931954 2.39648338064723 2.879876802939885 2.2269995086968963 2.649855066324567 2.4654247822275073 2.4285982122101855 2.4225537575243017 0.021532471401379195
0.4094706744419976 6.872727282678261 0.026567341654881373 0.03326502732060859 0.18924343744393338 0.07103852741468472 2.4314762652138144 2.4134784818638755 2.370775763718152 2.3928056642931876 2.49484939242918 2.3177376365758873 2.676304348593217 2.498326308331656 2.382254809292697 2.790360749079382 2.448077114318659 2.395342139507831 2.3420227942994716 2.34363215834266 2.8163321649956097 2.177865692364354 2.5913162849959934 2.411043257872603 2.3749316075539415 2.369122306544776 0.02141356129445996
0.4186520555998407 8.01103836147289 0.021520437514375688 0.03558530480068017 0.15360845678343882 0.07639294959669564 2.3780183485092095 2.359632028561362 2.318875486420917 2.3405145390349666 2.4406792554750556 2.267232309315118 2.618142693090335 2.4438694075001006 2.3301243074954208 2.7292227449564144 2.3943729562472464 2.3427223158364456 2.290568490380807 2.292115753817689 2.754367410001363 2.1299111589001503 2.5342207306508735 2.3579370207164008 2.322595082849626 2.3169862235394967 0.02149607337948664
0.4080932569966032 6.61390442683173 0.026753642575770047 0.03353050688274123 0.19190703518107743 0.07134638179440793 2.4396871386050125 2.4219080008618357 2.378814664902229 2.4008222291366748 2.5031728797215367 2.3254824139170824 2.685242329056031 2.5066952732968297 2.3902595923746124 2.7997516896321315 2.4563269331807045 2.403423967325095 2.3499312087779067 2.351548697395822 2.8258577699968486 2.1852370836631945 2.600091035423589 2.4192054210414953 2.382974631034719 2.377136773201031 0.021427242036080985
0.36592960955492826 5.18852185469698 0.027189740297330484 0.04694882970281997 0.19999999879780828 0.06162803896201789 2.7217083172323164 2.7018279790017576 2.651359652727964 2.676186857445927 2.7881529603522943 2.591311957409104 2.991541179919787 2.7936767437202974 2.6651745542699112 3.1226594338278093 2.7397438892742505 2.6810989857649212 2.6214676527357215 2.623356406435169 3.153352957919782 2.43828404539346 2.9015889968114292 2.6994485708035407 2.659120132026126 2.652036508698235 0.023041685527292
0.40323278170749716 6.28963934118476 0.025234828631318682 0.03650573986607233 0.1790069282360555 0.06988317850111211 2.4691710654995602 2.4513666791695314 2.4074052077640498 2.4296755937759444 2.5330252495878365 2.3533290835276244 2.7173020621848902 2.536721963196463 2.41901741494836 2.8334893198721676 2.4859561937088843 2.4324584283618984 2.3783136181862266 2.3799709565185703 2.860036919958937 2.211678738244536 2.6315754077407814 2.44849223007583 2.4118059236751597 2.4058818900303978 0.021499022159877323
0.3728373815465521 5.373928055494877 0.02543428437238521 0.046235346288840254 0.1861328540979434 0.06381045140365378 2.671122101833286 2.651670033434608 2.602487301875509 2.626765290601183 2.737135349845991 2.5437151922621575 2.936689234561756 2.7422597669740214 2.615895368645981 3.0647195336439976 2.6889147782711933 2.6313057516856504 2.5727654284032564 2.574621701168576 3.0945384217840206 2.3928820780476716 2.847467875887437 2.649174985873156 2.609579868754888 2.6027497345025257 0.022598673988628314
0.41381390629381876 9.418239582501414 0.017190539289690516 0.04116215745390031 0.1247773421605424 0.07754643603768518 2.406001656061614 2.385744357151104 2.3455750720835558 2.3678681128302586 2.469081077522922 2.2937121257017674 2.6486809664007445 2.4724386425164564 2.3574516752469608 2.7613085199044898 2.4225172025530695 2.37028292909991 2.3175187339604664 2.31908888964387 2.7868687281949613 2.1550086235559176 2.564129174779482 2.385738575752109 2.3499872988056287 2.3442726333832415 0.021749849368053385
0.41316163948282897 9.511387981693487 0.014554030642810361 0.043982926354934386 0.10640321152324389 0.07917114975475148 2.409797750815816 2.389381783898938 2.3492184688050064 2.3715852378803217 2.472932197393157 2.297305836826489 2.652822149687385 2.476316915290652 2.3611649021965087 2.7656722721861415 2.426342013854965 2.3740273416017046 2.321180806221248 2.3227521960690254 2.7912886099561964 2.158417592567759 2.568193227697321 2.389513839456107 2.3537061071875254 2.3479733985449167 0.02184676174968209
0.41603005852559943 9.640806770880893 0.008896599280386679 0.04881159927194622 0.06772210882647345 0.0840984350056526 2.393129183930423 2.372963508114347 2.333160505441057 2.3553202707054854 2.4560383883554704 2.281567737644396 2.6346717135134154 2.459336300057769 2.344925217902595 2.7466140048879857 2.4096121730925337 2.3576358515541527 2.3051546720865965 2.306701680757983 2.771977251735154 2.1434863032944973 2.5504068661882004 2.372969177348016 2.337401720771387 2.3317135940195084 0.022051187823483823
0.4098470854842005 7.035176184611757 0.025380629771993842 0.03433632691133015 0.18018738273335436 0.07237685433570974 2.429253481659427 2.4110763255630925 2.368545214461233 2.3905507337660716 2.4925832389008535 2.315616682003575 2.6738870433928588 2.4960866619092603 2.3800884670856517 2.7878286484632406 2.4458412657691735 2.3931472650662955 2.339890776392304 2.3414796577218175 2.8137525380834996 2.1758527245396686 2.588926790147185 2.4088153270201587 2.3727260403482453 2.36695531597176 0.021427855515764878
0.41262846168549133 8.657864253613356 0.025711609188082893 0.03302351045645279 0.1830946372226652 0.07203438002829606 2.4129196590216355 2.393195226631212 2.352349144726654 2.374622908023873 2.4760712092431314 2.300228485642387 2.6561736140955143 2.4794524572482923 2.3641682284770744 2.769180103032828 2.4294398796222008 2.3770746830869567 2.3241555938036114 2.3257426980364997 2.7948534851585745 2.1612012895260575 2.5714999472643707 2.392600360884856 2.3567532732073326 2.3510174953630165 0.021510200899595606
0.41078783476713293 9.340015867466208 0.0092354622253823 0.0499814848597497 0.07007016932753278 0.082547236890097 2.4237663930725346 2.403185643005687 2.362688102588573 2.385266830507574 2.487088029255383 2.310523080187412 2.6680349741920537 2.4905664417165063 2.374814650124116 2.7816914596520768 2.440402645062063 2.3877990674211658 2.3346482337458947 2.3362282246006307 2.807521214905123 2.170964426113225 2.583137910539938 2.403404799550183 2.367392959027123 2.3615911394168916 0.02207819297032814
0.41115286565010667 7.157797535971623 0.022792451116295864 0.03656431260977523 0.15573881472153336 0.07015388446678489 2.4215492090802764 2.4032911695709096 2.361045795234965 2.383049741245783 2.484758092433015 2.3083588371318653 2.6654690637012077 2.4882003921863824 2.372572631317939 2.7789638905266987 2.438087374682291 2.38556663643621 2.3324679187058353 2.33405797303093 2.8047445630912122 2.1689397502392316 2.580638271124639 2.401146728623948 2.3651897133793334 2.359422835391155 0.021466082518892152
0.41086257954537314 9.441778942554397 0.010278860136112587 0.048909965174356876 0.07716531807986474 0.08173634805202326 2.4233308805832503 2.4026729109035574 2.362255158878621 2.3848399057168934 2.4866475294235313 2.3101106240755587 2.667560769306018 2.4901204549757385 2.374386432453899 2.781190161633383 2.4399611399273913 2.3873670779702105 2.3342245869655422 2.3358053938565546 2.8070118653557703 2.1705692151015357 2.582668602050066 2.402968738065769 2.3669634799106274 2.3611665322825925 0.022038373345490147
0.41142144238654965 7.522510640409841 0.01717055105498304 0.04203651587485251 0.12482830679506063 0.07740712988153 2.41993801410635 2.4013131024914114 2.3594029671808774 2.3815085770261204 2.483174339811222 2.3068586661257426 2.663801201299497 2.4866143880980913 2.371035587456826 2.777222318660495 2.4365160526565695 2.3840034718588448 2.330939215728615 2.3325258452387447 2.8030084808387365 2.1675250369047463 2.579015662980667 2.3995918682243857 2.363641499544758 2.357872224336442 0.021626787907538567
0.39454492561777355 5.935265366685817 0.02282018800494499 0.0416402032167456 0.16567542016945955 0.07031432382656033 2.5236771632370245 2.505573082275166 2.460152942898047 2.482938432236605 2.588200762869397 2.4047771558321576 2.7765817928097425 2.5922429310942765 2.4721807157126228 2.8959048868945207 2.5407442347488374 2.4861281914977043 2.430802833636551 2.432506319390715 2.9233238520271985 2.260593258534539 2.689847906359398 2.502660699279158 2.465211342599502 2.4590314669573226 0.02173470858387804
0.41746568326697 7.627097855963336 0.016178482882521654 0.041307537832670084 0.11756729300721902 0.07958202270214423 2.384766761043638 2.366671764210387 2.325486073355402 2.3471210410027536 2.4475231195122946 2.273614394909225 2.625497650868256 2.4507620107405375 2.3367231989085755 2.736959851218983 2.401170552124513 2.3493771899761255 2.2970821328265982 2.2986301787242756 2.7622112277852806 2.1359805310171724 2.541443288943167 2.364652577986194 2.329211504406808 2.323572321100529 0.02162117479725276
0.36881628587501425 5.311147334198123 0.02592856523813669 0.047163940655022975 0.18829235581579107 0.06232025789934683 2.700354238071358 2.680547890249382 2.6306292637382853 2.6552538758940307 2.766608650800378 2.5712324419062766 2.968385203864638 2.7719694191025 2.644378778186873 3.0981751117623046 2.718294680994267 2.6601018385098527 2.600909769661168 2.602807279713478 3.128508777660528 2.4191006297068856 2.8787222726276 2.6782237636332566 2.6381975413513055 2.631230275164516 0.022839898319702207
0.4078819123489603 9.29628800749994 0.017600370729879848 0.04246289651120172 0.1279105178445639 0.07572645335890878 2.4411151711858583 2.4201996026313677 2.3793821029465634 2.4021855778206493 2.5046614530522944 2.3268940411879115 2.686916363641115 2.508229003924267 2.3917066443178743 2.8015157836208515 2.4578064038376612 2.40485319137843 2.3513208713640084 2.3529286030021237 2.827612662094432 2.1865006857473355 2.60164573524616 2.420621336068091 2.3843607363496693 2.3785128342756616 0.02181362336712201
0.3795718948782667 5.706650105021163 0.02852776346806508 0.04080083358794766 0.19562447227334592 0.05963676630451558 2.6235534143550168 2.6040800099720895 2.556509885267019 2.5804324023767427 2.6892392177664814 2.4989381079259525 2.885256244175713 2.693988636157481 2.569614585587248 3.0104973792539225 2.6410915574117553 2.5844597648039014 2.526929865906176 2.5287389682566848 3.039528896541049 2.3502140370820905 2.7963465930737494 2.6019886984876464 2.5630666316257007 2.5563711664136815 0.022199805577371785
0.4227246989833388 6.839287620945848 0.026837082111505147 0.029281716203384937 0.19023105703549154 0.0750550138466644 2.354977220305643 2.3383180060007875 2.2970504824650932 2.318037411984789 2.4172908273206986 2.2454278006270596 2.592973177622647 2.420330564826067 2.3076222664495147 2.7028015909173475 2.3712002354139536 2.320031724138393 2.2683808293321968 2.269905496032696 2.7276166979823153 2.1092585015935104 2.5096092965004915 2.335053840541598 2.3000520461625253 2.2945166199153504 0.02137679166918778
0.41219984031330625 9.533502291495456 0.010354545962332599 0.048445136848989524 0.07767450714125838 0.08201833986991715 2.415445019438757 2.394882533454448 2.354654656570034 2.3771334738053986 2.478657117052654 2.3026588608469014 2.658974111481926 2.4820822314996698 2.3666930235892596 2.7721611040395744 2.4320353951388576 2.3796029201507385 2.326632442168233 2.3282050432802572 2.797861953722317 2.1634956994458716 2.5742429387795567 2.395134182810294 2.3592433826282977 2.353476435338607 0.02202311923395518
0.4184197020920935 6.872809341968096 0.026999472760976962 0.03031340685211394 0.19007658065880118 0.07269668090901031 2.37929793841402 2.3621946001470957 2.320480177097719 2.341737759031141 2.4419677534278104 2.2683985550292727 2.6194995560533774 2.4451464086207526 2.331337722140215 2.7306142210551614 2.395629846937617 2.3439607413654517 2.2917885924526824 2.293344956825525 2.7557936283567677 2.1310594178335918 2.5355604458152046 2.35920371175917 2.32384486180309 2.31824412659531 0.021361170211672047
0.4142910916571861 7.007114780428262 0.024352309384211596 0.03408180626893102 0.1735130019371914 0.0739603890906945 2.4030733062647234 2.38539422646164 2.343350512970557 2.3650444221438143 2.4660683092381355 2.2909010821669806 2.645388606926987 2.469383143788996 2.3545533254533573 2.757874047855352 2.4195411782889287 2.3673836994885304 2.3146835411373994 2.316261148494565 2.783409836783093 2.152387875377121 2.5609825187764557 2.3828280499687953 2.347126623962519 2.34142410642174 0.021414081581818196
0.4095049262769977 9.381152020064151 0.011882331586186845 0.04770131593564082 0.08824482865564702 0.0801700983703889 2.431396440047669 2.410616287928443 2.370022927304612 2.3927111091493756 2.4948192293886127 2.3177262108323995 2.6763429550040327 2.498338521954729 2.3822479788989943 2.790416988093956 2.4480606114229344 2.395302042361645 2.3419835407592755 2.3435745777758266 2.816362783691901 2.177798283816726 2.591279984375061 2.410977539703716 2.374855686489656 2.369033488024225 0.02198769200433272
0.41477662762134965 6.968765510983205 0.026450165740241522 0.03187866120854257 0.1876613892909564 0.07313613338322546 2.400276687911035 2.3827076535639566 2.3406647631621307 2.362231331652966 2.4632428908632176 2.2882310253263425 2.6423656924416035 2.4665443020207203 2.3518088939215764 2.754639793916169 2.416718253497145 2.3646188215324915 2.3119891731026634 2.313569262493022 2.780138486433817 2.1498758813482786 2.557973640299239 2.3800467673616614 2.344383044369548 2.3387087968190703 0.021379249669694272
0.4216677411871173 6.269223132748713 0.025870930124814825 0.030656265144072638 0.1809589593471282 0.07346134291911004 2.360863804917226 2.3448367963353953 2.303014911044757 2.323853054895473 2.4232674859901966 2.2509926976729036 2.5993550527853344 2.4263163749157712 2.313364561961685 2.7095216190494287 2.3771138279586745 2.3258299219441114 2.2740475567948084 2.2755813431637315 2.7344222114778147 2.1145412797321352 2.515889175768467 2.3409009131345146 2.30581450810065 2.300255478832397 0.02141796652272482
0.40926161639224645 6.479460197135621 0.026475479831033582 0.03349942755364249 0.18487098027528148 0.07004351789126327 2.4327136812285186 2.415211144219638 2.3721310655242593 2.3939199584854784 2.4961049630588437 2.318872435162116 2.6777156934353585 2.4996421732037386 2.383372386175595 2.7916456123460516 2.449181114191986 2.3963821741299944 2.3431450624566006 2.344651945615566 2.817841760699326 2.1790782466107586 2.5927402042528986 2.412318903357848 2.3761763097152584 2.3703100192378828 0.021406905688072665
0.41756415566345145 9.068244966374252 0.012414921646655362 0.04490874216977333 0.09171683255048672 0.08195685576628703 2.384292233170508 2.3647833428241767 2.324719446834646 2.346652038692674 2.4470681628772426 2.273192656928079 2.625033039744323 2.450312791730825 2.3362837422809544 2.736468062600166 2.4007139137496805 2.348922370730944 2.2966354328779035 2.298178378660322 2.761701390424742 2.1355517679220575 2.5409500939092022 2.364182988465651 2.3287446348169984 2.3231021420230062 0.021845503971605652
0.40736746404476115 9.40879342629292 0.00960644825874919 0.05059542409357517 0.07259965134727837 0.08135424850704658 2.44419711849889 2.423108698920984 2.382335211062342 2.4052301390467963 2.507788843852964 2.329828203454346 2.690283286729448 2.5113914746822537 2.3947456039475052 2.805088753963971 2.4609358400850807 2.407913375335501 2.3543155827787627 2.355917178035882 2.8312308595251796 2.1892867841245875 2.6049670580370563 2.423700472628731 2.3873918290562153 2.38151277880349 0.022127853176724752
0.4005229820778674 8.00697820054936 0.012666544851108769 0.049690771192260445 0.09393693669385351 0.07765868173151634 2.4860520526263215 2.465521708086254 2.4228708620296446 2.4461214264061737 2.5501369265777396 2.3693359953734054 2.735784634346243 2.5540065232754423 2.4355530289990326 2.852972586904801 2.5029856644390174 2.4491148108934517 2.394602796455474 2.3962522963952497 2.8797713919123487 2.2268326952284805 2.6496813208365966 2.4652823789323 2.428369515892073 2.4223296974950603 0.022009241662348675
0.4123771160010045 5.956446894914844 0.02822083236985447 0.030902664055681775 0.19982011979303138 0.07200314473259635 2.4141683849871223 2.3977733455073333 2.35462863553312 2.375954623891872 2.4773265095861396 2.30135444385205 2.6574119331838855 2.480653333837269 2.365350196956694 2.7705174485220696 2.430670056051662 2.378297249472424 2.3253569477536735 2.3269536234392687 2.796237019437134 2.1623453815677967 2.5728205315794446 2.3938516642749956 2.357992557429776 2.352251403598066 0.021399537484980642
0.4078788544440853 6.7604893252944995 0.018115841814632515 0.04221455740188135 0.13209019412807693 0.07678469566767512 2.440972623081056 2.422959768478385 2.3799844635180043 2.4021431932729085 2.504470557206373 2.32673273372645 2.6866445293908825 2.5080203497430658 2.391553058580747 2.8012853160549285 2.4576548273156087 2.404720587484507 2.3511914768468087 2.3528025037105076 2.827397648325742 2.1864038431973083 2.6014940664732507 2.4204958314814324 2.3842444898691055 2.378385440349832 0.021605071348727318
0.4177257819722661 9.745598770108804 0.011224328662212277 0.04600257543333176 0.08360310183737349 0.08277154576105113 2.383391353221494 2.363360139226173 2.323769520300961 2.3457761156665677 2.446166244202413 2.2723506358140937 2.624068291864036 2.449405443570257 2.3354126234538115 2.735453681671118 2.39981500812773 2.348039209017784 2.295771199195936 2.2973113797413536 2.7606696301046685 2.1347426267241008 2.5399925328207775 2.363288404568291 2.327861930779533 2.3222202764780207 0.021942838696184023
0.41795555419214175 8.977234727629355 0.02674025626649603 0.030491576679606152 0.1890898239689347 0.07290322820782666 2.3820736225955437 2.362705391137316 2.3225850844090443 2.344392375303903 2.4448123012881005 2.2710466070878743 2.6226050790238595 2.4480206533491757 2.3340604476937945 2.7338527874913225 2.3984309485060464 2.3466946545233496 2.2944583962234444 2.2960158914569906 2.7590624913754738 2.1335279953599344 2.538532703942699 2.3619526682182244 2.3265490102698156 2.320943612710983 0.02147492562244584
0.41304439092832274 9.05945315313752 0.007719567926821814 0.05087118200713522 0.059795685091036235 0.08437777341958885 2.4104658096767815 2.3904128776043287 2.349928052605235 2.372278300599652 2.4736032130563275 2.2979551479480724 2.6535414417197214 2.4770058914222925 2.3618432057102683 2.7664625931467612 2.4270404011938496 2.374710152155664 2.321850377080409 2.3234150608376307 2.7920915752403963 2.1590434040564657 2.568933616343547 2.3901973732925637 2.3543787961711393 2.3486203696814014 0.022094753025989584
0.41087567996223884 9.621322216379461 0.0069934606564793 0.052170452842541286 0.05469730685935531 0.08419951774330588 2.4232532835168095 2.4024487547515103 2.3621602528024885 2.38476943571696 2.4865750441529375 2.3100454710577583 2.6674881395468795 2.490053830361307 2.374323447368627 2.7811189306122426 2.439896222288231 2.3873005798486977 2.334162168455464 2.3357388668081995 2.806940788871753 2.1705096231760486 2.582598384611873 2.4029000437946753 2.3668943096029693 2.3610869244934984 0.022212261349530978
0.4002937055454234 6.173811031737122 0.025078961764988656 0.03757837068627588 0.18184541884780833 0.07134516581571512 2.487340354248626 2.4694260114755475 2.4249903167120266 2.447478042310376 2.5514174359337596 2.3704947261675717 2.737052331969355 2.5552234854909575 2.436747629296348 2.8543230986287407 2.5042279287673908 2.4503556979934173 2.3958146967116067 2.397480884009644 2.8811699597147755 2.2279933433445547 2.651028237761008 2.4665583953324397 2.429639038841722 2.4235978949933608 0.021567939391094124
0.4152564666951407 9.597802926410486 0.012885379028641807 0.04505275443107851 0.09496938090045881 0.0809351637617664 2.397612184261094 2.3773881104553736 2.3374786840673614 2.3596816923048665 2.460581427646789 2.2857929753619834 2.639552130934593 2.463898245100237 2.3492829366788324 2.7517278146054487 2.414101807223382 2.362035799385924 2.3094559253405627 2.3110123698939073 2.777158844388474 2.147493784648786 2.5551806850684313 2.377412414790417 2.3417809605786704 2.336089340196459 0.021890034255397595
0.41103574515978414 9.436054197264985 0.010795205455299075 0.0483446094799313 0.08068198051868429 0.08138365569633993 2.42230733721631 2.401676349374981 2.361270665594791 2.383839185093694 2.4856096323249837 2.3091423706416943 2.666444541335715 2.4890751974835155 2.37338593034288 2.780015716553546 2.4389303898623482 2.3863578258017806 2.3332371915938324 2.334817604998025 2.80582144125309 2.1696494266079256 2.581573027884774 2.4019504932150433 2.3659603227002854 2.360168625515062 0.022012671956455995
0.41528437636166293 9.67360962803914 0.00833320960539827 0.04958102202972085 0.06389565649598836 0.08437705238564472 2.397431942361824 2.3771513788249456 2.3372990792052883 2.3595175144276443 2.4604030521047946 2.285633106799034 2.6393646250134912 2.4637274689495445 2.3491239016380168 2.7515438587952055 2.413938036896185 2.361872593689091 2.309298644291786 2.3108502694022266 2.776972510853056 2.14734525501673 2.5550041140980846 2.3772442712763886 2.34161346596485 2.335910188521907 0.022087869125487925
0.41136921366457313 9.50114175770023 0.009999887686687936 0.0490392411133127 0.07526175081862645 0.08207648084512544 2.4203374606085926 2.39969521191091 2.359367221884202 2.381914990300884 2.4836153300607116 2.307282885529639 2.664302867876889 2.4870706472386908 2.3714673462247124 2.7777645656953505 2.436953852785665 2.384420759315169 2.3313438263304627 2.3329211031730157 2.803540456891422 2.167885066299656 2.579471461614016 2.3999955612089328 2.3640335956313474 2.3582472337512894 0.022048198400563355
0.4070472835141583 7.675180152239342 0.00985868502458233 0.050591144877296074 0.07432475579239457 0.08130711415125892 2.446029268555977 2.426714434908323 2.3844758230948173 2.4070424748809653 2.5096098683995365 2.3315363512232548 2.6922153335274426 2.513224363926927 2.39652023961932 2.807141085640297 2.4627687299314034 2.409717282306679 2.3560819446128956 2.3576881085566517 2.8333219383819053 2.190945038618593 2.6069185320029433 2.4255269005126787 2.3891949120953817 2.383306534491157 0.02196284215616429
0.4181728687468234 9.70781053053457 0.006112356219416955 0.05098689346829413 0.04894001216270487 0.08689044214927143 2.3808236480164697 2.360866473212546 2.321305534927263 2.343304065069105 2.4435624256821975 2.269942577806671 2.6212681670467166 2.4467951296871413 2.3329298438967365 2.7325383715547047 2.397256278676719 2.345531183089307 2.293319306573185 2.2948502141568325 2.7577170893383793 2.132460335980245 2.537273924088693 2.3607537654404305 2.325364262680672 2.319709391181119 0.022172834880822605
0.43434484655191025 9.404196565475603 0.027011994513764508 0.02582219743113902 0.18913022415958433 0.075727048062758 2.291918789373018 2.2739744374653896 2.2356271351731323 2.2562945282471576 2.3533098739304203 2.185793958011806 2.5242985079157183 2.3560437566435075 2.2460981925136485 2.6306598119194313 2.3078346311096567 2.2579503568620916 2.207674734736468 2.2091257652924545 2.654525117355344 2.0526900124756318 2.442264386106467 2.272406652302538 2.2383140528431396 2.2329936259955323 0.02153504288023677
0.4039217410083214 9.241859317749473 0.009982686567898228 0.05124695360905672 0.07516617300567043 0.08014098368466828 2.4651194450058904 2.4437139902215557 2.4024797744089725 2.425672653735982 2.5289743590841085 2.3495911341132056 2.7130532702326864 2.5327095517223936 2.415153899464168 2.8290453093605556 2.4819628024700986 2.428512626174502 2.374457051364613 2.3760806028701738 2.8555107562708124 2.2080529019883097 2.6273235531390715 2.444486265755559 2.407874039602847 2.401912802235293 0.022170246305706857
0.41290855933844267 9.64788956997108 0.008328863759892134 0.050259100407980505 0.06381132584613763 0.08366647282844597 2.4112880959947276 2.390722112750737 2.350641819933103 2.3730809959652435 2.4744468522875733 2.2987372888122617 2.6544518256847316 2.477850579186647 2.3626462529159995 2.7674135040852037 2.427866256237187 2.3755176997539973 2.3226381518895094 2.3242041756476897 2.793050898838134 2.159773449623877 2.5698100030969115 2.391009791498324 2.355178483363676 2.3494197860014174 0.022116649836624876
0.40507844757174394 9.347994256508173 0.011624867345794033 0.049256694628530946 0.08646605587234214 0.07920330669214165 2.4580635296914823 2.4367211814659715 2.3956786157682455 2.418769178018604 2.521831404519248 2.342921765132185 2.7053757230293916 2.5255176186024615 2.4082642306411075 2.820958385969521 2.4748642694854417 2.4215591430406604 2.367657538462774 2.369275840545244 2.8473142110179075 2.201717503279864 2.6197767804377756 2.437471421692114 2.4009621113739517 2.3950350244412935 0.022081372540155166
0.39284582053938394 7.26113082030757 0.012330126409104669 0.052466680847257675 0.09151663700968447 0.07584378130911482 2.534761452766244 2.5142462386086595 2.4699666041164074 2.493683731400098 2.599401148060392 2.415293802353221 2.7887375414677877 2.603606185882053 2.4830498993731234 2.908729359303341 2.551936568864067 2.497072216786554 2.441501500033033 2.4431997255587206 2.9363020836304083 2.270536147300185 2.7017377920419303 2.5136817601834975 2.476061600117321 2.4698201433311002 0.022170086959778422
0.4072695611589705 9.261863606121011 0.014173951096554194 0.046073761430638786 0.10404229088952961 0.07796430814959149 2.4447887098923613 2.4238172653641343 2.3829227060190146 2.405802046052394 2.5083810840772762 2.330377214435865 2.690912794444296 2.5119777495456574 2.3953055125826164 2.8057426079159025 2.461512815583576 2.408482667694577 2.354868757532783 2.3564763093541914 2.831893448541302 2.189805027443111 2.6055840922241393 2.42427815581344 2.387963385330671 2.382092056284019 0.021929602833555172
0.4020967026920387 7.129138679394687 0.01234123998364884 0.04964011573158175 0.09163326541578315 0.07847504721907379 2.47621720864702 2.4570408972934294 2.413736210160212 2.4365522549503758 2.5401664720795956 2.3600355681247907 2.725038358254849 2.54396329637017 2.4259537139868272 2.8416791664270002 2.49309716595722 2.43943341745021 2.385137957131132 2.3867788189477386 2.8683312366728404 2.2180229364544912 2.6391675348449017 2.4555164234547497 2.418748624394716 2.4127454264363988 0.021905062450959054
0.406990284526001 6.883287173992871 0.018321035743556806 0.04225271010909063 0.1333839531428319 0.07616381602838929 2.446334918172538 2.428060260637324 2.3850833834612835 2.407328501975768 2.5099100721300185 2.3317856418210425 2.6925083606637887 2.5134991063753276 2.396776786251931 2.807421263442709 2.463038730523436 2.409990906988168 2.356351104331473 2.357968198619767 2.833619074878744 2.191207398763299 2.607215973464806 2.4258191406818823 2.389487810606137 2.383617910482136 0.021613512991682904
0.40800050094855905 9.413552719442729 0.010000623101629948 0.05001695495845089 0.07528375478132182 0.08120686367722574 2.440390249103094 2.4193820653599634 2.378672418304235 2.401509778525119 2.503932160057987 2.3262306288329144 2.686137616407864 2.5075101750850135 2.391030257729912 2.8007272750533727 2.457108029785929 2.4041639303080777 2.350649000440539 2.3522471781482786 2.8268105850086345 2.1858708432085194 2.6008976037706018 2.4199172790883647 2.3836640964552354 2.3778010481435534 0.022097795878792837
0.41998973994759253 9.788447745129066 0.01080325104281004 0.04578600537120726 0.08081695802920097 0.08368200848265275 2.3704944009904096 2.3507029902637897 2.311343797482138 2.333172865465497 2.4330852788874298 2.260158294402662 2.6100119770195453 2.4362523648595875 2.322829755853782 2.720688012432948 2.386853977911195 2.3353428665893636 2.283356155356493 2.28488178309841 2.7457093718950647 2.1231774160074823 2.5262170758150577 2.3504773862024604 2.3152382384358883 2.3096407108074177 0.021947571708931544
0.41117573855853234 9.51484653242054 0.00993916500050791 0.04915436302674606 0.07485048913314689 0.08207226916503083 2.4214808620957307 2.400802308820846 2.3604659231211733 2.383032642738488 2.4847743703458685 2.3083637708509737 2.665548601134506 2.4882366205194324 2.3725832057117024 2.7790745385197297 2.438103356071276 2.385546722107577 2.332444809429276 2.3340231988571336 2.804867826058255 2.168910679813237 2.5806934125603327 2.401131590869101 2.3651529779018343 2.359362111550192 0.0220550588932447
0.40922523903077723 9.569422813448158 0.008665506906147823 0.05098262198947134 0.0661873776373904 0.08257103645360567 2.4330637515415168 2.4120838206214517 2.3716052974644968 2.3943585288341027 2.4965127960887066 2.3193141303870197 2.678164866420117 2.50004756250774 2.3838894120462704 2.7923468342046758 2.449750776960059 2.3969557441609366 2.343600891689224 2.345189807242156 2.8183172680203303 2.1793036478043875 2.593075240234844 2.412642238206881 2.376494925745685 2.3706551539826144 0.022151776032060602
0.40759393890184986 6.8867239539716545 0.019804078035240483 0.040591941857543605 0.14374291879711704 0.07551865919109234 2.442701439326675 2.424488631789506 2.381580984467421 2.403762065813686 2.506230844630626 2.3283461576749387 2.6885551773537104 2.509795140120909 2.3932253462159747 2.803253273748601 2.459380910350382 2.4064075833864518 2.352848779783283 2.35446331777127 2.8293975246156577 2.1879450449029623 2.603329475008288 2.422207016570554 2.385928693359712 2.3800765735503644 0.02156837568930548
0.41946369389420807 9.759193711632008 0.006443810877546868 0.05029580862433628 0.051215852131950214 0.08698809206178548 2.3734746744177753 2.3536352204286954 2.3142220819297554 2.336117986829348 2.4361092941603295 2.262993478222913 2.6132594516082177 2.439299942091708 2.325757888783219 2.724121995105744 2.3898689000714883 2.3382951089391755 2.2862433467642385 2.2877670476685372 2.749189021910469 2.1258681754214104 2.5294213042064584 2.3534522294038007 2.318169439775624 2.3125427068358286 0.022148803722622026
0.4069345041760053 9.354878346247135 0.011634977592874607 0.04870226038965114 0.08653528477446439 0.07969632495394419 2.446811564914648 2.4257145245579914 2.384856165582626 2.4077745765208567 2.5104356290050394 2.3322916851015 2.6931272153622987 2.51405087059616 2.397287501617579 2.8080717117351046 2.4635550665609247 2.4104804094302725 2.3568250634713874 2.358431804416391 2.834254247417994 2.1916253277093407 2.6077527398800435 2.4262927955519125 2.389946938904877 2.384064366990898 0.022042625435001538
0.39358888792416385 6.202653003253346 0.018893785272209446 0.04582186607832744 0.13822360973838674 0.0726667850452851 2.5298638446204857 2.5111671756789233 2.465894330937921 2.4889951755573096 2.5944399436841254 2.4106380815021096 2.7833186787520803 2.5985555125112465 2.478237514436428 2.9030374611412864 2.5469829916092674 2.4922355655398873 2.4367698436232654 2.438473268255116 2.9305469799162243 2.266147522132955 2.6964824713216267 2.508813806098159 2.4712730412819 2.4650558151645883 0.021846881724521136
0.4216775296708289 9.788496258043098 0.005932576774081956 0.05019680123307016 0.047813973125520166 0.0879734697187192 2.3609710101411787 2.341373615522332 2.302174111359795 2.3238899902169052 2.423426652033883 2.2511694900066765 2.5996347728028777 2.426549832311687 2.3135581861366994 2.709806838121069 2.377303743427825 2.325986181067779 2.2742084717577176 2.275717997107147 2.73468727854217 2.114656997157489 2.516067136614574 2.3410334144999743 2.3059319769264515 2.300347974421734 0.022163032787336355
0.4148402929966173 9.636233638163898 0.011039454044435227 0.04700436348388942 0.08236107278858144 0.08211420053684212 2.4000230551234774 2.3797151313761433 2.339796904665384 2.362048576453887 2.4630270276803494 2.288078297193718 2.642180713428529 2.466360792630466 2.3516429017057487 2.754497664173986 2.416532179938778 2.3644155367017605 2.311783201018484 2.313340005044129 2.7799648582764647 2.149661463467165 2.557762965847492 2.379811558071297 2.3441445667262384 2.3384385702136603 0.021970075640611354
0.4115278380081738 9.576889370058677 0.007969407451172429 0.051015475085457215 0.06139072689296838 0.08363793232200244 2.4194032781541726 2.398716742736066 2.358460534595406 2.3810140592692814 2.4826706287234686 2.3064075895101217 2.6632889144076124 2.486123705446332 2.3705650395529116 2.776706659119496 2.4360239120115224 2.3835087656205047 2.330452304755367 2.332026237958636 2.80246843340457 2.167053911807402 2.578482299300289 2.399073165841112 2.3631240729706913 2.357333181457441 0.022148353514167038
0.4092420301972963 9.446131016268065 0.010219639329234748 0.04943565981437822 0.07677129344225786 0.08135703120098416 2.432961815645425 2.412089321673887 2.3715216043214107 2.3942514286669323 2.4964065589963313 2.31921176058637 2.678049105781479 2.499938106355898 2.383782663115474 2.7922198374132217 2.4496411708497363 2.3968495182097644 2.343496595223792 2.3450873540846 2.8181888311076477 2.179207238713755 2.5929593560624693 2.412536696530409 2.376391497606013 2.3705576673484 0.022068172430087987
0.4023278643441933 9.090475021047013 0.013598941149642739 0.048121729325747306 0.10025757912740148 0.07715271839189017 2.4749224608532883 2.4534424038939364 2.4119268089738943 2.435239576634206 2.53889385366416 2.3588402140823757 2.7237115160235836 2.5426856317641726 2.424701908743841 2.840252816044734 2.4918013181702108 2.4381537660167143 2.3838820785764474 2.3855198140770355 2.8668710417324057 2.216836666220051 2.6377881881775944 2.454218329385418 2.417465690555705 2.41147377617769 0.02204285657800994
0.41429025946999504 9.691284796938312 0.008233592785533551 0.04996027281647844 0.06321114359590412 0.08413569449859662 2.40321917884743 2.382794811453807 2.3428700912082645 2.365193392334602 2.4662685794970773 2.2911107062232716 2.6456641775932477 2.469625112736716 2.3547740731677744 2.7581745760224337 2.4197569778927943 2.3675737538757464 2.3148706952983873 2.3164280929034984 2.7836894911155947 2.1525370049603763 2.5611898223837617 2.3829943518160515 2.3472801334243423 2.3415514190465303 0.02210659740643804
0.40673700819986924 6.824906044249425 0.018358485061061934 0.042282919409708866 0.13351314196586064 0.07588812508658897 2.4478529643145897 2.429628049560051 2.3865767538015867 2.4088514607134637 2.5114401152532673 2.3332295325251486 2.694138432166962 2.515034051350548 2.39826161034564 2.8091589341004326 2.464566110099414 2.4114898497995054 2.3578120451214883 2.359429999902808 2.8353766426336393 2.192571619361418 2.608841072815009 2.4273277291639315 2.390976229140666 2.385092988030065 0.021611785355416614
0.4130887624901144 9.684827004050785 0.01056606396676611 0.047970589270077295 0.07912409950534893 0.08207677791189055 2.4102354049254613 2.3896648705510284 2.34962312722345 2.3720431742980517 2.47337903900516 2.297736610818348 2.65330240079995 2.476772061895218 2.3616105424569747 2.766197684737828 2.426799306369372 2.374473578861972 2.321616227231293 2.3231835642213547 2.791818157243755 2.158821707306244 2.5686766242867276 2.3899578839425906 2.354142675968822 2.3483957311372223 0.022014566077183013
0.41410651733757287 9.57610216705852 0.009118413513383671 0.04913594439632385 0.06927287043099482 0.08347965954311191 2.4042825730175776 2.383927813837451 2.3439057817061917 2.3662236789491096 2.4673446646582247 2.2921106143472625 2.6468199070615306 2.470706797351029 2.35580678102236 2.75938429708551 2.420821248882826 2.368616488688487 2.315891274211647 2.317450455714917 2.784916466690742 2.153488869073428 2.5623218954412996 2.384048698479627 2.3483194816605737 2.3425907613516332 0.022057277297235566
0.4088431626287997 9.101315783069175 0.00904945734341071 0.050746297733407275 0.06881645594607094 0.08222052469544283 2.43532934234353 2.4147096588293926 2.3738491080177315 2.3965707547518 2.4987991773702167 2.32144852520079 2.680618765819835 2.5023490853329853 2.3860954493505573 2.794929989938058 2.4520246159888774 2.3991849907417087 2.345781322510172 2.347373448520076 2.820937659111758 2.181337799866786 2.5954935292965513 2.414893541512831 2.3787140967990594 2.372866512311934 0.022098035052430735
0.4094717721765374 9.519878726901382 0.009708670291176594 0.04987459544560436 0.07329056798053746 0.08180829071391817 2.4315937041498827 2.410688970793024 2.3701962814764794 2.392915651337546 2.4950222092068506 2.3179209003737715 2.67656239456877 2.4985462359577038 2.3824503423170924 2.790656913634624 2.4482684658358957 2.3955041972345494 2.342181462169932 2.3437700854207355 2.816604896589228 2.177981547691117 2.591499743314759 2.4111787981566595 2.3750531822271954 2.3692231159167845 0.022093961761580214
0.41154643984543227 9.568301175891245 0.013189288606262745 0.0458034562504228 0.09712878964585062 0.07974200221840137 2.419305681721491 2.3986357378276635 2.3583637845465413 2.380884850823174 2.4825706438459108 2.306296909830433 2.6631809776251307 2.4860140343045174 2.3704472191303303 2.7765682626919075 2.435903779903991 2.383393097473496 2.3303388151840516 2.331918688469125 2.8023287338562364 2.1669485892291678 2.5783566542807823 2.3989622834937903 2.363015991668171 2.3572443850525 0.021921902127050762
0.4150441437491209 9.666802908111098 0.00835991193688665 0.04962211124503787 0.06409145035519753 0.08431025928786187 2.3988254982540997 2.3785197090292414 2.3386416077918417 2.360881442640261 2.4618155584603 2.28695096840204 2.64088191216463 2.465147844058305 2.350483773245679 2.7531396935008012 2.4153387215704285 2.3632448229478324 2.3106401673601105 2.312193276335739 2.7785893185777684 2.14859517130576 2.556493088146924 2.3786286890852657 2.3429777485931926 2.3372690987990783 0.02208871503828849
0.4047522552455489 9.3074556785683 0.010077672641646704 0.05090033506315343 0.07585303410109359 0.0803292545535109 2.460045856605377 2.4386943386968363 2.39759147907175 2.4207137746995566 2.523838451224676 2.344798602081638 2.707533526678748 2.527540734855501 2.4102044081073513 2.8232358810494844 2.476863205120451 2.423516666852304 2.369572148793403 2.3711906240345892 2.8496227425743195 2.2035012821524327 2.62190149253844 2.439445268808837 2.4029066683650138 2.3969664851192025 0.022152499745253944
0.4114615408001973 9.641816058003712 0.008508539453629498 0.05049204936321003 0.06515044107523656 0.0832901357262522 2.4197983157002536 2.3990513674467406 2.3588328437187274 2.381397172483865 2.483071892831942 2.3067799495535835 2.663720022310503 2.4865261684270292 2.370948722360788 2.7771577967111365 2.4364191314141053 2.3838960005007914 2.3308307463432167 2.3324056708268395 2.802925073818622 2.167406267314681 2.578902481586586 2.3994641781497514 2.363509488912025 2.357719521165862 0.022128200371574192
0.41879209185470373 9.419010820392442 0.013969692227586638 0.042992842823370625 0.10207386841528322 0.08093669033718227 2.3772866905830625 2.357632202532664 2.3179248723601935 2.339806944939832 2.439966462604655 2.2665714013947427 2.6173998967806957 2.4431664163363735 2.329445109059407 2.7284459634093734 2.39366837686794 2.342020955770271 2.2898847865076375 2.291421088009341 2.7535705956391916 2.129262125325353 2.533462297776703 2.357218513680098 2.3218824861501295 2.3162670679401858 0.02180765799451365
0.41281398897646765 9.636426123107938 0.007542135285864481 0.05107065949314517 0.058516025413399834 0.0843274662798703 2.41184010558114 2.3912716615801215 2.35117478013671 2.3736201539581923 2.4750069250717144 2.2992600164214827 2.6550542924349534 2.4784159022249135 2.36318750777476 2.7680479516677883 2.428423983054528 2.376063334128688 2.323172930539794 2.3247383437840368 2.7936948386470797 2.1602720766051675 2.5704031283126687 2.3915608159111774 2.3557213407892585 2.349958007584204 0.022155509946060255
0.41468553381582984 9.661401014814075 0.007829455422578561 0.050253885258271715 0.060463992807644175 0.08455329452150268 2.400918240118061 2.380566815128109 2.340658482553877 2.362944850404477 2.463935807725419 2.2889361642194275 2.6431578112380647 2.467279955976583 2.352530359154132 2.7555408873718794 2.4174458329617514 2.3653095856090283 2.3126572313946836 2.3142116956324577 2.78102148348537 2.15047513560691 2.5587332330011288 2.3807099018208 2.3450290099163102 2.339307338758165 0.02211904010198372
0.40660169360930104 9.15204805294325 0.009339617763748868 0.051104681176471295 0.07073060818624552 0.08134131357059006 2.4488064620673695 2.427845436179743 2.386806076580083 2.4097415058055174 2.5124517548488834 2.3341826984936165 2.695291932115744 2.5160843293092894 2.399242677941777 2.810364265657611 2.4655692936264106 2.4124536255447997 2.358754489300075 2.360360865217325 2.836578020718838 2.1934238324665394 2.6098935089318265 2.4282813652486124 2.391906156573915 2.3860066216025193 0.022131732751824527
0.4091513081990045 6.9929099715649725 0.018801369224256487 0.04112977977220149 0.13658759563026276 0.07639178161876581 2.433379404410666 2.41518617546622 2.3725551974951595 2.394661393678779 2.4967867344969217 2.319547059529625 2.6784093138752674 2.5002974444967214 2.3841381813670695 2.7925890490956253 2.450017277300091 2.3972341218022124 2.3438770724038687 2.3454805886755143 2.818587157480411 2.1795849772184868 2.5933728696500586 2.412947003036137 2.3768036684084386 2.370984308430497 0.021579580481144254
0.40894448204660955 9.367666307600292 0.011881433667289911 0.047865174743175316 0.08825219209011606 0.08003080483304865 2.434740055458495 2.4138983025062544 2.3732417303487026 2.3959784192722866 2.4982067042643177 2.3208855170076466 2.6799835301896087 2.5017465055142583 2.38550989390496 2.7942458796601133 2.4514211442166522 2.398594070975207 2.3452024988106634 2.346797033244009 2.8202429582499366 2.180797251788955 2.5948526630787057 2.4142993264421078 2.3781289243055945 2.3722938921774226 0.02199607324340729
0.41436551531614746 9.628712313525542 0.008397389237226958 0.04978101663899087 0.06433052043606938 0.08402450475870177 2.402779251481169 2.3824141313660614 2.342453224416363 2.3647599551785503 2.465821891259629 2.2906929883591634 2.64518468451553 2.4691761253158266 2.354343536697938 2.757668462351311 2.419313771607425 2.3671396477730013 2.3144466971482562 2.3160038173929136 2.7831773926195846 2.1521423031356908 2.5607188019966043 2.3825570614408367 2.346849269962531 2.341123175483028 0.02209304469528023
0.4139463362425522 9.684243096568881 0.007659651183377333 0.050630296703142064 0.059311088835904954 0.08449729521964951 2.4052212097619265 2.384758924424834 2.3447983566226456 2.36715113100035 2.4682985064106453 2.293004163434102 2.6478461910956286 2.471668027138074 2.3567294746505265 2.760469524778637 2.4217713554300238 2.3695465867729917 2.316800329901675 2.318359103836679 2.7860154064940286 2.154334736025539 2.563331131748937 2.384984947536805 2.3492414773572436 2.343503293909158 0.022138528935824034
0.4178511098984326 9.744012965945236 0.007224343207500717 0.04996701430500335 0.05645181999002191 0.08590368888101951 2.3826675025181543 2.3626454786834485 2.3230766880917253 2.3451007842668155 2.445432637645937 2.2716828222972256 2.623278214432265 2.448673776020268 2.334724705078951 2.7346453860078914 2.399105083689313 2.3473425842205775 2.2950900082112233 2.296624258360985 2.759851050436317 2.1341093299528855 2.539238395417056 2.3625817344218007 2.3271655205858948 2.3215090848577162 0.02212229214024015
0.41648359385140693 9.641760253630547 0.011044037966142301 0.04654554045606147 0.08239263240579292 0.08259315798737424 2.3905245482629938 2.370417109770135 2.3306505774803306 2.352758972071713 2.4533971639832233 2.2790975081964864 2.631834549249779 2.456676997616349 2.3423747424675296 2.7436206528426 2.4069856260495666 2.355063582053672 2.302639563830906 2.304186169988517 2.7689449061634033 2.1411432035199267 2.547615611840519 2.3703761937837573 2.3348469789959787 2.329176417700782 0.02195410562031248
0.4040654635820406 9.223647025791493 0.01067213889596115 0.05051587464448483 0.07992762039636718 0.07969640379319037 2.464240277881538 2.442872506112908 2.4016367550186475 2.424809486974461 2.528083687297613 2.3487580672395367 2.71209557454468 2.531811932306298 2.4142931000821832 2.82803499166636 2.4810761269475186 2.4276444308224376 2.3736079835572337 2.375231573637133 2.8544869234363444 2.207261933635429 2.626381250877316 2.4436110123172363 2.407011813219394 2.401056735754803 0.022133228076099912
0.4169278286913065 9.650877499064912 0.008108205306467144 0.04934876622208392 0.062389376068625886 0.0849352645973735 2.387960974406716 2.3678958391137828 2.3281837697657393 2.3502764200177824 2.450798092839769 2.2766857156245335 2.629041111985191 2.4540674250932786 2.3398864662631547 2.7407018103068186 2.404421786934077 2.3525516715082895 2.3001824780491122 2.301723527915551 2.7659865703881907 2.1388538090465077 2.544889527797785 2.367837610836597 2.3323449478207845 2.326671967431257 0.0220806788752626
0.4094228750611273 9.406637008076753 0.011282257769233526 0.04832774169744966 0.08408510228515906 0.08060574998613884 2.4318881893586397 2.411074178047273 2.3704931760900045 2.39319684083205 2.4953179042913582 2.3181937665195136 2.676878980845091 2.4988411929179484 2.3827308732814387 2.790984270172983 2.4485578605519343 2.3957889309759692 2.342459395533023 2.3440502450747633 2.816937270137665 2.1782413654579456 2.5918082558747346 2.411467776430562 2.3753385951940555 2.369512225868811 0.02201619385024171
0.41146638060334595 9.631412858835683 0.0071738397832463285 0.05182219700486126 0.0559020945242298 0.08416533851174637 2.4197663304587573 2.3990278126371196 2.3588038466716412 2.381369715927583 2.4830402475910915 2.3067524837797455 2.663687535302686 2.4864968829635576 2.370922149602265 2.7771272866764396 2.4363918210541495 2.3838684616803447 2.330804580310984 2.3323780278404547 2.802894668982699 2.16738150101682 2.5788730041081314 2.399435570464282 2.363480741317355 2.3576857766147374 0.022194577534748967
0.4151648687554403 9.706251649803646 0.006966103929785685 0.0509755756566066 0.05463852747509179 0.08539630625880779 2.3981359576174186 2.3778091080615047 2.3379756673168424 2.360229251861257 2.4611161295140276 2.2863089733770288 2.6401280790418205 2.464445520457 2.349819350448618 2.752359484750532 2.4146531124353157 2.362573337231013 2.309982094224359 2.3115324840081146 2.7777982875674305 2.147982976251994 2.5557649288383484 2.377948608695628 2.342307935690261 2.336592929114104 0.022159740082465663
