0.4921178301937954 9.997498731023821 0.04210554120887976 0.19250179110013502 0.18816154269071728 0.02893045314938377 3.351808931690828 2.0698092987598695 0.35207286773784624 1.782000964665019 2.857097686110236 1.9969682873170695 2.019277699204953 1.8900427982484609 2.736896711403418 2.217952113958854 0.33107832702861406 1.9813590810760309 2.9860375029834016 2.086212013836542 3.656257413669883 1.6531166284777372 2.0027787429932205 1.4158609331547494 1.3630587041808646 2.85293043451414 35.187198231642164
0.4994411747420365 9.94192742157954 0.05636217271734746 0.17269780347145408 0.1892086289920899 0.003774178970614847 3.302987307436616 2.0393205583685505 0.3438290659290559 1.7559009801007086 2.815243556549852 1.967614129989558 1.9895805833763098 1.8623352545439027 2.6968462103867914 2.185282212874356 0.32954522161729555 1.9523241527659805 2.9419594468776964 2.055467671802798 3.6027579644358987 1.6288966394597342 1.9734247070732016 1.395099311139998 1.3430690338911473 2.811129773766091 35.812657870604255
0.509590142757 9.999496543762309 0.044101843355083166 0.19981899889443763 0.19740954608640968 0.00453667540555807 3.237059506892782 1.998827210194631 0.3371232840575374 1.7209467213454746 2.759236327215169 1.9285683920713093 1.9501055890680266 1.825260711841227 2.6431517543432235 2.1419275938582167 0.3193534281893132 1.913425400612602 2.883632895711886 2.0146685278725616 3.5308152976972136 1.5964124100710644 1.9340913636667638 1.3673002840052304 1.3163077521528102 2.755081247189981 36.15635405825629
0.5728694079622964 9.428164078428214 0.0271228961395093 0.1941129041177856 0.17708327005650823 0.018851540678769076 2.879453856506847 1.7779729111509734 0.2992850149397513 1.5309384700071318 2.454637547463505 1.7156328316555252 1.7347579937359243 1.6236617923579664 2.3511875851987343 1.9053211674818078 0.2841515896723503 1.7020573513685786 2.56507689043505 1.7921177420548153 3.140759280866889 1.4200671661160142 1.7204406415742037 1.2162654734618847 1.1709059292616601 2.4507299155199314 29.8086260443241
0.571563005511354 9.81169655894517 0.030280926811707045 0.18481231782715127 0.19754136649567103 0.01632934901959815 2.8860529241582977 1.782024039207196 0.30061642901376345 1.534434563942691 2.460242783435485 1.7195454957937466 1.7387141247139248 1.6273659680528105 2.356553574653867 1.9096719071008226 0.2847253069220386 1.705946712833776 2.570949676149113 1.7962196131134704 3.1478741279516536 1.423316036623164 1.7243768110880313 1.2190483964597252 1.1735849440654265 2.4563396271260145 29.262432587876674
0.8104914442037824 9.999999788503356 0.005446050485125098 0.14213196737318623 0.035689077962833556 0.020891839258009293 2.0352074555396533 1.256510611377307 0.21141528645450153 1.082169717296427 1.7352291020021695 1.2127597219774757 1.2262353270274011 1.1476506359730225 1.6618489983735925 1.3466882496122272 0.20078795266195346 1.2030102515628738 1.8129936796835717 1.266676392934493 2.2198901548330676 1.0037095118123402 1.21601117777244 0.8596653992727953 0.8276053752127991 1.7321827644290404 15.369299840500998
0.6954337099923703 9.999994578508115 0.005904543521516787 0.17961525110073073 0.06599833230083849 0.016205187924808052 2.3719255820090273 1.4645058539041542 0.2465163735122282 1.2611927170257395 2.0222173546686686 1.4133639817760881 1.429086980592142 1.3375262226756366 1.9368050280862383 1.5695124445857993 0.23400741442407802 1.402067005614746 2.112967043148908 1.4762577829004608 2.5871637263434604 1.1697828222562718 1.4172121524118517 1.0019025299915139 0.9645375358945527 2.018775961950101 21.340726784319315
0.614834767620511 9.428873486566797 0.018078216308069335 0.19612823646337885 0.18248612038222936 0.009518035298981785 2.6829287740416667 1.6562835909148839 0.2787272540953741 1.4264875937952275 2.2872152044205234 1.5986095088266363 1.6164160286680134 1.512879935734434 2.1907461493072073 1.775301935786039 0.2646887789354971 1.5859036901889962 2.3900190198193916 1.6698169879580533 2.9263991715191526 1.3231565961045242 1.6030294115834498 1.1332634821287402 1.0909993744240956 2.28347039984199 29.070339655036857
0.7246163046305556 9.99998580111594 0.019659093554284655 0.1541807464799716 0.19028687997017535 0.011748828889170932 2.2764090817196747 1.405500328128966 0.23648916645945472 1.2104054774261985 1.9408057118594038 1.3564526529926164 1.3715366351435148 1.28365572675532 1.8588001976218722 1.506295248684409 0.2245827282994919 1.3455927377538228 2.0278681293718277 1.4167986844941107 2.4829865435261755 1.1226662677282093 1.3601305723367976 0.9615485795932144 0.9256886687019787 1.9374728868674251 23.114675680328226
0.6295012498101431 9.999999249012042 0.027500876446851296 0.1731901303958785 0.1865361723888941 0.021486649430221126 2.6204312240359613 1.6178663268646025 0.2722483413681038 1.3932105853494838 2.233959590143677 1.5614871015253993 1.5786112868701716 1.4776395506570643 2.1396959827711237 1.733854868211687 0.2584294553475585 1.548935503163165 2.334331098791457 1.6308427421692886 2.8581563440985884 1.292305437983256 1.5655456734849067 1.1069133399941762 1.0655474838178343 2.2302783737934972 27.020300508856707
0.4646419547534826 9.999968356666722 0.05444488028742216 0.19301984310796222 0.19546699624107663 0.02263001020704823 3.5502889870638206 2.1922373655691514 0.3689043589320969 1.8873010856113879 3.0260074933710635 2.115004663505264 2.1386763137316103 2.0012231462756773 2.8989812643985697 2.3494667494516825 0.35024636835903 2.0981805471882 3.162697670645844 2.209105235255612 3.8727123355203337 1.7509349430376902 2.121248369612193 1.4996403528428925 1.4439105968863175 3.0217261499812276 37.38099124716065
0.46938305300288885 9.8214239335461 0.05420058766155826 0.1922122407116342 0.16681329647664614 0.00631869656059866 3.514366855984981 2.170075324884164 0.3652064922402806 1.8682422312265246 2.9953399359375577 2.0936207302583085 2.117035531234048 1.9815489180938275 2.8695105735716613 2.325370311256898 0.34736448411030646 2.0773137728352538 3.1306320011873616 2.187244984476777 3.8335890918732103 1.733162350807146 2.0997679659018464 1.484432219457785 1.4290672766821058 2.9911142136474442 36.945905116694945
0.49584006436585526 9.99695725714671 0.04388904492514719 0.17504117377919517 0.16581519563352073 0.012087594714128914 3.3268306647618364 2.054267235615872 0.3484849438187035 1.7686134268614078 2.835597173804691 1.9819434896464354 2.004083227085449 1.8758044456301055 2.716352264535303 2.2012704037931816 0.33306461992550973 1.9664598857441824 2.963574787779131 2.07053589492986 3.6285619511819474 1.6406873865798397 1.9877248235406864 1.4052253028624522 1.3528189044523071 2.8314852730552666 32.16387685917979
0.5506462812869547 9.999996375333735 0.033523478778166804 0.19917717214036565 0.19835897975112854 0.008263729845742994 2.995671224408691 1.849761414876463 0.3114397516438339 1.5927010792169243 2.553651818799539 1.7848502195802627 1.8047583258803521 1.689190724007724 2.446085110684742 1.9822253039574251 0.29553633230069537 1.7707562993945702 2.668609511897832 1.8644476308325042 3.2675251542630006 1.4773808461187432 1.789878446493195 1.2653530837841256 1.2181628751505247 2.5496424344704147 32.85820082911507
0.5324493060447836 9.999958888355367 0.0380844205301852 0.18492955958210605 0.17693398020272724 0.023998637729684497 3.0980711995544326 1.9130000155109421 0.3236069970493538 1.6470969534312299 2.6408241813578255 1.8457894972326918 1.866385797440276 1.746887290647854 2.529643281863889 2.049949552693056 0.30564266126483963 1.8312666606686987 2.75979761906087 1.9281736229224617 3.3792262987021537 1.5278766006437456 1.8510551461959048 1.3086030716070651 1.259799913190797 2.63679357252248 32.2415870944371
0.643313693525673 9.993597299146659 0.02919321601114657 0.14926628485646284 0.1923653077295971 0.014642391152038794 2.5640736364700594 1.5831161110879355 0.2663836930635392 1.3632130049102331 2.1858818534949065 1.5276702373723003 1.5446769656739896 1.4457175733722187 2.0936147294609735 1.6965134424342372 0.2529593611946701 1.5157618539107411 2.2840941801010524 1.5957393451720647 2.7978542214995294 1.26448437947921 1.5321562794219 1.083076236602031 1.042192192774932 2.1823220592869834 24.67187163419755
0.5829613714387389 9.999999959275161 0.025278452115020868 0.1977401288749831 0.19684624683365123 0.016167412905823995 2.829594891218339 1.7471901236941558 0.29399646830259796 1.5044475021754955 2.412177710914923 1.6859517131298596 1.704742202682912 1.595562071063226 2.310491189433805 1.872340659936949 0.2791533510496677 1.672591946051484 2.5206673638268757 1.7610895533488973 3.0863782378720015 1.3954806713511771 1.6906535858615845 1.195207254151673 1.150633052965158 2.408295167832425 29.22212187310658
0.7409887371044015 9.999388457219531 0.01958106502952842 0.14443603731521318 0.11342057218797587 0.012198189633404887 2.226113274353487 1.374429995683842 0.2312608343060827 1.1836642758067712 1.8979362973966616 1.3264850549827274 1.3412331546703489 1.2552949560295652 1.8177220714448241 1.4730056588755218 0.21962241101755384 1.315866757191618 1.9830591611217914 1.3854933544067793 2.428121822212269 1.0978611041068564 1.3300754887550132 0.9403031756548417 0.9052365427073427 1.8946644821139644 21.021148237368454
0.538547839070128 9.991737833271676 0.04067883768504978 0.18634200673213985 0.19800818266249237 0.0009125144860795826 3.062942854331866 1.8913210760122425 0.32096840010849104 1.6284518887047494 2.6109370484299377 1.824902324416534 1.8452626000782428 1.7271114101731675 2.5009976252916446 2.026733449356039 0.3028240524944627 1.810523935187827 2.728529482378956 1.906326752536668 3.340878516197842 1.5105669001840138 1.8300826616586596 1.2937774811737421 1.2455272908301234 2.6069069663078865 35.95711649983802
0.47409840412132354 7.5483811385693675 0.05806171671346601 0.1670012358905341 0.19898596534344237 0.00343098375004116 3.4772593961626574 2.147950065680859 0.361785400402093 1.8492803619196978 2.9660381418966204 2.071376947882129 2.094245509826495 1.9603030377580104 2.8409100595281847 2.302786951618052 0.34328286782103595 2.0557712971463524 3.1000635952202766 2.1646231525518553 3.799507540325717 1.7173779010549177 2.079290227913575 1.4698329801117571 1.4139929942140221 2.9618317225806603 36.68217983016578
0.7047027161510322 9.999999979322611 0.012134897573366601 0.1698409713450367 0.16668920019568445 0.015032607120053713 2.34072015157034 1.4452222710049738 0.24314175578450295 1.244594626811209 1.9956162343396562 1.3947654428164127 1.4102792380083138 1.3199204182150803 1.9113163909196014 1.5488536895729414 0.23092666889842509 1.383611062311121 2.085161187953589 1.4568260630182608 2.5531347435639877 1.154383822524268 1.3985573257776558 0.9887136218573372 0.9518405481810872 1.9922093674373478 23.850101726856945
0.5094343413255082 9.999999269387354 0.04215634470806601 0.19999831967059647 0.19310068800512428 0.012201207349377225 3.2380764497949834 1.999431416931547 0.3364543195841825 1.7214743679157707 2.760092746305959 1.9291624373508112 1.9507052659355497 1.8258205961268503 2.6439664969960748 2.1425859281964192 0.3194469974372397 1.9140151858046535 2.884524905513115 2.0152857297947935 3.531950388947088 1.5969060400482353 1.9346855702847217 1.3677243665537526 1.3167161599592745 2.755935623301657 33.58636944592957
0.5937466271148363 9.999996655480288 0.025753738209636542 0.1899282498316552 0.19205090568202604 0.0030545968302217253 2.778195211299378 1.7154545413542508 0.28865673389593066 1.4771383425951112 2.368384996990558 1.6553414251797411 1.6737862576098261 1.5665852384657222 2.2685215240530887 1.8383333443210093 0.2741067884667448 1.6422150193884222 2.474882465130266 1.7291108145438285 3.030286919117737 1.3701410409048524 1.6599515092399808 1.1735050235215025 1.1297402606010825 2.36455394981816 31.85598850785808
0.6576719537147634 9.999874639078415 0.016619894540111212 0.18053782258187812 0.13732237009406179 0.008087509812398443 2.5081328679419337 1.5486344982039506 0.26057840872668814 1.3335891288210966 2.1382805370897597 1.494488469808546 1.5111220780309291 1.4143151998866537 2.0480135294776916 1.6596315203710927 0.24744193728518654 1.4825722733931632 2.234298653571298 1.561020636492438 2.7357420551521594 1.2369472773250434 1.498585277746045 1.0594272845312804 1.0199169755663595 2.134696426426021 26.0466353398608
0.5071421940776106 9.992806159839416 0.04401555967183446 0.17562673061156617 0.1642418497448279 0.0037429971590916527 3.252723095171632 2.0085914229900568 0.33811489402882366 1.729081964990308 2.772527713948728 1.93766622756884 1.959521097981366 1.8341965203261317 2.6559664524673834 2.152293247177394 0.3209354004014061 1.9225002044093114 2.896632830303399 2.0244155152520094 3.5481736592190765 1.6042075861079539 1.943246265187891 1.3738743960596762 1.3227206598918417 2.768579188882703 34.31342504392967
0.5731814000312321 9.99577251725352 0.02957911479633467 0.19012893033323547 0.16580014460247952 0.010421248932150263 2.8778832046890024 1.7770135380850378 0.2990188942787363 1.5301061687308826 2.4533032876419822 1.714698723113346 1.7338132019608556 1.6227769548274462 2.3499066400815853 1.9042821913259267 0.2842089671345142 1.7011295156048303 2.5636812374399685 1.791142130857901 3.1390403269431273 1.4192940063198596 1.7195041814678391 1.2156034566852965 1.1702686654404915 2.4493953435206737 30.079875402947465
0.6776357856962149 9.999999865813004 0.023103329724186803 0.16680624422963763 0.18519182846443494 0.0010784012057299568 2.434217052459919 1.5029739510356195 0.2528935304341031 1.294296805893171 2.075293148734914 1.4504593650471795 1.4665980373456298 1.372637576617397 1.9876578978581299 1.6107200098251406 0.24015027339985637 1.4388783919129167 2.168450992720999 1.5150166835611718 2.655117468604573 1.20049403298247 1.4544210926122516 1.028206062167426 0.9898601498850156 2.0717858227322923 29.390254297522016
0.8100230426046285 9.99999999992425 0.0027864031121287024 0.14487342222970062 0.0038421040971678183 0.022380381008679617 2.036386763940864 1.2572400257712206 0.2115380868746264 1.0827969495824512 1.7362342173502618 1.2134622582419134 1.22694573249102 1.1483156063211957 1.6628119675783934 1.3474686527173108 0.2009042933751126 1.2037074325178285 1.8140443452959505 1.2674104166559161 2.221176644164159 1.0042911364022946 1.2167158285398496 0.8601635288919198 0.828084923338738 1.7331862838859353 14.704382208275064
0.5360871864699848 9.99999949499503 0.03568746027439407 0.19867931615598924 0.1840507227591607 0.009862259783199333 3.077050158620318 1.9000156290411911 0.31971920015185756 1.6359353520368543 2.622957348749952 1.8332972655640511 1.8537536797595855 1.7350586252037807 2.512515246791492 2.036059753028781 0.30356418033038135 1.818850126184091 2.741096628685228 1.9150884536117838 3.356293220708096 1.5175078676533416 1.8384939415433807 1.29972118983617 1.2512492402009876 2.6188993421131435 32.679681460920484
0.544895872390444 9.999940510587901 0.034109805021211956 0.1999946171303093 0.19476490342962452 0.008088210138032615 3.0272931372946124 1.869279596073164 0.31453624179903694 1.6095012683425969 2.5805885665620276 1.8036797454818552 1.8238005339081125 1.707016367134573 2.4719010512027975 2.0031463570836845 0.29865934472920835 1.7894459200773827 2.696777418822219 1.8841258814574764 3.302016885700127 1.492973866534271 1.8087700814829946 1.278708221234129 1.2310199169611191 2.5765546087844675 33.14496310169549
0.5759746818295638 9.99907463110418 0.02608491787484579 0.1984326111004679 0.1828588613394854 0.011307425053772677 2.8639224889986785 1.7683916947784473 0.2975649596465832 1.5226898853727604 2.4414206894907724 1.706393830282944 1.7254150740074612 1.614914499213553 2.3385174422480173 1.895053031884278 0.28253987225947513 1.6928819188925663 2.551246268095992 1.7824533455323752 3.1238205338046745 1.4124091724119638 1.7111629815628058 1.2097062301910018 1.1645913122781792 2.4375111860702217 30.18034336232494
0.6583358695539028 9.999999403086791 0.0152373182687887 0.17924771780771928 0.14089516964670212 0.02757071531908403 2.505604688084465 1.547071831297692 0.2603154597747227 1.3322437541635948 2.136122677320002 1.492979157848333 1.5095955233069853 1.4128864408970163 2.045944697910417 1.6579554437187956 0.24719312672259972 1.4810758977786238 2.2320453193955303 1.5594469268329276 2.732984301194622 1.235700198708078 1.4970743260128525 1.058359373977637 1.0188888923627792 2.1325447819755414 25.25524968068719
0.7090748864150427 9.988682531790035 0.024016911607511744 0.15230855797890727 0.17209696227158633 0.013978373461373008 2.326306053715721 1.4363189613196072 0.24167598165309845 1.236931198117269 1.9833282476454497 1.3861752114958668 1.4015920006329727 1.3117886171233275 1.8995392610241812 1.5393103516161142 0.22950590696654233 1.3750869118752225 2.072316970769251 1.4478544180893924 2.5374090875603565 1.1472749437592766 1.3899443889053877 0.9826257015232015 0.9459797788583837 1.9799417032892968 23.029340886251454
0.8022813746229686 9.999999998462592 0.013370401540522164 0.13694884617013303 0.12862089482350195 0.013672199498037363 2.05603683231969 1.2693774154148654 0.21358065495707604 1.0932444179477996 1.7529831681492085 1.2251692034661361 1.238783552052058 1.1593958496829972 1.6788572899344554 1.3604715273793846 0.20284273498121932 1.215323338824076 1.8315496363526247 1.2796404838664794 2.2426105911071303 1.0139823082946975 1.2284570154442496 0.8684637195928533 0.8360755325374745 1.749910937098109 18.579636109546726
0.6931250817363634 9.999979683145613 0.021627892495302285 0.16208985386708039 0.19809168736171098 0.020344131835900472 2.379821420402208 1.4693744622791 0.24723882580971074 1.2653799429381143 2.028936058728883 1.41805515325788 1.4338299229830438 1.3419649447852935 1.943239728428247 1.5747242386571176 0.2347844077181712 1.4067227135983074 2.119992425037309 1.4811614239924047 2.595784766516409 1.1736671835672243 1.4219195834345644 1.005229596295081 0.9677405869994635 2.02548882225353 23.65527322897003
0.745208143042826 9.999810748449601 0.018185369788487338 0.1494135740182636 0.18986409906330848 0.01248955843772681 2.2135076498343853 1.3666461436429207 0.22995015196781998 1.1769647438992032 1.8871971560542813 1.3189809326961799 1.3336450996876885 1.2481879864720666 1.8074387920559136 1.464672362593495 0.2183772982608376 1.308409535949596 1.9718325767877958 1.3776490991857528 2.4143761191714757 1.0916441362770397 1.3225465033887078 0.9349788750249413 0.9001098909462356 1.8839363508759646 22.330627207630073
0.8152812642707492 9.999998456476856 0.017103584896159603 0.1299483336381871 0.1867122982683095 0.0180802320621144 2.023302807360535 1.249155435034598 0.2101734293367273 1.0758343627604061 1.7250644773329495 1.2056553580064138 1.2190513702374899 1.1409244900403108 1.6520562938288186 1.338733786966317 0.19960756419315231 1.1959600001639248 1.8023779127045094 1.2592541482862856 2.2067760887018983 0.99782979483771 1.208854753615019 0.8546299708378029 0.8227564538843248 1.721995848135228 18.71544465295679
0.6552514803684333 9.999920776762458 0.024001878857530207 0.16600993643075254 0.1732925660094279 0.010005895162430336 2.517410579618784 1.5543514013811155 0.26163579822862365 1.3385201619319982 2.1461703494380338 1.499990776154057 1.5167100419286708 1.419525340942076 2.0555642997745625 1.6657434135857816 0.24853538278716517 1.488044227849124 2.242553952874385 1.5667798347441833 2.74586701756945 1.2414870807537284 1.5041203813816353 1.0633364999067554 1.0236847979679444 2.1425866440744543 25.87342792821076
0.5189123735775207 5.160470193372631 0.044373814043402716 0.19998596710909 0.1992231193919947 0.0002362360368996909 3.179008501341325 1.96233567182458 0.33022995366436475 1.689960533472164 2.7096181650002746 1.8939159249259232 1.915091280754236 1.7924968448803822 2.5957184978281544 2.10347682063195 0.3136305879812492 1.879072948593341 2.8318917485205546 1.9784990669395877 3.4675718789435903 1.5677492990974038 1.8993667046646243 1.3427503450118516 1.2926733513310755 2.7056381516788695 40.22630293511645
0.7249135575827529 9.079026935817193 0.02616561532293223 0.14729461225156174 0.18786038396804608 0.0005384105550491686 2.27547671554393 1.4049082035890914 0.23639151098926645 1.209908917241715 1.940009283316133 1.3558957323240857 1.370973518839592 1.283128689263719 1.85803709318912 1.5056767460798754 0.22449078708654283 1.3450403288513813 2.0270364028507935 1.4162176394333381 2.4819688567804703 1.1222058949114517 1.3595728425620304 0.9611544244959559 0.925309246813732 1.9366791875290656 28.1375834036967
0.5384498153271233 9.960553769175544 0.04268383326481076 0.17291294277271368 0.16610696283953827 0.029559238171585924 3.0635774532238402 1.8916226735734558 0.3183188340968124 1.6287477465244384 2.6114009793272537 1.8252037753057846 1.845565282078031 1.7273962200846085 2.5014309081266775 2.0270769862162887 0.30225349115251304 1.8108399104774653 2.7290721440074845 1.9066874463668555 3.3415932665236614 1.510849099166707 1.8304231689104538 1.2940215492623346 1.2457625348450452 2.6074309332729655 32.16438045871722
0.5877563518997186 9.999983404367152 0.019848831679575747 0.18224258529170573 0.14232352042372506 0.02953346052576008 2.806486557353386 1.7329317858466977 0.29385616726364316 1.4921700888075424 2.3924736691012694 1.672174456745501 1.6908072776832075 1.5825211437184876 2.2915998815046326 1.857043693125044 0.27688199565422233 1.6589334434892755 2.5000871979622636 1.746724829025704 3.06111922237538 1.384097913117253 1.676862064856161 1.1854595893764028 1.141249234119805 2.388660766429036 28.357988201608464
0.798152576930499 9.999852030936223 0.01350194411397673 0.1386848775441321 0.15457290299722992 0.015801447803119692 2.0666722102722295 1.2759468554521933 0.2146862096923759 1.0988991299286377 1.7620486118131378 1.2315057908154226 1.2451910617696258 1.1653933796110922 1.6875424645139268 1.3675098878560012 0.20389179774069982 1.221610902634712 1.841024781316 1.286260132112517 2.254212087994868 1.019227719838951 1.2348120230882194 0.8729561618346239 0.8404003988009447 1.7589628805537767 19.2415147979682
0.5098671178029127 9.999918760398558 0.04428338266021754 0.19999982100302952 0.19335537124398022 0.003431800711937455 3.2353184510473176 1.9977494047065971 0.33616965758084866 1.7200191654885724 2.757750310575344 1.9275289960874546 1.9490543871462298 1.8242765964960126 2.6417266216469413 2.1407704618933288 0.31917507429704933 1.9123920422818286 2.88207683814433 2.013579039545731 3.5289352816909205 1.5955509653736157 1.9330464570297923 1.3665634340470914 1.315598698861408 2.7535946571886933 36.572169593403736
0.6217735812065445 9.98974616375071 0.01491497536387922 0.19862039603637263 0.16013168985325407 0.009269219805149926 2.6529450700328945 1.6380783628905569 0.2756321331081299 1.41056508468394 2.2616827294391935 1.5807513053353794 1.5983558371238349 1.4959725308688139 2.1662659250709164 1.7554614015083365 0.2617265900944069 1.5681785158628518 2.3633063867564497 1.651150780202585 2.893696316022371 1.3083662135200962 1.5851116225391086 1.1205955456612304 1.0788039814575123 2.2579494635856148 28.585077851953688
0.544795169715182 9.993733895980673 0.04178273438621154 0.18107852600283125 0.18168962926275278 0.014553874000273444 3.0278534009638696 1.8696367505453242 0.31460643661921883 1.609792486681465 2.5810368890733795 1.8039893741273951 1.8241122444968132 1.7073106511900085 2.472327939626997 2.003496982288244 0.30010210282051575 1.7897660112232605 2.6972674002738306 1.88447385041507 3.3026095817054046 1.4932497432122835 1.8091036605604163 1.2789455206687055 1.2312484808391635 2.5770325139733035 30.548072473111485
0.5760021751623099 9.999823852471138 0.03565161947742972 0.17620701278859427 0.18166176475039147 0.010089924384021594 2.8637796690796407 1.768308640705771 0.29752985952551403 1.522611078684986 2.441281376058183 1.706289716247695 1.7253100275622366 1.6148176560226177 2.338377006506556 1.8949387515372673 0.28392861899874594 1.6927906754533664 2.551117295908238 1.7823656250250743 3.1236665419064167 1.4123410100257388 1.7110786941632963 1.209649981329977 1.1645372364278246 2.4373821928854387 29.79348298093208
0.7196196912822419 9.999992342858631 0.021766503146097113 0.1508574371427233 0.16206950048382407 0.02244913655398817 2.2922179504420397 1.4152644848976146 0.23813249328662867 1.2188085310182737 1.9542755792781643 1.365866977982894 1.3810561034098066 1.2925662041184622 1.8717035174494754 1.5167521807743276 0.22614288198462118 1.3549349305640603 2.0419488768018486 1.426637002075348 2.500228252085714 1.1304621229938423 1.3695753701579683 0.9682259173383768 0.9321170546781062 1.9509279633976193 21.94382156708252
0.6528094925529319 9.999980580224781 0.02317095241094244 0.17448378604633408 0.1986345090974824 0.022421387068721974 2.5268187929770445 1.5601763538223503 0.26252091326525995 1.3435206730498324 2.1542008026818578 1.5056162422106325 1.5223747341893827 1.4248485612628852 2.0632677550579235 1.6719936015959267 0.24928548097710893 1.4936163640370812 2.250943858800409 1.572649887480186 2.7561240222039736 1.2461622138801793 1.5097495046207339 1.0673197017974663 1.0275150259424788 2.1506000259034805 26.121664988326398
0.6946390218788814 9.999999160295603 0.014808111511278392 0.16938715383023362 0.16705051795753104 0.02289171008845515 2.374652595928892 1.4661848586548438 0.2467021182836812 1.2626328849081925 2.024531640628886 1.4149766494085008 1.4307171502183493 1.3390514073280964 1.9390209563019 1.571305147442956 0.2342742413612054 1.4036679437056663 2.1153886312211636 1.4779443538228252 2.5901480329573987 1.1711178312396784 1.418831084711943 1.0030459673700542 0.9656383743402726 2.0210893969509094 23.484491354841282
0.696975063581422 9.525306886123749 0.019115168072931534 0.16436506874619766 0.1848293540737138 0.015090174903610701 2.36669436248176 1.461261802497878 0.24587456056170423 1.2584018911058752 2.017748570631341 1.4102352416056914 1.4259225943241287 1.3345635273295435 1.9325219757921799 1.5660384209677902 0.23348913123605705 1.3989630696642477 2.1082985504479006 1.4729908462192758 2.581467143439412 1.167192697633732 1.4140756975260862 0.9996842140234062 0.9624020022856902 2.0143157260967626 23.60801609790165
0.5066108397948048 9.99999446437423 0.04424661852749607 0.19657191664382637 0.1880523370049711 0.015869916020743224 3.2561265851097034 2.0105945855703586 0.3383648777742481 1.731064872744383 2.775452969841007 1.939901465432177 1.9615668461846199 1.8359921307809264 2.6586965833410288 2.1545246887701057 0.32135247467418376 1.9246824848288586 2.9006059817854686 2.026524218602376 3.551631425421706 1.605808397936827 1.9454737267569686 1.3753490611023558 1.3240566742460091 2.77130052166635 33.92685931425164
0.7314177374351484 9.999993775432028 0.014324768262142197 0.15728797718298895 0.15033127508306637 0.010221489194294837 2.2552224829452716 1.3924094294164087 0.23428517673334268 1.199141448439361 1.9227499016819924 1.3438320927920444 1.3587746039386879 1.2717099391889979 1.8415010298420855 1.492276299920793 0.22249195749305153 1.3330690959313307 2.0089942590491505 1.4036126426946594 2.459876443837297 1.1122177176892596 1.3474717833292678 0.9525996946330346 0.9170735468846869 1.9194406983112497 22.502139437399432
0.5267760479242506 9.992160107139592 0.03720513254103355 0.19988274862810854 0.19994274791817632 0.008847946633006483 3.131300415890658 1.9334974158502745 0.32535727145328713 1.6647611106894524 2.6691627107034406 1.865599118465422 1.8864214059262576 1.765642599976991 2.5568059984163565 2.0719554546755337 0.31102545704222123 1.8509187628826538 2.789427245433594 1.9488573098635922 3.415241583781868 1.544265088338196 1.8709100414073991 1.3226382256111149 1.2733114210590026 2.6650732839572706 33.73864803539319
0.4507246065551549 9.995173401944081 0.06630549221140791 0.1999997016325131 0.19996500387694688 0.0003310480457481126 3.6599128505665695 2.259948694853359 0.3803565034709869 1.9455827182039545 3.1192920654033514 2.1803212247160255 2.2047262663055647 2.063647609585554 2.988371294089217 2.4217060757304325 0.3611133460681699 2.1633744116016462 3.2603002950842823 2.2778403503722653 3.9920583506940144 1.8049645624576387 2.186746619623769 1.5459315811369294 1.4882800770906732 3.1149719986366957 44.09847257527813
0.47717487755495097 9.999970344440358 0.05542419810178571 0.1999942416813366 0.19967450977838272 0.0023176653709007953 3.457012096282861 2.134654264291783 0.35923585934036434 1.8377971857598543 2.9465340731998433 2.059521009215039 2.082547635708235 1.9492563106206804 2.822718819988228 2.287452425014261 0.3410667702159099 2.043433890232924 3.0795581221722848 2.151554403239829 3.770751952271341 1.7048874861082621 2.065506655833865 1.460211821163134 1.4057555891037041 2.9422777499733948 39.50507539045322
0.827776554041105 9.999100818977976 0.008755417618262054 0.13498621331908536 0.08346332245700709 0.021819351594473044 1.9927151236921523 1.2302642237143688 0.20699825869840954 1.0595771363975044 1.6990104571622378 1.1874442082561492 1.2006369923823508 1.123690553995185 1.6271528324645115 1.3185706493311826 0.1965956262888028 1.1778916025223323 1.7751395944976371 1.2402288621672295 2.173541412660137 0.982752441739738 1.1906213378011268 0.841716087576162 0.8103254872621429 1.696016675377299 15.94000857401237
0.6943930919563904 9.999999081044377 0.022361438250155116 0.14918273535121754 0.1735194119474812 0.0397283507022798 2.3754604599122078 1.4667167852575136 0.2474145851571437 1.2630815751146343 2.02524280764763 1.4154753929598196 1.4312209859376417 1.339520968007196 1.9396931713128258 1.571843502535447 0.23457907773407471 1.4041535343409632 2.1161586876459997 1.4784730097557088 2.5910437634042482 1.1715414116181713 1.4193324225340118 1.0034035932126655 0.965984495315021 2.0217732780159228 24.20555436128013
0.6642901644802031 9.999749184005514 0.010206961472860461 0.18784365041696374 0.13570178756209633 0.014697980486547087 2.4831409002746274 1.5331913663056544 0.25797910491192666 1.3203042225435997 2.1169877956132583 1.4796057303211434 1.4960722734970533 1.40022731628461 2.02761229821 1.643097937197537 0.24497551518853058 1.4678013666409908 2.2120359444953746 1.5454662352900752 2.7084852199042517 1.2246222318985087 1.4836532250769172 1.0488708441540529 1.0097542477401384 2.113424749372961 25.09992042740301
0.499348576602281 9.96244219710538 0.04964106656619928 0.18185877892315253 0.18980597881782832 0.008369679911372357 3.3034275611176587 2.0398295335646033 0.34587998237318107 1.7562074976738553 2.8156916453004683 1.968060651941489 1.9900444554176926 1.8626560893906052 2.6973051080158648 2.185826562617287 0.32912266170735954 1.9526554255736475 2.9427565344237605 2.055988891478192 3.603125780529533 1.6291577007193154 1.9737602300595607 1.395349069488572 1.3433108456038527 2.8115849818697565 34.11455527364247
0.6207213459697799 9.999990576768184 0.015696406050176304 0.19716990875089177 0.19164306274112922 0.01917514311693542 2.6574432180920553 1.640853773796114 0.27609900836980855 1.4129547224992478 2.2655140420159543 1.5834291147795336 1.601063612817739 1.4985073202884962 2.1699368393986123 1.7584365685194894 0.2621702488401031 1.570836781676457 2.3673131080014236 1.6539502499936514 2.898603427984058 1.3105845292313534 1.587799112719424 1.1224955191186734 1.0806330759589016 2.2617777626505857 28.20198643808315
0.7110112120306239 7.107429172844623 0.015822628429715515 0.16435027489608917 0.18023365353015414 0.01658807870524906 2.319977572196234 1.4323452836621526 0.24101487562098106 1.23356533867974 1.9779303890818647 1.382402189137746 1.3977781695470273 1.3082200711448262 1.8943746997127038 1.535124228059487 0.22888014207830276 1.3713465161688705 2.066680897094849 1.44391371555306 2.530511759371677 1.1441518212875852 1.386161283978818 0.9799501044115537 0.9434038502189002 1.9745535125077447 23.403507029243656
0.537890765524045 9.999778734400822 0.03385963171950697 0.19306535685334933 0.1812077593988445 0.022644486055988 3.066704583907199 1.8936393265461577 0.3195189431070215 1.6304477683566125 2.6141491349088226 1.8271372177247747 1.8475227140804467 1.7292281349259202 2.5040660987015246 2.0292201124934732 0.3035669490376367 1.8127455332025433 2.7318964509253036 1.9086696687987212 3.344958129403709 1.5124212576648608 1.8323297872450428 1.2953652911660067 1.247056056168019 2.6101182531649516 32.22572518717795
0.7563395533496322 9.999920782146203 0.026833696379002674 0.13432697116562076 0.18863218899754902 0.025762883613662996 2.180926291808298 1.3465192529475039 0.22656297217657567 1.1596418689282781 1.8594256648991354 1.2995683358917365 1.3140145946991126 1.2298130684472044 1.780828966419499 1.4431083025040377 0.21516382850110322 1.2891463958268563 1.9428044293431441 1.3573697498721486 2.3788343982054374 1.0755749948467874 1.30307811190112 0.9212166233358915 0.8868610102413238 1.8562060371633229 21.10388355176233
0.6747160686833351 7.533684073050893 0.02101171910780283 0.1686278402964347 0.15501182266035812 0.01670348151615492 2.4447803884921324 1.5094491452352332 0.25398992993459246 1.2999091404527336 2.084284009604675 1.4567430549148288 1.4729530725118753 1.378587685227009 1.9962763061738604 1.6177045816911133 0.24119255049317326 1.4451187704908852 2.1778585893171285 1.5215887875255951 2.6666397065485494 1.2057014216390807 1.4607301589097144 1.0326661577753402 0.9941539079431727 2.0807749578820984 24.044275436536413
0.7169527286882674 9.999994453840754 0.018950232938143678 0.15361290213152287 0.14731023352181988 0.033616258532561234 2.3007480915235754 1.4205339613499832 0.23901932593628503 1.2233427711163654 1.9615439242514108 1.3709470243221564 1.38619306340972 1.2973747227001724 1.8786671725888306 1.522395475817261 0.22698453097361018 1.359976503578377 2.049547576973693 1.4319458161513214 2.5095329613206583 1.1346687308154828 1.3746717948804212 0.9718288256652511 0.9355855719494389 1.9581882335195808 22.978428669293056
0.874321591262291 9.999977015328254 0.019406240324231057 0.11389097068930494 0.18516538474095667 0.026540688213811708 1.8866316879053446 1.1647386366678 0.19597109102884305 1.003173182175699 1.608586785612402 1.1242426747140097 1.1367298005546398 1.0638739665341106 1.5405328546077384 1.2483749566950635 0.18612982648974902 1.1151830894499246 1.6806359489567058 1.1742030110677022 2.0578286646261383 0.9304336435105797 1.1272358886793261 0.7969062792970325 0.7671869149917145 1.6057275880028394 16.378147855187116
0.5163956377398166 9.981551587280318 0.04354963092634018 0.19722399754212108 0.19386232087405034 0.009339033003511023 3.1944106671456862 1.9724879273117308 0.3319176023200925 1.6982851365874365 2.722907943003279 1.9031699825792847 1.924418549117531 1.801213121852388 2.60832494248118 2.1137027298056816 0.3151402579892007 1.8882122961993395 2.8456360501393703 1.9881212611829135 3.4843116634651485 1.5753784697683646 1.90860665234257 1.3492862259385283 1.2989658237473496 2.718779382332388 34.08119335509549
0.7847779031584216 6.252724292309904 0.01773012531615929 0.13914746891626067 0.1834798967544919 0.016195243550109817 2.101906841355103 1.2976139108834757 0.21834324607797137 1.1176303939874892 1.7920738443187572 1.2524909219315803 1.2664115883996847 1.1852570384778782 1.716309187509369 1.3908219361915954 0.2073674014994796 1.2424367044846674 1.8724121076287432 1.3081878315033448 2.2926462246723376 1.036602875527049 1.2558628473534947 0.8878373767740385 0.8547265633040633 1.788950226906782 20.235233800077815
0.7115915693938688 9.999998336320424 0.018162559086163765 0.16071014406728548 0.19816083926639563 0.010968295740377996 2.3180784487858332 1.431239330686449 0.24082087391217266 1.2325578303671536 1.9763186881552985 1.3812760317398223 1.3966384544630848 1.3071520622558013 1.8928262735396146 1.5338694392192282 0.22869314985337044 1.3702253944976435 2.06498978102495 1.442733263931136 2.528438828784696 1.1432166884343662 1.3850280754165865 0.9791493328498703 0.9426329688276613 1.9729381781359865 24.465611231392614
0.8636260626314158 9.99986070583808 0.016923269143417984 0.11861556428070331 0.19599417923088636 0.04141755390339183 1.9099961904132854 1.179170358076213 0.19839976589558853 1.0155961408442533 1.6285025956011114 1.1381627336100253 1.1508052357429426 1.077048462722772 1.559610759113277 1.2638354952537134 0.18843495578472103 1.1289946872375094 1.7014505414689065 1.1887453465891311 2.0833147419765368 0.9419569659911956 1.141196681824338 0.8067757054126549 0.7766882354240859 1.625613842289196 18.179512408703566
0.8120677328949665 9.905764978300011 0.002308251313190697 0.14494151919354364 0.007292943670622909 0.02596821713865232 2.0312628673170834 1.2540735972631039 0.21100534045765568 1.0800723781358368 1.731866638195698 1.2104093100427211 1.223858691986038 1.1454261314087424 1.658628014721537 1.3440778866819296 0.2003986774544653 1.200678283269942 1.8094797012541677 1.2642210266423248 2.2155879993063525 1.0017637950642428 1.2136539836293647 0.857998878663377 0.8260009978952725 1.7288251895418665 14.858031085166113
0.8326484438872377 9.999999999825935 0.004018729233398234 0.13803686309302426 0.019126818316664834 0.02307421116689361 1.9810557851107045 1.22306248105799 0.20578630251052063 1.0533779933025769 1.6890722154901432 1.1804977661274223 1.1936129279406973 1.117116033487889 1.6176322507549175 1.3108553195486363 0.19544546496864929 1.170999229103501 1.764752729515581 1.2329721113467151 2.1608234000389746 0.9770021515924556 1.1836546544913211 0.8367911546754163 0.805584247609302 1.686093084247717 14.26901461832829
0.8472958989164002 9.999849457556165 0.015333868029712755 0.12388787375101316 0.16389545734720296 0.02523457521428444 1.9468083788876038 1.2019084224243393 0.20222629661563601 1.0351690258562982 1.6598808594582268 1.1600944859142122 1.1729818005755899 1.0978054208440118 1.589668658417175 1.2881939551948245 0.1920666619893418 1.1507549709276816 1.7342439187694763 1.211656757299213 2.123467787324992 0.9601119570104818 1.1631918749773311 0.8223250416304536 0.7916576450585715 1.65694479988353 16.801493657052042
0.6107760843837841 9.999955344477739 0.014572776578217329 0.19544918745060247 0.14494729205601758 0.030300802190300707 2.7007264102742226 1.6675942419082128 0.2805999215397843 1.43595577914567 2.3023792257890694 1.6091964731062043 1.6271209790438061 1.522900633799596 2.2052642727473337 1.7870666700229567 0.2664417623475473 1.5964152194502967 2.405866978531147 1.6808861864991047 2.9458152941802176 1.3319278311518674 1.6136570766798548 1.1407759311928987 1.098231711774645 2.2986148245772946 28.149633364281467
0.649816525675536 9.999999981479897 0.01752453903868036 0.18319095180945294 0.1767220238976213 0.01838961292169675 2.538455309273566 1.5673644684951025 0.2637306413998295 1.3497074332957946 2.164119756051024 1.512550701684451 1.5293874824641636 1.4314129623181147 2.072773920679364 1.6796969590328448 0.25043296810093196 1.5004971873024882 2.261311782677791 1.5798929037970244 2.7688173051176572 1.2519015623737666 1.516702945638613 1.0722351198207984 1.0322471163379603 2.1605042843596083 25.46231845555179
0.8066955681548332 9.999905049370778 0.005841121226882969 0.14267100762373133 0.1255005289916575 0.05367747381015881 2.044789279183721 1.262429885294668 0.21241143611466098 1.0872639573207286 1.743395766427448 1.2184676184952428 1.2320071135289967 1.1530532546401708 1.6696730808554672 1.3530287105842824 0.20173324570825757 1.208674579300718 1.8215307586356637 1.2726404904814934 2.230344242849957 1.0084353676580424 1.2217368785753377 0.8637128570978126 0.8315018368706265 1.7403389628351407 20.90658354750949
0.8599088524759487 9.999942719291175 0.013824497196723452 0.12237028179857991 0.14519220222063262 0.02868744212179962 1.9182530289663997 1.1842704245582663 0.19925804812343106 1.0199862963432382 1.6355406543245292 1.143081944873311 1.1557793299152443 1.0817040821170827 1.566352418872312 1.2692987978342114 0.189249544034876 1.1338751845690642 1.7088055745062067 1.1938840707363088 2.0923203074431322 0.9460288827078176 1.1461298703581642 0.8102632520294585 0.7800457242595732 1.6326410351849783 16.343805788234665
0.8347694572680978 8.772724137727453 0.013893638654243113 0.12865675325112383 0.13885619411948977 0.020800219120662048 1.9760237165023795 1.219934370835501 0.20526245693775066 1.050702178653721 1.684782176441808 1.1774992364539199 1.190581060464103 1.1142783968939634 1.6135234084180017 1.3075255143843825 0.1949488291243857 1.168024616845936 1.7602700447687967 1.229839918146049 2.1553352031868833 0.9745202356636496 1.1806479085970507 0.8346653520156682 0.8035377036652253 1.6818101571538946 16.955752156997914
0.8723829990704633 9.999999848706686 0.018746275769687685 0.11489258379669678 0.18939064942832312 0.026364166433305188 1.890824024963844 1.1673282223190447 0.19640689318537666 1.0054023388758997 1.6121603772073891 1.1267404521057753 1.1392554512621258 1.0662379463162297 1.5439560583173673 1.2511491133357577 0.18654346215722392 1.1176613716868908 1.6843707371709875 1.1768124180045394 2.062401547587895 0.9325013353240865 1.129740935270029 0.7986772048242619 0.7688917883697045 1.6092957887938404 16.40613609037483
0.8606783394326204 9.999996083623529 0.0176711729791496 0.11902980987407567 0.19917878138745262 0.023464456976108303 1.9165376875949112 1.183210849101198 0.19907971164021934 1.0190743124671031 1.6340788584724066 1.1420603310004516 1.154746362252191 1.080737256379692 1.5649524932887826 1.268164307226851 0.18908016315249107 1.1328616664732123 1.7072779196629304 1.1928165572082385 2.090449834599507 0.9451829943814716 1.1451051149387446 0.8095386588503825 0.7793481305840497 1.6311809530759964 16.95516617428815
0.8381061692554982 9.999959222435946 0.0067876507684554695 0.13450707642752138 0.09248588727278435 0.036632402119179674 1.9681546258786595 1.2150936474668559 0.2044452230904418 1.046518681444571 1.678075929574445 1.17281197740225 1.185841350795011 1.1098419489423546 1.6070987670062242 1.302319122159301 0.19417263162274848 1.1633735398474325 1.7532604844549853 1.224942822271618 2.1467521697719856 0.970639795012238 1.1759465976416443 0.8313418745220181 0.8003381851194463 1.6751132363611994 17.248018679455082
0.8320742152829599 9.999997011077578 0.0030048183805682096 0.1387171522270632 0.0277015915386235 0.03225628773197566 1.9824230741128495 1.2239070761384974 0.20592845736518095 1.0541049186362943 1.6902373574864002 1.181312063906533 1.1944362843399967 1.1178867064189753 1.6187481783370057 1.311759689928365 0.19558048515737053 1.171807228771444 1.7659706429298818 1.2338231638338066 2.1623147504153795 0.9776765280029397 1.1844716685256684 0.8373687954996475 0.8061403517222547 1.6872570985703286 15.332883126297167
0.8541033092235943 9.99993132490944 0.014820478161759035 0.12268220514840313 0.14237102447285668 0.02134522973555641 1.931291961313804 1.1923242712298172 0.2006134077049354 1.0269190480120869 1.6466549064766032 1.1508502120583584 1.1636343033479846 1.0890562199720277 1.5769989493088208 1.2779265770050112 0.1905359046423213 1.1415826889571905 1.7204210200704728 1.201999322013308 2.1065425539770266 0.9524594093951886 1.1539206004453966 0.8157708592245957 0.7853479221883217 1.6437385360205898 16.276159099500124
0.8509735065539379 9.999999993705853 0.012783775287324184 0.12520462144512465 0.13241386305428962 0.028989866325603623 1.938395096454968 1.1967117608731652 0.20135177707492258 1.0306957286243899 1.6527093570663656 1.1550819271495183 1.1679132520168416 1.0930612982432726 1.5827986563427845 1.2826266143225493 0.19123673452064505 1.1457814674788283 1.726748810794852 1.2064203543564198 2.114290511954847 0.9559626255087327 1.1581648211680446 0.8187712994332778 0.788236459053015 1.6497842505596698 16.411863607612133
0.8321320588675993 8.843467908021726 0.0033335596296170953 0.13920261962601782 0.03627661856382697 0.03356875798123418 1.9822865588904182 1.2238041947981206 0.20591356813904246 1.0540320426578502 1.6901202005644573 1.1812302069400638 1.1943536929325824 1.1178096047302124 1.6186369277604777 1.311669506908445 0.19556684202356175 1.171726660872978 1.7658493139323401 1.2337380516762704 2.1621665568376827 0.9776090557527185 1.1843900221069619 0.8373109104931555 0.8060846082603069 1.6871408183756325 15.848590572023783
0.8421029142028679 9.998849492422647 0.009773423418136595 0.13041840266283808 0.13471494086585656 0.04057545352693632 1.9588134768684538 1.209323779050012 0.20347422805036533 1.0415520557207996 1.6701136541167805 1.1672466944891884 1.1802138999869398 1.1045746970374775 1.5994712658213301 1.2961379157235897 0.19325112550229742 1.1578516883171335 1.7449390008655548 1.2191289996715995 2.1365632148744726 0.9660329304446951 1.1703652767112853 0.8273962129527616 0.7965396779002193 1.66716294707009 18.29283576467994
0.8586090334777351 8.77385327582495 0.017478500045400986 0.11979744429383485 0.17524610877709337 0.023525416676655937 1.9211585062253067 1.1860456220282831 0.1995593249356808 1.0215308360388227 1.6380164664382446 1.1448123881830434 1.1575292277623639 1.0833421174533446 1.5687247835532003 1.2712212962581224 0.18953601357302272 1.1355926410140003 1.7113939608147404 1.1956921659877282 2.0954899701380687 0.9474615973923604 1.147865731265205 0.8114902506650696 0.7812269424524827 1.6351136509363537 16.53874985163012
0.8691195862359388 9.999956067941408 0.019533034774775707 0.11483732847986876 0.19085174321281773 0.025052820995284147 1.897923840197497 1.1717135619489343 0.1971448833583398 1.0091772900844118 1.6182122346013874 1.13097033965565 1.1435325345317622 1.070241219359453 1.5497531490471554 1.2558469743345755 0.18724389452905524 1.1218581522490114 1.6906954604926334 1.181231239391324 2.0701457680892474 0.9360028133929026 1.1339830638014943 0.8016761446150953 0.77177888024615 1.6153385013444652 16.464248984591077
0.853869102049545 9.287763464334935 0.011248295889982744 0.1262588044377536 0.1294821552002208 0.03876343363387944 1.9318223762604456 1.1926414809335275 0.20066821157979553 1.0272008895776166 1.647106317354391 1.1511656771801648 1.1639533663310384 1.0893550216984282 1.577431827363693 1.2782774357455728 0.1905882882652446 1.1418962402875366 1.7208938228015689 1.2023296060262012 2.107121733796426 0.952721094085081 1.1542376665601908 0.8159949765364966 0.7855636758937741 1.644190305428872 17.37552040869655
0.8288248680351055 9.999987967877304 0.0022263880244821708 0.1404229496509275 0.028902045820159313 0.03614037422798599 1.9901948633587345 1.2287075804648806 0.20673632518456 1.0582370871110762 1.696861834019992 1.185942293057786 1.1991182565301746 1.1222690506067472 1.6250942851887529 1.3169024993722913 0.1963471968212505 1.176401506850182 1.7728943290671972 1.2386604028933708 2.1707923399472215 0.9815095575119694 1.18911549834876 0.8406516695114005 0.8093007818375761 1.6938719308912848 16.067860549228797
0.8453171550952294 9.99999997657738 0.007863120028947698 0.13140486447437522 0.08613312448505654 0.0317625811380566 1.951365584131681 1.204723363928901 0.20270003484656152 1.0375920486997 1.6637651731551728 1.1628093904976615 1.175727018654168 1.1003749452378 1.5933895588099054 1.2912093441915364 0.1925163509243567 1.1534487384410392 1.7383036210992613 1.2144931882440047 2.128438534332209 0.9623595071996206 1.1659147893105992 0.8242500683669757 0.793510891543503 1.6608236917965256 16.158602376782493
0.8673712743565888 9.999999988639484 0.01662786256345696 0.11808168489458337 0.17960312773630227 0.033259266890772236 1.9017492344490012 1.1740764134964121 0.19754252170164271 1.0112112441472754 1.6214729574042759 1.1332494053986313 1.1458370563422018 1.0723982654113695 1.5528768059051326 1.2583783639386577 0.1876213153674727 1.1241195642863318 1.6941035166072134 1.183612289870996 2.074318742559924 0.937889537942401 1.136268881440632 0.803292065656448 0.7733345291338091 1.6185945059027045 17.067342722010547
0.8613018394478499 9.897063628300172 0.014567879749111654 0.1211083541588283 0.15003093067936377 0.036468695295230454 1.9151507880467602 1.1823529088082425 0.19893555362885645 1.0183368042984975 1.6328960946394782 1.1412334973604155 1.1539102340571354 1.0799546546159864 1.563819049176183 1.2672458183780886 0.188943562007495 1.1320412438927254 1.7060419095630714 1.1919532979578051 2.088936442896331 0.9444989522593814 1.1442763114690129 0.8089529440508315 0.7787842935933557 1.630000879167399 17.17836726390767
0.8377908483170059 9.999999999996826 0.004194451300148227 0.13613521408526422 0.0394740290777489 0.032328326448515216 1.9688960653908965 1.2155517024303817 0.2045223455634749 1.046912803613092 1.678707366907804 1.17325315663631 1.1862873588390555 1.1102593376425127 1.6077029689723117 1.3028087944439586 0.19424598799498738 1.1638110429768898 1.7539201382711733 1.2254040170259335 2.147559739629367 0.9710052120660718 1.1763891990232063 0.831654989774954 0.8006396532290209 1.6757441201561463 15.397480718483926
0.8346215121088353 9.247929790132536 0.0075240090567998685 0.134137431270034 0.0920885580366755 0.03805728658695473 1.9763733365483418 1.2201589342624586 0.20529919255113319 1.0508881653833815 1.6850802321413187 1.177707491055555 1.1907915514792295 1.1144753905314027 1.6138084802262012 1.3077566143360497 0.19498356204420783 1.1682311726934143 1.7605815322074558 1.2300578339981179 2.155716499587678 0.9746929002876351 1.1808570211860978 0.8348133333664648 0.8036801837807461 1.6821082503590148 17.385592250024096
0.8364476996857573 9.999998622148064 0.003158286107968222 0.13740013372414445 0.03599772408670483 0.03588926561674538 1.97205763452913 1.217504561594258 0.20485099398423576 1.0485937736491702 1.6814021527599274 1.1751366725456092 1.1881919107339822 1.1120420051313118 1.6102844427844587 1.3049008032458802 0.19455792507618502 1.1656799440409595 1.7567366783840606 1.2273718385708223 2.151008426750565 0.9725645109609938 1.17827832965229 0.8329904960260078 0.8019253496758002 1.6784350915753847 15.862538886604261
0.8755125043701969 9.999999963822892 0.019689127175643032 0.11326418982626435 0.19989956369834494 0.033680907915592355 1.884065269605988 1.1631535114020455 0.1957043444416857 1.0018086596672746 1.6063991226583814 1.122713643957961 1.1351837080137233 1.0624268839116269 1.538437331218589 1.246676834368015 0.18587668151066863 1.1136661518352207 1.6783498659473948 1.1726058763307512 2.055029477258022 0.9291680787336013 1.1257026216461006 0.7958223500626403 0.7661434087244601 1.60354346117141 17.07383989453726
0.8422398992548209 9.99999309596956 0.00820157617992083 0.13149401585054415 0.10233892021248403 0.03919429340655383 1.9584952147094843 1.2091272397708215 0.2034411665954941 1.041382792085727 1.6698421262671512 1.1670568313688796 1.1800218691500513 1.1043949197520102 1.5992108187054912 1.2959268559349897 0.19321982328797285 1.1576631581270072 1.7446550397071063 1.2189307608535198 2.136215467899483 0.965875842455414 1.1701749118581697 0.8272617525280894 0.7964102517605938 1.6668920551569821 17.385140486284882
0.8410278653796355 9.999693099823261 0.006124355355505629 0.1339486290260523 0.08054072945432467 0.038135473681900775 1.9613176122867864 1.2108705658060879 0.20373454580375605 1.0428834474277042 1.672247946603323 1.1687384043962632 1.1817222379551908 1.1059864591645219 1.601515558269887 1.2977945780386555 0.19349823839852398 1.1593316379634526 1.747169432952011 1.220687413294272 2.139294140678617 0.967267800833876 1.171861304877977 0.8284539147412366 0.7975579494822572 1.6692942044866388 16.986454800650066
