0.41386739150476576 3.2064341803510072 0.02646412652695479 0.07741182737014994 0.19420590317177022 0.051134262291565216 2.441388305213621 2.2181767151431133 2.224336993639332 2.6231200030893635 2.726323973774539 2.4270235084879808 2.465632700398456 2.240150041988877 2.2318697274453525 2.4305718902928404 2.3993725146184457 2.4359155843089084 2.563806559407012 2.4242734089884697 2.586282387878871 2.400680032666451 2.4379200214578347 2.675490525592751 2.3005183019283986 2.244580940194018 0.0457819434869082
0.39455878731663474 2.947983088980312 0.02010511325629621 0.09133764074983668 0.1637663581123072 0.05535413890082891 2.560995654560059 2.3270204811940634 2.33302336977009 2.7507460434314543 2.860475853744287 2.5452444767559137 2.5856393922973466 2.3490673135874682 2.3406693437797723 2.54939822788468 2.516867723702735 2.5552504246950556 2.6894753869886694 2.54315806713584 2.713010573703548 2.518429635065124 2.5575026761724153 2.8067051839608843 2.413411315233712 2.354570233562153 0.045682166137678074
0.38706359526512896 2.8353526383154617 0.019913963223488394 0.09468500507907447 0.16418130929822614 0.05475402561524151 2.6106432040966885 2.372248391663702 2.378216743788142 2.8037631317423783 2.9161479827624492 2.5942906973220907 2.6354157558758 2.394241299224351 2.3858031110194693 2.598709743038241 2.5656253990905418 2.60478821030189 2.7416426076006037 2.592510234198122 2.7656192353270246 2.5672986887282105 2.6071441799039747 2.861163488881218 2.4602664058724635 2.400219536340604 0.04587812454653795
0.3882183058133651 2.959150504165894 0.014660406992380543 0.09930476493705831 0.11879932786124502 0.05508171570528165 2.602938957435734 2.3648110910545053 2.370680577234799 2.795103622714627 2.9073526849842133 2.5866096026023024 2.6276844278676466 2.3873127198309807 2.378870335010107 2.5910902529819024 2.5580763468966814 2.597108556956111 2.7335445603920276 2.584849253913406 2.7574580099697075 2.5597138049707513 2.599428429854592 2.8526881251478033 2.452979266192873 2.393148153276235 0.045118098050830606
0.4152596768068492 3.306739381098662 0.026791360524723667 0.0764752816598816 0.19677090588259627 0.05076296397111793 2.433195354523811 2.210510179741886 2.2166458282226165 2.6141606654563776 2.7174559002505 2.4189895326277235 2.4574074373535226 2.2326627643201222 2.2244451800456457 2.4224185431396146 2.39138844874298 2.427745952720088 2.5551655150139014 2.4161298232497765 2.57763976144599 2.392672049808404 2.429761751540166 2.666515634526258 2.2928271889589076 2.2370529240138546 0.045776659366245996
0.3663242565540829 2.705607174154217 0.005527600074049203 0.11830591430584994 0.04323358071984698 0.054447452804850874 2.7587388771748564 2.5064355464963204 2.5120945371328873 2.961112397674075 3.0817480888123168 2.7403094758605357 2.7837538232676025 2.5290861739412893 2.520555319806899 2.7458837342328413 2.7111250750482214 2.7526004952709284 2.8972937967702226 2.739741359063766 2.9225897447509115 2.7130747186711175 2.7551948108117954 3.0235834419032357 2.5999677008792816 2.536391621560558 0.04494366277988473
0.3944024258480111 2.9177023172795047 0.01834524138994364 0.09321578330558979 0.1496692773041775 0.05624542705371549 2.5619954674892034 2.328022622272363 2.334041889732432 2.751893791563905 2.861699729589202 2.5462646123823864 2.5866536208159734 2.3499620073992973 2.3415683106511946 2.550390317245746 2.5178522560912504 2.5562496746076038 2.690528300877592 2.5441557373184973 2.714064484573467 2.5194146430582403 2.5585046693585047 2.807800951449377 2.414359285551134 2.355491901222652 0.0455441613293613
0.3901398109685455 2.9055485315928182 0.016674831649881743 0.09660122593755179 0.1363215080733147 0.0559000091240694 2.590047941092051 2.3533970268794997 2.359352802541304 2.781676373646874 2.8930700727932313 2.573943082378866 2.614776205031963 2.3755176963715026 2.3670948657441677 2.578265283453143 2.5454069391447516 2.584243463970198 2.720007111622344 2.5720386151879677 2.7438001080513708 2.5470259476246144 2.5865484325044306 2.8385732472306446 2.4408231120235033 2.3812855450605865 0.04539289870371596
0.3936079664558026 2.9006834599637146 0.021806908742992948 0.09006656290180662 0.17901641513175565 0.05532766246413954 2.5671719088467078 2.332755112734396 2.3387765675261663 2.757440400325417 2.867494150710858 2.5513754785210834 2.5918385080496416 2.354664140607413 2.3462646557148004 2.5555234832006266 2.522929522321098 2.561410771602767 2.695964126323876 2.5493000470634626 2.719548549291547 2.524510208315353 2.5636830128533155 2.8134809149613993 2.419248969598317 2.3602479647834955 0.04594833540148041
0.3924440691353494 2.976958350853793 0.009821456047919163 0.10247159777111578 0.07843301879322873 0.057828003085199635 2.574831472726824 2.3394046003804188 2.345331458797937 2.765280794963654 2.876169554031959 2.5589303780898534 2.5995421977878657 2.3616835483755896 2.3532775673693176 2.563170607835216 2.530479201757712 2.5690703861743693 2.7040318797706573 2.556919826962523 2.7276755547332874 2.5320464138516416 2.571328920527494 2.8218802181125375 2.426450146248862 2.367296764387155 0.04468174485658768
0.38523911982661013 2.8111149599961367 0.01198242791068297 0.10346184013423854 0.09658632076628036 0.0558964165535913 2.6230166573987095 2.3835094006954267 2.389466887264283 2.8169670419472004 2.9300262969864375 2.606520140882446 2.6478297149514063 2.405518853719607 2.39707557137074 2.6110197466920604 2.5777936610298324 2.617144743129858 2.754652640980665 2.604813824603243 2.7787331601366896 2.5794765956214443 2.61950732138386 2.874726225674628 2.4719283278512294 2.4116048645308252 0.045042767195980264
0.4151776075404991 3.2826957422981775 0.021883521815277803 0.08147144690310466 0.17678337241260617 0.05898811857088554 2.4336727424390574 2.211020654266477 2.2171297318570153 2.6147579806192907 2.7180317782317007 2.41945173282213 2.4579234852589162 2.2331002982656987 2.2248549041962598 2.4229260082192754 2.391836498007493 2.4282202600257534 2.555716947734845 2.4166200632004284 2.5780813813866446 2.3931114867648424 2.4302138943419163 2.6670561455831767 2.2932699624521082 2.237489648021072 0.04569241489165155
0.38722312571818907 2.9108564419718985 0.02306026138146432 0.09133661061100211 0.17789661937952028 0.05046777931145181 2.6096425152338187 2.3710300016870716 2.376914011992988 2.8023830032076784 2.9145401014171055 2.593192300541029 2.63437525559047 2.39337340354276 2.3849293011180417 2.5976604711381244 2.564625858925974 2.6038059211967104 2.7406013309470563 2.5915068797113827 2.7645853700128376 2.5663065222537367 2.6061431464799036 2.8600570157628207 2.459302096895216 2.399312776495456 0.04583647686415654
0.4082488072632971 3.208311902855725 0.01651244113623295 0.0894402101015868 0.13350529089418547 0.059148164567936895 2.4750348846284593 2.2485720867804324 2.254614514149333 2.6588088793322595 2.76439264483883 2.4603377897461924 2.4994423633135754 2.270796380814643 2.2624961442658615 2.4640251899339876 2.432462525018966 2.4694916564529006 2.599174445304393 2.4577276050549877 2.6219164108218496 2.43382069562347 2.4715613462246946 2.7124234843350434 2.3322925290278937 2.2755280552264887 0.04519753689582873
0.38189292307975214 2.794375397588183 0.015128962114529215 0.1017011204676144 0.12350052030988183 0.054497929432528465 2.64604828693112 2.4043726186752297 2.410282093865897 2.841437386749933 2.955804736162269 2.629235539575262 2.6709026929547783 2.426475800944816 2.4180122035809255 2.63389199016043 2.600407014829999 2.640121911150839 2.77885122251438 2.627705089264244 2.803141922521712 2.6021461221046245 2.642536818417764 2.899995567208834 2.4936651425740064 2.4327758668737545 0.04541060945001838
0.4037165537446681 3.1102429473387017 0.021222272696170125 0.08649119207405559 0.17385363979812216 0.05774343954779442 2.502843935067069 2.2739793137612527 2.280005175405172 2.6885639019594265 2.7955217553955425 2.4878175486395038 2.5273337869864303 2.2961085275849595 2.287774250851015 2.491636078351021 2.459762559850356 2.4972317342057995 2.6283851938742795 2.485364998705501 2.6513836201565724 2.461193417056929 2.499368802054242 2.742928780803542 2.358543021073648 2.301096241088591 0.04568443290131783
0.4019667367705105 3.0761751483839066 0.019146342963593712 0.08928205409730042 0.15623910438952257 0.05763471071349042 2.5137478220182032 2.2839316231004516 2.289951450248719 2.700225262462124 2.8077281070084585 2.4985941039227644 2.538273129029685 2.306041604031836 2.297695688784521 2.502470194294248 2.470472876547994 2.5081120476260907 2.639841191141513 2.4962020393829234 2.662938536827817 2.4719251745908113 2.5102681217727882 2.7548862918644286 2.3688295989318875 2.3111247395759626 0.04549151413357117
0.39261037099874785 2.886128088072764 0.019191222429818137 0.09311746690497565 0.1568295117198899 0.05548412994010804 2.5737009461557423 2.3387021653997935 2.3447200625669122 2.7644143151333664 2.8748037768230974 2.5578267361983187 2.5983877525125028 2.360613754700574 2.352209176524629 2.562014326770844 2.529345659522401 2.56792753272342 2.702825473710379 2.5557900488248158 2.7264674861511558 2.530936104497547 2.5702083099722 2.8206394671002424 2.4254065724123715 2.3662539842469488 0.04567812508491324
0.3978606949085791 3.0602814040108 0.012397593310854748 0.0976533283973825 0.09976288902358581 0.05813729297555257 2.5397375742971025 2.3074431428746447 2.3134035144449405 2.727819703178059 2.8368752413931113 2.524267902518825 2.5643518487624495 2.329729589247091 2.3213561913250507 2.5283052590375856 2.4960093488290447 2.5340511814848385 2.6671558449184265 2.522035985878024 2.6904845011059617 2.4975039450388232 2.5362447598102986 2.7833902830160735 2.393339825050046 2.3350264645286454 0.04484277874980055
0.4054649308028424 3.1520776143241145 0.022834083128178157 0.08416392568397657 0.18752454636389387 0.0579795956748954 2.4920457991699845 2.2641002286030476 2.2701287180928467 2.676995718723571 2.7834396132090293 2.4771443490584844 2.5165008464098615 2.2862729598612987 2.2779504897395473 2.480908493596591 2.449157222118683 2.486457718908811 2.617041179243112 2.4746332461853546 2.639941328316493 2.450565512047645 2.488574535164113 2.73108717540915 2.3483548469788005 2.291165202889769 0.04582297124346162
0.3855474421797977 2.85364024329111 0.007316139203220177 0.1079562401589717 0.057650171936885264 0.05729010792083271 2.6209328431591845 2.3814675939922334 2.387380379447105 2.814581277499011 2.927750096555064 2.6044556380332073 2.6457509843285174 2.4036428758877446 2.3952017954784317 2.608967631015069 2.5757604026217065 2.6150744405597077 2.7524754221763796 2.6027481631206384 2.7765307793866 2.577425223581938 2.6174196565859034 2.8724410022661275 2.469948456620115 2.4096869371766627 0.04463955285886936
0.4060727948825293 3.2502167489634703 0.012412614931931744 0.0943065017572175 0.09696144969272057 0.057935378580802485 2.488343032778738 2.2604505618964494 2.2664403830574456 2.6728062590186985 2.779355546041459 2.4734851126230972 2.5128064112560926 2.2829372935092573 2.2746184612251366 2.477257348357678 2.445538230081445 2.482771913550707 2.6131595731950275 2.4709513456706826 2.6360199190816105 2.446913213800186 2.4848563747633183 2.7270167654414514 2.344833853473853 2.287762831090336 0.044772496108374235
0.39440508864922375 2.961438747083269 0.008097929477759478 0.10346479830662365 0.06379069828218362 0.05850694620388772 2.5619916576129396 2.327867586742059 2.333845798804379 2.75173382744384 2.861746382834344 2.5462606432969515 2.586667138034938 2.3499928396092944 2.3416023338808203 2.5504176667437224 2.5178725761129486 2.5562614578331107 2.6905422843347258 2.5441603967414625 2.714067466366067 2.519409844515576 2.5584913800823257 2.8077908508441927 2.4143329249299508 2.3554926904731115 0.04460190220502994
0.3971372663466177 3.010406504507312 0.014985455043595594 0.09539872627100983 0.12167397084122578 0.057594199960715645 2.544353463250405 2.311777459292551 2.317763340857693 2.7328736624751295 2.8420082316538116 2.528831673811427 2.568973552823022 2.3339192742083212 2.32554186932788 2.5328804482959093 2.5005359132786302 2.538652790466548 2.672000245092323 2.526622631749174 2.6953733474669916 2.502048695786664 2.5408631177358605 2.78845306656993 2.3977033036176 2.3392707972406654 0.04511810347641839
0.39658366218669566 2.9882995863500352 0.01632687410758209 0.09429419746552806 0.13307014593516675 0.057271269774192786 2.547903912893746 2.3150574418053864 2.3210517607214634 2.7367106336307594 2.8459690333551406 2.5323399096914345 2.5725306974680584 2.3371459836941164 2.3287651111748158 2.536402639930062 2.504019592000413 2.5421934509806623 2.675728366749059 2.5301510634502073 2.6991347729686 2.505543950741697 2.544414455212648 2.792347640616756 2.4010570077264335 2.342534873265599 0.04527114723106635
0.3932892762688021 2.918092964443059 0.022135604566156666 0.08983849119784798 0.18245967708727176 0.055516097836377565 2.569269729754195 2.334592332358464 2.3405959208587683 2.7596125563281917 2.8697641126450883 2.553426059374943 2.5939360618557874 2.3565866659120926 2.3481821951185706 2.557611469811347 2.5249914498070196 2.5635059652167747 2.698169084652039 2.5513849012010668 2.7217776977151544 2.5265763005376396 2.565780019667757 2.8157825294547103 2.421226333321817 2.362177304178874 0.045980024675449406
0.39304247103902845 2.9545221482012893 0.02085671327560282 0.09116247200585227 0.16959009054204885 0.054786578947705195 2.5709166282861515 2.335974515743413 2.3419610799770556 2.761282608801606 2.871261196270509 2.554972463258699 2.595559686840971 2.3581360808788223 2.349724477843332 2.5592635035138387 2.5266107721322664 2.5651466716751155 2.69989901637521 2.5530168696805737 2.7235311572950875 2.5281947595366465 2.5674187537319293 2.8175888262066837 2.4227664824437216 2.3636923118373554 0.04574422264301408
0.3864980808066092 2.872559464849119 0.00603088152901685 0.10883247454754273 0.04719819518427135 0.05794598188768024 2.614483172310714 2.375577687348153 2.381494112675856 2.807689127679551 2.9204605512431834 2.5980748943726213 2.6392837644209197 2.397786078899399 2.3893490794040133 2.602567807894984 2.56943023998726 2.6086419460608563 2.7457025891863833 2.596339070044048 2.769700925914835 2.5710779457667625 2.6109704435571146 2.865367601018552 2.463857677298324 2.4037550541085686 0.04455941790410333
0.3971863721701509 2.9727330809864494 0.022583216746990487 0.08779182610010673 0.1862708185962371 0.05648741710050758 2.5440299049368043 2.3116138289639117 2.317637369040843 2.732668926240268 2.841508682187487 2.5284960210298855 2.568628066793244 2.3336093458661913 2.325229820082271 2.532541325745237 2.5002051368619815 2.5383232602792547 2.671651769223828 2.526298981694256 2.695031164401393 2.5017338547143906 2.540546635423473 2.7880998142281443 2.3974100694054927 2.338969480356451 0.04595810312667329
0.40663046824548377 3.1227293934589886 0.022340395419624726 0.08427829029106561 0.18210443026239553 0.057604271285411034 2.484875817247289 2.25771998428697 2.2637842678322366 2.669478047887061 2.7753696839432718 2.4700653591149586 2.509303610643478 2.279738137715811 2.271426323740335 2.473783664061271 2.4421150941688348 2.4793030863356487 2.6095055808092744 2.467506579609733 2.6323402939821525 2.443508306827664 2.481405317442961 2.7232177782471427 2.3415895800074655 2.284574114028858 0.045778609736084025
0.3965172085333038 3.0186820097178866 0.007542924842859683 0.10311720450504999 0.05967297752152874 0.05929020328145105 2.548339785486659 2.315347226648719 2.321315187597737 2.737070902563186 2.846485717260874 2.5327723290093505 2.572981938624537 2.3375706203197595 2.3291925127241853 2.536861532988437 2.504468434302342 2.5426421919427447 2.6762020261324473 2.530592646771254 2.6996026427312634 2.505972921094955 2.5448427293819993 2.7928193451495646 2.4014490461690894 2.3429385889575056 0.044541251192628833
0.38787123141233054 2.896747985910775 0.005027850810175996 0.10924434611837965 0.03886716746990894 0.05845272000356594 2.605217607774951 2.36712319036987 2.37304180203395 2.7977799818347338 2.9100939866301125 2.5889267751960734 2.629999157805511 2.3893578172104095 2.380928560798653 2.5933679148053077 2.5603334492842853 2.5993986744698105 2.735969832885373 2.5871309603171864 2.7598829994747645 2.5619582818097584 2.601706417713221 2.8552045099587637 2.4551119718651404 2.3952330094565855 0.044499141869972204
0.41146657204901677 3.2584013036247343 0.023637046672926737 0.08104402499079122 0.19338167519312568 0.05889170369551169 2.455660065399205 2.2309357100300504 2.237002498928131 2.638135213798148 2.742689663083406 2.4411826633626648 2.47999221384606 2.2531311236814684 2.24485421692511 2.4447659610344408 2.4134266141435967 2.450156227825437 2.5788167027851623 2.4384719989071884 2.6013834030508884 2.4147529541460093 2.4521980049655148 2.6911780611919243 2.3140199965960533 2.2577061493559505 0.04585673521686117
0.3993467135156085 3.0595165193374987 0.010624898395633558 0.09887367703345451 0.08511864889566596 0.05898639689115173 2.5302637915628 2.2988946905129084 2.304881751219797 2.7177833917454386 2.826247187553093 2.514915161991378 2.554851156401558 2.321104677027041 2.312743516105371 2.5188978703891047 2.4867094097417404 2.524601563192205 2.657204571407877 2.512622444670642 2.6804449620734925 2.4881803583555335 2.5267727370855755 2.772995800888323 2.3843985527039684 2.3263177527445484 0.044724021732340344
0.3898143438539125 2.9862896155020326 0.0028588436064502726 0.1104922589786269 0.021758762646330233 0.059748373604600086 2.592250369030609 2.3550624310962442 2.3609415637856648 2.783699315114038 2.8955284367107796 2.5760790383333676 2.616995190027604 2.3775942868048006 2.369167645169831 2.5805022239899587 2.547606808290246 2.5864681718638045 2.7223516053283734 2.5742421439775818 2.7461579612966385 2.5491969088993987 2.5887383090020175 2.840983979979306 2.4428623160234393 2.3833029483690225 0.04437716924067138
0.3966378121921729 2.996648157228123 0.016293771206257152 0.0942949913792499 0.1327137148307517 0.05716483315894358 2.547559416581885 2.3147175305656353 2.3207058170075703 2.736316102849393 2.8455883814716683 2.531998053899735 2.5721859162472045 2.3368341069093352 2.3284531103114556 2.536061268839752 2.503681636089076 2.54184990596677 2.6753665299051197 2.529808430750637 2.6987699881357936 2.50520457361841 2.54406960281397 2.791969591994328 2.4007312104221965 2.3422177310578594 0.045258582188356045
0.4026306847926206 3.065436736369625 0.017707283208687422 0.09049978776499268 0.14397378528867205 0.05799266709830541 2.509588047822036 2.2802110824537714 2.286249364621065 2.6958491239528546 2.8030517904686927 2.4944886689234136 2.5341005594881683 2.302254233673739 2.293914550560059 2.4983399501890093 2.466389896755391 2.5039630251445 2.6354712186479694 2.4920684181543855 2.6585298301304157 2.4678311773603343 2.5061084455789624 2.7503209141611205 2.3649033389940066 2.307302221981306 0.04536164085082788
0.3903473357586206 2.911727436322215 0.014553925710003761 0.09863925681503237 0.11869107605493875 0.056594178077519125 2.5886652721523147 2.3521237184988046 2.3580717075236612 2.780173625479809 2.8916164664414596 2.5725937630927374 2.6134001810897027 2.374256461103451 2.3658375335920905 2.576895706341126 2.544053337974865 2.582866213220631 2.718557861216538 2.5706667926269966 2.7423320006890357 2.5456644450005457 2.5851654991339417 2.8370559922883016 2.4395171593574667 2.3800157483524886 0.04516735994009512
0.3941007230985758 3.2291685975859554 0.0017284211863115068 0.10957748794392201 0.012928792997840218 0.06099284101172986 2.564103172894409 2.3287836411940397 2.3345824523619525 2.7530933243725313 2.8642027080919026 2.5482673071986985 2.5888011772655366 2.3519977170235147 2.343589321612261 2.5525601312236814 2.519971177883875 2.558386974973881 2.692791581549499 2.5462662109997813 2.7163385807297398 2.521488006730056 2.560595318272236 2.8101292661479897 2.4162904811317683 2.357404927811246 0.04425641135823182
0.39073086007267543 2.9167705893969686 0.013485931885213213 0.09955513078720762 0.1090438310997255 0.05652752049728302 2.5861207876516255 2.349808333343048 2.355758959652524 2.777459074613512 2.8887679771704087 2.570082390398539 2.6108508151431358 2.3719434573025984 2.3635271295531206 2.5743706444676517 2.5415562062886337 2.5803281761686296 2.7158848092021106 2.568137390420391 2.7396352099254715 2.5431589629717526 2.5826193486907325 2.834262630552896 2.4371128074491537 2.3776767926407008 0.045044636367882675
0.40629389304921676 3.1018445663362955 0.01910041578046977 0.08769198193763195 0.15565672316939522 0.05865755171699254 2.486927781589123 2.2596377454001106 2.2657095417277375 2.6717146153822258 2.7776572917729596 2.4720984351521147 2.5113651265324095 2.2816120925538157 2.273299666083427 2.4758277981053145 2.4441354051966417 2.4813539417464927 2.6116638868762205 2.469547880517667 2.6345159805699594 2.4455290024547094 2.4834558781806995 2.7254665934288367 2.343524055087562 2.2864653888756012 0.04549961256559432
0.3975473288797733 3.071065507227499 0.005060542982288539 0.10513690712692611 0.039110802643653804 0.060099251117169315 2.5417433025225686 2.3092167557797434 2.315163473816574 2.729911693037006 2.8391341380189026 2.5262528140841582 2.5663738752808083 2.331576548336468 2.3232049255861003 2.5303189610486743 2.497997542140955 2.5360653882324167 2.669279165188892 2.5240400546205675 2.6926156226939395 2.4994802189264145 2.5382460790797294 2.7855851804484866 2.3952168145036157 2.3368667672083845 0.044408075496946135
0.38437663245850034 2.835681850653657 0.008858364727070965 0.10691534957739338 0.07050764268046734 0.05661540923867947 2.6289267829237186 2.3887517016528914 2.3946604937541376 2.8231199635388955 2.936695149314375 2.612346135890044 2.6537594693088677 2.4109124636673274 2.402464540886671 2.6169031629044195 2.5836072104652215 2.6230481012839015 2.7608712391788295 2.610691891616124 2.7850008698727184 2.5852932641197497 2.6254129022183306 2.8812096725490752 2.4774954096478576 2.417037993785289 0.04475676977194677
0.3784941888050863 2.7647995324965593 0.002013934588850273 0.11638727756757701 0.014947027916058165 0.05817123076942768 2.669839782686503 2.425967816494414 2.4318407264067683 2.8667663945308868 2.9823885055834696 2.652715892343102 2.6947545292289177 2.448166380605439 2.439695210349566 2.6575681617856026 2.6238122685831864 2.6638907401138345 2.8038827699215343 2.6513782202334197 2.8283688735251493 2.6255724267693155 2.6663192196936016 2.9260792834981206 2.516088858238359 2.454641532929351 0.04463446635191078
0.40577606680991823 3.087341186091564 0.019039220344517743 0.08796451379996585 0.15533628367196967 0.058657173033170355 2.4901023456099884 2.262549207277334 2.268622453028447 2.675123821278713 2.7812039552733263 2.4752362843420896 2.514549391158404 2.284502754616117 2.27618685743727 2.478980993975292 2.4472529392438163 2.484521338902247 2.6149990416673825 2.4727033049861378 2.6378800642200324 2.4486539615923606 2.486630052040315 2.72894847047601 2.346520248503081 2.289384948133062 0.04550548917364695
0.3993683500230204 3.046536501637651 0.016240301251784023 0.09323053814357582 0.1320012236493868 0.05767891388166383 2.5301246736746705 2.2988120912132115 2.30480919130515 2.7176764562031175 2.8260766064261453 2.514774496751016 2.554703060774609 2.3209620365766224 2.3125987722491343 2.518744432183976 2.486560499667744 2.5244547035423257 2.657049795946014 2.5124797174624263 2.680294520050861 2.4880436505861474 2.5266384472905283 2.7728474904616482 2.3842783362779993 2.3261858396145096 0.04521655232069623
0.38244806573019813 2.802246749397001 0.016349776318837994 0.10022467937293324 0.13428675277480054 0.05457326443010436 2.642202800334812 2.400867610387638 2.4067775931344717 2.837324521810322 2.951520179957595 2.625441682799906 2.667049281786339 2.422972225242817 2.414510760199839 2.630068719552039 2.596628019207475 2.6362837143551383 2.774808854421336 2.6238822921618836 2.799066309656487 2.5983617198358826 2.6386939188977903 2.895778259920985 2.490039788806983 2.4292393374656585 0.045545049067915476
0.38726339633103785 2.860965395005896 0.008574499914532198 0.10598274540539378 0.06755237364559273 0.05691237250471405 2.6092980941701147 2.370936786026195 2.376877266342824 2.8022302256373086 2.9147000019234666 2.59297284955331 2.6340876627792094 2.393048990499419 2.3846170449562347 2.5974055482814844 2.564329700484386 2.6034618007896655 2.740245905416444 2.591180797119358 2.7641979647183206 2.565972397141863 2.605787504299252 2.859678071293307 2.4589728265447364 2.398990138198212 0.04470253474079549
0.39439674790373186 3.1180054356783997 0.005165851956735806 0.10617411376513979 0.040271643466177384 0.0595635646717354 2.5621231360460475 2.327418964928291 2.3332860897466134 2.7513549533159143 2.8619036510252513 2.5463299497191745 2.5868012469355794 2.350166419562465 2.341764860910073 2.5505739990060547 2.5180140297644478 2.556401690137 2.6906951377810726 2.5442917752797936 2.714227335844071 2.519537803940469 2.558616425901529 2.807947155584092 2.4144350420726064 2.3556029844822755 0.04435059389529132
0.39186925293675523 2.90366430938874 0.01574409787972441 0.09685099127668612 0.12884923680323546 0.056780742703096944 2.5785853589829393 2.3430513656444965 2.3490370020579014 2.7695247570665944 2.880298679217535 2.562646183712839 2.6032914228688426 2.3650734748472795 2.3566645811107723 2.566877715874189 2.5341509979773296 2.572806955953813 2.7079640124257573 2.560647657256283 2.731648163211965 2.535744216580486 2.575089844899406 2.825998375117196 2.4300101037212483 2.370748279014004 0.04530566327522212
0.38415839203372404 2.815016891320374 0.011984113906567066 0.10389407992439953 0.09664784411756008 0.05567834801386099 2.630415222607114 2.390173572842195 2.396102977673159 2.8247834344220686 2.938338037633183 2.613817946506567 2.655245048222357 2.41225455833762 2.4038046250917473 2.618370350481864 2.585060246532514 2.6245273372609845 2.76242770934119 2.612167638901321 2.786574883629044 2.586758283719768 2.6269037854507205 2.882843170134488 2.4789081292736284 2.418406215533132 0.045038482025481504
0.40732554325516734 3.1934450322829893 0.02104290532429748 0.08523477374269826 0.17081660305120555 0.05761461640497142 2.4806543931740683 2.2536895280254403 2.259725381058712 2.664805444097496 2.7706866950693647 2.4658874769458956 2.5050751060280585 2.2759043324668564 2.267595288791791 2.46959693922494 2.4379726064515097 2.4750927084343193 2.6050731593091268 2.463309921346295 2.6278690471770823 2.4393511604795535 2.477181930668205 2.718589400529306 2.3376004653160534 2.280690503436873 0.04560239631789324
0.3698933526888935 2.680252750605682 0.008824120359848869 0.11343485227228818 0.07029420765938994 0.05395289398207456 2.7320230289689595 2.4824606905685647 2.4882460677311347 2.9329894083374413 3.05208459932484 2.714056303453872 2.7570256851961488 2.5046997566960965 2.4961948760177477 2.7193148031455268 2.6848672216780747 2.7259270699332707 2.8692140074964496 2.713180267711397 2.8942583175085663 2.6867720837114755 2.7284899632058566 2.99429465854394 2.5747753518278094 2.5118243801161206 0.045108961015304205
0.3928590579467464 3.2662173549980125 0.0034886330687636806 0.1082412713546232 0.02670048351057807 0.05987115393726379 2.57224436923459 2.3359752660083988 2.341734445267962 2.7615968755765916 2.873358728541853 2.5562935234030566 2.5969657096609424 2.359416614576158 2.3509952560188294 2.560646612010447 2.5279623670890685 2.566506493695434 2.701342681615829 2.554351781783804 2.7249680621195194 2.5294969003544674 2.5687310365740563 2.819063923558226 2.423968787630378 2.3648949457367237 0.04424801032158585
0.3999561258333916 3.0742155288887907 0.013046929908884567 0.09618339673780461 0.10499623272642432 0.05832794361756856 2.5264083021518013 2.295366061648645 2.3013533573218234 2.713651036013368 2.8219324906866263 2.511103184172963 2.550981719074593 2.3175890447089404 2.309230324526424 2.5150621983440673 2.4829177060609893 2.520750933713592 2.653149894139422 2.5087875631743572 2.6763580327015046 2.4843847606367726 2.5229193379925667 2.7687691577746256 2.3807641619748336 2.3227704525617447 0.04490210224646075
0.39052886901201306 2.8933447960687557 0.017967424098030725 0.095160834448721 0.14732927598758871 0.05581752751849864 2.587454302314334 2.351099594983704 2.357074032728525 2.778970746975676 2.890188005225138 2.571390344721378 2.61217533077905 2.373146793250833 2.364727549335485 2.575683255291979 2.542856326825734 2.581653162093708 2.7172803410148956 2.5694608424613605 2.741048244872989 2.544473393985515 2.583957566393374 2.8357292265409106 2.438379942266243 2.3788997414008115 0.045551410991449166
0.3791717321703379 2.7717022970880065 0.003909868988657441 0.11417510404569849 0.029531369494225437 0.05716441322493576 2.6650626646476834 2.4216253695226237 2.4275035364800823 2.8616697107350086 2.977086022634462 2.648003722068412 2.6899669369364707 2.4438119674658836 2.4353424639760806 2.6528146849358794 2.619112520017943 2.6591171534297944 2.7988554127700054 2.6466224835529997 2.823301439040975 2.6208656946728905 2.6615399317487647 2.920839085429337 2.5115817454691025 2.450255751326688 0.04463409071320911
0.3994502138184881 3.0316405469121515 0.020646567781947997 0.08878337374914191 0.16937617219216208 0.05702509713561787 2.5296008743375995 2.298388525891207 2.304398167088778 2.7171683182260735 2.8254736713868023 2.5142555607013164 2.5541706087430933 2.320471829038716 2.3121083708681938 2.518213122615963 2.4860382524223534 2.52392754979011 2.6564953315881668 2.5119582760529466 2.6797376560370476 2.487529437084831 2.526119334470652 2.772275686501459 2.383791976888855 2.325700726027197 0.04568315030836138
0.39778396100583996 3.0202999258021257 0.013747321440992279 0.09638346562058145 0.11106710691195927 0.057869219438769985 2.5402115176563416 2.3080050777143506 2.313994612167869 2.7284518633834036 2.837370569353238 2.5247414336394667 2.5648216288488217 2.3301515928387393 2.321778992166513 2.5287693517843985 2.496470824411577 2.534521689420781 2.667649953770046 2.522506475481925 2.6909843511304836 2.4979715701766603 2.536720669320439 2.7839084703855383 2.3937921941769007 2.3354632970483267 0.04499478108466431
0.3966797778103127 3.0077546712401384 0.013227656496458915 0.09734857982272539 0.10693005475862383 0.05788898510590673 2.547292016919064 2.3144391579471266 2.320418944185057 2.7359966507408195 2.845303882738908 2.5317352355252414 2.571922943511492 2.336599611256292 2.328219894804407 2.535804022225276 2.5034254359025105 2.5415871183546135 2.6750900845806957 2.529544483746545 2.698488224001344 2.5049408209973865 2.5437993431777954 2.7916747714420844 2.4004726867210953 2.3419742552481684 0.04495558764323671
0.38804884889170443 2.8673030398510555 0.015573619603191181 0.09860896508467511 0.12711022235120187 0.055771428436485436 2.6040157565200746 2.3661481546640926 2.3721031788878606 2.7966248664989153 2.908698192149789 2.5877379584886153 2.6287772720824707 2.388229890036182 2.379796692644818 2.592140873103495 2.5591258229023204 2.5981810468691116 2.7346846413253125 2.5859232241411654 2.7586017376000456 2.5607741967215794 2.600512777110862 2.8538934644452376 2.454002238554917 2.3941295172797696 0.04532619276676963
0.4022854802019152 3.079944164065314 0.01949626932279177 0.08880668190220883 0.15882343156175702 0.05736093170295386 2.5117539427799054 2.2821191915829986 2.2881418951697805 2.6980999354340156 2.805491032151833 2.4966237653506442 2.536272491544709 2.304225477911735 2.2958816211019735 2.500488832455001 2.468514104190599 2.5061220570199594 2.637745551397329 2.494219821796792 2.6608249660172483 2.4699623150358656 2.508274413493922 2.752698538580696 2.366948103975126 2.309290850136214 0.045518260900836285
0.38973520597573 2.9180398199712356 0.00943231419805551 0.10402990271025336 0.075276579811855 0.05748274694090446 2.592739959652364 2.3557797432524867 2.36170915912979 2.784466752086219 2.896199401826419 2.576618598321986 2.6174928572823837 2.377981129404055 2.369560778991066 2.5809581971101268 2.548066984227392 2.5869395678859846 2.7228479645556973 2.57472114721326 2.746652793271831 2.549674245588615 2.5892338377132322 2.8415208190215 2.4433496139169817 2.3837646828555292 0.04470475990466798
0.3931532149833124 2.9336025130375045 0.01614838440248498 0.09589176051652422 0.13079261194983235 0.05606395504041532 2.5701607400425424 2.3353398697481698 2.3413207796750357 2.7604879526973622 2.8708835260301986 2.5543235045918387 2.5948459451088572 2.3574062577606383 2.3490038779850857 2.558508905282771 2.525875746648888 2.564399101909153 2.6991108016551704 2.5522713903809655 2.7227191859033577 2.527449541866258 2.56666458277452 2.8167573956278966 2.4220575280166403 2.362999543860806 0.04528355357766826
0.3774734874654991 2.759501060903185 0.015420786736722853 0.10333521902439166 0.12665258627369638 0.05369933794722075 2.6770818679121713 2.4325311222442427 2.4383853936072826 2.8744507378845907 2.990566532540057 2.659855483551642 2.701994992856672 2.454710487614262 2.446227029776664 2.6647197479421156 2.6308876508368413 2.671090022474046 2.8114640542711395 2.658555694206214 2.836030420414437 2.6326931284679245 2.673565820829907 2.9340374693433566 2.522949628339 2.46130706973748 0.04556014119458103
0.38825655890980065 3.1414778995633927 0.0028872597129132836 0.11083414961204327 0.021925497864111992 0.05943274052151128 2.6027541737456525 2.3639183557694663 2.3696362430852878 2.794236064709007 2.9075140233294734 2.5864246078273734 2.627549140950121 2.3871752227319147 2.378729527099899 2.5909498631006045 2.557925808614978 2.596949964687098 2.733400822526487 2.584679451037318 2.757300813974932 2.55952848436935 2.599235605393298 2.8525291618380826 2.4527595969487197 2.3929461886484504 0.04426774945623593
0.4001739961172503 3.0877758303705236 0.017771090742023966 0.09132451643729825 0.14451845881498948 0.05724896146003086 2.5250390398063756 2.294084999839861 2.30006673690594 2.7121564023279814 2.820403419790793 2.509744215428529 2.549603207255574 2.3163323968880074 2.3079723951689073 2.5136915224584135 2.4815640085228914 2.519378943717252 2.6517059905252736 2.5074235208980795 2.674905742080807 2.4830369626020987 2.5215540105564824 2.767271873355106 2.3794793177962084 2.3215062341361974 0.045330428816367306
0.3982113688778816 3.062869997502101 0.0071886994123947475 0.10275813779279434 0.05675580250931844 0.05968960062871639 2.537493265953924 2.30540804343238 2.3113726748231307 2.725433706905551 2.834356769876436 2.52205574249791 2.562107422683776 2.327699271214071 2.3193315202283986 2.5260901604636685 2.4938180852572254 2.531821010046269 2.6648079846842805 2.519812462791625 2.6881095856502393 2.4952966762949624 2.533998206006221 2.780923685217326 2.391212186824289 2.3329637596448847 0.04450420289949056
0.3886978977371219 2.9178631614369523 0.002909721935049307 0.11099959404246644 0.02193478277801345 0.05947440727135956 2.599671106239635 2.362038184875589 2.3679496149055344 2.7918170203806034 2.903932987389228 2.5834556221565235 2.624446054618839 2.3843138329284685 2.3758906888892763 2.5878648488363623 2.5548926406266816 2.5938692277121964 2.7301488242593153 2.5816232419175122 2.754006703357901 2.556500934661845 2.59616234058901 2.8491212635846583 2.44987551634911 2.3901255849024126 0.04444037844284701
0.3953141156902718 2.9768988045829374 0.017488699951273532 0.09363106091857992 0.14283380887245095 0.056709254440118956 2.556100508055211 2.3224961737456504 2.328477301852804 2.7454352811618343 2.8551534394772973 2.540433248869477 2.5807485568051196 2.3446059911049626 2.336216047344007 2.5445418007165426 2.5120667227684566 2.5503700766882904 2.6843389807263183 2.53829699671504 2.7078206191784635 2.5136113731591356 2.5526098768882624 2.8013393967726845 2.408792761750087 2.3500698148288865 0.04539615846703074
0.3854021138158071 2.8469414344663275 0.005845345004124774 0.10950555492900574 0.04546382225892527 0.057712444242294485 2.6219186090202706 2.382382433675573 2.38829970219661 2.815652847895785 2.9288498300181875 2.6054317873923147 2.6467404901844294 2.4045426151476037 2.396102237727869 2.6099506538879047 2.5767324336220687 2.6160609104101273 2.753514632759235 2.6037309061810783 2.7775761293320294 2.5783964438037383 2.6184048660028894 2.8735204099766025 2.470875860929748 2.410591637456468 0.04458003928250552
0.408272021708766 3.2920734489118773 0.01238694780733191 0.09347691095216853 0.09884074896605861 0.05965677917997084 2.4749239421458364 2.2482146141813106 2.2542213328228566 2.6584766847631327 2.7643271702222467 2.460224147304263 2.4993437817499307 2.2707152405084634 2.2624134495665627 2.4639296932276813 2.432362832331982 2.469386308293751 2.599065699175035 2.457618513161006 2.6218028400526943 2.4337086599591964 2.471444685743387 2.7123025215826546 2.332175400158019 2.2754250700371776 0.044813815190821324
0.38776978613533875 2.8775484440184456 0.013114050215683487 0.10117806046567114 0.10634485461305186 0.05624112897452454 2.6058942074267395 2.3678017444580655 2.3737339411282843 2.7985554532300596 2.9109067210687845 2.589605700579088 2.630671105253219 2.3899406519216595 2.3815078971780164 2.5940125888039547 2.56097635330285 2.6000587982890613 2.736662030590796 2.587792604436116 2.7605902314514137 2.5626221879211264 2.6023888906025427 2.8559512338149045 2.455771299522829 2.3958583709590404 0.045060570450294955
0.4023619493309639 3.0757725775480416 0.02281645442410022 0.08543805208994228 0.18823243962507255 0.057710972277461636 2.5112745712355675 2.281699915923758 2.287726197853308 2.6976035500860847 2.804948194911333 2.4961476769168067 2.5357872233656473 2.3037802922769592 2.2954367433019645 2.500006595907458 2.468039642266607 2.505642521472951 2.637241841149546 2.4937451426760466 2.6603175692846635 2.4694929944841992 2.507800200486172 2.752176862773484 2.3665024037031195 2.3088482648480815 0.04588783039315573
0.3953184044848132 3.0160664106613333 0.003209275284167526 0.10793402242385898 0.02431077188706915 0.06045813419346683 2.5560801755255285 2.322343165450741 2.3282908990268005 2.7452818234795475 2.8551701045133893 2.5404184342731044 2.5807501924209193 2.3446300099442876 2.336246551091568 2.544563502887477 2.512081756700074 2.550373839973233 2.6843466836185783 2.5382946795510732 2.7078096764003847 2.513594217732195 2.5525810620869205 2.801308601969651 2.4087441784259838 2.350045070578823 0.044396657120959256
0.39576164876092507 3.011638089149724 0.015452345529403902 0.09545597108277903 0.12601910221221563 0.05738372890704808 2.553218261829418 2.3197749879684677 2.3257348464782654 2.742262045965613 2.851951042324951 2.5375827009831333 2.5778639125410736 2.341992279851484 2.333604610471765 2.541686733197118 2.5092414976873134 2.547497719547029 2.681314877000889 2.535433433374661 2.704769011435882 2.510774008065534 2.549726393544378 2.798178901915198 2.4060683529946183 2.3474205510532524 0.04516283667178489
0.39204900638495094 2.8875870042611376 0.018323085229107455 0.0942084470169866 0.15015344000760764 0.056023938133864706 2.577394292998041 2.342032107680629 2.3480377626653284 2.768322974605474 2.878948517879885 2.5614722751699213 2.602092251949477 2.3639790181344167 2.3555710142562982 2.565686054562098 2.5329750749045026 2.571614485803756 2.7067083236580802 2.559462099835462 2.730383498063891 2.5345719376607 2.5739009710970633 2.8246922731226203 2.428890732885811 2.369650824503188 0.04559356570540815
0.3896808740862107 2.929434940477752 0.006302902537871135 0.1071846550737511 0.04929187813203883 0.05831662628760259 2.5931097198103017 2.356071739626897 2.361993656997988 2.7848292262122936 2.896539165508231 2.5769685657514247 2.6178618207992144 2.3783366708302287 2.3699157878223955 2.581338089975425 2.54843898040373 2.5873149540457043 2.7232446597747657 2.57509273842114 2.747052042012548 2.5500393627693936 2.589600725317158 2.8419256739683334 2.443688279527694 2.384102002897085 0.04451643033734452
0.4050757073839168 3.1225780835952377 0.019435485689659412 0.08777094937457067 0.15896300405199962 0.058541060159615466 2.4944314721320127 2.266346609433372 2.272386407413633 2.679609933959614 2.7860949510572435 2.4795080650556507 2.518896331980224 2.2884503592041896 2.280127079345964 2.4832834036642044 2.4515045454259368 2.4888406405694385 2.619548703061207 2.4770052332895642 2.6424694036560474 2.452913899281928 2.4909576833796963 2.733700295642678 2.3506035200661244 2.2933632392811147 0.04551292250105525
0.386384043139117 2.8387077122409368 0.010866478723762162 0.10406879567699961 0.08720723587690879 0.056402349777642406 2.6152400128660718 2.376382060697015 2.38232960623268 2.808610890951775 2.921347792290279 2.5988403846944075 2.640038793618357 2.3984476555202088 2.3900100332041974 2.6032995245321113 2.570159144090075 2.6093870328655786 2.74648392457527 2.5970844334426917 2.77049365060538 2.571821579168659 2.611730760574225 2.866196750943144 2.464586459031093 2.4044544966619097 0.04490549350437711
0.393684858893758 3.080532893651541 0.004291842324172312 0.10736730324642724 0.03208403244135342 0.059045022501286834 2.5667748825806695 2.3315712263212762 2.3374518094459846 2.7562410268955286 2.867064182395459 2.5509159224778934 2.5914606380433893 2.354413977213451 2.3459985482662282 2.5551899822582067 2.5225853989221774 2.5610532519152955 2.6955681699364877 2.5489071822322615 2.719169131832087 2.524119938688065 2.563258503948816 2.8130225634974715 2.4188158017645605 2.3598897103287717 0.04434179707017128
0.3937632180352521 3.04990732556668 0.0030533286080388538 0.10864367637511178 0.023206258790723914 0.06025865784740292 2.5662170656531904 2.331369499177891 2.337263862840541 2.7559069860332657 2.8665324330940836 2.5504097178146368 2.5909151698730524 2.353873538872565 2.3454761452737714 2.5546391903517183 2.522039179593443 2.5604898297083203 2.6950005440253535 2.548369204661963 2.718558194119919 2.5235707892640122 2.5627139450729124 2.8124319708268475 2.4183040145973496 2.3593627700596054 0.044352140186058556
0.3863309628380374 2.8397633886634344 0.015086054467893711 0.09983709544662576 0.12306032442610543 0.0555209481225568 2.6156036909356057 2.3767064706780827 2.3826516348382 2.8089907585550558 2.9217568459056156 2.599194757330589 2.640397617445892 2.3987672870361525 2.3903268807373474 2.6036492922837273 2.5705066764218936 2.6097436826638463 2.7468599480351292 2.597442497221 2.770877563538721 2.5721798272512 2.6120986319494093 2.866600874095016 2.4649385877277243 2.40478495103909 0.04531580839863
0.3872792403812833 2.864433100346348 0.014396077888226288 0.10010841290379593 0.11717274200220744 0.05587910699590283 2.609198567136228 2.3708369677251944 2.3767776571106944 2.8021189346910735 2.9145479318615206 2.5928589916299645 2.6339762350806923 2.3929484147923916 2.38451170463419 2.597291819021083 2.5642183835952745 2.603353964951415 2.740132049871074 2.591075739225691 2.764093295356639 2.565875094681792 2.6056934560176925 2.8595772478253276 2.4588908845111113 2.3988957666952984 0.04520621253645858
0.39593148548057 3.2075411216232905 0.003488569128470832 0.10714078003930981 0.026564223887121246 0.06032533444273871 2.552209190303001 2.3181547514204426 2.3239925090643694 2.7405575391589827 2.850900749752206 2.536546893738849 2.5768773163529954 2.34114661908054 2.3327533798155557 2.5407339315450317 2.5082845099995916 2.546514936149973 2.6802847959294827 2.534441101101076 2.703723536313125 2.509779701508953 2.548704104385378 2.797073395214064 2.4050757913938816 2.34647939796568 0.044282872600472076
0.390175517814197 2.913077599225276 0.01026040694191568 0.10302941216355133 0.08208855870317541 0.057293797831127556 2.589805621790607 2.353148463257114 2.3590917793066515 2.7813774919981857 2.892900796891434 2.573723062106438 2.6145492974383386 2.3753062938585936 2.3668885328435394 2.578040053370262 2.545182717208597 2.5840100147967924 2.719762423965981 2.5718034107705345 2.743541996962419 2.5467860507500326 2.586300796334593 2.838301924582513 2.440583092280972 2.3810669935507907 0.04477145775726105
0.39100950552902 2.9522035213416626 0.0025112375131415487 0.11042056174943844 0.019066103869681366 0.060176642821550066 2.584281328782106 2.348021486464813 2.3539423705606466 2.775380803169781 2.8867451976068854 2.56826872696142 2.6090244022640605 2.370302751742719 2.361893858205886 2.5725783228611383 2.5397797599140355 2.5785143407551003 2.7139800566301 2.566327891495322 2.7376965276192022 2.541353599597489 2.5807772334288024 2.8322416355466986 2.4353551541308396 2.3759735477250143 0.0444171421864068
0.40295982743882386 3.099932605493524 0.01785384761818556 0.09018000825034797 0.14490607203235614 0.05778724627536181 2.5075487351513437 2.2782591148761417 2.2842795973545473 2.6935827360031044 2.8007922662719396 2.4924690763439346 2.5320573557885964 2.300401166508689 2.292062259806241 2.496316031184497 2.4643874587618737 2.5019281888294254 2.6333294489456085 2.490040663892321 2.656369618278048 2.465822735433342 2.504068521476243 2.7480857104849647 2.362976806880841 2.305425106377701 0.04534284555349231
0.3922111405805844 2.951603793489011 0.014325902251586982 0.09806877631734169 0.11644729433523394 0.056849740746425764 2.576356622148543 2.34087179947365 2.34682035687436 2.766993619382666 2.8778169391949677 2.56042901304704 2.6010593514213536 2.363060689101483 2.354651256897808 2.5646724658692284 2.5319661714543322 2.5705852010963075 2.705626197089016 2.5584316151166706 2.7292904590357234 2.5335485206076482 2.572858035645807 2.823556502703347 2.427899257820009 2.368697514094956 0.04509671135177325
0.4077853189992461 3.1971826683836584 0.022028282969186744 0.08406830716379506 0.1801676393739791 0.0583250338600266 2.477852652215816 2.251149144425982 2.257189702479085 2.6618241166086722 2.767545382491513 2.4631179939027184 2.502262673642414 2.273349613433 2.2650442834852482 2.466812597048821 2.4352209908417097 2.472298018598101 2.6021307534183666 2.460527065017424 2.624901116172942 2.436595340933478 2.4743835277588513 2.7155184421698606 2.334959790595171 2.278114454596893 0.04571904065798205
0.3899765129514347 2.93854365152228 0.003009788296250752 0.11035428461016088 0.022286131037268935 0.05940794564310492 2.5911385973960193 2.3542610175480436 2.3601777708394183 2.782701172034064 2.894386147856202 2.57503086340399 2.615893657372573 2.3765480465197073 2.3681317808341933 2.5793889729301336 2.546512270199667 2.5853547647602264 2.7211826852543126 2.573141034659802 2.7449638705815325 2.5481015179304496 2.58763058849857 2.8397616557505265 2.441823012117759 2.3822793939061664 0.04442419045191203
0.4023455720436803 3.098985910184646 0.02061426683134493 0.08762951912917318 0.168686615220441 0.05743968687495492 2.511386383117408 2.2817260776374777 2.2877368756504737 2.697652671844654 2.8050955794647967 2.496256832135214 2.5359041377286795 2.3038904097147808 2.2955458980334873 2.5001229554182736 2.468152124097582 2.5057549231692757 2.6373601750542286 2.4938546504741614 2.6604365595232906 2.469600734800606 2.507908173461983 2.7522985323664955 2.3666022465735237 2.3089510289860824 0.04562400568361864
0.3964645109639601 3.2869660167789445 0.00227968866765224 0.10804420653924982 0.017240436152106478 0.061101498583082434 2.5487928516418403 2.3148440131758092 2.32064718892515 2.7367351318935054 2.8472006469834015 2.5331890848977627 2.5734720848840755 2.3380352195487952 2.3296466866259053 2.537347536930821 2.504934495751846 2.5431082961885103 2.6767058652626625 2.5310513276739544 2.7001012869957433 2.506416537522174 2.5452916540249317 2.7933367664032858 2.4018519675056975 2.34332734595 0.04425649164117879
0.4045413446683153 3.1281087829494227 0.02121400361716323 0.08617002635795333 0.17389413564231218 0.05796762387764302 2.497737339317165 2.2693125738773414 2.275340656196162 2.68309782040104 2.7898034789776873 2.482770741483523 2.5222115051013274 2.291459238716165 2.2831307553901237 2.48656448874494 2.4547484087131215 2.4921373114937975 2.6230207865732957 2.480290012400085 2.645972604013151 2.4561673982741943 2.4942635539470412 2.737327831098201 2.353724216603777 2.2964006026022434 0.04567795537324775
0.39770431818245044 3.024421974155353 0.01456057975676496 0.09558853768447069 0.11789559178822166 0.05766870910204347 2.5407237661522193 2.3084536717828046 2.3144385271237162 2.728980902668367 2.8379490512427226 2.525245737546596 2.5653347746058826 2.330616726634612 2.3222429143123975 2.5292765451048957 2.496972307998368 2.5350317329213237 2.668187314303637 2.5230149446392915 2.691527109249864 2.4984756348121 2.537233390579786 2.7844715348510056 2.394276718472239 2.3359332405978668 0.04506453399836682
0.39755318476785645 3.315432320344048 0.014092611982707783 0.09571523404919931 0.11459992101853696 0.057478738496278464 2.5418183368279923 2.3084615966246913 2.314274809683229 2.7292731587049026 2.8393917190329434 2.526289962213285 2.5664639908190843 2.331656629460383 2.3232672896059965 2.5303872828027507 2.4980554876722403 2.53612794055705 2.6693521325769334 2.52409977067343 2.6927014202481105 2.499545413849912 2.5383215596537534 2.785694678594281 2.3952911090528586 2.336924422376768 0.044883169598089974
0.3816734956899248 3.407052311647882 0.0027460524745309585 0.11331649945689766 0.02074875220240415 0.05825723751443687 2.6478864960673834 2.403536993320592 2.4089817077554203 2.841132873871183 2.958375551452009 2.6309309571205626 2.6728310410547396 2.428305607271088 2.419806043587339 2.635815975662121 2.6022641190362372 2.6419909018528194 2.7808526310659962 2.6295418647882167 2.805151672899489 2.603943318093065 2.6443546950051275 2.902076894550516 2.4953239038400206 2.4344178974129145 0.04430129297002046
0.41312529150417865 3.444123209026501 0.023372411889848677 0.08049564749098874 0.19154519785058824 0.05917271431730249 2.445846280500761 2.2215304518314247 2.227564814219638 2.6272986060272006 2.7317860754171495 2.4314714069654033 2.4701575418904356 2.2442087015029073 2.235939165788181 2.4350274521113335 2.4037932493469945 2.440367068181981 2.568512923896126 2.428717599684429 2.590989092852246 2.405090527910169 2.442383798872191 2.680421772768585 2.3047514323550216 2.248675653281143 0.045795300112980004
0.3961921862681827 3.2431687821980613 0.0019501386283757843 0.10853703571308806 0.014825740023534527 0.061331117633354436 2.550529701753088 2.3165586820255233 2.322376212817339 2.7386964481128193 2.849120797963837 2.534908146436495 2.5752096521062513 2.3396120514589076 2.331223980983277 2.5390711691081527 2.506640487653203 2.544841859679599 2.678530266457313 2.5327793450761265 2.701940762214874 2.508127862873494 2.547029621070345 2.7952394174400785 2.4034933939777274 2.3449252118396586 0.04426613226931293
0.3877148451413495 2.8979439853353934 0.003522122753600818 0.11081395693536503 0.026230850730673185 0.05874698088263229 2.60626754864562 2.36806477645278 2.373973705035059 2.798873340016174 2.911340308651187 2.589976535997514 2.631059614329886 2.3903101341897264 2.3818824642780907 2.59441376703027 2.561368767933654 2.6004490810876915 2.7370772706074744 2.588178517867824 2.760993320203158 2.562992215492299 2.6027565814302025 2.8563545083194946 2.456101168314281 2.3961922528275696 0.04446197202596215
