1.1154232070539938 9.999995047509685 0.0024024003689064174 0.00018135092607742041 0.19963254485856813 0.040411395807440006 0.7743175928965164 0.743812368412602 0.7890208361787521 0.9316357569390853 0.8671497760584418 0.8515245702741028 0.7951149479333778 0.8171383884878212 0.954780161045149 0.8906349615040834 0.8641387557081174 0.8625440538227912 0.9118567219896431 1.0103987978569384 0.9786743058225965 1.0142289195619338 1.0267464546868124 1.0456882915564916 1.011004003301598 0.9581447657120012 0.01859480869442837
0.896371034773569 9.999998841425068 4.425108674395788e-09 1.4180040480528702e-11 1.3184573742786432e-08 0.021011464282082202 0.9639917248062172 0.925783511571323 0.9815855638204095 1.159025547174255 1.0789958024829083 1.0594310767345627 0.98958646896663 1.01668349536791 1.188816118825146 1.1079261906154836 1.0749802958007555 1.0739928988689826 1.134362766819268 1.2570116296192861 1.2173195136527581 1.2620518846645714 1.277825100527718 1.3012931951334985 1.2590428848935866 1.1918511670668304 0.014656216468755244
0.8722655076751842 3.383922220041379 0.000564154266318504 5.299527046786913e-07 0.0003539402604430891 0.016255886115260503 0.990637943209103 0.9516750015070194 1.0093212813276595 1.1913238957123478 1.108848954319838 1.0886256487739878 1.016881973680835 1.0446821717778147 1.221670012997326 1.1384189287417474 1.104572783309338 1.103675532480215 1.165598699879734 1.29163427739866 1.2508298348158218 1.296848384697784 1.3130774616207248 1.3371842614978846 1.2938532860419545 1.2247203046428998 0.015276318215497343
0.8954030155796167 9.999999999999986 3.6263229414569965e-16 1.279555506577197e-16 2.011559404817209e-09 0.020953431748045225 0.9650365443755867 0.9267852512381934 0.9826445169731238 1.1602761521892186 1.0801613424176595 1.0605746803931078 0.9906569214405961 1.0177811919221615 1.1901055270250218 1.1091212689342274 1.076139997249102 1.0751576881274232 1.1355867299008162 1.2583684069870602 1.2186321101127182 1.2634158429666635 1.2792072744484098 1.3027001022215903 1.2604094320038997 1.1931372851553281 0.01465828964434514
0.8954030147032165 9.999999999999998 6.844462719015707e-20 8.614452110490011e-21 4.0462622409333644e-19 0.020953570976164047 0.9650365450163364 0.9267852517471507 0.9826445175009978 1.1602761527654168 1.0801613431037866 1.0605746810335934 0.9906569222411507 1.017781192649543 1.1901055283130986 1.1091212696228436 1.0761399979555724 1.075157689671168 1.1355867308323462 1.2583684081236373 1.218632110977873 1.263415844422826 1.279207276174766 1.3027001039335508 1.2604094349949708 1.1931372864222836 0.014658284267843963
0.8954049500447337 9.999972991270965 2.247222338223695e-15 8.821635063685249e-18 6.321770984415095e-16 0.020953615634079673 0.9650344569114104 0.9267829823699482 0.9826425193084422 1.160273728223011 1.0801590282725677 1.0605724367312668 0.9906547408248001 1.017779028702608 1.190102793621555 1.1091189564447246 1.076137746504722 1.0751552153503143 1.1355843498807807 1.2583657577968073 1.2186295912587355 1.2634131208559678 1.2792044774478406 1.302697278512972 1.2604065090162309 1.1931347825099323 0.01465828330010569
1.4312616865694066 9.999417447226607 0.0018560318787384591 0.0011181238007221732 0.1887508107390468 0.020970698851462657 0.6033764762058518 0.579657745868958 0.6151820859030864 0.726213562454353 0.6752826557363096 0.6631676941890541 0.6196291387506478 0.636971069860314 0.7437048229547519 0.6938997322030215 0.6736553287163163 0.6719739026538863 0.710523968671994 0.7876329926168572 0.7630230347375395 0.7904472682351557 0.8001353078110367 0.8151675148926821 0.7876117283737301 0.7468656666242384 0.025582608167351986
0.8961351929303053 9.99998520800841 9.1389615588176e-09 2.5764285667017294e-10 1.2372481828860412e-11 0.020985270403228534 0.9642460667845018 0.9260275156187089 0.9818430907385052 1.1593296809789078 1.0792794723843546 1.0597092850863217 0.989847236347309 1.0169505800684184 1.1891307663847603 1.1082167718929004 1.075262308885267 1.0742771143163714 1.134660423834039 1.2573416295133968 1.2176385562767689 1.2623839221787039 1.2781617656207207 1.301635771300724 1.2593765213051615 1.1921639450491477 0.014657164047923518
0.8954074514666739 9.999852881847525 7.331993993566424e-18 2.747153708253592e-32 2.3751958049750683e-26 0.020953676030428373 0.9650317577744192 0.9267800457028919 0.9826398994013048 1.1602705456267173 1.080156025522609 1.0605695051033572 0.9906519524804124 1.0177762093547653 1.1900993768169377 1.1091159104905448 1.0761347870036053 1.0751521264061885 1.135581223884985 1.2583622867663993 1.2186262573969324 1.2634095991417527 1.279200887570205 1.3026936372123348 1.2604028728590293 1.1931314967077096 0.014658283800709555
0.9544124183540206 2.8536290499795673 0.0015563794749969564 4.226160927320867e-05 0.05010685044843566 0.006979371058338898 0.905123510363323 0.8694569526355468 0.9225466878187832 1.0889466909048322 1.0134453621444595 0.9950158099079731 0.9292545108743083 0.9548222288996148 1.1161213853962189 1.040593596670074 1.0096485074596055 1.0083134754742082 1.0654218445787191 1.180587595374859 1.1434137160380202 1.185207995252712 1.199936954718911 1.2220270571188783 1.1819338997874822 1.119522826022926 0.016673108477291136
1.5752988234682477 9.999858366983647 0.003202140173391557 2.645652495307256e-05 0.19987447564337948 0.009031291146030417 0.5482969489961181 0.5267260631066556 0.5590204140407629 0.6600649301482583 0.614239300659945 0.603251460448458 0.5630649622670282 0.5788533374232246 0.6758404853561227 0.6310381467085736 0.61223158757296 0.6105345834610844 0.6460311395372313 0.7158108859571688 0.6934559118641553 0.7183630334031652 0.7271437698527942 0.7406199812662435 0.7155598293750831 0.6786132102697342 0.02744295603639227
0.8963969013247429 9.999926331270881 1.001053946337896e-05 5.3611016851513124e-08 1.6749051437772878e-08 0.020900645479661816 0.9639632061401368 0.9257545965139011 0.9815595312852642 1.15899457094935 1.0789646517888842 1.059401879380876 0.9895552996192327 1.0166550878943224 1.1887727269763284 1.1078974448439287 1.0749521331050744 1.0739537654071931 1.1343328835157627 1.2569778772753863 1.2172893474781226 1.2620148276654577 1.2777854130028776 1.3012540808256372 1.2589948430958513 1.1918206117511616 0.01465448611960095
0.8954030142751854 9.999999999999998 4.828560456033719e-28 1.4025160948398043e-26 6.658803527155089e-19 0.02095357096482196 0.9650365454776719 0.926785252205384 0.9826445179281761 1.1602761532691706 1.0801613436082225 1.060574681504956 0.9906569227512548 1.017781193113015 1.190105528962164 1.1091212701167892 1.0761399984199853 1.0751576902952213 1.1355867313442807 1.2583684086937559 1.2186321115014975 1.26341584502375 1.2792072768112466 1.3027001045689106 1.2604094356592161 1.1931372869569274 0.01465828426824055
0.8796218758797976 9.999202847737546 0.0017697622624489775 2.970500884550793e-05 0.017086870170558065 0.006138944667427373 0.9823604836832993 0.9433976778483475 1.0001992065572505 1.181009325105467 1.0994890802261796 1.0795423485341549 1.008413519241467 1.0359994937950132 1.2114810007029915 1.1289815639124463 1.0954214710479895 1.0944582781947199 1.1559558606209142 1.2809529496210053 1.2405165655000114 1.2861050700585108 1.3021798868708083 1.326105726052842 1.283001601486606 1.2147078322452554 0.01458444034312375
0.8965372017120278 9.999999996909352 9.186659277787153e-06 1.8627423178931158e-06 1.7771928603298615e-10 0.020906438311223834 0.9638120793548121 0.9256111523281801 0.9814037786342764 1.1588108186387913 1.0787954854478374 1.059234686427558 0.9894022844786445 1.0164950140389877 1.1885936087464324 1.1077213024840544 1.0747814945372196 1.0737919282337047 1.1341530151551695 1.256779060198011 1.2170949127149546 1.2618177448527506 1.277587560050526 1.3010516190020804 1.2588067505368326 1.1916316583928057 0.01465503838509212
0.8954030132925057 9.999999999999998 1.2097585694999158e-25 1.310426955438465e-26 1.9400956874990736e-17 0.02095357095450857 0.9650365465369828 0.9267852531916054 0.9826445190652848 1.1602761546092755 1.080161344806658 1.0605746827115363 0.9906569237911623 1.0177811942587291 1.1901055301549732 1.1091212713948557 1.076139999664863 1.0751576912756668 1.1355867326370366 1.258368410129641 1.2186321129094522 1.26341584640736 1.2792072781757904 1.3027001059723338 1.2604094369095191 1.193137288330093 0.014658284268566414
0.8962095781694172 9.999521525259304 4.003228134556743e-08 3.2304459072499266e-10 1.883485848641633e-07 0.020988876643597307 0.9641657999804916 0.9259505617252118 0.981761771082977 1.1592336238121446 1.079189931224784 1.0596214428835051 0.9897649797148127 1.0168662621825628 1.189031620375374 1.1081249880669541 1.0751732411615487 1.0741875566455505 1.1345664147124432 1.257237404440284 1.2175377493868103 1.262279117378141 1.278055541497551 1.3015276554043136 1.2592714243984047 1.1920651592301483 0.014657035276605182
0.8954512331059714 9.999999916692065 5.619908209972439e-09 1.7272536363638202e-12 6.847881373830002e-09 0.02095465638862623 0.9649844496971325 0.9267353110927719 0.98259170652762 1.160213784098144 1.0801032264871495 1.060517652775842 0.9906035573174719 1.0177264555447763 1.190041272522517 1.1090616344288802 1.0760821621014824 1.0750996425268058 1.1355256909955478 1.258300746897051 1.2185666122190857 1.2633478380722054 1.2791383702470194 1.3026299600089848 1.2603413424813814 1.1930731475699206 0.014658243580582415
0.8954039360935173 9.999993997080141 1.5920807659407223e-21 1.6785919928911714e-32 3.708203970066709e-24 0.0209535920912804 0.9650355479996132 0.9267842707602613 0.9826435315393497 1.1602749739020781 1.0801602300294737 1.060573596460406 0.9906558953406199 1.017780148847662 1.1901042763499 1.1091201450156816 1.0761389049473469 1.0751565588124283 1.135585575667123 1.2583671243172616 1.2186308805010517 1.2634145430293935 1.2792059519774366 1.3026987592772605 1.2604081037304178 1.1931360718353234 0.014658283668689398
0.8954030122912581 9.999999999999888 1.49694972622061e-30 5.693271467444876e-22 5.03369448721828e-14 0.020953570744461653 0.9650365476207322 0.9267852542437689 0.9826445201361642 1.1602761558757306 1.0801613460079158 1.0605746838893928 0.990656924911445 1.0177811953830322 1.1901055315074396 1.1091212726019204 1.0761400008352215 1.0751576925517057 1.1355867338899588 1.2583684115036302 1.2186321142498542 1.2634158478119195 1.279207279612609 1.3027001074288227 1.2604094384174778 1.1931372896431363 0.01465828427652941
0.8954030123499743 9.999999999999998 7.58174646763834e-19 2.1791388937159312e-16 2.929334541169515e-11 0.020953563392554445 0.9650365476090663 0.9267852542660013 0.9826445201214266 1.1602761558736512 1.0801613459950568 1.060574683867163 0.9906569248966614 1.01778119535022 1.1901055314942532 1.1091212725613968 1.0761400007989141 1.0751576924665418 1.135586733803365 1.2583684114157458 1.218632114156169 1.263415847689968 1.2792072794589304 1.3027001072736804 1.2604094380572874 1.1931372895031656 0.014658284559311698
0.8954030215074034 9.999999999999998 1.4669677040864263e-23 6.455722404291373e-26 2.685109842249575e-17 0.020953570929580646 0.9650365376832913 0.9267852446074226 0.982644510231763 1.1602761441754066 1.080161334966627 1.0605746731134158 0.9906569146139822 1.0177811850309015 1.1901055188173673 1.1091212614591461 1.0761399899984911 1.07515768106205 1.1355867224287137 1.2583683987900538 1.218632102035715 1.26341583485632 1.2792072663759781 1.3027000940228262 1.2604094248431763 1.1931372776145341 0.014658284270314586
0.8977971643528887 9.995182088200753 4.587907245267611e-12 5.1343794373113506e-12 0.0027399596821378255 0.022208247557914573 0.9624540266691903 0.924308899784314 0.9800278660196073 1.1571856752800258 1.0772805479383827 1.0577484588001604 0.9880104931465784 1.0150683478846918 1.18691650152849 1.106168239721624 1.0732743356821706 1.0722768330842254 1.1325621994861574 1.255015452029484 1.2153888852088592 1.2600444793081824 1.275790447524509 1.2992223905849352 1.2570294461065359 1.1899591719053568 0.01465657847614236
0.8955345494452335 9.99999973252694 1.6733228515943189e-13 5.561548667661176e-16 2.028500564315547e-06 0.020958397867479765 0.9648944410142443 0.9266490283895455 0.9825004556317444 1.1601060174270796 1.0800028124679197 1.0604191165161196 0.9905113588884532 1.0176318792278543 1.189930270156473 1.1089586813682053 1.0759822276155964 1.0749993652133416 1.1354202202124353 1.2581838349994436 1.2184535174977513 1.2632303368961775 1.2790193194702684 1.3025087673064053 1.2602237166177535 1.1929623204687603 0.014658143085718084
0.8954065455756983 9.99990399310692 1.6641814179079064e-32 4.317404561912226e-32 1.578430903970002e-30 0.020953655808186342 0.9650327353957058 0.9267811002361726 0.9826408509801466 1.1602716990235582 1.080157113193894 1.0605705671544452 0.9906529621925733 1.0177772306764201 1.1901006135718453 1.1091170141364943 1.07613585928013 1.0751532444834957 1.1355823564428948 1.2583635442739398 1.2186274654851137 1.263410874706097 1.2792021876304587 1.3026949560057335 1.260404188920536 1.1931326871699857 0.014658283385270867
0.896985722490266 9.99883690830768 9.918338942429445e-08 7.876119214236649e-08 1.4292959628269095e-06 0.021047753410590897 0.9633294190774051 0.9251487483640595 0.9809139677770207 1.1582323698115509 1.0782568767904375 1.0587058974699202 0.9889081497445694 1.0159874893926688 1.187999756073814 1.1071681714234005 1.0742447636957337 1.0732554134138745 1.1335864960177529 1.256151169896509 1.216486798796677 1.261187256869544 1.276949180159962 1.3004014490596216 1.2581778970464612 1.1910354913947534 0.014655002366045498
0.8954030127945183 9.999999999999998 4.7533462659797675e-26 5.109316496685444e-25 2.776163747788545e-18 0.020953570954064717 0.9650365470734911 0.9267852537297993 0.9826445195584287 1.1602761551994902 1.0801613453932386 1.0605746832751208 0.9906569243748593 1.0177811947983169 1.1901055308776305 1.1091212719590433 1.0761400002128714 1.0751576919880237 1.1355867332139384 1.2583684107878783 1.2186321134983051 1.2634158471068455 1.279207278911023 1.3027001067090014 1.2604094378008333 1.1931372889600378 0.014658284268502162
0.8967052573024344 9.990207546841216 8.841013599146083e-11 2.7540162330692268e-11 6.448774170113025e-06 0.0210393372868289 0.9636314635995942 0.9254384699342386 0.9812205615744604 1.1585943168034711 1.078593906215301 1.0590367394543887 0.9892173670216609 1.0163049925247458 1.188371565120806 1.1075140915810748 1.0745804016610592 1.0735912903002307 1.1339407067611293 1.2565437572180285 1.2168668639194036 1.26158156391555 1.2773485178426094 1.300808071932577 1.258571766620954 1.191407666276818 0.014655560902651627
0.895403586140274 9.999997715418584 1.8379250681158603e-24 6.481694300849364e-35 1.2085540078141471e-32 0.02095358389795633 0.9650359290496255 0.9267845845374355 0.982643922668676 1.1602754311620125 1.0801606588834463 1.0605740150014522 0.9906562828456195 1.0177805514181129 1.1901047370480957 1.1091205799866348 1.0761393273773472 1.0751569740197708 1.1355860221962013 1.2583676204432162 1.2186313576742722 1.2634150408480636 1.2792064542082286 1.3026992718865742 1.260408590892751 1.1931365414042614 0.014658283862068537
0.8954059357910729 9.999937401768042 6.406936322420439e-25 8.519597998182846e-33 2.917374755727726e-31 0.020953639257530347 0.9650333932423272 0.9267818250631785 0.982641488524909 1.1602724760738954 1.0801578454023417 1.0605712827191822 0.9906536406808536 1.017777918589974 1.1901014421664575 1.1091177584432912 1.0761365823016187 1.0751539935101608 1.1355831200196418 1.258364391845552 1.2186282806728994 1.263411733077073 1.2792030615994803 1.3026958431000566 1.2604050699408564 1.1931334896986279 0.014658283245240097
0.8954030298728942 9.999999999999995 2.0552772363827425e-18 9.466220084063803e-18 1.825279044015628e-12 0.020953569136434896 0.9650365286902878 0.926785235600573 0.9826445017991579 1.160276134199387 1.0801613250969269 1.0605746637587525 0.9906569048984379 1.0177811759202036 1.1901055059189958 1.1091212520234113 1.0761399807817278 1.0751576693176434 1.135586712633588 1.2583683877818226 1.2186320919218545 1.2634158230891357 1.2792072539888395 1.302700081680741 1.2604094107202344 1.1931372672446594 0.01465828434035893
0.8954030137329791 9.999999999999998 9.75055151832868e-23 1.3169798702687432e-23 1.3835325069449241e-17 0.020953570985184067 0.9650365460622853 0.9267852524990514 0.9826445189841225 1.1602761544678617 1.0801613443729554 1.0605746824776185 0.9906569230167483 1.0177811939600268 1.1901055284337814 1.1091212713630425 1.076139999591593 1.0751576897460855 1.135586732544371 1.2583684099212895 1.2186321130219535 1.263415845798243 1.2792072772914718 1.3027001052389247 1.2604094349530968 1.1931372881918174 0.014658284267684138
0.9008658102864109 9.99999998811932 1.2685041414881424e-14 7.788798012502703e-15 0.0003069649011262548 0.022779031708307963 0.9591666178103406 0.9211572985087209 0.9766947882696438 1.1532492813090283 1.073612809747688 1.0541493064869825 0.9846429387752902 1.0116138692609167 1.1828619495178077 1.1024064729175707 1.0696240721506913 1.0686141947428185 1.1287096854051588 1.2507449386841676 1.2112566599673025 1.2557524551145114 1.2714418243466123 1.2947954988910968 1.2527330349613373 1.1859109679494786 0.014607616715506373
0.8954030174810155 9.999999999999998 4.6141178802320786e-20 7.329143362001544e-20 3.1689280257875644e-15 0.020953570874401674 0.9650365420245609 0.9267852488274171 0.9826445145468308 1.1602761492744122 1.0801613397841132 1.0605746778172378 0.9906569191219337 1.0177811895460507 1.1901055244519048 1.1091212663057377 1.076139994715632 1.075157686135023 1.1355867274148814 1.258368404322932 1.2186321073443964 1.2634158405158802 1.2792072721719179 1.3027000998808909 1.2604094308123837 1.1931372828354705 0.014658284272036949
0.895404429606681 9.999986231331714 9.254969461714224e-25 2.702350973375995e-33 1.2263701612691717e-30 0.020953602957730286 0.9650350184923333 0.9267835948606188 0.9826430616070791 1.1602743872441323 1.0801596523531511 1.0605730447616055 0.990655322939192 1.0177796138971194 1.190103511952638 1.1091195866661443 1.0761383591731233 1.0751558649714796 1.1355849972477983 1.2583664771309866 1.2186302800674285 1.2634138535095827 1.2792052261146145 1.3026980368098224 1.260407274725131 1.1931354630565691 0.0146582834589243
0.8954031501824641 9.999998732467859 2.2210316533622486e-34 6.189524857383792e-35 1.2826572599704134e-32 0.0209535741731411 0.9650363987890443 0.9267851115465026 0.9826443689665061 1.16027597740458 1.080161179565846 1.060574520597343 0.9906567724519768 1.017781038608073 1.1901053479207229 1.1091211020456628 1.0761398352966207 1.0751575266681692 1.1355865592083 1.2583682179581006 1.2186319270210648 1.2634156531771006 1.2792070827693058 1.3026999070615275 1.260409243793201 1.193137106120858 0.014658284184732999
0.8954037448577992 9.999995305337508 2.1958143579348076e-26 2.5576172301025627e-32 4.486077163778846e-31 0.020953589716545984 0.9650357566635674 0.926784494215769 0.982643718616043 1.1602752083473638 1.0801604612386455 1.0605738164329672 0.990656114268479 1.0177803623151827 1.1901045543000577 1.109120367147694 1.0761391219215715 1.075156809778686 1.1355858062862794 1.258367383422235 1.2186311205369318 1.2634148153832003 1.2792062331022287 1.3026990423834464 1.2604084025156181 1.193136315081862 0.014658283714458114
0.8954030781444492 9.999999980341986 2.176898108318454e-31 7.360023719255911e-35 1.0726175987940707e-31 0.020953572328067042 0.9650364765366019 0.9267851860876333 0.98264444791876 1.160276070609933 1.080161266501508 1.0605746058852779 0.9906568521187673 1.017781120494777 1.1901054439149277 1.1091211911264265 1.0761399217574446 1.0751576133967296 1.1355866504384404 1.258368319034076 1.2186320247789162 1.2634157548501947 1.2792071856324543 1.3027000117461456 1.2604093456056324 1.1931372019726683 0.014658284221739344
0.8954030333919594 9.999999999333616 8.087964733723024e-35 1.3377507950080827e-37 2.740516427229952e-32 0.02095357115549878 0.9650365248728454 0.9267852308088562 0.9826444986199007 1.1602761301793632 1.0801613209535448 1.060574659922929 0.9906569006526814 1.0177811721612862 1.1901054999157985 1.109121248288315 1.0761399770908866 1.0751576638640343 1.1355867087077232 1.2583683833569907 1.2186320879945802 1.263415818169625 1.2792072486919714 1.302700076486871 1.260409404262907 1.1931372631334476 0.014658284263206686
0.8954045022470043 9.999984230991712 5.0722031825998676e-26 1.4777615797515977e-35 8.646562495052144e-31 0.020953605038423338 0.9650349412076367 0.926783512746155 0.9826429685779258 1.1602742732449964 1.0801595614351782 1.0605729464487266 0.9906552578600178 1.0177795227491084 1.1901034696597717 1.1091194731984317 1.0761382512806252 1.0751558278712092 1.1355848850130816 1.258366356530778 1.2186301485043012 1.263413752119763 1.279205136390364 1.3026979376656498 1.2604072392651187 1.1931353458737652 0.014658283412143184
0.895403108504553 9.999999968002992 2.106902406961649e-21 2.5315790639462487e-33 8.271615707859314e-32 0.02095357275170249 0.9650364437670949 0.926785154658172 0.9826444146344744 1.1602760313364804 1.0801612298529415 1.0605745699367255 0.9906568185399217 1.0177810859720053 1.190105403504875 1.1091211535763594 1.0761398853132496 1.075157576862145 1.1355866119789453 1.2583682764286248 1.2186319835602342 1.2634157119907805 1.2792071422713904 1.302699967623495 1.2604093027588186 1.193137161565569 0.014658284208331526
0.8954030231759994 9.999999999999998 2.4037513012688144e-17 1.8519245790230655e-18 1.768107537755645e-18 0.02095357099636235 0.9650365358847847 0.9267852426529434 0.982644508794649 1.1602761424707082 1.0801613330512532 1.060574671424016 0.9906569124987095 1.0177811833380295 1.1901055155424314 1.1091212598919729 1.0761399884605691 1.0751576780539471 1.1355867207515922 1.2583683968580417 1.2186321004765808 1.2634158325197191 1.2792072637437946 1.3027000915006615 1.2604094212178283 1.1931372758221725 0.014658284268138286
0.8954031317743288 9.999999935754731 5.535714712332038e-32 1.3736029513433149e-33 2.14256002629591e-31 0.020953573373596195 0.9650364186529591 0.9267851305592931 0.982644389134483 1.1602760012181228 1.0801612017705466 1.0605745423876176 0.9906567927983934 1.0177810595229855 1.1901053724974489 1.1091211248062796 1.0761398573984602 1.0751575488621397 1.1355865825190583 1.2583682437766321 1.2186319519751492 1.2634156791487035 1.2792071090581796 1.302699933809221 1.2604092698390388 1.1931371306122633 0.014658284187167758
0.8954030303269757 9.999999999999998 2.4821480162609144e-24 3.597470419705002e-25 1.3343839361990239e-17 0.02095357088830776 0.9650365281778097 0.9267852353867143 0.9826445007880277 1.160276133018926 1.0801613244070398 1.0605746628543378 0.9906569047395785 1.017781175138467 1.1901055066075539 1.1091212508202808 1.0761399796692497 1.0751576700084977 1.1355867115166711 1.2583683866495503 1.2186320904402506 1.263415822455841 1.2792072536775987 1.3027000811788314 1.260409411801037 1.1931372661217121 0.014658284272767174
0.8954075629909538 9.999844880506569 1.0341125355982451e-32 1.4325803605386362e-33 5.4659163010972764e-33 0.02095367871417192 0.9650316411365405 0.926779926534444 0.9826397505763158 1.1602703641974639 1.080155886306029 1.0605693509344878 0.9906518601861855 1.0177760676116923 1.1900993353099119 1.1091157286759648 1.076134614877154 1.0751520911381671 1.135581045369865 1.2583620962287219 1.2186260443524888 1.2634094458958656 1.279200757407825 1.3026934896375715 1.2604028470022595 1.1931313105519863 0.014658283852678066
0.8954043570614437 9.999987722907587 1.1698191641873208e-30 2.7845458901012847e-33 1.4495613508556522e-30 0.020953601186745677 0.9650350967737825 0.9267836803803522 0.9826431370058689 1.160274478935483 1.0801597393069713 1.0605731294156948 0.9906554042158038 1.0177796953843905 1.1901036124836175 1.1091196743026468 1.076138444370423 1.0751559558846797 1.1355850872858164 1.2583665772273531 1.2186303757608332 1.2634139556325912 1.2792053305775606 1.3026981425518347 1.2604073820017287 1.1931355577288056 0.014658283488972239
0.8954034007344837 9.999999108701799 3.3589593488990717e-25 4.071559997650184e-34 7.665526309258892e-31 0.020953579146901363 0.9650361282359339 0.9267848512748714 0.9826440953797984 1.1602756537767975 1.0801608770003461 1.060574224192029 0.9906564950349095 1.0177807538775556 1.1901050132175024 1.1091207928933382 1.07613953517598 1.0751572243110217 1.1355862423875096 1.2583678666646791 1.218631587825371 1.26341529916459 1.279206724687106 1.3026995427071368 1.260408888946333 1.1931367732336329 0.014658284006807723
0.8954034786936529 9.999998560562968 1.5968537262186043e-33 2.2549241108862667e-32 6.03076823840704e-31 0.020953581293923548 0.9650360440442015 0.9267847703597814 0.9826440100121977 1.1602755528503976 1.0801607827738162 1.0605741317846993 0.9906564087587877 1.0177806651412897 1.1901049091874965 1.1091206964209543 1.076139441535416 1.075157130379923 1.1355861435873034 1.2583677571739997 1.2186314819676367 1.2634151889734846 1.2792066132895246 1.3026994293330982 1.260408778598807 1.1931366694073569 0.014658283943190614
0.8954043916334956 9.999983991271456 2.5679040063448895e-34 9.422134686933151e-34 6.479124804880102e-31 0.02095360586323291 0.9650350592105352 0.9267836188544724 0.9826431094344659 1.1602744400509462 1.0801596985470459 1.06057309155585 0.9906553623774975 1.017779658285416 1.1901035536301379 1.109119637308416 1.0761384079418717 1.0751559023640793 1.1355850484474834 1.2583665332780627 1.2186303367962497 1.2634139067355052 1.2792052779424776 1.3026980908272239 1.2604073173771473 1.193135516746581 0.01465828339279444
0.8954034491077851 9.999998699220834 7.100944586627086e-28 1.944942401373752e-35 2.482923915072533e-31 0.020953580715219904 0.9650360752277982 0.9267847903135794 0.9826440520577402 1.1602755965860485 1.080160818698398 1.060574169663645 0.9906564387332651 1.017780700645376 1.1901049397756365 1.109120738903318 1.0761394822428982 1.0751571580629402 1.1355861858760994 1.258367802657414 1.218631530033327 1.263415229502179 1.2792066525813965 1.302699470499291 1.2604088094648085 1.1931367134740023 0.014658283959577816
0.8954031348749588 9.9999999328246 2.501643050738507e-29 3.572571627424458e-34 6.678080438563896e-31 0.02095357339681448 0.9650364153081629 0.9267851273602377 0.9826443857452154 1.1602759972243828 1.080161198030634 1.0605745387177294 0.990656789367696 1.0177810560055218 1.1901053683101448 1.1091211209785632 1.076139853681732 1.0751575451456197 1.1355865785966395 1.2583682394387894 1.2186319477607745 1.2634156747774525 1.279207104625772 1.3026999293074646 1.2604092654175965 1.1931371264908948 0.01465828418662202
0.8992195719226554 9.991179905984163 1.8282185252646994e-12 4.269943918833614e-13 0.007394916220461403 0.027261771389750115 0.960928273123769 0.922846674777222 0.9784803973837709 1.1553581300538207 1.0755782320485419 1.0560776910743817 0.986448115645915 1.0134649167001746 1.185036812451469 1.1044218213275423 1.0715797688301152 1.0705789927107647 1.130773957893064 1.2530334595408326 1.2134705223939306 1.2580532464723948 1.2737734589668388 1.2971688805606056 1.2550386569417595 1.1880804997894685 0.014620493683718445
0.8954030217521328 9.99999999995429 6.386266292648975e-29 1.938987693878315e-37 3.3039937303627904e-32 0.0209535709402855 0.9650365374190534 0.9267852440348818 0.9826445102339004 1.1602761440868834 1.0801613347206251 1.0605746729704906 0.9906569141895598 1.0177811848533962 1.1901055179667164 1.109121261414518 1.0761399899480686 1.075157680242557 1.1355867223529144 1.2583683986588325 1.2186321020964053 1.263415834518012 1.2792072658904925 1.3027000936120114 1.2604094238011503 1.1931372775079587 0.014658284270011352
0.8954031981075664 9.999999771890634 8.074014652479244e-35 5.404511112930898e-33 4.95452350770818e-34 0.02095357503330283 0.9650363473301654 0.9267850376519714 0.9826443278885217 1.1602759228813369 1.080161123878862 1.060574468339269 0.9906567159417708 1.0177809876326067 1.1901052702328356 1.1091210502605293 1.0761397844585958 1.0751574561763257 1.135586505087922 1.258368156926847 1.2186318718994393 1.263415586567716 1.2792070113970326 1.3026998365199591 1.260409159000762 1.193137049041465 0.014658284131077809
0.8954044240559758 9.999986025407212 9.359748714081168e-27 9.72043872959655e-34 2.3255873037800464e-30 0.02095360326654135 0.9650350244681654 0.9267835992065987 0.9826430680980108 1.160274394565667 1.080159659044676 1.06057305137469 0.9906553289908564 1.0177796202233285 1.190103519072222 1.10911959364331 1.076138365922318 1.0751558713187743 1.1355850043581597 1.2583664850051388 1.218630287773468 1.2634138613116885 1.2792052339582813 1.3026980448272973 1.2604072821875993 1.193135470518837 0.01465828345091996
0.8954057690788353 9.999945439258441 2.611154378870746e-30 3.3864710670588464e-33 7.662129893393672e-31 0.020953634712020063 0.9650335731979809 0.9267820240900451 0.9826416616721467 1.1602726872593745 1.080158045397851 1.06057147760677 0.9906538271666652 1.0177781061514204 1.1901016721789648 1.1091179604902597 1.0761367786963039 1.0751542014517845 1.1355833275392484 1.2583646224235716 1.2186285015169906 1.2634119678536186 1.2792033014578055 1.3026960860718042 1.260405315110539 1.1931337078639286 0.014658283231241659
0.8954066961155542 9.999891157959713 1.4901516523020962e-33 4.432488055880857e-33 2.979711969812314e-30 0.020953661743465475 0.9650325739978197 0.9267809164284991 0.9826406872572759 1.1602714971632797 1.0801569310768018 1.0605703843842522 0.9906528031253728 1.0177770566806723 1.1901004380452889 1.1091168183445326 1.0761356702950764 1.0751530864259498 1.1355821577264267 1.2583633257065356 1.2186272473837676 1.2634106638320561 1.2792019797364822 1.3026947409289436 1.2604040071190963 1.1931324786872124 0.014658283440980018
0.9005791453336357 9.957516178529056 1.1219926657776612e-12 1.7270134039719793e-14 0.008894732954306777 0.027517989306851915 0.9594741539219411 0.921453981587138 0.9770065649172037 1.1536171074847064 1.0739559363454074 1.0544857137117303 0.9849586003284091 1.011936925403931 1.1832434462308143 1.1027579646134227 1.069965218591738 1.068958996529928 1.1290699896599452 1.2511446920339084 1.2116429322717974 1.2561549231945932 1.2718500661996304 1.2952108991349431 1.2531381413148834 1.1862900454592242 0.014635042736693962
0.8954033754735485 9.999995786402264 1.6451425701361336e-34 5.780888555251309e-33 1.2965854234557704e-30 0.020953578755954372 0.9650361555452661 0.9267848778525131 0.9826441227433935 1.160275686230407 1.080160907532456 1.0605742539911405 0.9906565231069058 1.0177807825374159 1.19010504721287 1.1091208238555437 1.076139565254355 1.0751572550421262 1.1355862741578169 1.2583679019574319 1.218631621735569 1.2634153349397232 1.2792067608958075 1.3026995795137233 1.2604089250123915 1.193136806639287 0.014658284093290872
0.8954031253140768 9.999999943059485 2.773079471784224e-25 2.3296677692011165e-34 2.0880249752787256e-30 0.02095357320469755 0.9650364256246833 0.926785137251951 0.9826443962153358 1.1602760095712417 1.0801612095664315 1.0605745500326724 0.9906567999499304 1.0177810668668277 1.1901053811008295 1.1091211327896109 1.0761398651404848 1.0751575566372094 1.1355865907004963 1.2583682528366102 1.2186319607466025 1.26341568826459 1.2792071182820703 1.3026999431963704 1.2604092789864692 1.1931371392081052 0.014658284192933897
0.8954031963051842 9.999995150030427 1.1554240748403504e-36 7.839208709876716e-34 5.119093119086728e-31 0.020953574775543667 0.9650363489662939 0.926785063682403 0.9826443187088724 1.1602759178339472 1.080161123823268 1.0605744660041814 0.9906567213756152 1.0177809861587446 1.190105286293169 1.1091210451289186 1.0761397800364598 1.075157471063266 1.135586500863284 1.2583681532564566 1.2186318645574339 1.2634155879574804 1.2792070168275078 1.3026998399658265 1.2604091785369702 1.1931370448155527 0.014658284244900843
0.8954030704828462 9.999999983158196 1.9845802933491803e-34 2.4021826553971428e-37 3.308216141494109e-33 0.02095357205981885 0.9650364848942262 0.926785187160646 0.9826444605106686 1.1602760838860304 1.080161276661174 1.0605746170197585 0.9906568588214353 1.0177811307865088 1.1901054472660872 1.1091212041303142 1.0761399341063353 1.0751576162193135 1.1355866632506357 1.258368332725539 1.2186320399356818 1.263415766027161 1.2792071950462438 1.3027000223690368 1.2604093478784395 1.193137215307682 0.0146582842317175
0.8954031294642089 9.999999923764893 1.9957947431512826e-32 5.003363663774412e-34 4.514332480290959e-31 0.020953573444202612 0.9650364211480096 0.9267851329538535 0.9826443916774149 1.1602760042188445 1.0801612045653786 1.0605745451253479 0.9906567953525569 1.0177810621609598 1.1901053755413966 1.1091211276718402 1.0761398601752257 1.0751575516364145 1.1355865854336569 1.2583682470269806 1.2186319551215232 1.2634156824149718 1.2792071123552702 1.3026999371683006 1.2604092731466152 1.1931371336946468 0.01465828418451352
0.8954034017306286 9.999998935059974 1.858422009328446e-27 7.742333071104252e-36 2.696795140089329e-33 0.020953579804521307 0.9650361278192805 0.9267847988747613 0.982644116985369 1.1602756667994647 1.0801608802728275 1.0605742316640412 0.9906564874063146 1.0177807595984265 1.1901049856527814 1.1091208056983544 1.076139546561506 1.075157198757775 1.1355862535952708 1.2583678771833284 1.21863160510396 1.263415300224325 1.2792067178790485 1.3026995397712329 1.2604088550270045 1.1931367846136098 0.01465828398109525
0.8954031308670491 9.9999999369404 5.598876846947987e-22 4.480898523343944e-34 1.5002537116959324e-31 0.02095357332391765 0.965036419632436 0.9267851315037349 0.9826443901216044 1.1602760023952372 1.0801612028674679 1.0605745434643334 0.9906567938007432 1.0177810605613231 1.190105373674936 1.1091211259316527 1.0761398584863011 1.0751575499502868 1.1355865836768835 1.2583682450694547 1.2186319532405667 1.2634156804297356 1.279207110352742 1.302699935131763 1.2604092711143466 1.1931371318091208 0.01465828418897746
0.8954032353533986 9.999999666106545 5.939826995152441e-26 1.7899467655484348e-34 2.622110423039264e-32 0.020953575982144798 0.9650363067548313 0.9267850227320156 0.982644276428474 1.16027586770662 1.0801610766389316 1.0605744199882876 0.9906566779761411 1.0177809418835735 1.1901052336157694 1.1091209973496718 1.0761397336274252 1.075157423431166 1.1355864518201073 1.258368098772784 1.2186318122417843 1.2634155326565413 1.2792069608460608 1.3026997830659879 1.260409122480067 1.1931369932598221 0.014658284101936099
0.8954030642386579 9.999999988666806 4.4993134267626353e-35 2.090605135789656e-34 4.203069829914877e-33 0.02095357198815688 0.9650364915441894 0.9267852004897442 0.9826444631510132 1.1602760885891523 1.0801612832839216 1.0605746223443542 0.9906568674954884 1.0177811362980398 1.1901054624417322 1.1091212083080615 1.07613993844787 1.07515763013639 1.1355866680362674 1.2583683385541087 1.2186320436468248 1.2634157744751957 1.2792072054791546 1.3027000319535085 1.2604093652913189 1.1931372204650175 0.01465828423340575
0.8954034293380683 9.999998849350721 2.481596854728424e-34 6.838160286755114e-33 6.731003289204921e-32 0.020953580147168926 0.9650360980352999 0.9267847678687285 0.9826440890971067 1.1602756334419635 1.0801608475249962 1.0605742004476866 0.9906564554640112 1.0177807293046357 1.1901049436215168 1.1091207741538565 1.076139515738776 1.0751571606092194 1.1355862209090797 1.2583678405434633 1.2186315711677234 1.2634152614070862 1.279206677240281 1.302699499182874 1.260408809440141 1.1931367501652481 0.014658283973176813
0.8954035323297707 9.99999817941163 2.549783532419573e-29 1.3580309598998472e-33 2.009607412050157e-32 0.02095358257881363 0.9650359861466378 0.9267847147605492 0.9826439512726046 1.1602754834434925 1.0801607180168735 1.0605740682666376 0.9906563494381533 1.0177806041456867 1.190104837718005 1.1091206300818366 1.0761393771490129 1.0751570657653642 1.135586075643032 1.258367681875066 1.2186314091325554 1.263415113243605 1.2792065367084493 1.3026993513826153 1.260408702918048 1.1931365980368316 0.014658283906838026
0.8954031107745154 9.999999925236851 1.0476357862699752e-34 2.6498229140189823e-33 3.476972487726122e-31 0.020953573209065997 0.9650364413249731 0.9267851523148622 0.9826444121132845 1.1602760283439775 1.080161227124205 1.0605745672050224 0.9906568160508634 1.017781083384641 1.190105400507577 1.109121150709103 1.0761398825363613 1.0751575741884962 1.135586609066903 1.2583682732153247 1.2186319803912062 1.2634157088102966 1.2792071390604551 1.302699964345075 1.2604092995513125 1.193137158509774 0.01465828419191781
0.8954030599455377 9.999999978807109 1.0218672697227654e-31 6.943418352920135e-35 1.5699766769171807e-32 0.020953571982679706 0.9650364961872587 0.9267852049262248 0.9826444678709353 1.1602760942008956 1.080161288492304 1.060574627436399 0.9906568722232264 1.017781141206204 1.190105468106645 1.1091212136459634 1.0761399436275159 1.0751576352380987 1.1355866735109914 1.2583683446193843 1.2186320495086338 1.2634157805644854 1.2792072115897584 1.3027000381975582 1.2604093712306699 1.1931372262129059 0.014658284233500086
0.8954031157407848 9.999999961058622 6.773175458385059e-29 3.1412427376535436e-34 1.259273292194214e-32 0.020953572945253386 0.9650364359585596 0.9267851471695416 0.9826444066962625 1.1602760219783907 1.0801612211246445 1.0605745613663455 0.9906568105409164 1.017781077751618 1.1901053938550252 1.1091211446339668 1.0761398766298604 1.0751575681821595 1.1355866028000123 1.25836826627687 1.218631973733268 1.2634157017820835 1.279207131950505 1.3026999571141664 1.2604092925231594 1.193137151941892 0.014658284201680685
0.8954031268498812 9.999999893781498 8.565438477378538e-28 1.516791385661822e-34 6.607430924610467e-31 0.020953573649191464 0.9650364239693229 0.9267851356449922 0.982644394563274 1.1602760075970335 1.0801612077227616 1.0605745482314772 0.9906567982450925 1.0177810651371428 1.1901053790024723 1.1091211309220785 1.0761398633310708 1.075157554735125 1.1355865887812477 1.2583682507086709 1.2186319586926238 1.2634156861042811 1.2792071160719576 1.3026999409648075 1.2604092768104527 1.1931371371876438 0.014658284177087958
0.8954033708056464 9.999987030313319 4.147606236356168e-38 1.2019034571472743e-34 3.7344415911620784e-42 0.02095357878000012 0.9650361608063931 0.9267848362820678 0.9826441495032159 1.1602757068697234 1.0801609172427649 1.060574268296439 0.9906565206552675 1.0177807946367057 1.1901050243204432 1.1091208443827687 1.0761395840311372 1.0751572336218682 1.135586293071712 1.2583679207838672 1.218631647869331 1.2634153432966975 1.2792067610258393 1.3026995839841788 1.2604088956149926 1.1931368260522202 0.014658284283582979
0.8954030217723568 9.999999999877895 1.0997180654889334e-35 1.5081027801771975e-35 4.514518300712779e-33 0.020953570985728105 0.96503653739708 0.9267852437616277 0.9826445104227132 1.1602761442771883 1.0801613347369128 1.0605746730740082 0.9906569140400998 1.017781184923045 1.1901055174296697 1.109121261624647 1.0761399901229252 1.0751576797949416 1.135586722520136 1.2583683988293972 1.2186321023683677 1.2634158344940754 1.279207265754117 1.3027000935406272 1.2604094232637002 1.193137277692651 0.014658284268329774
0.8954030988457403 9.999999942989906 1.8168924691308238e-33 3.254122283965203e-36 1.252920805025615e-31 0.02095357292156254 0.9650364541975757 0.9267851646591804 0.9826444251742803 1.1602760437640152 1.0801612415145985 1.0605745813385232 0.9906568292412519 1.017781096937034 1.1901054163955278 1.1091211654636435 1.076139896844788 1.0751575885432794 1.1355866241770358 1.2583682899381996 1.2186319965958468 1.2634157256407812 1.2792071560850473 1.3026999816742129 1.2604093164585937 1.1931371743714156 0.014658284201528655
0.8954030775635852 9.999999979600615 6.231230741577697e-34 4.601737128091838e-35 6.174763464189234e-32 0.02095357231671596 0.9650364772243794 0.9267851774254303 0.9826444580524225 1.160276080915617 1.080161269433343 1.060574612479119 0.9906568469926385 1.0177811255276152 1.1901054228442522 1.1091212024140604 1.0761399318084228 1.0751575938590783 1.1355866603548537 1.2583683284630196 1.2186320400042667 1.2634157561646042 1.279207181388175 1.3027000106667004 1.2604093194176629 1.1931372120658725 0.014658284226315736
0.8954041181452409 9.99999132643908 5.764440879835967e-26 9.391626466754828e-35 1.4165490104193764e-32 0.020953596301776903 0.9650353554839586 0.9267839623769281 0.9826433672689193 1.1602747570350198 1.0801600212818903 1.0605733934138593 0.9906556888986464 1.0177799533162069 1.190104005615307 1.1091199352595589 1.0761387007202063 1.075156312629125 1.1355853600899835 1.2583668848725091 1.218630652716838 1.263414292535879 1.2792056901010604 1.3026984976177516 1.2604078116053112 1.1931358453891268 0.014658283562672614
0.8954041583464951 9.999989888316604 7.031169825005926e-35 1.7203380133822487e-35 3.624525540195872e-32 0.020953598455444845 0.9650353117921682 0.926783906421351 0.9826433358000648 1.1602747172114245 1.0801599751584114 1.0605733531621115 0.9906556363681233 1.0177799128954221 1.1901039224842096 1.109119899103237 1.0761386644223963 1.0751562368864884 1.135585320863259 1.2583668393260465 1.2186306168352834 1.2634142358044047 1.2792056254457675 1.3026984361059382 1.2604077183613818 1.1931358037734747 0.01465828352052115
0.8954031154224119 9.999999923847719 2.0406328523834463e-33 1.782392365930599e-35 6.107385146333493e-32 0.020953573325588587 0.965036436276697 0.9267851472874046 0.9826444072691244 1.160276022466093 1.0801612214714904 1.0605745617668068 0.9906568108411282 1.0177810781180037 1.1901053940890705 1.1091211451141696 1.0761398770869977 1.075157568448732 1.135586603285571 1.2583682667622793 1.2186319742939176 1.2634157021639214 1.2792071323374554 1.3026999575302012 1.2604092928631443 1.1931371524208665 0.01465828418784029
0.8954053441420591 9.999960691271115 1.472873528971086e-28 9.482795391761948e-33 9.56615218294586e-31 0.020953625028699185 0.9650340316615599 0.9267825196696166 0.9826421075642623 1.160273228055838 1.0801585554602702 1.0605719756491672 0.9906543007089306 1.0177785850793626 1.1901022522446683 1.1091184780008352 1.0761372815060648 1.0751547259053438 1.1355838586243574 1.2583652121046844 1.2186290679824767 1.2634125660399085 1.2792039111520423 1.3026967045462245 1.2604059323931223 1.1931342660912374 0.014658283237626591
0.8954031667617339 9.999999850256884 1.3164539650903321e-23 5.644138955054576e-34 5.510216941070354e-32 0.02095357432074275 0.9650363808942127 0.9267850943289658 0.9826443507994944 1.1602759559600688 1.0801611595537175 1.0605745009620908 0.9906567541068023 1.0177810197588322 1.1901053258273728 1.1091210815539816 1.0761398154182642 1.0751575067235377 1.1355865382239925 1.2583681946925307 1.2186319045157046 1.263415629773531 1.27920705910239 1.3026998829692442 1.2604092203804094 1.193137084085543 0.01465828415569711
0.8954031983809835 9.999996700398851 2.2406163820826915e-31 1.7227154392587624e-38 1.5991488307503937e-30 0.020953575237341277 0.9650363467711951 0.9267850617173552 0.9826443161778956 1.160275915039065 1.0801611213959537 1.060574463518343 0.9906567191388841 1.0177809838194563 1.1901052837188195 1.1091210424494624 1.0761397774498194 1.0751574686716874 1.135586498151242 1.2583681503052186 1.2186318615492446 1.2634155851528657 1.279207013962745 1.302699837030695 1.2604091757135543 1.1931370419891614 0.014658284193023358
0.8954044508228868 9.999984947177714 6.3381049810677e-17 2.275479454063354e-33 3.3290205819586815e-30 0.020953604361058642 0.9650349955280635 0.9267835641808911 0.9826430418379226 1.1602743617563 1.0801596271090812 1.06057302069945 0.9906552983177254 1.0177795905416613 1.1901034795184862 1.1091195623620485 1.0761383353964573 1.0751558355459963 1.1355849720236812 1.258366448900593 1.2186302539201352 1.26341382358035 1.2792051947751906 1.302698005517052 1.260407239684631 1.1931354365038724 0.01465828343447499
0.8954074165648759 9.999850833664532 4.772233799463665e-33 1.1048260044031506e-32 1.1710317829406869e-30 0.020953676726274167 0.9650317952559638 0.9267800772115744 0.9826399394906821 1.1602705919073093 1.0801560676049566 1.0605695469270315 0.9906519900650683 1.017776249320305 1.1900994200220503 1.1091159548262617 1.076134829905612 1.0751521653518876 1.1355812690548248 1.2583623366155636 1.2186263065027554 1.2634096480879544 1.2792009364190946 1.3026936873783872 1.2604029181548977 1.19313154412925 0.014658283816260618
0.8954039816660101 9.99997184665211 4.832512690578196e-35 4.54872362521122e-36 7.654703617046593e-32 0.020953593511952032 0.9650355025955317 0.9267841202249822 0.9826435095865502 1.1602749290980088 1.0801601846239328 1.0605735523027462 0.9906558418030582 1.017780106328892 1.1901041952725808 1.1091200996238462 1.0761388605802726 1.0751564842510648 1.135585529041758 1.2583670727467131 1.2186308321658121 1.2634144844475717 1.279205886579068 1.302698696399968 1.260408014122921 1.1931360230310348 0.014658284091362338
0.8954030489879099 9.99999999283715 2.0400184455461483e-30 5.6819835961104705e-37 1.041547107809695e-31 0.020953571727798295 0.965036508008627 0.9267852162852084 0.9826444798255826 1.160276108298521 1.0801613016913303 1.0605746403737932 0.9906568843886742 1.0177811536249703 1.1901054828765723 1.1091212271311761 1.0761399566928411 1.075157648591187 1.1355866873204794 1.2583683599230369 1.2186320642620119 1.2634157960142898 1.2792072272730364 1.302700054126887 1.2604093868220618 1.1931372407137695 0.01465828424202194
0.8954030377761094 9.99999944863245 4.00008824585341e-21 3.2018456808204724e-40 1.4478770146306914e-35 0.020953571340943552 0.9650365201373265 0.9267852255638601 0.9826444937527855 1.1602761241973354 1.0801613156037886 1.0605746545191703 0.990656896012022 1.017781167035884 1.1901054948347265 1.1091212424905508 1.0761399715040845 1.0751576593382142 1.1355867028503592 1.2583683769035976 1.2186320815227254 1.2634158119816736 1.2792072426106604 1.302700070187918 1.2604093990066674 1.1931372569689065 0.014658284268281552
0.8954030705599885 9.999998036412078 1.5022664073637653e-35 1.1218850115313042e-40 6.073505376007068e-36 0.020953572146874454 0.9650364847635124 0.9267851867564391 0.9826444599352118 1.16027608307261 1.0801612763702273 1.0605746164489662 0.9906568591189694 1.0177811303430708 1.1901054487016935 1.1091212032248128 1.0761399332830432 1.075157617598548 1.135586662423297 1.2583683319401753 1.2186320387287488 1.2634157658407246 1.2792071952468045 1.3027000223379963 1.2604093496609414 1.1931372144873895 0.014658284271006149
0.8954043456048993 9.999988277430088 4.1172484475568505e-32 1.246914907265472e-32 1.6990584321776846e-30 0.02095360045141416 0.9650351091992264 0.9267836965614455 0.9826431474267925 1.160274492227232 1.080159752851986 1.0605731420925881 0.9906554178585474 1.0177797077826767 1.1901036313354225 1.1091196868654596 1.0761384567221253 1.0751559729709679 1.1355851004087831 1.2583665920271343 1.2186303891066 1.2634139718154291 1.2792053478377827 1.3026981596000553 1.2604074025693182 1.1931355715809246 0.014658283503904874
0.895405929911759 9.99993765090775 1.4951589063257576e-20 8.188471059761563e-34 2.295222684386122e-31 0.02095363914202796 0.9650333995864737 0.9267818319352754 0.9826414946927005 1.1602724835539469 1.0801578524610187 1.0605712896100368 0.9906536472417018 1.017777925218859 1.1901014502392502 1.109117765610703 1.0761365892595371 1.0751540007517046 1.135583127368253 1.2583643999828091 1.2186282885157038 1.2634117413553145 1.2792030700274755 1.3026958516578242 1.2604050784653624 1.1931334974347585 0.014658283243781899
0.8954031887670157 9.999999803759248 1.3471171303849668e-28 1.373707809448814e-33 1.163824080098497e-30 0.02095357480218964 0.9650363571459745 0.9267850715534344 0.9826443266977051 1.1602759274829855 1.0801611330011478 1.0605744749269583 0.9906567297696208 1.0177809947531935 1.1901052965036472 1.1091210543501226 1.07613978900276 1.075157480196941 1.1355865103452576 1.2583681638040412 1.2186318746378746 1.2634155987196183 1.2792070276839211 1.3026998509978185 1.2604091892981295 1.1931370547988691 0.014658284140116029
0.8954030605957969 9.999999980279847 1.063664183186851e-31 4.3807878952326676e-35 1.2748623703463932e-32 0.020953572061035076 0.9650364954879374 0.926785204256629 0.9826444671631316 1.160276093344765 1.0801612877152906 1.0605746266864764 0.9906568715151716 1.0177811404737034 1.1901054672209337 1.1091212128347532 1.0761399428520548 1.0751576344624365 1.1355866726925952 1.2583683436955393 1.2186320486296185 1.2634157796546803 1.2792072106736083 1.3027000372563597 1.2604093702132289 1.193137225333709 0.014658284230543875
0.8954060506812275 9.99992690493408 7.397871413488024e-31 4.804306571968842e-33 3.416770305177111e-31 0.020953645097420474 0.9650332690493013 0.9267816737721877 0.9826413740239944 1.1602723327307318 1.0801577077981002 1.0605711494302064 0.9906535107586283 1.0177777900213747 1.1901012788637602 1.109117621216108 1.076136448701739 1.0751538457002623 1.135582978701002 1.2583642344865338 1.2186281313241083 1.2634115710968872 1.2792028949764758 1.3026956749920495 1.2604048951234161 1.193133341089617 0.014658283258915751
0.8954037324585085 9.99999556294664 4.32177810204507e-33 3.624719950453391e-33 4.0725100042899705e-32 0.02095358757525578 0.9650357700647512 0.9267845072743719 0.9826437319701266 1.160275224285203 1.0801604762260575 1.0605738310763209 0.9906561280306446 1.0177803763910769 1.1901045710191935 1.1091203823629532 1.0761391366901776 1.0751568248420151 1.1355858219241717 1.2583674007381676 1.2186311372013834 1.2634148328762507 1.2792062508639268 1.3026990604453161 1.260408420234119 1.1931363314955885 0.014658283789900795
0.8954030247813648 9.999999987691615 1.2935437691965874e-37 6.917074955168086e-38 3.919144034273308e-34 0.020953571060318633 0.9650365341538103 0.9267852405114277 0.9826445072296436 1.1602761404931043 1.080161331137645 1.0605746695854459 0.9906569106707119 1.0177811815528484 1.190105513203868 1.1091212580131444 1.0761399866158607 1.075157675982364 1.1355867187940274 1.2583683946950897 1.2186320984199865 1.263415830263301 1.279207261407042 1.3027000891571499 1.2604094186428991 1.193137273788554 0.014658284266057451
0.8954050326417428 9.999970120820606 8.603096247912323e-27 7.958235202184395e-35 2.3559439041191066e-30 0.020953618002842914 0.9650343691886908 0.9267828890414728 0.9826424151277146 1.1602736006201353 1.0801589254606827 1.060572326261185 0.9906546657971106 1.0177789260627146 1.190102741213057 1.1091188297168029 1.0761376258791566 1.0751551692570163 1.1355842242942464 1.2583656225675104 1.2186294447822783 1.2634130058159572 1.2792043745886534 1.3026971655798711 1.2604064634174825 1.1931346512999872 0.014658283261268062
0.8954030360813325 9.999999999115275 4.245042503269409e-28 9.709911652342725e-35 7.25209213613256e-35 0.020953571221249873 0.965036521974695 0.9267852279145051 0.9826444955496069 1.1602761264737995 1.0801613176731668 1.0605746565943917 0.9906568978241804 1.0177811690140135 1.1901054968436284 1.1091212447117338 1.0761399736446833 1.0751576611760507 1.1355867050915944 1.2583683793925464 1.2186320839997744 1.2634158143817276 1.2792072449905878 1.3027000726395597 1.260409401125855 1.1931372593406047 0.014658284260735848
0.8954030220670957 9.99999934011126 3.4766074266471314e-37 1.2864523773596595e-43 1.3082189897236934e-33 0.020953571139275352 0.9650365370732167 0.9267852428837402 0.9826445100315222 1.16027614362599 1.0801613343172263 1.060574672560351 0.9906569138908211 1.0177811844591178 1.1901055177117907 1.1091212609374625 1.0761399894766828 1.0751576800355107 1.1355867218671905 1.258368398129583 1.2186321015127457 1.2634158340647512 1.279207265477742 1.3027000931668085 1.260409423616284 1.1931372769989135 0.014658284276765927
0.895403178934795 9.999999821469187 2.4415922481703517e-28 1.0666673677413841e-33 4.180361737310637e-31 0.020953574613657253 0.9650363677555277 0.9267850817258281 0.9826443374663301 1.160275940201874 1.080161144861261 1.0605744865623035 0.9906567406452285 1.0177810059239738 1.190105309608601 1.1091210665119486 1.0761398008099106 1.0751574920697762 1.1355865228136797 1.258368177600396 1.2186318879755123 1.2634156125903877 1.27920704171472 1.302699865281009 1.2604092031945253 1.1931370678806994 0.01465828414612457
