0.3993753959062906 3.0987299450366144 0.005634541307349529 0.10385887913098428 0.1942353359222532 0.00694088331530848 2.514064460704321 2.457750578540988 2.3649464293082154 2.548064966008152 2.6188598463065325 2.583717619882311 2.4214626180913297 2.405909018879865 2.4861062676944057 2.5321322050385735 2.3269513033216365 2.4854866723778892 2.614416469049508 2.509232970479234 2.8232882322796735 2.469111966700364 2.5068530251999164 2.665458297770053 2.269953203660358 2.49789666255798 0.0472753193923079
0.37188470019515396 2.918459180795725 0.007035145090572095 0.11412100322522425 0.19847341600311463 0.0009401443494821035 2.7002711895028138 2.639301948253678 2.538697044347983 2.7347300333543774 2.81362290258524 2.7736186402737872 2.5995879974615317 2.5827302441959876 2.66932979771892 2.7193115255618774 2.499204798014765 2.669604525065128 2.8081924060853445 2.6952810172481763 3.0324990632309947 2.652164495971517 2.6927486098581457 2.8630653905358465 2.4382887974672207 2.682924179447255 0.04773712478786227
0.39612002539311547 2.9678012456232574 0.005763264181002519 0.10519611265608392 0.18459708166128247 0.004564000807495894 2.534711019620886 2.478299997676908 2.3847023985826827 2.5691116001790526 2.6404438592125508 2.604832359913658 2.4412361476575675 2.4254875517827794 2.506393391544985 2.5528719937351156 2.3460500598005716 2.5058978026746836 2.6358947156981243 2.5298612090340655 2.846464980848456 2.4894098034023937 2.5274676338587647 2.687363625767943 2.2886304897140612 2.518412694913072 0.04721566800241579
0.40384165896891777 3.1107014511975524 0.005677508107247296 0.10211951832883755 0.19740504476089435 0.006638947705724196 2.486202858857729 2.430672584845394 2.339014857988385 2.5201477499194587 2.5898023584494023 2.555306649546783 2.3948109956319854 2.3794108522905213 2.458665225236284 2.504123072901051 2.3011824574666817 2.457941161480515 2.5854287358994443 2.4814040765429297 2.7919749227499655 2.4417243788519 2.4790437106160796 2.635890687194754 2.244774292283296 2.470208810888549 0.04729954046265659
0.38540899137732937 2.8734647540337552 0.006584735938126835 0.1088150457302027 0.19582548945203948 0.004384762810486689 2.6052620440872425 2.547210954018016 2.450710712634561 2.639991284261665 2.7143125523348606 2.6768370400920096 2.5087491060030658 2.49247566661316 2.5757993437518696 2.62378030428963 2.411308886002348 2.5756505273681247 2.709305615753074 2.6003471854156723 2.9257214026377762 2.5587634860262227 2.597899761905746 2.7622313620683845 2.3524141034254105 2.5885173336990532 0.047342977873834076
0.3896105257216421 2.845674818148208 0.00550376462842387 0.10823971388483411 0.18692559148992383 0.005845576513681006 2.577088651815616 2.519940659138168 2.424659845121035 2.611916793840951 2.6847758834926774 2.64811239365858 2.481795261918119 2.4657106439160335 2.5480692544848034 2.5954570292937476 2.385250508284693 2.5477958183655476 2.6799874920948454 2.5722014300900793 2.8940599292169873 2.5310706409206976 2.5697766428870374 2.7323316029951363 2.3269513716939745 2.560523060721547 0.047413358439988756
0.3642632600534495 2.6510012244722456 0.006290815978601992 0.1188359680356227 0.1988791064713049 0.0026200768624688713 2.7567304298827735 2.6953939029726426 2.5927224849080845 2.7923410813527347 2.8724403041315796 2.831247258888448 2.6535371485601815 2.636216581779515 2.7247899882015796 2.776023400521043 2.5514390334399946 2.725434979769752 2.8669398057413975 2.751699948017886 3.0958900528533757 2.707675296903641 2.749119254719223 2.9229655939903467 2.4893508038462575 2.739023052189383 0.047986349512919226
0.3721926896836272 2.667295246692255 0.004895579375965235 0.11657168411466175 0.1686651482945737 0.00406488775567164 2.6978650199220766 2.6380591988438944 2.537874754336959 2.7334152006537105 2.8110727415425667 2.7713077077660433 2.5972928647652824 2.580345161951897 2.666873850297751 2.7168468827128973 2.496977116634009 2.667217428411084 2.8056721873602837 2.692878780914916 3.0297391676178558 2.649803077660571 2.6903523062086245 2.8604956540034907 2.436142224274331 2.6805322416737116 0.04770440217370109
0.38651791612897896 2.9202874557296608 0.003945377014612253 0.11095469664015285 0.15077587998196545 0.00813247565222487 2.597796327829403 2.539744995607735 2.4435207303736934 2.6323432537719427 2.7065392480729473 2.669203213710153 2.501606609471589 2.485408445801409 2.5684748174479974 2.616287227360796 2.4044083555867064 2.568273981218941 2.701541651195755 2.5928917901925645 2.9173381877536646 2.5514266398964467 2.5904482032143026 2.754310728758687 2.3456642075079306 2.5811005268478318 0.047402947418817475
0.4000844086993943 3.081924389703185 0.004532509977578028 0.10472802825502721 0.1608336191882937 0.006913726946689638 2.509588364742981 2.453485579597226 2.3608637240094166 2.5436271619531508 2.6142921885678283 2.579185551820498 2.41720171070549 2.4016305351527816 2.4816799980764728 2.5276291470026386 2.32281352235317 2.48106154580819 2.6097606200881156 2.50476596661265 2.818248302987287 2.464712456141894 2.502388819494957 2.660707459217904 2.2659155401967084 2.4934475575447865 0.047212224669280656
0.37169679982551085 2.679996408253943 0.004068686832193553 0.11760987345654773 0.12197476563315875 0.0029392648087955215 2.701482640534956 2.641532667491675 2.5411886253832328 2.736994512575048 2.814714972970522 2.774963865912001 2.6007418470878103 2.5838047983588193 2.6704518178259615 2.720488100407679 2.500329032637841 2.670799247653296 2.8094337619488177 2.696490668095127 3.033800942336824 2.6533618725909003 2.6939611879472753 2.864330203292768 2.439410363376106 2.684128934586331 0.04752602528882423
0.3882090183398015 2.8870616715446324 0.0053150849559421755 0.10894112155057604 0.18805796949217504 0.00431185402223806 2.5864466631939274 2.5288407324168944 2.433145003077308 2.621128535725891 2.6944084622324227 2.6575919814465974 2.4907267398686486 2.4746570009123583 2.5573235915858943 2.6048754642464593 2.393919356356623 2.5570540537936886 2.6897170237882944 2.581546687032886 2.9045561763096712 2.540273852014683 2.5791139579040996 2.742249553373299 2.3354126262164514 2.569825193972376 0.047312714887309815
0.3984783647831178 2.9824558111939674 0.005795476794260692 0.10422714043115631 0.19160638824061857 0.005708844863752185 2.5196809947805328 2.463645417876087 2.3706628916878105 2.55401966838386 2.624771522775459 2.589503059013933 2.426858491049907 2.411200700732975 2.491595208092649 2.5377634779940843 2.3321485513582836 2.491038163706283 2.620256674816939 2.514847743042852 2.829574628120801 2.4746353263678813 2.5124651347434517 2.6714136366776313 2.2750461187447235 2.503477033762852 0.04729043183250836
0.38558067790659056 2.829538588680595 0.004091644775801256 0.11132987329094861 0.17601816178250868 0.010882765047998235 2.6040710990502527 2.546220500697322 2.4498152514589067 2.6389591873389375 2.7130612903582216 2.6756427284537305 2.5076125825243256 2.491334520710971 2.5746200687811274 2.6225820136264173 2.410213001438383 2.5744779326034983 2.70806981487814 2.5991638469801477 2.9243794302185013 2.5575982635763963 2.5967168866410444 2.760969387331934 2.351346751163456 2.5873370012372643 0.04786899307259532
0.40055538361634235 2.9657346828742184 0.005057386987207194 0.10420664215532152 0.17971648336178117 0.006361452342981942 2.5065795157754036 2.4509767831848093 2.358554823642764 2.540960600249295 2.611014404076042 2.576132899130284 2.4143153178877332 2.398749800619329 2.4786998898896884 2.524594194857171 2.320031866627171 2.4780861969505903 2.6066258733461587 2.5017616302188936 2.814852924941902 2.461758188451019 2.4993882047653573 2.6575104826252183 2.2632053900948303 2.4904583865850776 0.047350678468463824
0.3955005957777008 2.945850091016207 0.0056596476226463575 0.10558557336883853 0.18760550986109412 0.0027386015052102302 2.538676420048208 2.4822359473829083 2.3884860597715534 2.5731469346470957 2.6446111358220388 2.6088916519092207 2.445036353621341 2.4292472619111827 2.5102898537959777 2.5568564703459957 2.349719480317761 2.5098186857900666 2.6400211589287994 2.5338247211963414 2.8509149865351886 2.493308648557497 2.5314279283620573 2.691571022155898 2.2922189753641065 2.522352731256541 0.04724083533672115
0.3911520766733677 2.8497494040838864 0.005107399889090656 0.10801678304649012 0.1865190839485889 0.006054649604934915 2.5669118054283437 2.5100334112768268 2.4151773394173155 2.601720046112617 2.6741216058896162 2.637730475792864 2.472058777242608 2.4560450839001993 2.538055351589188 2.585228311662897 2.3758382127181563 2.5377348700163265 2.669398518395465 2.5620350874880944 2.88262562346216 2.5210672807567605 2.5596179392034566 2.721531900460554 2.3177526061717613 2.550410677412644 0.04744875660387374
0.38736744367899517 2.9504088410274454 0.004449358041643436 0.11000296828019072 0.14726072881728763 0.004328758279375986 2.5921237395294714 2.5340158145152034 2.438019877772918 2.626522674587018 2.700373190756089 2.6633277037518126 2.496141584616986 2.4800946470571295 2.5629489906341223 2.6105951912587377 2.3991749716069766 2.562666771726474 2.6956228444603494 2.5872162428404186 2.910932277061146 2.5458535486606406 2.5847773425795886 2.7482703125086174 2.3405413911449164 2.5754674064700525 0.0471080732162227
0.39604840165380145 2.904770381782682 0.005748301877924236 0.10535039547463909 0.19457295118789977 0.003567417662788754 2.5351365394979526 2.478948144717104 2.3853776469315733 2.569736541197962 2.640881964823148 2.6052941298048906 2.441650467591672 2.425870812672397 2.5067943436618982 2.5532930035196264 2.3464456527921844 2.5063183978490238 2.6363363448343935 2.530289396423185 2.846930422524761 2.4898301514710344 2.5278959180371987 2.68781292129456 2.289023957638624 2.5188352847939104 0.0473097230416103
0.3980003849990896 2.966309487600281 0.005824775967729866 0.10440540743399303 0.1973968057233257 0.006762778683355659 2.5227057022173955 2.466644122415728 2.373546044964387 2.55709760870817 2.6279242527267184 2.592593593165055 2.4297530816336934 2.4140709819627535 2.4945690739350397 2.5408023828520885 2.3349462509365666 2.494028458630693 2.6234037828127517 2.517869923144569 2.8329720048867824 2.4776091828427806 2.5154853617522255 2.674623687689263 2.2777818825825786 2.5064830139220433 0.04738205736061631
0.3751440429151009 2.7220684163240656 0.004382802854271002 0.1156311854081452 0.14963724395923067 0.004380721163265348 2.6766491878497276 2.617073320771819 2.517731130663421 2.7118993019194364 2.788717472944208 2.7495783414418145 2.5769796632291246 2.5603077685392788 2.6460678863536757 2.6955286543523047 2.4773754834425 2.646248215046644 2.783565012307249 2.67166569872489 3.005852869710058 2.6289557110643456 2.6691620500564186 2.8379504824439787 2.4169746194770605 2.659460169763908 0.047508969310590315
0.3958350289192973 2.9372152773990163 0.005860382977738008 0.1052687003451867 0.19176797934976322 0.0020019047985561974 2.5365214416039237 2.480174095243701 2.3865190648250403 2.5710157022224323 2.64237241824553 2.6067005436373254 2.4429775873687865 2.427193926987705 2.508163834899382 2.5546886826629676 2.347726330272103 2.5076878596725316 2.6377786294267627 2.531672428578493 2.8484910303108815 2.4911904309234556 2.5292774040073707 2.689283756445451 2.2902727296819085 2.5202111721676537 0.047309417960251586
0.35620998390701497 2.7775474479553095 0.005847017325652927 0.12288763891717935 0.19363042423689775 0.005407312383954181 2.8193180388938073 2.7555923292791666 2.649989991435106 2.854125982540453 2.9378245860611854 2.8948292315204998 2.7132993179260274 2.695661008961145 2.7864277041640984 2.838983319594027 2.6093443565363432 2.787339641501555 2.932115692921792 2.8142531384861975 3.166277517855358 2.7691993938684223 2.8116025162714666 2.9894080563294994 2.5458997574899436 2.8012077052088626 0.04825147108256415
0.3865836999453659 2.823328567892313 0.004709395400317968 0.11029924170686023 0.16137043199790607 0.007740206514895667 2.5972991559262404 2.5396658844386213 2.443554232505534 2.632212482351059 2.7059396941223524 2.6687346895014574 2.501131398025568 2.4849003118343274 2.567952432615309 2.6157704506971142 2.4039457321777893 2.567779046619011 2.701018124303773 2.592393671783381 2.916766532281301 2.550938797683908 2.589953128942245 2.7537792875338796 2.34522248661338 2.5806063991274497 0.04749123000742198
0.3993742976345308 3.0316611306357664 0.005754114910743355 0.10385651041739151 0.1933244706019538 0.0029929843510616435 2.5140381738279642 2.4579874804201873 2.3652088020304145 2.548225308761454 2.6189083913967077 2.5837356759919756 2.421459447650762 2.405849605117497 2.4860513820621137 2.5320970756261603 2.3269293186979976 2.4854598599040525 2.6143879170216953 2.509210921139864 2.8232404419667416 2.469087196602856 2.506831304874929 2.665427134797147 2.2699414721441826 2.49786893763583 0.04719486107808598
0.40502400220883034 3.101673193757346 0.00568742556217713 0.10168695187883992 0.19835176222308948 0.005192155722996066 2.478925739771604 2.423636437752512 2.3322871122892335 2.512889462987667 2.582166847179159 2.547878194047987 2.3878423334630776 2.372493444766812 2.4515015678645358 2.496807763818974 2.2944520390038456 2.450746724197413 2.577857200646438 2.474135151475992 2.7837967647737027 2.434571412567305 2.471779750575011 2.6281675841259706 2.238197017923068 2.4629770895198817 0.047256271497361314
0.38708720694087034 2.8154550119650965 0.004576058083571836 0.11025294101627406 0.15247791029876534 0.004721704550348048 2.59390920127412 2.5364042539433003 2.4404457943861573 2.6288545965799512 2.7023600103213274 2.6652776016212942 2.497887237860933 2.4816821720908906 2.56461811201051 2.6123631142045847 2.4008108525531995 2.5644273879642796 2.6974900456621658 2.5890069131790043 2.912955336329983 2.5476064087636487 2.5865686143799294 2.7501802984669332 2.34215843091494 2.577237240124136 0.04730476512855843
0.37836417782883064 2.7393287944820157 0.005707928745040443 0.11293000643781405 0.19842459804792809 0.003291588966859107 2.653808751424956 2.594955485164186 2.4965581381735253 2.6890913437279234 2.764827744301148 2.726355542063312 2.555162632676891 2.538560333795207 2.6235584655195083 2.672571487483059 2.456220158943695 2.6236548143416543 2.7598236838656325 2.6488546457181252 2.9802588622935064 2.6064925273117225 2.6463671881869453 2.813747083125328 2.3963076346527354 2.6367574426464233 0.04758015222392108
0.4004555243108911 2.9832438327286974 0.005511106569017502 0.10376250305477015 0.18410179217321593 0.004058273564072272 2.5072139545093304 2.451531271169192 2.3590703391262204 2.5415419416214298 2.6117025533485134 2.5767779996165543 2.414923767682383 2.399355588979612 2.4793266070631317 2.5252329077581823 2.320617912604077 2.478712825685924 2.6072857624517423 2.5023943748967357 2.815566940495984 2.4623806363346903 2.500020357296556 2.6581835883684635 2.263776840538106 2.4910881925718855 0.04723341370690741
0.3760008484618924 2.737648623491234 0.004465597672893885 0.1151916943593708 0.18006963673678567 0.00843322644530096 2.670528503458633 2.6111935468260765 2.5120909569789096 2.70580265048626 2.78232344080374 2.7433861542663114 2.5711423234974133 2.5544453955571242 2.6400179113705615 2.689381258690394 2.471690776789298 2.64019100012992 2.7772245589035967 2.665561485472697 2.999045893078853 2.6229318789857663 2.6630596110198534 2.8314906860171254 2.411422833493671 2.6533733997787787 0.04789340570397742
0.3937968582961794 3.022694314345031 0.005963566280055773 0.1058134632658024 0.19984393546730092 0.0019041078095644016 2.5497412474052426 2.492593418522172 2.3983377861895794 2.5839184239632607 2.6560628748649306 2.6200884039353696 2.4556004101227478 2.4398383191420705 2.5212406930769347 2.567994802225712 2.3599751240186277 2.5207644132196663 2.651520267026598 2.544873764515033 2.8633079152805103 2.5041905972928347 2.542467532586236 2.7032904877374793 2.3022306209200054 2.5333522368947343 0.04724419446687857
0.3896477049487873 2.8464539049335853 0.0036923882115780108 0.11004545346031797 0.11204200585458035 0.005107975158684706 2.5768420524835185 2.519697727402765 2.424426476746693 2.6116671752390084 2.6845226682124532 2.6478623577160243 2.481561163722801 2.465478320966135 2.5478292196473573 2.595211356261257 2.3850240804332823 2.5475530525983836 2.679731975964002 2.571955942456529 2.8937825347283064 2.530828328144528 2.569530308825229 2.732069389679784 2.326728008826865 2.560277976918848 0.04716857643813627
0.397126456797691 2.9530006645624414 0.005319112079600643 0.10527771220137791 0.1943705715353436 0.006827230730194865 2.528262328997014 2.472091137102071 2.378770237165875 2.5627002321794663 2.6337320687838837 2.5982674931139087 2.4350720959415373 2.419349454929848 2.5000375386228217 2.546388152520079 2.340087279946493 2.499523038759067 2.6291862055234634 2.523422325027238 2.8392140773054857 2.4830722480846608 2.5210333276315327 2.680520453049619 2.282806656276039 2.512004741911672 0.047408165640147146
0.38884966014427386 2.8305311372983812 0.005991378440240691 0.10809389913838746 0.19993023639780708 0.0021185212833390514 2.5821343529123237 2.52490141368424 2.4294233033571655 2.6170188188385937 2.6900519592207197 2.6532653167087803 2.486623890363608 2.4705001585610438 2.553031875844347 2.6005275839965813 2.389918424563935 2.552784792746498 2.6852371978397227 2.577242530000594 2.899726350490348 2.5360309372207572 2.5748137909006625 2.7376849959675105 2.331513810757407 2.565536464572443 0.047429108859523526
0.3988767503604382 2.960420536036247 0.004828270371964004 0.10508710206636111 0.1621537811959612 0.004798831923304164 2.5171481840188177 2.461265484758377 2.36840510942447 2.5515550783553542 2.6220887381408455 2.5869225769903834 2.424433447391375 2.408791560439569 2.4891012497110743 2.535217368384047 2.3298072347336563 2.488534662322743 2.617621891054778 2.512319014227409 2.826726460613394 2.472146576041419 2.509937822391188 2.668725391299373 2.272758700733686 2.500960197618805 0.047210538316136426
0.3598949551321511 2.607879750556838 0.004641300930170377 0.12261176651249898 0.1863880684476153 0.006678230628460909 2.7902497149109085 2.7280454557215883 2.623998481628202 2.8259547567860235 2.907649051376826 2.8653822841719867 2.685541438432323 2.668037247198752 2.7577761704790857 2.8097164727471666 2.5824518654797015 2.7585823166322183 2.901822566295724 2.785193317384512 3.133537247476364 2.7406299351663295 2.7825809801857053 2.958530166026867 2.519653531125085 2.772330600088396 0.04845267860267668
0.38136003745640507 2.7571632608089263 0.005223790919132258 0.11210001044010123 0.1757346307941675 0.002998679144149721 2.6329191972297252 2.5745557664254304 2.477012979765991 2.668099172633456 2.743149308348492 2.7050767462301035 2.5352003272417214 2.5187146397492435 2.602993962413777 2.651571510875732 2.436897430327582 2.6029988806617297 2.73808410987568 2.6279842255465766 2.956776935994043 2.5859562174277473 2.625514043337019 2.79157635780498 2.377427472910509 2.6159996814642374 0.04745350843311121
0.4023827321246692 3.045492801140128 0.004205093877016832 0.10424219779197619 0.1519539883653574 0.007784243685625228 2.4952072725938916 2.4396460562963256 2.3476473747696796 2.529341284698775 2.599178859469241 2.5645096636122204 2.4034307678370697 2.387958351702529 2.4675203334683307 2.513170671760347 2.3095130848323753 2.4668441210143928 2.5947967391945883 2.490400977393844 2.802085377707933 2.4505778849892317 2.4880344980502165 2.6454449909342896 2.2529194221543367 2.4791576324458293 0.04730167809512412
0.3812737369767804 2.8388141335860215 0.005959982621985434 0.11117401259387515 0.19035464770160934 0.007988071197435047 2.63357716517045 2.5747980351051725 2.4771464183831235 2.668407480014367 2.743734946658917 2.705657810320761 2.5357911742374726 2.519395926088827 2.603682644345505 2.652240969580647 2.4374998020284018 2.6036515135265073 2.738765383149 2.6286284546040997 2.9575536119471204 2.5866016887904983 2.62616066717745 2.7922798091348886 2.377999783114003 2.616658162698285 0.047613898040381214
0.3908069253237354 2.8423581362301777 0.005327637312432987 0.10794772582470084 0.17918022102349218 0.00377066332999856 2.5691801390536764 2.5122667057833343 2.4173222613699834 2.6040162831112 2.6764923208817373 2.6400474897774044 2.474229273589596 2.458197655579248 2.5402857208368745 2.5875071734823285 2.3779357379974733 2.5399767573406313 2.671757940129509 2.564300511107679 2.8851729884465676 2.5232964982222086 2.5618817378978447 2.7239383221922293 2.31980281210949 2.552664238196974 0.04732403599375059
0.40248018339685726 3.0190276206841062 0.005517170061110146 0.10293278534272933 0.18900781397446717 0.005415282744901608 2.4945911119422064 2.4391401471138585 2.3471834326820993 2.528801101790108 2.598504796315198 2.5638844258862292 2.402838972012088 2.3873671038886117 2.4669084569864683 2.5125476937641524 2.308942234557236 2.466233704977748 2.594153490315352 2.4897845303552755 2.801389006694229 2.449972077634536 2.4874191662555623 2.6447894651918507 2.25236375502688 2.4785447530631366 0.0472804323658498
0.39466017913447055 2.9074379043996874 0.005043016080404408 0.10659232557143875 0.1818799587497347 0.0062297746957821806 2.5440740614258313 2.4876226004952398 2.3936745838876865 2.5786703897705023 2.650254424385603 2.614413858026974 2.4502049812829996 2.434362742516742 2.5155911539825575 2.562277810488827 2.3547131815519506 2.5151555520291655 2.6456369016050423 2.539218741641149 2.8569735795478715 2.498616157733016 2.53681837754031 2.69729825345707 2.2971033286157487 2.5277169033761164 0.04737606298589715
0.37855714866195306 2.740202795976866 0.004833844634035283 0.11372070548987558 0.1654310473451074 0.004381329743397364 2.6524532996615537 2.5936333539988397 2.495292291655528 2.687731819555556 2.7634100666861907 2.7249735790863943 2.553866779045866 2.5372741867395185 2.6222257040168953 2.671209616638325 2.4549667304319405 2.622314875540117 2.7584133626080334 2.647500486912083 2.978736151404864 2.605160141316952 2.645013979979618 2.8123086460824496 2.3950821801243807 2.635410876184764 0.047491870665793544
0.3980986236552088 3.055646602246872 0.0057797811966203245 0.1042894962462921 0.19485435521119693 0.0027120260338752353 2.522134541397014 2.465721989587417 2.372598957049505 2.5562342970102025 2.627299789320941 2.591957496644758 2.4291990947510973 2.413576166938194 2.494045960550565 2.540241840897884 2.334429264972298 2.4934681516016126 2.6228040393708567 2.5172971345749926 2.8323107299987167 2.477049223772097 2.5149110929806566 2.6740056763435227 2.2772665894701665 2.505916681746443 0.047176011270800615
0.3922351116316377 2.8661861709795904 0.005736734600363242 0.10692657785882688 0.19864045201484545 0.003912547595121806 2.5598171878668436 2.5030768361336526 2.4085035972151894 2.5945640196993516 2.666707472719964 2.630488308967102 2.465270160472613 2.44930894712815 2.5310760937547174 2.578097926257466 2.369274805150592 2.530719646266454 2.662016169950141 2.554946354900558 2.8746563062601433 2.5140921091465547 2.552534617286154 2.7140032631640265 2.311337328416675 2.5433602875404486 0.04735939491812208
0.383454790321912 2.7701751787745192 0.005273240525982724 0.11113759727712588 0.19515428445380237 0.005787250451211374 2.6185139107682627 2.560500730375216 2.463556337330047 2.653647293419047 2.728018119234552 2.690373487045998 2.5214156246164734 2.505044577544948 2.5888259627103376 2.6370919944462856 2.42357081335156 2.5887555655419323 2.72309285782272 2.6135897453512924 2.940599102894078 2.5717954720829708 2.611132241951302 2.776290753486545 2.3644029790569228 2.601686788540339 0.04759446416582121
0.39235583908971844 2.8346116586496 0.005665429988887606 0.10700930985186229 0.1927877302202154 0.0032905375650845244 2.5590121508406365 2.502413647214979 2.4079049200981943 2.593870721677239 2.6658193821719163 2.6296750535788074 2.4644990956587804 2.4485379537348786 2.5302783130800157 2.5772856091262204 2.368531131467843 2.529923859626262 2.6611770035980893 2.554142568917395 2.8737459356698754 2.5133019896304227 2.5517318273515506 2.7131471106949414 2.3106128304777185 2.5425606653249218 0.047382958956952236
0.3973437979462099 2.9463883350776645 0.005371419542762214 0.10515299042244872 0.19913080097849897 0.006695529624168109 2.526873253966296 2.470765904565547 2.377508204944389 2.561331365655199 2.632270079292689 2.5968515649543686 2.4337423117860775 2.4180281435197757 2.498669182368535 2.544991268413329 2.338802543995756 2.4981496473990688 2.6277407732719853 2.522034916658217 2.837652374267148 2.481707010179974 2.519646983125216 2.6790461899141285 2.2815516975322065 2.510624386051379 0.047430549957214095
0.39519564276554825 2.935028233616466 0.005131013666031722 0.10623995639579423 0.18854317732300607 0.008866781536019303 2.5406325148338307 2.4841765524437798 2.390349924437452 2.5751354392473775 2.646681669551879 2.6108959173334503 2.446911850501945 2.431097803599113 2.512208019126235 2.55882078416 2.3515293182307553 2.5117533534794463 2.6420574330964683 2.5357806487005146 2.8531120013951066 2.4952329452238513 2.5333828825744464 2.6936482913173134 2.293990440723556 2.5242978588367166 0.047533287827969554
0.3900256807323447 2.855823412808106 0.0051013101171856244 0.10846403781888447 0.18395568305921497 0.005759472032207243 2.574347202586162 2.517240540767566 2.422070174254812 2.6091471036298444 2.681847941813572 2.6453014766056597 2.479165039304257 2.463118127047962 2.5453820082863023 2.5927049936543396 2.382714873222707 2.5450861559377174 2.6771360370295185 2.569462370713625 2.8909858453363495 2.5283760496640766 2.5670392747535686 2.7294236761258417 2.3244705962992076 2.557799333174608 0.04740848858576699
0.38975474748332306 2.8132061880466144 0.005785213165815985 0.10797009249448992 0.191652701130772 0.002067401359646446 2.576115772125125 2.519120929652704 2.423914212970948 2.6110632303309504 2.6837183241073532 2.6471314166639868 2.4808652623210765 2.4647798080582284 2.547106281289608 2.5944763960623507 2.3843519271402167 2.546834099136073 2.678974101250664 2.5712304423373857 2.8929606003747006 2.530115404603522 2.568806485715599 2.7312973032768233 2.326075488846059 2.5595561249710777 0.04744427742114966
0.3953452074503523 2.8849045380639886 0.00509331218427224 0.10631232634996522 0.19127049506567 0.007143801293800289 2.539645267123559 2.483403115343063 2.3896603940977794 2.5743151661258548 2.645583241245888 2.609899814729428 2.445965236097745 2.430150238843275 2.51122831650312 2.557823881283586 2.3506171295439158 2.5107769812465253 2.6410282811366375 2.534795173277197 2.8519949137530918 2.494263768947715 2.532398465451998 2.692598090001908 2.29310243634632 2.523316495085629 0.04750739751432335
0.3822114568438701 2.788734635271238 0.005454545593597754 0.11146315979550019 0.179407917855649 0.002488061368948892 2.6270651003372283 2.5687535547979974 2.4714353414802557 2.6621476153251575 2.7368602019163633 2.6990664050132556 2.5295833279725035 2.5131887211497914 2.5972616713396945 2.64569556743197 2.431482082070361 2.5972117333635065 2.731993076123447 2.622132779061303 2.9502132284778697 2.580201763771519 2.619667278955659 2.785366386737094 2.372128486379017 2.6101840333745527 0.047417718253109885
0.39378628979097147 2.905884861601971 0.005834542076171441 0.10614801897481384 0.19676841511203969 0.003149142975862164 2.5497331340935334 2.4931300268239993 2.398948453921068 2.5843433915315104 2.65614638033096 2.6201821111722707 2.4556160257897277 2.4397434594624197 2.521164388436397 2.567966596960351 2.359946578207393 2.5207497940930077 2.651524600207418 2.5448709494762896 2.8633333680613267 2.5041783840352205 2.5424664006255555 2.70330349398296 2.3022168995016323 2.5333398991846896 0.04729601137194316
0.39094230398098984 2.8706203091433986 0.004929582597754102 0.10824136400368689 0.17279040575376098 0.0055042672094285155 2.5683043194196764 2.5113096306398215 2.416377936117287 2.6030445658164925 2.675567878337146 2.6391385847235926 2.473386797762461 2.457377670424734 2.539434491667292 2.5866313091927893 2.3771253168955666 2.5391114568698594 2.6708483031416153 2.5634251688911083 2.8841958768130906 2.522435192077006 2.561006598760704 2.723010853461975 2.319007483136048 2.5517943337148448 0.04733524980422492
0.3888598053707971 2.8464765391228575 0.002529975171265818 0.11152434481193743 0.05935317804257401 0.005390217825442902 2.5820745757888 2.524781043127382 2.4292890205004776 2.616899920431402 2.690013540859831 2.65320067442079 2.486567899061257 2.47044822480463 2.5529785453171954 2.600471396675116 2.389864264300266 2.5527268014189257 2.6851771749707796 2.5771834556836515 2.8996626990161554 2.5359715936912823 2.574753109634666 2.737621920907775 2.331456454422352 2.5654768917241912 0.04708784501492202
0.39223121634419617 2.8770887713065796 0.005767319960193544 0.10687863254656524 0.19604783625903266 0.0033752778718911156 2.559848156350734 2.5030654448290792 2.4084808714276047 2.5945567482167196 2.6667538088545117 2.630517150032762 2.4653002111660687 2.4493409219962436 2.531108792343136 2.5781302235101156 2.3693032467932067 2.530750267164842 2.6620487276796783 2.5549769892123413 2.8746927193859153 2.5141221022027915 2.5525650807186757 2.7140364760464344 2.3113641184234135 2.5433909373596038 0.04732533618512503
0.3916283548142053 2.8946141160260686 0.001428273449242126 0.11143195726114233 0.01437603018913532 0.006312379176826964 2.563805304382098 2.5068428060108188 2.4120759505574454 2.5984539539381806 2.670923734171302 2.6345507576759477 2.469088869631811 2.453106416799995 2.535010236516277 2.5821129760442956 2.372965748487275 2.5346647643902425 2.6661692663534433 2.5589317073613826 2.879142749186489 2.5180118977998602 2.5565144835400346 2.7182360162244565 2.314937512766959 2.5473212577263693 0.047073198087695986
0.3961182833858317 2.9549435811057903 0.005676592430013543 0.10530282809247526 0.1785672233253254 0.004472600374864357 2.5347128508262533 2.4783511839388983 2.384757991196245 2.569148182629948 2.6404972171552945 2.6048503755251495 2.4412462998725326 2.4254776279159933 2.5063850080201555 2.552870926071757 2.34605208603507 2.505899063032701 2.6358963209306494 2.5298642168170544 2.8464613451077563 2.4894115530746883 2.5274707713301203 2.6873647509322436 2.2886354800520605 2.5184140321091517 0.04720968330231901
0.3835512217992032 2.859702537761585 0.004085534048363061 0.11212448965827655 0.1265601796605228 0.0038229661301431178 2.617916818234803 2.559498847667966 2.46250055945604 2.652687148444638 2.727285082608933 2.6896731640617837 2.520818196888398 2.5045614404901193 2.58830592800227 2.6365119131492323 2.423031601791654 2.5881694364799226 2.722463098466703 2.612987352237145 2.939910799022775 2.57121063471462 2.610528889296495 2.7756434003897814 2.36386075070099 2.6010970402229434 0.04714887228498136
0.3937311461014078 2.8885636046215186 0.0056968856894534835 0.10633699536389578 0.17998248843995485 0.001978921527711561 2.5500809493221688 2.4935310139693465 2.3993470453777745 2.5847452831204873 2.656529371501878 2.62054878298494 2.4559536894785325 2.440065379580466 2.521499213641388 2.568313568376301 2.3602687776494338 2.5210934556406883 2.65188561332282 2.545218793886248 2.8637195401783853 2.504520492130539 2.5428142096902757 2.703671371424067 2.3025337356189612 2.533685446379794 0.04732187299192193
0.3951477169725212 2.914910759492689 0.004914429545834445 0.10651592644125524 0.18773895883371966 0.007819952198112972 2.540931490610995 2.4845417679169732 2.3907192008855302 2.575501254085019 2.6469706364554186 2.611205683556018 2.447197582913091 2.431378513972701 2.5124997356682055 2.5591200402270458 2.351806645489437 2.5120490358033143 2.6423681094243796 2.536080021873441 2.85344461390966 2.4955273875505566 2.533681912451594 2.693964521164747 2.294262634819352 2.5245946029372845 0.04750503985912498
0.3876286574290081 2.8309346934088966 0.004388532780797308 0.11019126904623139 0.1575034608557918 0.006502063545697935 2.590285549680748 2.532820144035786 2.4369972246509857 2.625169395522756 2.6985990227829952 2.661579562267207 2.4944226052510707 2.4782422926184844 2.5610538950118937 2.6087223345550443 2.397459121868862 2.560845127092251 2.693720715419164 2.585387299082552 2.9088867485746395 2.5440443242616424 2.582951701535635 2.746336299793967 2.3388823869355693 2.5736367558194932 0.04740367820837647
0.3917584070319335 2.866936156751114 0.0049862751474034385 0.10786792243908797 0.1996885086010142 0.00857188355882536 2.562938088490114 2.5061066879579474 2.4114012296349925 2.597683707952078 2.6699794106478514 2.633672194889701 2.4682569805676615 2.4522744308009488 2.534148709414599 2.581236781400646 2.3721631950887003 2.5338071666156394 2.6652659799520464 2.5580665192133965 2.8781653587650453 2.5171616913517623 2.555652117529922 2.7173173204556442 2.3141601854309664 2.5464628343819427 0.04766969916635919
0.38800304598957663 2.821438960741721 0.0058703595479546265 0.10857709769504743 0.19495758463849067 0.0020789143301415416 2.587777980147824 2.530424548510054 2.4347213046959406 2.622704232513275 2.695907920687855 2.659016572807369 2.492018158578198 2.4758643772686875 2.558588848233472 2.6062007736626263 2.3951390781053465 2.5583652038638487 2.6911094008421403 2.582880464787921 2.9060679798900924 2.5415793055231903 2.5804473457268062 2.743673770368412 2.3366149798725844 2.5711448205506 0.04743167386942931
0.38511665758538693 2.7850255690713728 0.00466899073356459 0.11101472097216308 0.1745699319698211 0.008988989853163253 2.607193772287935 2.5494342025202905 2.452946047227523 2.642255842090383 2.716260763113693 2.678838410566348 2.5105960706759993 2.494287899930476 2.5776811777110176 2.6257129020856222 2.4130996662613042 2.577562923926834 2.7113142761234994 2.602281217426442 2.9278790673641653 2.560667523653154 2.5998329983359856 2.764279028416038 2.3541715960894094 2.59043915669765 0.047709653323939734
0.4071995283997962 3.132164716063203 0.005523396336969469 0.10100656433785536 0.17719054764033074 0.003037009591175182 2.465666812193423 2.41065390544111 2.3198434241231847 2.499537109646056 2.5682930728067452 2.5343347672762087 2.3751460629617878 2.359897392239245 2.438455854333602 2.4834826886173147 2.2821885511554023 2.4376387755937445 2.5640628160469965 2.4608900061770362 2.768901404452346 2.421537501618278 2.458543230718799 2.6140970964641275 2.22620903229725 2.449801035556103 0.04716152838176921
0.38927703327007523 2.8382971784232915 0.004582084839267695 0.1093156489207045 0.16103935979832482 0.005866551343098992 2.5792970551157386 2.5221133980960033 2.426746781041958 2.614151369198427 2.6870898934602394 2.6503687447145006 2.48390945935657 2.467807022413259 2.5502416829407224 2.5976770634661945 2.3872945631594407 2.549980281247576 2.6822859326046085 2.5744085993680756 2.8965402754255587 2.533242148344803 2.5719817350047727 2.734674862155086 2.328948697553805 2.5627176343845246 0.04736318250637018
0.3824354520510389 2.7991005841294285 0.004912186261971297 0.1118917895824191 0.16853684941921665 0.003992775141241286 2.6255269626539497 2.567195390326324 2.469924951775863 2.6605466071123023 2.735364669697202 2.6975059322908286 2.5281221318407088 2.511722940788179 2.5957428683876524 2.6441483469614386 2.4300619046068497 2.595691814434914 2.7303904672622976 2.620596343586683 2.948474167285503 2.578689920505376 2.61813203498587 2.7837302608267476 2.370741368258262 2.60865564011042 0.04737328818857839
0.391028490783243 2.869570037010318 0.0013375397653679066 0.11180498277778499 0.010072125812944558 0.006286159617762899 2.567734171975509 2.51075699128579 2.4158472001512097 2.602472129199943 2.675013886527514 2.638566054414409 2.4728478111421457 2.4568324983851766 2.5388715542534674 2.5860595918907427 2.3766001336603924 2.5385489583757868 2.6702565939024407 2.5628572838468733 2.883553088482238 2.5218746793268445 2.560437275069071 2.7224043911822022 2.318491331203155 2.5512250710162263 0.04710721867386515
0.3918382043279849 2.8806682715018983 0.00526899448110827 0.10752728012378708 0.18649839404646837 0.0051792439762873435 2.5624245282829445 2.5055577915825955 2.4108645679677356 2.597127424919984 2.669415662777133 2.6331369250747136 2.4677603793752723 2.4517946567072104 2.5336500310035017 2.5807218245955226 2.3716863903530396 2.5332980249565233 2.6647302641012245 2.5575508244907987 2.877590686164374 2.5166550498456943 2.5551367532289158 2.7167714322660546 2.313691651303981 2.545951555457537 0.047352262228875404
0.3936836151824247 2.911679635361446 0.005738157726384581 0.10627702999756017 0.19691469958857202 0.003275996577413607 2.5504030904341897 2.4937592217400493 2.3995457079472344 2.5849960648372146 2.656837934517339 2.620861087288977 2.456255444264188 2.440383662941269 2.521827221642363 2.568641416310187 2.3605663805857215 2.521412485838308 2.65222218492754 2.5455402283467663 2.8640879137124693 2.504836984752523 2.5431349765516704 2.7040148751030677 2.3028216149163523 2.5340057167899643 0.0472948160823313
0.4000147286646534 3.180182345494202 0.0015415832794179664 0.10760711379472418 0.02117247242435665 0.006688874151034443 2.5100690846507967 2.4536021649927933 2.360912975730104 2.543838116551283 2.6148852095519146 2.57966565757841 2.4176685530326916 2.4021061055268755 2.4821704344567754 2.528122528918878 2.3232579582693704 2.4815378333163656 2.610265234869526 2.5052457432046515 2.818800422218157 2.4651819477226904 2.5028654576988605 2.6612198299440784 2.266339972419819 2.4939225127976905 0.046902355838997926
0.38892016357552744 2.8323266401595046 0.00576114984760312 0.10829210268768709 0.1919523039406786 0.0024325068863899533 2.581666056406074 2.5244397353765518 2.4289794758577936 2.616544048294343 2.689563223942537 2.652787153209158 2.4861756745447456 2.4700557155249374 2.5525715136857854 2.6000571611030474 2.3894850658400584 2.552321681549301 2.684750181827458 2.5767746834863288 2.899201094762222 2.5355704275407795 2.574346224334186 2.7371883603187794 2.331090083787238 2.5650710913476202 0.04738384380465334
0.3920255273188306 2.857471700838475 0.005325882843723176 0.10743724039875888 0.18124795696157292 0.004032148162452863 2.5611843080551178 2.5044385574424917 2.409816103698036 2.5959628429847235 2.6681277952379814 2.6318853244212526 2.466578193430728 2.450606093311433 2.53242030181499 2.5794715483130126 2.370539675987959 2.532071427119193 2.6634384896958694 2.5563122959582074 2.8761912373611875 2.5154362744702885 2.5538995106885385 2.7154536732168695 2.312573766295318 2.544718915543736 0.04732141896525024
0.4063258523087099 3.241770729566612 0.0015097807610598695 0.10519116624642037 0.02129585228597787 0.007044544029758852 2.4710234990689384 2.4154854735672275 2.324409642513403 2.5046238742743796 2.5740009582024337 2.539795045961041 2.3802829885599888 2.3650076322736964 2.4437460086466722 2.488877878519034 2.2871433645812513 2.4429363678111597 2.5696414429817054 2.4662412151557938 2.774933925130922 2.426800527487803 2.4638879095665267 2.619784964765041 2.2310415733883997 2.455122146616121 0.04696380465569159
0.39977343775292845 2.977205130732959 0.005419393984633181 0.10412342343425425 0.18434794155900563 0.004578114868436638 2.5114979792247727 2.455715337876712 2.363079282866991 2.5458479936692058 2.6161871331773017 2.5811522312323736 2.4190249516916165 2.4034251767222603 2.4835420316985397 2.5295386890156117 2.324580510259634 2.4829482964250835 2.6117431454579925 2.506674175876087 2.820379812398665 2.466591970376722 2.5042971188786143 2.6627298157370354 2.2676499755384487 2.495345342037739 0.04725084279193845
0.39449730119365495 2.919852325003978 0.005419185297913923 0.10626056336166964 0.17474195018211286 0.0027115264485928258 2.54513286789619 2.4886058242223554 2.3946029045277792 2.5796886663704885 2.6513814167205436 2.6154924225932508 2.451219226559397 2.435371318053907 2.5166355102378564 2.563343126128594 2.3556917387447736 2.516201648031504 2.646738381225449 2.540275416964201 2.8581643545540847 2.499655695968452 2.5378740620124574 2.6984216429744663 2.2980582603675543 2.5287683612007097 0.047227746553841425
0.38415905610420903 2.8107716390316586 0.0031215545773053293 0.11294031408794508 0.08842910634792088 0.00521273029627639 2.613724936618068 2.5556760412927275 2.458888656734824 2.648692404992457 2.7230675979683934 2.6854775029566964 2.516840166671683 2.500511368365107 2.58412672342963 2.632285592195244 2.4191449156639826 2.5840227627229364 2.7181099925163155 2.608805304926644 2.935214057028323 2.567087430639188 2.606349945159489 2.7712058513643747 2.3600716920984244 2.596928300166519 0.0471686508697613
0.38996845551166104 2.838748424339547 0.005729768528065111 0.10788930568615951 0.1956646882764551 0.003248114936706746 2.5747145082788143 2.517658473109936 2.42248474770862 2.6095658322768225 2.6822866986087277 2.645693940201519 2.4795247307489174 2.4634541479906815 2.5457315438269115 2.593069948824549 2.3830551474720902 2.5454488018918613 2.6775165967489216 2.5698296833837406 2.891390507500189 2.5287370439316863 2.567406672872061 2.729811206837671 2.324806108507798 2.558163574676172 0.047372635112794
0.39452021157454364 2.9025826372007453 0.004614916781245924 0.10708412735566278 0.16999164715384177 0.007111553023206354 2.5449758542362235 2.488517598364001 2.394535635878907 2.579589347194842 2.651194895219811 2.6153356733057382 2.4510680769552993 2.435218445069457 2.516478015947665 2.563184233668811 2.3555475996919903 2.5160473750835672 2.6465756713255537 2.5401202105031304 2.8579868092556326 2.499503008346687 2.5377191185645604 2.698255624640281 2.2979191419983063 2.528613311134482 0.04740740411944661
0.3812823629419253 2.751228441076063 0.001479965683156972 0.11588710791004167 0.015050621963850165 0.005861898687613568 2.633454893600946 2.5751020077623505 2.4775471124548356 2.6686656087393907 2.743657495237145 2.7056176216248518 2.5357076351528067 2.5192288721379055 2.603527089107224 2.652112113956214 2.437393901305419 2.603529518057549 2.7386426076428396 2.628519639360413 2.9573821811085987 2.5864830992710415 2.6260475302301876 2.7921443475145122 2.377908342458587 2.6165305749753163 0.04725037667320535
0.39080280386150534 2.8576487679956943 0.002248693175618885 0.11100476050602713 0.044631387784566434 0.0053083819603651945 2.5692145882316435 2.512241525304941 2.4172807798373235 2.603995897734415 2.676548023480086 2.6400790176485347 2.4742635674066227 2.4582358188499334 2.5403256122776257 2.5875458135508143 2.377969034774631 2.5400120432689413 2.6717957863390494 2.5643356095433654 2.8852142815037034 2.5233298770006374 2.5619150220123115 2.7239746999409173 2.3198306386642056 2.5526977377291087 0.04707181388039818
0.3971661530312632 3.2009072188771537 0.0022043429494293647 0.10799187504176741 0.052611063447562736 0.006701661465121509 2.5281253366217795 2.4710040865578686 2.377564215649297 2.5618332925178424 2.63372298436556 2.5980615370195497 2.4349320901769596 2.419289126737424 2.4999631217776535 2.546277300549105 2.3399565583635393 2.4993896538690388 2.6290521471770756 2.5232790996541485 2.8391019578693037 2.48293020406212 2.520886058810039 2.6803835389822455 2.2826526983617796 2.511867483573698 0.0468759563808191
0.3941441367322386 2.9861339040852584 0.003869049362821736 0.10783291459724022 0.13562347141345288 0.007256371717521976 2.5474558251703328 2.4905873810742554 2.396453659149324 2.5818051271568967 2.6537051716173483 2.617804754454341 2.4534151459189024 2.437624280743702 2.5189598857854256 2.565690008873856 2.357840366893751 2.518501693139739 2.6491571508130587 2.5425915615193952 2.860796328007069 2.501939285142598 2.5401878113357785 2.7008901470909743 2.300144527074602 2.5310793078273086 0.04720876447687251
0.3977001509212446 2.943456911793255 0.00391699815300286 0.10647841181787625 0.12327232565193512 0.005474195807786358 2.524602981336798 2.4685706060613732 2.375410570525588 2.5590691416007965 2.629885715166357 2.5945353873122854 2.4315694781785706 2.4158716627500656 2.4964357176432617 2.542709692976188 2.3367030326804192 2.495905067800893 2.6253781873605555 2.5197664512226376 2.83510052777136 2.4794749076797373 2.5173797374801645 2.67663583523611 2.279498418850272 2.508368324943803 0.0471420439703969
0.39530870936788387 2.9191354250331285 0.005846919861783374 0.10551556315551146 0.19866503279159187 0.0032880602983785976 2.53989721146044 2.4835211777436874 2.389738797813611 2.5744525011998194 2.6458916327313173 2.6101494897960054 2.446207805306557 2.4303966443507323 2.511482126980875 2.558079820190956 2.3508488375491807 2.5110252044911325 2.6412904940397466 2.5350451230836986 2.85228149482034 2.4945093150996787 2.532647875203455 2.6928656148739796 2.293326033938332 2.523565731924857 0.0472960809033445
0.39614017210113317 3.004693424426053 0.0016086724508173884 0.10929260449203859 0.027796429067758047 0.0070635330258640066 2.534594056716195 2.4780526281103152 2.384428515971197 2.5688727023891462 2.6404281575116664 2.604720944257637 2.4411365129154756 2.4253779407554985 2.5062814187265974 2.552760321066163 2.3459447187252858 2.505784304988895 2.6357777692078197 2.5297477863442275 2.8463357520116808 2.4892944267828376 2.5273516792027073 2.687240801977999 2.288523275116838 2.5182948723043967 0.047008482110307996
0.3924860318050639 2.9042770268843343 0.003622784156008901 0.1088775009514003 0.12466997930560618 0.007266645703583147 2.5581953949680485 2.5013552547067577 2.406815982179328 2.592808611870855 2.665055189973248 2.628824167928316 2.4637201146602874 2.4477780938976963 2.5294891552539074 2.5764734126693285 2.3677757207848615 2.5291178593144052 2.6603314788610306 2.5533267586292414 2.8728408574627182 2.5124976082691837 2.5509152354086204 2.712284358098872 2.3098680568442598 2.5417495253813365 0.0472627340532507
0.4023148575083948 3.1519106566797115 0.00346073752706867 0.10485714315223243 0.09258211816801526 0.004265755903044014 2.495675578242934 2.439728705313302 2.347655287072002 2.529515762852387 2.5997721738900923 2.564974628034822 2.403885257752461 2.3884222996689224 2.467997875770418 2.5136503465544653 2.309944524211257 2.4673066744212524 2.595286488492907 2.4908663766347643 2.802621865615226 2.4510338758906154 2.488497602770121 2.6459432973145676 2.2533321816010465 2.4796211040786273 0.04690757355155503
0.39568392228304944 2.9197440695247536 0.002737955621846467 0.10848044768766182 0.07461159660587006 0.0062914070777848234 2.537483236395477 2.4811732295907802 2.387491694425995 2.5720352212071775 2.643361097019295 2.6076862425942973 2.4438980472210514 2.4281050119066605 2.5091089389164885 2.5556554658445485 2.3486176340005986 2.5086398427927485 2.6387800639074586 2.532634508084093 2.849569883919548 2.4921367908863736 2.530237961061033 2.6903036933075897 2.2911429498874583 2.5211675156489335 0.04709426736141303
0.39306191695671266 2.8950624310532866 0.005050625830973656 0.107234040894426 0.18256755583985626 0.006108961112248137 2.5544349334924568 2.4977372101990287 2.4033640565607377 2.589078602257471 2.6611027299866405 2.624989501999275 2.4601205079706636 2.4442024935725692 2.525785115857653 2.572691221953046 2.364296521785799 2.525398958247818 2.656417474697995 2.549569603326841 2.868613619758268 2.5088009773066076 2.5471614930009125 2.708293189579014 2.306469882902978 2.5380123008709234 0.047379899408581776
0.3915897584551357 2.897821823219988 0.0020628392159709706 0.11079982773975962 0.04359549593493499 0.006298329265793106 2.5640654678825636 2.5070561052124027 2.4122869137870753 2.5986978155888782 2.6710729655538294 2.6347847871209766 2.469320067549388 2.453372958892233 2.535279453330506 2.582375186829928 2.3732063745484697 2.534924352932049 2.66643651578456 2.5591861846324093 2.879444081874882 2.518268456601935 2.556770185837467 2.7185111276807334 2.3151668052264824 2.5475831357285705 0.047059765577377136
0.3866789387865885 2.8205568103845766 0.0017924646298388641 0.11319980435510404 0.03252528621992684 0.006339483678132685 2.5966587093140223 2.5390600042961653 2.4429838275166955 2.631594489906333 2.7051858159793896 2.6680707585056385 2.500511860015269 2.4843037177719656 2.567334218055718 2.6151313758754577 2.403355011530915 2.567147154921112 2.700353293809252 2.5917543095048936 2.9160507533199986 2.550309418856679 2.5893122662984 2.753098921418831 2.3446398012458527 2.579968835634527 0.04714804957510296
0.3884957764481002 2.8258008761529085 0.004399396717897497 0.10983898827316574 0.15098695349607455 0.005684193720125895 2.584488698786253 2.5272084888597903 2.4316355853444604 2.619391724524176 2.6925120407096674 2.655668237928555 2.4888764783323496 2.472735725773008 2.555348913550572 2.602894923693402 2.3920971446963213 2.555113327791745 2.6876881374621413 2.5795958282499134 2.902371726461204 2.5383459625457534 2.577164817338915 2.740183914439627 2.333642808620884 2.567876450220004 0.04733645492909919
0.3902895790309906 2.870252682584198 0.0018043343186141955 0.11163296498249935 0.035009314489458696 0.006680372508653558 2.572606637864451 2.5154887383621625 2.420373053418076 2.607343796888524 2.680119235403476 2.6435360095157256 2.477509786805713 2.4614610363944727 2.543666605906923 2.590957351182368 2.381106817094105 2.543366403574505 2.6753266487929177 2.56772483581251 2.8890286002515877 2.5266643536635542 2.56530138984947 2.7275756668979763 2.322895999658913 2.556068467267904 0.04710585365666454
0.4012688198224562 3.144216241059143 0.002585536396401486 0.10613760692928706 0.07397290075331824 0.0073274726642117965 2.5021917990172957 2.446081103107175 2.353738342614146 2.536054614664985 2.6065966255315933 2.571627762428511 2.4101241815265046 2.394613766224817 2.4744107771801214 2.5202004928222177 2.3159723198793785 2.473749836691028 2.6020672512612517 2.4973767224423353 2.809944843463932 2.457440170515873 2.495003366093917 2.652859450527264 2.2592235995025565 2.486097126888676 0.04699756990987999
0.40164276251110526 3.037467752644913 0.0014562321949426877 0.1072876987523739 0.0205244924371135 0.007159445665825801 2.4998104746124605 2.4441460128609336 2.3519597318429324 2.5339716040604596 2.603996987105132 2.5692112715465423 2.4078388017510863 2.392332953227628 2.4720521912741096 2.517798834210629 2.313771856290113 2.4713955851450806 2.599586755717705 2.4949997911855424 2.807256450713234 2.4551024558842025 2.492628637691117 2.650328494854252 2.2570786697977923 2.483729883655227 0.04704528380178508
0.38263750250926853 2.808770960758085 0.0029826418915902255 0.11372666104388307 0.08537615440236272 0.00555521623404743 2.6241492444445753 2.5658029693045434 2.4685890852610872 2.6591310248376 2.7338404199244426 2.696075361334528 2.5267959918654106 2.510438377524769 2.594404408527754 2.6427671546034786 2.428794283627415 2.5943331917103074 2.728951976041195 2.6192174485797763 2.9469164574708233 2.5773380784946656 2.6167541429981642 2.7822610815465207 2.369496963543927 2.6072890435539207 0.04718677284587172
0.4059670681795842 3.112265893787589 0.001823342917469376 0.105193097502108 0.04010673069328262 0.007649667939548396 2.473158815147106 2.4179978948972285 2.3268843527937477 2.5070890437629636 2.5761285216096397 2.541988407188832 2.3823210550020564 2.367016844219961 2.4458303274939186 2.4910146613585598 2.2891202050425403 2.4450472770449734 2.571859386342975 2.4683758281096337 2.777319491015767 2.4289031985222325 2.4660227953290916 2.622047803545504 2.2329820077755107 2.4572462907102044 0.04706669570749237
