0.40373519245226647 3.2064490471403686 0.03781012363031573 7.422794442055528e-05 0.09356213324769855 0.06138600563894317 3.8212594279042627 3.6190952143166606 3.0601515337853225 3.178258866507186 2.488808668181751 2.6070933416685618 2.6846625356058236 2.5743302721182078 1.6174455853378102 2.726405091163736 2.7001542324574235 2.38720344622588 2.0472076371140076 3.4122520119092927 1.2617590647392145 0.8259246533843803 1.0703400744328666 2.0316097440793026 1.295123792993206 1.5400487876137108 13.59393954629429
0.4489216468841415 4.003432970737426 0.027574650720578145 3.209601473678129e-06 0.05022676443264439 0.07885698471210625 3.435406428723012 3.254771456594001 2.7521760631465653 2.8584984522925203 2.2385301662506523 2.3449481728585693 2.4148077402710677 2.3155160424713976 1.4546527640799194 2.4521182785687015 2.4284974676749096 2.1469725203083305 1.8411987182091782 3.0688393300543364 1.1347535881237323 0.7427903271097507 0.9626057424196921 1.8271483435225926 1.1647359927678516 1.3849760410377046 13.818145787875448
0.4037483784107913 3.206837228519024 0.037891736741152024 3.8914979823229103e-10 0.09409032072631607 0.06137177828493758 3.8211349449055363 3.6189779557857413 3.0600526321191808 3.17815559505559 2.4887283585839737 2.6070091287257227 2.684576155447212 2.57424725049997 1.6173937403754803 2.7263174646864448 2.700067255096718 2.3871277088052008 2.0471421454565064 3.4121418900167244 1.2617186502138242 0.8258979983432534 1.0703053226534154 2.031543305129227 1.2950818100067218 1.539999080849617 13.592160757631506
0.40378197626195556 3.207493492398589 0.03788003696830044 2.1417153315720055e-09 0.09402572556497617 0.06137963349564755 3.820816749007199 3.6186766934295727 3.059798028364586 3.177891170424808 2.4885215199769206 2.6067924937309273 2.6843531878142985 2.574033368297346 1.6172591991791356 2.7260907322618353 2.6998426793744943 2.3869290962220115 2.046971819412835 3.4118578975803735 1.261613649782149 0.8258292589171546 1.0702162223833633 2.031374175487109 1.2949740004652812 1.5398709096404821 13.592348395914227
0.4037579023648614 3.2067948115426286 0.03789130699624622 4.504960010757333e-15 0.09413349013531261 0.061398330492193405 3.821044459968914 3.618892463658292 3.0599805208481525 3.178080797117122 2.4886697559321966 2.606947729700624 2.6845130146383918 2.574186690900786 1.6173555738258618 2.7262532349457467 2.700003663257837 2.387071492742595 2.047093945792064 3.412061468436826 1.261688950229633 0.8258785498759834 1.070280111030918 2.031495403273493 1.2950512873602729 1.5399627258537616 13.593301364197583
0.40372799786909086 3.2059333614069168 0.0379067800994134 6.93399963057664e-11 0.09430655442506448 0.061438956931690165 3.82132728635064 3.6191605442559243 3.060207271961557 3.1783163370193037 2.4888539557373077 2.6071406124397054 2.6847116634541637 2.5743772411524803 1.617475323110287 2.7264551796201455 2.7002037261327163 2.3872485196067537 2.0472457573854994 3.412314465531083 1.2617825582567739 0.8259398131979478 1.0703595018221506 2.0316460182459815 1.2951473400523512 1.5400768462915149 13.595354677330228
0.40376004407155247 3.2069676446056086 0.03788887755025026 1.1743799821816737e-15 0.09409371923771959 0.06138474452530051 3.8210243433520343 3.6188733144128515 3.059964256883195 3.1780638502111547 2.4886565547861763 2.60693391453157 2.684498767513295 2.5741730188498333 1.6173470116847128 2.726238757112272 2.699989308053906 2.3870587825712897 2.0470830404864464 3.4120433179182417 1.261682219702495 0.8258741465679226 1.0702744046407193 2.031484597532355 1.295044392867542 1.539954569059783 13.59268379595244
0.40374131250397916 3.206300880018952 0.037900486599497483 3.023454971080402e-11 0.09423314923443656 0.06142023694478904 3.8212012203816887 3.619041052647085 3.060106221871819 3.178211467017979 2.4887718550695026 2.607054669238871 2.6846230519551875 2.5742922691642303 1.6174220348422452 2.726365214554247 2.7001145862995855 2.3871696618483855 2.047178118437663 3.412201741417324 1.2617408499361389 0.8259125196613182 1.0703241420250982 2.0315789344783517 1.2951045433007182 1.5400259524702156 13.59441390150743
0.40374030730766164 3.2065008847457035 0.037897865337191756 1.1253873971105653e-14 0.0941642089905065 0.061390114793828894 3.821210827719358 3.6190499442723594 3.0601136023307887 3.17821911389524 2.488777860073249 2.6070609996534015 2.6846294408742493 2.5742984092567474 1.6174260371958407 2.7263718083185915 2.7001210818815817 2.387175371328136 2.0471830027928593 3.412209958374 1.2617438454250594 0.8259144913770884 1.07032671103765 2.0315838636007832 1.2951076550523313 1.5400296878750719 13.59305035807481
0.4037476413511422 3.206593219509744 0.03789588531934025 3.807744863649702e-08 0.0941739344160751 0.06140416533732546 3.821141520120028 3.6189843885738013 3.0600582276325135 3.178161536053994 2.488732882893014 2.6070138596333714 2.684581033547747 2.5742519500488656 1.6173966963595157 2.726322474765853 2.700072235946051 2.3871321831945416 2.0471459737200113 3.4121481887062055 1.2617210240033547 0.8258995435007596 1.0703073219740493 2.031547039559405 1.2950842063033592 1.540001830817912 13.593658023265839
0.4037386358505157 3.2064778516714307 0.03789813463801333 8.392213155122279e-18 0.09416424511830522 0.06138926436769748 3.8212267741784145 3.619065036762112 3.0601263472434908 3.178232313473271 2.4887882189936597 2.607071839236249 2.684640632821596 2.574309134730448 1.6174327443719512 2.72638314592916 2.700132315728087 2.3871852997532166 2.047191521672849 3.4122241638442996 1.2617490972136751 0.8259179283079597 1.0703311621598646 2.0315923143558785 1.2951130475167238 1.540036118612884 13.593018338213508
0.4037325861527873 3.206482604403591 0.037898229480785826 1.474584891328e-14 0.09413736133860948 0.061373620831462125 3.8212843452685163 3.6191194434078895 3.0601722430582523 3.1782798834696746 2.4888255204775613 2.6071109032487496 2.6846808636494717 2.5743477076868557 1.617456980562831 2.72642400092363 2.700172775824728 2.3872210501935904 2.047222185943268 3.4122753293202366 1.261767994416844 0.8259303018511124 1.0703471983996447 2.0316227819100576 1.2951324675110614 1.5400592673263311 13.592333144593658
0.40374096125214426 3.206678826463408 0.037894608309846235 9.836174920661873e-16 0.0941097983577117 0.06137187428366328 3.821205154529327 3.619044441068411 3.0601088308905253 3.1782139763655985 2.4887740119215414 2.607056946239223 2.684625363057099 2.5742944565044126 1.6174234442833417 2.7263675159252205 2.7001168303135374 2.387171558157092 2.0471797481744494 3.4122045816961015 1.2617418317482842 0.8259131741017137 1.070324994180026 2.031580641824342 1.2951056094143902 1.5400273653180778 13.592206115232278
0.4038273625992201 3.208368901888896 0.03786470515971714 1.1454842588070615e-16 0.09394521139391845 0.061392112712742045 3.8203869050715107 3.6182697355258076 3.059454111956712 3.1775340252282898 2.48824211932368 2.6064998702410778 2.6840519735224895 2.573744438533179 1.6170774956922103 2.7257844805829774 2.6995393359225477 2.3866608377998317 2.046741758886824 3.4114742985352136 1.2614718248955679 0.8257364120764357 1.070095876518243 2.0311457311375363 1.2948283784007153 1.5396977636533449 13.592696351327119
0.40382622322542006 3.208133282643142 0.03786727166738571 4.8045090828463815e-22 0.09399544511376472 0.061411284498810816 3.820397447509044 3.618279864398036 3.059462795050166 3.1775431136438974 2.488249156822087 2.606507213309499 2.6840596081913266 2.573751762535837 1.6170819932558296 2.7257921810448518 2.699546993227103 2.3866676092375045 2.046747585256214 3.4114839744502383 1.2614754293722814 0.8257387684720889 1.0700989285104554 2.031151488409375 1.2948320581850532 1.5397020899634666 13.5935342671177
0.40378289099413334 3.2072223883519544 0.0378829772978996 4.796922911325314e-15 0.09409530247070844 0.06140854530247416 3.820807744714347 3.6186683832226367 3.0597911754727942 3.1778841517772656 2.4885159298482544 2.606786604536803 2.684347220891883 2.5740276478424793 1.6172554714510678 2.7260845974661962 2.6998366415710335 2.386923769586815 2.046967272107801 3.41185025415291 1.2616108639061232 0.825827429406334 1.0702138470257638 2.031369613702884 1.294971108043384 1.5398673994371703 13.593618111091017
0.40374387611334245 3.206333972177315 0.03789964104492938 3.8389231985900984e-19 0.09422479768823194 0.06141854135552701 3.8211768660231096 3.6190179913828193 3.0600867406548518 3.1781912779036827 2.488756021432866 2.607038095415465 2.6846059576825936 2.5742758825178664 1.6174117573800535 2.7263478679455804 2.7000974020660635 2.3871544549763217 2.0471650786967377 3.4121800095489325 1.2617328111011152 0.8259072604459778 1.0703173314824328 2.0315660104654216 1.295096294543335 1.5400161272999513 13.5943039575646
0.4037284959572132 3.2058914842972626 0.037906317932712284 3.6754832073637863e-22 0.09429438992883511 0.06143369420733932 3.8213225640808455 3.619156070250967 3.0602035059695805 3.178312481282338 2.488850883907473 2.6071374001273475 2.6847083333302137 2.5743740568206306 1.6174733190417308 2.72645180421718 2.7002003857152763 2.38724552905922 2.047243205966926 3.4123102362785827 1.261780986019061 0.8259387905634175 1.0703581858873759 2.031643530486413 1.2951457380355165 1.5400749264926177 13.595047996255316
0.40399486587377614 3.211457353522332 0.0378104648140619 9.951937357524414e-18 0.09369042039910047 0.06145319137493168 3.818801077049349 3.616768440153993 3.0581854793316023 3.1762167265557877 2.4872114495102737 2.6054204342426837 2.6829407949912185 2.572678605602706 1.616407266233639 2.724654809040291 2.698420396162482 2.385671351962374 2.045893160452015 3.4100593187907373 1.2609486981552045 0.8253939416190884 1.0696519802373052 2.030303082810052 1.2942912277004321 1.5390590060884897 13.594657889176682
0.4037349699565726 3.2060633538991956 0.037903626440201094 1.6507898748800837e-19 0.0942675041370858 0.06142826596986185 3.8212612452860157 3.6190979674652635 3.0601543793824266 3.178261492929265 2.4888109710337147 2.6070956167067356 2.6846652617344473 2.5743327532484934 1.6174474120935094 2.726408072402901 2.700157056751893 2.387207209018874 2.0472103352632383 3.4122554446447615 1.2617607180720545 0.8259255254785103 1.070340998276517 2.0316109159039843 1.295124935794895 1.5400501846419257 13.594772680681736
0.4037350573845501 3.206479765496812 0.03789816196400607 3.730596447618601e-21 0.09414829667990147 0.061380116790071736 3.8212608434745126 3.6190972339499505 3.060153507619057 3.17826045984207 2.488810293952993 2.6070949554259633 2.684664445723477 2.5743319647324885 1.617447081626902 2.726407320895322 2.7001562579502982 2.3872064540104745 2.0472096672244398 3.412254440765721 1.261760279762119 0.8259252502105084 1.0703406507904392 2.0316103418591873 1.2951245392156943 1.54004981934427 13.592617230148603
0.4037373357299019 3.206641732045172 0.037895437625547465 3.3413875774254555e-14 0.09410740172268772 0.06136730308920392 3.8212395315425116 3.6190769621360954 3.060136294258323 3.1782424851540445 2.4887963258824604 2.607080320204011 2.6846494123923375 2.5743175248395573 1.6174379652153255 2.726391974532978 2.7001410524890237 2.387192974975301 2.047198113892234 3.4122352131487452 1.261753151678894 0.825920585789719 1.070334601943364 2.031598886255733 1.2951172367951964 1.54004119825137 13.59201795688931
0.4037391201811897 3.2061892642809595 0.03790181429202288 2.1352124048576316e-22 0.09424934181737044 0.06142458722628648 3.82122193859999 3.619060715265848 3.0601228746047777 3.1782287824330653 2.488785377548695 2.607068823614831 2.6846376445354707 2.574306267493435 1.6174308021119839 2.7263800303953887 2.700129271409868 2.387182640856183 2.04718925817819 3.412220309446897 1.2617477213097112 0.825917018333627 1.070329973921108 2.031589996716637 1.2951115954929613 1.5400343237916572 13.59459692469955
0.40373871580398085 3.206609293974345 0.03789580385947962 6.57168644106222e-16 0.09412204625069168 0.06137427539408046 3.8212263687942056 3.6190645468443865 3.060125840322209 3.1782316619092827 2.488787826975385 2.6070714163825732 2.684640251271169 2.5743087418762074 1.617432435716573 2.7263826665818174 2.7001318382230424 2.3871848374325135 2.0471911351895336 3.4122235600841018 1.261748852787465 0.8259177700110996 1.070330951906704 2.0315919450174063 1.2951128147122204 1.5400359188304469 13.592327625808563
0.40374174007780184 3.206270300125281 0.0379006127119335 1.5345869288246922e-25 0.09423600640202301 0.06142138767892409 3.8211971169987624 3.6190371870133506 3.0601029748601203 3.1782081253077545 2.48876921095985 2.607051900881663 2.684620195817507 2.574289534993656 1.6174203130535236 2.7263623178349565 2.7001117203429734 2.3871671191590216 2.047175942546065 3.4121981155809986 1.261739510245541 0.8259116444168839 1.0703230109723367 2.031576785811813 1.2951031688835286 1.5400243037203167 13.59444293928549
0.40374453926580295 3.206427387681267 0.03789833598688498 3.262946909507402e-25 0.09420189981707311 0.061410328317205935 3.8211706954110505 3.6190120835209036 3.0600816983369485 3.178186000996232 2.488751933391135 2.607033818013511 2.6846015463013306 2.574271644987278 1.6174091066064613 2.7263433787565563 2.70009294699393 2.387150507369618 2.047161689928893 3.4121743768018375 1.2617307172387255 0.8259058906342693 1.0703155551507395 2.0315626535134452 1.2950941529399362 1.5400136090877032 13.593938013136784
0.403741275463001 3.2062405070366453 0.03790092745223561 1.2718305722098969e-20 0.0942396623229293 0.06142230530306823 3.8212014996595767 3.619041348958032 3.0601065026504983 3.1782117987353047 2.488772074510633 2.607054898536476 2.684623284822622 2.574292499324562 1.617422168981311 2.7263654553504693 2.700114830824178 2.387169865660541 2.0471783010770723 3.412202048220414 1.2617409653578078 0.8259125975836638 1.0703242474774897 2.0315791313638365 1.2951046628836405 1.5400260743615404 13.594477366841685
0.4037416915546607 3.2062531498623077 0.037900743164331126 4.41955798914707e-18 0.09423769686856874 0.0614218602849311 3.8211975566318594 3.6190376116920615 3.0601033419646697 3.178208517804526 2.488769506769611 2.6070522106573852 2.6846205135780346 2.5742898418413085 1.6174205029115825 2.7263626421153613 2.7001120432906123 2.3871674005622574 2.0471761863357165 3.412198523318274 1.2617396613358214 0.8259117441084338 1.0703231416157515 2.0315770330795755 1.2951033245465864 1.540024482866153 13.594455955280166
0.4037431942787747 3.2064869866081596 0.037897781893576094 2.4013955604009703e-19 0.09417985886709392 0.06139955992088724 3.821183453818837 3.6190240883477207 3.0600917938828265 3.178196479261143 2.488760138796446 2.6070424285537457 2.684610357716183 2.5742801023479247 1.6174144861965136 2.7263523815355257 2.700101849830747 2.387158373387849 2.047168428823765 3.4121856368686014 1.2617348656255847 0.8259086098268444 1.0703190842404409 2.0315693706680884 1.2950984243907115 1.540018699267002 13.593462817474302
0.4037356533645176 3.206465177006032 0.03789853466926241 9.959055110847767e-19 0.09415614961575472 0.06138304043898335 3.8212550681447355 3.619091786394702 3.060148925016055 3.1782557443261363 2.4888065647608224 2.6070910581941216 2.684660402451465 2.574328097324253 1.6174446855048847 2.7264032529535123 2.7001522262971522 2.3872029000824018 2.0472066145509533 3.412249342880279 1.2617583987224628 0.8259240191689288 1.070339058297904 2.031607312991109 1.2951226046238202 1.54004749417337 13.592750840403381
0.4038097229124147 3.207670044116558 0.037874360080187956 1.8535281484704282e-19 0.09405952200928468 0.061421170953231456 3.8205535265723394 3.6184277443080815 3.0595878489825883 3.177673008816546 2.4883507422648568 2.6066135837451174 2.684169168403861 2.5738568512049045 1.617147993855853 2.7259035164839527 2.69965729375639 2.3867651530952902 2.046831253627669 3.4116234528363303 1.2615270174239774 0.8257725378971097 1.0701426962654896 2.0312345439776043 1.294885011936126 1.5397650251580253 13.594037991265019
0.40373070095658964 3.206469429229863 0.03789856161700991 3.2159985534983197e-21 0.09413402215272973 0.06137042020739836 3.8213022281951696 3.6191363552687212 3.060186520687332 3.1782947015994023 2.4888371216116143 2.6071230557987066 2.6846933667426067 2.574359700399681 1.6174645299601398 2.7264367159772642 2.700185367461066 2.3872321816189785 2.047231731791603 3.4122912527702227 1.2617738777609335 0.825934154212206 1.0703521923733954 2.0316322666448263 1.2951385117178698 1.5400664602392944 13.592197322278098
0.40373404494503246 3.2064683108323955 0.03789843147542145 7.125122464539513e-24 0.09414798315793542 0.06137887337090004 3.8212704283095777 3.619106301715672 3.0601611663929615 3.178268415073149 2.4888165160387774 2.6071014744300025 2.684671148229141 2.574338395216471 1.6174511349262715 2.7264141433296265 2.7001630138301045 2.387212428437629 2.047214789847864 3.412262984327276 1.261763437102282 0.8259273176115434 1.0703433312400206 2.031615431644927 1.2951277822710332 1.540053675034862 13.592566596200214
0.4037535204682377 3.206961882688916 0.037889640220656495 3.6676404684755533e-28 0.09407431729915011 0.06137064871478864 3.821086279693284 3.618931863130262 3.0600136630405443 3.178115107879548 2.488696703058858 2.6069759746545524 2.684542031994931 2.574214515361014 1.6173731501287452 2.726282761630616 2.7000328802035876 2.387097304643709 2.0471160712141896 3.4120984210351915 1.261702575076669 0.8258874749895292 1.0702916820648563 2.0315174171448174 1.295065307553287 1.5399794703580714 13.592086137833892
0.4038675999538821 3.2086619835340766 0.03785577698475585 6.846773543214277e-23 0.09397904282877628 0.06144629587765934 3.820005255631544 3.617908739344517 3.05914930941778 3.177217634066217 2.4879944598232644 2.6062404201959417 2.683785106144883 2.5734884496754806 1.616916227020298 2.7255129750812728 2.6992704811284627 2.386423064048697 2.0465378928493636 3.411134295562623 1.2613461774662038 0.8256541490154745 1.0699892430092046 2.030943237385426 1.2946993217713365 1.5395442154031163 13.594859540939376
0.40374509353903 3.206424967256043 0.0378980511660404 1.5343707127663137e-21 0.09420198704872997 0.061411642690930135 3.821165508867454 3.619007182535906 3.060077559010687 3.178181676060752 2.4887485732683907 2.6070302871544775 2.6845979516371274 2.574268187675383 1.6174068842153921 2.7263396776338973 2.700089287953624 2.387147262795672 2.0471589143115883 3.412169748346355 1.261729007638249 0.8259047704195657 1.070314099953348 2.0315598899325598 1.2950923965148764 1.5400115337407962 13.593986599776239
0.40374144804948686 3.2065307079389447 0.037896837057908916 2.29537912605625e-27 0.09415630687388804 0.06138990790998909 3.8212002615602114 3.61903993567878 3.0601051279165663 3.178210234338561 2.4887709854800235 2.607053775209307 2.684622090224248 2.574291334741035 1.617421488483405 2.7263642301667312 2.7001135872528224 2.3871687240076778 2.047177314946143 3.4122004788518256 1.2617403402579717 0.825912194364919 1.0703237255351785 2.0315781992932296 1.2951040564846603 1.5400254514433638 13.593024242327687
0.4037454650696678 3.2064117834304895 0.03789858739876513 4.8138074691039337e-29 0.09420967883299246 0.06141375680362716 3.8211618265175287 3.619003712830666 3.060074647631962 3.178178715870982 2.488746199359898 2.607027817355764 2.6845953505096785 2.5742657103797493 1.6174053939959474 2.726337107363714 2.70008673557924 2.3871450212090015 2.0471569833288474 3.412166522092955 1.2617278173064999 0.8259039925758663 1.0703130975647408 2.0315579823170187 1.2950911724164809 1.5400100433992363 13.594086773443554
0.4037649437629572 3.2072126346605465 0.037885313760147955 1.1335709174162271e-22 0.09404500397950888 0.06137044572970633 3.820978126544393 3.618829445065845 3.0599270899747397 3.1780251822048395 2.488626374193356 2.606902316975366 2.6844662163315762 2.574141787681061 1.6173274081657125 2.72620566694745 2.699956515871672 2.3870297653716843 2.0470581500412695 3.4120018534106156 1.2616668670165103 0.8258640990300761 1.0702613823177538 2.031459907835165 1.2950286476576012 1.539935895282775 13.592020861404716
0.40374425805787706 3.2063496125647855 0.037899426980768404 1.1496316448187973e-24 0.09422204803130683 0.061417755550177575 3.821173249218544 3.6190145601933623 3.0600838365135656 3.1781882618802024 2.488753662471206 2.607035626508621 2.684603411040792 2.5742734403148115 1.617410227984439 2.7263452835222406 2.7000948407079806 2.387152189899752 2.047163135189654 3.4121767707255466 1.2617316124115405 0.8259064759499016 1.0703163149777497 2.031564082391707 1.2950950646602726 1.540014665809156 13.594268034483088
0.4037456804852885 3.2064078938442595 0.03789860659956409 1.0651232552273805e-31 0.09421092473705305 0.0614143975043852 3.8211597724762116 3.619001773658002 3.060073013584556 3.178177024561391 2.488744870743444 2.607026425901413 2.6845939174380087 2.574264336802841 1.6174045298706525 2.726335652022367 2.7000852947809704 2.387143746850612 2.0471558909648873 3.4121646999005137 1.261727144318266 0.8259035521317456 1.07031252709925 2.031556898407522 1.295090481033502 1.5400092180112182 13.594112587546295
0.4037350505592499 3.206067392876229 0.0379035928426846 7.899285933573064e-31 0.09426733765327674 0.06142829691624561 3.821260483273381 3.61909724505245 3.060153767835784 3.1782608564527615 2.4888104745629076 2.607095096867864 2.6846647264114147 2.574332239538258 1.6174470902071947 2.7264075286197857 2.7001565177832316 2.3872067335464595 2.047209926911657 3.4122547632225673 1.2617604662145272 0.8259253604269554 1.0703407840961434 2.031610509271954 1.2951246769618334 1.5400498775355629 13.594775574269521
0.4037406516910571 3.2064839028605507 0.03789784107357647 1.3986568822863806e-25 0.0941697999691956 0.061393644624114556 3.821207665962103 3.6190469733564963 3.0601111013191344 3.1782164862573636 2.48877583126085 2.607058859654688 2.6846272888250935 2.5742963336844142 1.6174246741797522 2.726369565390178 2.7001188691666913 2.387173411551195 2.0471813285169307 3.4122071589748293 1.2617428156113082 0.8259138148032462 1.0703258288877175 2.031582183720448 1.2951065932046808 1.5400284387728738 13.593204891186856
0.4037423831833772 3.2064834578438544 0.03789768940841184 3.233751704647341e-22 0.09417643013248275 0.061398082200452016 3.821191237177684 3.6190314476536622 3.0600980012720225 3.178202891781068 2.4887651863419054 2.607047706540949 2.68461582097525 2.574285333525682 1.6174177410153074 2.7263578974159848 2.7001073166155067 2.387163199193746 2.0471725720607323 3.4121925493464196 1.2617374196948958 0.825910281241508 1.0703212477564592 2.031573480520336 1.2951010482156748 1.540021837691539 13.593395990296393
0.40376198569368404 3.207097131681116 0.03788705989612807 1.1296463449796525e-20 0.09406593965321484 0.061375754532696544 3.821006070155432 3.618855944734243 3.059949521108841 3.1780485045431583 2.4886445919075104 2.6069213925540016 2.6844858614370204 2.5741606345592816 1.6173392472471888 2.726225639237194 2.6999763046240215 2.3870472731957837 2.0470731664535324 3.412026876315189 1.2616761274040218 0.8258701600472855 1.070269237904525 2.031474807850013 1.2950381485336226 1.5399471735054402 13.592273324957535
0.4037449517600973 3.2064386271204364 0.03789826215940125 1.982161573251128e-30 0.09420077119005682 0.061409872381180154 3.8211667450446214 3.6190083400326922 3.0600785351483406 3.1781827321435916 2.4887493616942904 2.607031130576486 2.684598759436011 2.574268976930005 1.6174074523075164 2.7263405689368065 2.700090160701933 2.387148046483015 2.047159576570114 3.412170853864059 1.2617294138299775 0.8259050380827869 1.070314452096651 2.0315605602768807 1.2950928153903796 1.5400120108085504 13.59391744280314
0.40373416302507503 3.2064943057024995 0.03789794079873775 9.035776591307481e-33 0.09413994630772546 0.06137622263823403 3.821269388808562 3.6191052985258705 3.0601603009787213 3.1782674886748814 2.488815817190278 2.6071007386748857 2.684670406230876 2.574337677112939 1.6174506657090293 2.726413365660275 2.700162243839858 2.387211739153278 2.0472142013386154 3.4122620105350014 1.2617630732923044 0.8259270795800999 1.0703430212483858 2.0316148486713628 1.2951274119710234 1.5400532512875518 13.592443232947767
0.4037330471192857 3.2064665917029447 0.03789850416082915 6.160244042259215e-32 0.09414446065825821 0.06137658531798466 3.821279912257449 3.6191152664599833 3.0601687308101297 3.178276259362637 2.4888226634060944 2.6071079130105 2.684677776335022 2.574344751198027 1.617455131737545 2.726420878162716 2.7001696833871427 2.3872183227293826 2.0472198451389714 3.412271418641848 1.2617665525756445 0.8259293575937283 1.0703459753653422 2.031620454658891 1.295130983610213 1.5400574886958023 13.592467245563627
0.4037456019612426 3.206485169618037 0.037897672295688904 2.311056712221294e-24 0.09418938117989761 0.06140543991629127 3.821160560610156 3.6190024532865284 3.060073541512363 3.178177555192737 2.4887453048308785 2.60702689187676 2.6845943634544596 2.5742647655616047 1.617404841013005 2.7263361304975735 2.700085757067047 2.3871441497446035 2.047156230784276 3.4121652859502625 1.2617273486186193 0.8259036880804449 1.0703127055455162 2.0315572527267025 1.2950907004469157 1.5400094953904777 13.593715236354173
0.4039760237058797 3.2109418947881334 0.03781798175961515 2.102400436638814e-32 0.09375121306550789 0.06145949571814714 3.81897920387249 3.616937173646826 3.0583281569945613 3.176364928793872 2.487327352036925 2.605541795224278 2.6830657962023654 2.57279850313829 1.616482555119818 2.7247818217454527 2.69854622839418 2.385782611753102 2.045988599470744 3.410218435595788 1.2610075424519889 0.8254324632797588 1.069701909292076 2.030397838710008 1.2943516362342413 1.5391308090652964 13.594991592522986
0.40373803525075236 3.206481694425014 0.03789800487053136 2.203927797520168e-33 0.09415988088563566 0.06138733154192705 3.821232531699658 3.619070475092826 3.060130930845121 3.1782370505396265 2.488791946074447 2.6070757386080197 2.6846446621336546 2.5743129940587677 1.617435153601831 2.7263872208171764 2.7001363528437103 2.38718886332196 2.0471945803386764 3.4122292688229137 1.2617509822096837 0.8259191622666489 1.0703327601043102 2.031595351296576 1.2951149850668737 1.5400384357662376 13.592931126824194
0.4038348280119781 3.2083460059393656 0.03786389459093337 1.115307624426237e-29 0.09396950322656089 0.06140925892040054 3.820316016457927 3.618202735090518 3.059397587300453 3.1774753855406073 2.488196184756923 2.6064517411982564 2.6840024875457247 2.5736969721480802 1.617047563684351 2.7257341223172378 2.699489478810923 2.3866167474534254 2.0467039611964064 3.411411245002335 1.2614485336664383 0.8257211618110735 1.070076107989957 2.0311081777396285 1.2948044470853841 1.539669269442138 13.593409514037448
0.40385548202251786 3.208759686145898 0.03785679195094327 5.416590750107635e-27 0.09392946772819831 0.06141342407679289 3.820120454390661 3.618017573101823 3.0592411006187885 3.1773128807234183 2.4880690540618025 2.606318597810747 2.6838654230160013 2.573565499321691 1.6169648979947253 2.725594778006672 2.6993514546158504 2.3864946885051808 2.046599280156871 3.4112367043174956 1.2613840001170398 0.8256789148446299 1.0700213492876818 2.0310042356258666 1.294738187363864 1.5395904865554362 13.593502058604244
0.40399355290220884 3.211127542228638 0.037813454973486565 8.796485781226457e-29 0.09375075998880861 0.061476725402975524 3.818813123348161 3.616780030373129 3.0581954423485094 3.176227160825179 2.4872195212670127 2.605428840823803 2.6829495816472346 2.572687028502137 1.6164123657231089 2.7246636137213516 2.6984291652288017 2.3856790786091477 2.045899825776762 3.410070394974775 1.2609528253826148 0.8253966411522828 1.0696554771989057 2.030309676877489 1.294295441804184 1.5390639592604476 13.595648705379986
0.40374561087610944 3.2064260461879157 0.037898400471590994 3.808399976353543e-35 0.09420628161343217 0.06141249534318238 3.8211604511770183 3.6190024010147552 3.060073532337209 3.178177555467851 2.4887452939905566 2.607026870903992 2.6845943709024236 2.574264770962253 1.617404809842002 2.726336115573675 2.7000857514311676 2.3871441502089463 2.047156235408507 3.412165277767902 1.2617273554628803 0.8259036905465057 1.0703127064237028 2.031557242094031 1.2950906995864808 1.540009483426224 13.59403020152414
0.4039082835302335 3.2095236315993563 0.03784144131936495 6.916497862091754e-31 0.09389001027288506 0.0614497742109859 3.819620212224969 3.6175441320562225 3.058841144921756 3.176897630066678 2.487744105795074 2.6059782392753585 2.6835151590136217 2.573229522491712 1.6167534776471835 2.7252385840441478 2.6989986790096405 2.3861827068886705 2.0463317477091074 3.4107905855561693 1.2612190900782436 0.8255709525728265 1.0698814103365237 2.030738558675484 1.29456883962068 1.539389070229762 13.594839514378704
0.4037372824404517 3.206525453747453 0.03789721788182192 7.166583135754659e-31 0.09414217495529319 0.06138031624581845 3.8212398220508965 3.619077329214315 3.060136681417197 3.178242966252787 2.48879662675402 2.6070806352750355 2.6846497266503415 2.5743178399662203 1.6174381733071947 2.7263923288507703 2.700141411172595 2.3871933183375376 2.0471984055709602 3.412235665404692 1.2617533375603671 0.8259207050217764 1.0703347575440885 2.0315991563653926 1.2951174117095043 1.5400413556945853 13.592611635186318
0.4037343714093427 3.2065576030923686 0.0378969019028392 1.2436837320768745e-32 0.09412112432937983 0.06136950106355897 3.821267546009303 3.619103506244944 3.0601587454704786 3.178265825534131 2.4888145613416874 2.607099421036089 2.684669063207128 2.5743363796225953 1.6174498349250794 2.726411972251954 2.700160860860798 2.387210500440983 2.047213141839521 3.412260262088041 1.2617624171616693 0.8259266511380308 1.0703424646752226 2.031613805482073 1.2951267466037883 1.5400524900077237 13.592133941021617
0.4037386251414384 3.2064779017293303 0.03789815667067818 1.7308983813444478e-34 0.09416423682035756 0.06138915437625635 3.821226863556238 3.6190651208762996 3.06012641864287 3.1782323914867097 2.4887882765059137 2.6070719008164853 2.6846406915163135 2.5743091922269543 1.6174327858567945 2.7263832110328994 2.700132379523693 2.3871853568628163 2.0471915700185104 3.4122242446096793 1.2617491269036 0.8259179479196562 1.0703311880574768 2.0315923635975874 1.29511307816029 1.5400361531108866 13.593013663927431
0.40377523274191107 3.207364634713075 0.03788235412026143 3.4663824558319057e-28 0.09403828730196928 0.06137794058900321 3.8208806189346154 3.6187371631521463 3.0598491309719877 3.177944240198673 2.4885630360471143 2.6068359754876793 2.684397943049913 2.574076298934629 1.6172862022837589 2.726136240208048 2.6998877545350277 2.3869689603153508 2.0470060060457653 3.411914898506005 1.2616347246395083 0.8258430555897716 1.0702341052635722 2.0314081209122086 1.2949956391326525 1.5398966371627678 13.592306962141441
0.4037356723594894 3.206088756341087 0.037903320365538826 4.976872517823504e-35 0.09426499798007024 0.06142797780610257 3.8212545987083817 3.6190916679388536 3.060149050183509 3.1782559544761053 2.488806642816756 2.607091084904107 2.684660593421216 2.5743282749275758 1.6174446027096947 2.7264033299824146 2.700152357498226 2.387203056746791 2.0472067719705893 3.412249502615313 1.2617585207280568 0.8259240865845419 1.0703391326514347 2.031607375151061 1.2951226794094743 1.5400475042285962 13.594762559655122
0.4037467366788498 3.2064451992193153 0.03789805610222495 5.114640364344207e-29 0.09420364334141257 0.06141224127468446 3.8211497538383288 3.6189922719143417 3.0600649743414556 3.1781686815849097 2.488738339463429 2.607019590840945 2.6845868644101745 2.5742575743337763 1.6174002962273653 2.7263284972682875 2.700078204209466 2.387137474659317 2.0471505100309386 3.412155733719567 1.2617238257896617 0.8259013807505915 1.0703097144426186 2.0315515634376418 1.295087076637342 1.5400051693966048 13.594010176956852
0.40373498030927507 3.206565733231432 0.03789673935130038 9.605472510247687e-30 0.09412109482355162 0.06137011235066565 3.8212617761122702 3.619098046536835 3.06015413372237 3.178261036897956 2.4888108145729944 2.607095496250422 2.6846650253716304 2.5743325062726723 1.6174473964460523 2.7264078650374524 2.7001567932639476 2.3872069036658834 2.04721005749077 3.4122551182396808 1.2617605160062737 0.8259254063760566 1.0703408510366146 2.031610741616928 1.295124793995069 1.5400501677921907 13.592158732046851
0.4037457796688783 3.206502143300494 0.037897454010095886 3.1637022454468326e-35 0.09418488814022871 0.061403643005196254 3.8211588693260032 3.6190008394508015 3.0600721699295383 3.1781761329936487 2.4887441907440633 2.60702572865808 2.6845931546912514 2.5742636078387116 1.6174041256410225 2.7263349118314735 2.700084547317501 2.387143078379168 2.0471553107612084 3.412163756416319 1.2617267804432781 0.8259033169054637 1.070312225632049 2.0315563449193137 1.295090119320892 1.5400088048404266 13.593633324783001
0.40374554005143776 3.206464685552032 0.03789792525696424 9.3569617658041e-29 0.09419523474663155 0.061407892712679255 3.8211611482422243 3.6190030269658746 3.0600740375252844 3.1781780703586913 2.488745707143276 2.6070273090884175 2.6845948058720364 2.5742651884462444 1.61740509209628 2.726336569178719 2.700086194991664 2.387144538955329 2.0471565661566182 3.4121658393635137 1.261727556740705 0.8259038234414854 1.0703128797591708 2.0315575791487834 1.2950909112335836 1.5400097439611333 13.593825706442576
0.4037620393772383 3.206766429937559 0.03789105897944606 2.479845513570815e-34 0.09415293255678803 0.06141065476963546 3.8210051621971597 3.6188553430761288 3.0599492118146228 3.1780483032831377 2.4886443136725465 2.6069210655030206 2.68448562117222 2.5741604111806504 1.6173389783482075 2.726225337518427 2.6999760478148973 2.3870470731972473 2.0470730137242485 3.412026543727122 1.2616760532882643 0.8258701040999434 1.0702691606682662 2.0314745971723127 1.2950380330198532 1.539946947594676 13.593823693335537
0.4039422609552706 3.2102512809449073 0.037829495678535593 1.7256515494548995e-31 0.0938163081824918 0.06145295937296915 3.8192986920654697 3.6172396778106357 3.058583817680857 3.1766304109872117 2.487535053005214 2.605759311922244 2.683289743792541 2.5730133093119716 1.6166175839426602 2.725009463231923 2.698771718495279 2.3859820088680475 2.0461596142108425 3.4105035813340603 1.261112970354304 0.8255014818496652 1.0697913671856674 2.0305676462398123 1.294459884573463 1.5392595226546808 13.594841820709066
0.4037812826932112 3.2074013277541495 0.0378812017595531 2.2195318023727332e-30 0.09404693368798037 0.061387352561959596 3.8208232239949123 3.618682881604274 3.059803305582799 3.1778966823083543 2.488525800502039 2.606796968808541 2.6843578150275422 2.5740378089344746 1.617261962893636 2.7260954246760014 2.6998473369414193 2.386933221165255 2.0469753613512816 3.4118637852359446 1.2616158378639928 0.8258306897083334 1.0702180760073101 2.0313776791739633 1.29497623790079 1.5398735483681054 13.59269480346644
0.40373518358888466 3.2060702432679933 0.03790353688966524 7.982400933801997e-32 0.0942666986508271 0.061428137166039065 3.8212592223293136 3.6190960503339205 3.06015275793964 3.178259808996377 2.4888096539165505 2.6070942378315394 2.684663840615397 2.574331390231655 1.617446557458195 2.7264066294061835 2.700155626910468 2.3872059451966 2.0472092508515582 3.4122536366183294 1.2617600493806689 0.825925087703629 1.0703404308624513 2.031609839092416 1.2951242492836235 1.5400493685644152 13.594767002932874
0.4037327063005039 3.20645259146434 0.03789881364470856 4.406692109412706e-34 0.09414772482649172 0.061377201845232814 3.8212830888547544 3.6191182793331427 3.060171283618309 3.1782789277887113 2.4888247349023587 2.6071100866358052 2.684679998882578 2.574346887757094 1.6174564923638348 2.7264231570507436 2.7001719391436914 2.3872203218254393 2.047221557404746 3.4122742714370435 1.261767608248275 0.8259300490188101 1.070346873063267 2.031622157018517 1.2951320667649997 1.5400587668329575 13.592498459464322
0.40374217931104733 3.2062952044905666 0.037900244891302344 2.822431901516568e-35 0.09423146183964816 0.061420196204776956 3.821192987787619 3.619033265608067 3.060099650735011 3.178204659887206 2.4887665128945415 2.6070490743057713 2.684617290309248 2.5742867451843803 1.617418555871398 2.726359356935076 2.700108786462046 2.38716452394608 2.0471737163065624 3.412194405678297 1.2617381369930525 0.8259107451208726 1.0703218442601414 2.0315745734684763 1.2951017597599508 1.5400226363526792 13.594390415018973
0.40406891946680634 3.21273903023452 0.03778739223883513 2.629045144485019e-32 0.09359603891055177 0.06148716610144252 3.818100291328137 3.6161050575800777 3.0576249547936607 3.175634743346873 2.486756056261084 2.604943487362321 2.682449835983021 2.572207686638751 1.6161111125107264 2.7241556732286587 2.697926011769196 2.385234165703055 2.04551822866813 3.4094341310380987 1.2607175724661386 0.8252426322093431 1.0694558599967035 2.029930774149084 1.2940538984915295 1.5387767577090095 13.595821851284606
0.40378248947718465 3.2074887360133904 0.03788005597053745 1.0217976141524402e-32 0.09402895728846482 0.061381399875075134 3.82081186951784 3.6186720852464673 3.0597941432335554 3.177887141539896 2.488518362435785 2.6067891852428327 2.6843497860330134 2.5740301056212394 1.6172571425929718 2.7260872717306674 2.699839253437565 2.3869260688572638 2.046969223507552 3.4118535649068997 1.2616120503410362 0.8258282113514446 1.0702148641702167 2.031371594153344 1.2949723561134143 1.539868950489111 13.592426336023266
0.40374511531164187 3.206406780555041 0.037898675435680186 3.623217538678834e-34 0.09421020618623797 0.06141374412807768 3.8211651532719304 3.6190068621195395 3.0600773077171413 3.178181472734833 2.488748361242769 2.6070300801924082 2.6845976846505306 2.574267947850526 1.6174067962622694 2.726339475000097 2.7000890811768565 2.38714709560615 2.047158762571508 3.412169488252515 1.2617289141648367 0.8259047103308111 1.0703140271930323 2.0315597468970705 1.2950922983492914 1.540011384916779 13.59408884328246
0.40375943666211467 3.207080878530179 0.03788752981788568 2.3658963245483546e-32 0.09406198322435202 0.06137167863855896 3.8210302537395 3.6188788162339867 3.0599688296161185 3.178068542519926 2.488660281083335 2.6069378275999076 2.684502770265273 2.5741768530089604 1.6173494585851864 2.7262428358574184 2.6999933339607787 2.387062329808286 2.0470860775124606 3.4120484119738457 1.2616840847584032 0.8258753701736407 1.0702759916612519 2.0314876344083626 1.2950463229572677 1.5399569018460835 13.592103220029681
0.4037413362754527 3.206496194301499 0.03789782441455358 2.821966532284112e-34 0.09416974055269338 0.06139350490039577 3.8212010777666694 3.6190407349140403 3.060105834304888 3.1782110499394998 2.488771548109738 2.6070543844923217 2.6846226450323623 2.5742918893486464 1.6174219215795544 2.7263648881001865 2.700114231197643 2.3871693164577215 2.0471778114720016 3.4122012947291034 1.261740646783286 0.8259123962358769 1.0703239939515923 2.0315787003969232 1.2951043669418918 1.5400257745139074 13.593198556824548
0.40393393964905994 3.2099606272986265 0.03783338519153368 4.9324529630955127e-29 0.09385699424204592 0.061461678796862394 3.819377266668525 3.6173141570183254 3.0586468292386924 3.1766958680011776 2.487586236361645 2.6058128936173883 2.6833449704011425 2.57306627752391 1.6166507954442224 2.7250655428306345 2.698827288036495 2.386031138622944 2.0462017662698506 3.410573847630095 1.2611389639941035 0.8255184970876528 1.0698134194498377 2.0306094869899174 1.2944865632960834 1.5392912252347766 13.595242594039208
0.40373691823399466 3.2064773007424834 0.0378983688344205 7.808340460079949e-32 0.0941576797698129 0.06138447070234013 3.821243016096371 3.619080384767241 3.0601392994304004 3.178245770693869 2.4887987416084094 2.607082869354549 2.6846519563449815 2.5743200013841707 1.6174396127244608 2.7263946876624274 2.7001437410332434 2.3871954008527534 2.047200181013348 3.412238612823094 1.2617544329901096 0.8259214233787181 1.0703356955653687 2.0316009273161852 1.2951185316096463 1.5400426387933888 13.592810469903577
0.40380258349685777 3.2073754774094345 0.03787823958574162 1.3219608557959346e-34 0.09410846145189644 0.061434830316829676 3.820620894238166 3.618491648558217 3.0596419379421413 3.177729187264989 2.48839467711929 2.6066595660564302 2.6842165994102056 2.5739023372829686 1.617176473554698 2.7259516474786203 2.69970499564607 2.3868073319823617 2.0468674460849976 3.4116837701421057 1.261549339412196 0.8257871472612024 1.0701616267080287 2.0312704515265456 1.2949079153838379 1.5397922407762876 13.594659057205664
0.4037531428727011 3.206916419510954 0.03789026905422858 1.1231022244727887e-33 0.09408546516430134 0.06137462751697997 3.8210898053408493 3.618935230231841 3.0600165325673676 3.1781181066625392 2.4886990306402055 2.606978409769989 2.684544544287482 2.574216927323965 1.6173746589569455 2.726285315929214 2.7000354141903267 2.3870995509739714 2.0471179985801213 3.4121016246302616 1.261703765383692 0.825888253337119 1.0702926906328718 2.0315193238556306 1.2950665247901063 1.5399809051638236 13.592267129201142
0.4037443038654413 3.206396730015156 0.03789873907883594 5.943734556144025e-34 0.09420987709350138 0.06141343061303555 3.821172910734264 3.619014203785019 3.0600835055360496 3.1781878812735047 2.4887534002005074 2.607035349794745 2.6846031366101006 2.574273169490267 1.6174100493469497 2.7263449849793755 2.700094542091562 2.3871519204442295 2.047162903695302 3.41217639346871 1.2617314672773985 0.8259063807136275 1.0703161892618303 2.031563851694174 1.2950949195093155 1.540014516023176 13.59407781753006
0.40373656755899634 3.2061074858774354 0.03790295320082605 3.9143631139260064e-35 0.09426073473085654 0.06142688215776322 3.8212461103243767 3.619083625461117 3.0601422522112873 3.1782489052249185 2.4888011185447922 2.607085302583872 2.684654629433876 2.5743225572068154 1.617441017564937 2.726397277398015 2.7001463609534757 2.387197750216007 2.047202221248595 3.4122419193602016 1.261755714914332 0.8259222509075235 1.0703367552864482 2.03160286461776 1.295119800694501 1.540044077531428 13.594703702043551
0.40373607998147415 3.206564604485388 0.03789667612740519 7.7632837636548885e-31 0.09412557050983417 0.06137291807447073 3.821251327282986 3.6190881717886483 3.060145802924516 3.178252397043197 2.48880404439508 2.607088404330611 2.684657727896002 2.574325507837094 1.6174429917165225 2.7264004466259895 2.700149447454273 2.387200411435852 2.047204489900518 3.412245828557863 1.2617570850174078 0.8259231596578959 1.0703379386734506 2.031605208515949 1.2951212680738564 1.5400459678250162 13.592280547473267
0.4039689254773345 3.2107855500499847 0.03782049293220316 4.432719354670677e-32 0.09376698023500563 0.06145898403945995 3.8190463544310966 3.61700076120085 3.0583819039873053 3.176420743600074 2.487371015769587 2.6055875206597556 2.683112878647141 2.5728436634716285 1.616510935638936 2.7248296757373995 2.6985936319289623 2.3858245286858466 2.0460245514222435 3.4102783797261353 1.2610297069418934 0.8254469732281929 1.0697207161742537 2.0304335360515027 1.294374392838418 1.539157865961224 13.594996093657807
0.40373557464057447 3.206464679097447 0.03789853725903889 2.7385052984161964e-33 0.09415595057537256 0.061382924514484107 3.821255820379746 3.619092497844926 3.0601495253998943 3.1782563657009546 2.4888070528120467 2.6070915688784586 2.684660929820443 2.5743286026513283 1.6174450014145927 2.7264037869524955 2.7001527553756866 2.3872033675068205 2.047207015641593 3.4122500119118895 1.261758645955091 0.8259241809859582 1.070339267861528 2.0316077110121937 1.295122858572362 1.5400477973027453 13.592745818629822
0.4038890929362772 3.2094787417443214 0.03784488816974052 1.1513116857687377e-30 0.09385612280761592 0.0614167723953862 3.8198023002051125 3.617716311386727 3.0589864692054096 3.1770484453346133 2.487862193087511 2.6061019612279632 2.6836423834350107 2.57335156052578 1.6168304140868013 2.7253680520785406 2.6991268689568293 2.3862960861552365 2.046428946950791 3.4109527030827644 1.2612789907089323 0.8256101706771622 1.0699322465873227 2.0308351086172878 1.2946303725198474 1.539462301726683 13.593509730861033
0.4037369368196872 3.2061187204104353 0.0379027962297792 1.1988643512607194e-35 0.09425920540217289 0.06142658773086552 3.8212426126940118 3.619080310750116 3.060139448994426 3.1782459948262236 2.4887988413048183 2.607082918643727 2.684652172099751 2.574320200599283 1.6174395398034074 2.7263947824362953 2.7001438888134834 2.3871955644759386 2.047200346036916 3.4122387933027984 1.2617545586086074 0.8259214940210773 1.0703357744317317 2.031601003348725 1.295118613772479 1.5400426662569189 13.594689787957954
0.4037802512981808 3.207509663398734 0.03788006591079282 2.366878025334554e-28 0.09401680880169902 0.06137439037937803 3.820833144499562 3.618692180878772 3.0598110870971342 3.177904710798493 2.4885321333155894 2.6068036143111124 2.6843646223596758 2.57404433517216 1.617266114024196 2.7261023656777623 2.699854196377017 2.386939277877419 2.046980548469366 3.4118724631084008 1.261619028171239 0.8258327808854787 1.0702207879995158 2.031382851091292 1.2949795284028531 1.539877495639012 13.592124669797524
0.40375945735642454 3.207039306514825 0.03788805145631204 2.912269185940701e-34 0.09407312674208901 0.061376071098042766 3.8210300044906225 3.618878611867064 3.0599686829029378 3.178068409445348 2.4886601580399974 2.606937695324038 2.6845026421115152 2.574176731945282 1.617349371287195 2.7262427031644254 2.6999932071414534 2.387062222741526 2.047085987104116 3.4120482506073215 1.2616840314037012 0.8258753342770855 1.0702759447049148 2.031487536929689 1.2950462629081545 1.5399568176198506 13.592300087814797
0.40374616963297194 3.2064181636455698 0.0378984282185302 3.3262398126838482e-34 0.09420918259773156 0.061414053221666105 3.8211551276083395 3.6189973738356733 3.0600692949599604 3.1781731677446365 2.4887418490463156 2.6070232628760226 2.6845906557510646 2.5742612096086916 1.6174025689462626 2.726332341679271 2.7000820151014904 2.3871408456713765 2.0471534026772877 3.412160552507978 1.2617256101744683 0.8259025482403571 1.0703112267279298 2.031554430767488 1.2950889065988995 1.5400073439284299 13.59409334636816
0.40374191068463294 3.2064910721428648 0.037897826815689914 3.192231754375518e-34 0.09417355255446234 0.061395728042279066 3.8211956371901703 3.6190355983433524 3.060101502964986 3.1782065527059506 2.488768028666323 2.6070506951793355 2.6846188575934686 2.574288255202455 1.6174196245409964 2.7263610287603344 2.700110411224051 2.3871659403126726 2.0471749171721383 3.4121964637776965 1.2617388636506144 0.8259112281262004 1.0703224788384054 2.031575820696155 1.2951025335439372 1.5400235926147805 13.593296071919873
0.4037522161675587 3.2068773518367584 0.03789086810075204 3.4667911374252047e-34 0.09409296092912692 0.06137662747901816 3.821098553360178 3.6189435287062306 3.0600235589685068 3.1781254148341485 2.4887047367907704 2.606984384887355 2.6845506966481656 2.5742228303518657 1.6173783682932015 2.7262915727780683 2.7000416136350673 2.3871050365656044 2.047122703405234 3.412109463831559 1.2617066669282495 0.8258901524187048 1.070295152156519 2.0315239920909294 1.2950695013352966 1.539984436757875 13.592361519714279
0.4038453802714018 3.208682180122456 0.03785902201026575 5.909755742992186e-28 0.0939215917188081 0.061400299859495765 3.820216243719629 3.618108184127132 3.059317607299733 3.1773922873127547 2.4881312183937587 2.6063837183561223 2.6839324170191667 2.5736297598212015 1.6170053671244773 2.725662923244258 2.6994189366540136 2.3865543665299382 2.046650449946605 3.411322044237165 1.2614155377764948 0.8256995627490771 1.0700481133469655 2.0310550593725423 1.2947705805632255 1.5396290306157308 13.592977138591896
0.4039484924388033 3.2103485978271333 0.037827626475148965 7.827551164135193e-35 0.09381020949254834 0.06145662631642426 3.8192396814220575 3.6171838234718763 3.058536629038974 3.176581417056221 2.487496714472296 2.6057191566480458 2.6832484155740155 2.572973667312848 1.6165926441395033 2.7249674395956456 2.6987300969045305 2.385945200875998 2.046128049414542 3.4104509470974333 1.261093513002191 0.8254887437654663 1.0697748564947689 2.030536301447161 1.2944399042639652 1.5392357595275399 13.594973029223045
0.4037973496051833 3.207691737535953 0.03787590914869758 4.086299598655346e-34 0.09402183425660865 0.06139324518802728 3.820671031030007 3.6185388038217017 3.05968155694051 3.1777702535503494 2.4884268897312793 2.6066933731501964 2.68425118956465 2.5739355308195764 1.6171976255096552 2.7259870040131835 2.699739949342191 2.386838251411185 2.046893917573411 3.4117279851619533 1.2615656316117814 0.8257978215623901 1.0701754727108121 2.0312968056088203 1.2949246860187513 1.5398122505534266 13.592878936780874
0.40386198896080777 3.2087999108545446 0.03785541887378965 7.312827889019621e-32 0.09393624485767689 0.06142265857885118 3.8200587391703658 3.617959201036375 3.059191819268601 3.1772617307911135 2.4880290108944245 2.606276648026769 2.6838222739769106 2.573524109905561 1.6169388220256145 2.7255508795177357 2.6993079854144395 2.3864562442031323 2.046566318769349 3.411181731360174 1.2613636855991603 0.8256656147322851 1.0700041093060992 2.0309714964437835 1.2947173211919611 1.5395656577511572 13.59387148132762
0.4037451403158038 3.2064192293709097 0.037898513891113046 3.0520970892758926e-34 0.09420691796233759 0.06141245778927257 3.8211649285933116 3.6190066395129468 3.06007711237053 3.1781812654068573 2.4887482035859714 2.6070299161940604 2.684597512721264 2.5742677825205598 1.6174066964575036 2.726339301745066 2.700088908046785 2.3871469415450046 2.0471586297413213 3.412169269504031 1.2617288315251476 0.8259046564582323 1.07031395744485 2.0315596167749423 1.2950922148258763 1.5400112889943602 13.594031798091352
0.40374532819198894 3.2063982523649432 0.03789875859665129 9.537377206553587e-36 0.09421268808440336 0.06141485149550895 3.821163116122766 3.619004942641004 3.0600756931869766 3.178179804343056 2.4887470479776086 2.607028704664474 2.6845962681499524 2.574266590567929 1.6174059419408435 2.726338037092034 2.7000876580778073 2.3871458373522403 2.0471576841843775 3.4121676884169907 1.2617282500624474 0.8259042756706217 1.0703134643213383 2.031558676559902 1.2950916156411232 1.540010568051099 13.594135276823392
0.4039861021129893 3.2109331743097784 0.03781634710530385 1.3105286164272458e-34 0.09377353878213397 0.06147884873195905 3.818883550749547 3.6168467421893014 3.058251846259624 3.176285738437425 2.487265341802969 2.6054768190238544 2.6829990016693057 2.572734429308292 1.6164421297940559 2.7247138259931343 2.698478910314815 2.3857230629918305 2.045937555342194 3.41013329894266 1.2609760877626313 0.8254118694038376 1.0696752144532933 2.030347135474704 1.2943193230332848 1.53909234911027 13.595766124027328
0.4037386300836432 3.2061716906507622 0.037902052269786914 1.5854977211015154e-34 0.09425175958428961 0.0614250825489741 3.821226575969518 3.6190651115796237 3.0601265941277545 3.178232647125366 2.4887883986489205 2.6070719866101073 2.6846409036321255 2.5743093936723556 1.6174327632215773 2.7263833409815503 2.7001325518669983 2.387185540866683 2.0471917464076244 3.412224457571633 1.2617492557455 0.8259180228912748 1.0703312760721675 2.031592467503969 1.2951131706205081 1.5400361950566623 13.59461903107263
