9.996731137352608 0.040905981702394414 4.502073230545467e-10 0.08954290342635919 0.05104173264376728 2.12919857049407 3.068715425163653 2.942002544134026 2.2044566082873644 2.5887507087940147 2.349340763811266 2.9726869873046287 2.714665190766085 3.25555998538846 2.8490844857272375 3.3550689632210293 2.9079942187802166 3.5984023461168655 3.07402839504519 3.1038014161269447 3.5600220543369248 2.9395713233403344 2.92036469982055 3.999999944282333 2.896542640056502 1.961605986996992
9.99647453768341 0.04074096807219697 1.6001537595241526e-08 0.08877546721391155 0.05159689968316615 2.111695190414084 3.0583802238688764 2.930632570364454 2.187386561910742 2.5743499153755836 2.3333348586992733 2.9615319686314048 2.7012735696184498 3.247050305212662 2.8367597356401513 3.3474942415168134 2.8962113770092337 3.5933795089756106 3.063701221832391 3.093810081383752 3.5546483314054127 2.928133463201545 2.9086201402495226 3.9991281390912095 2.8845874536011786 1.961608602976205
9.990436353941188 0.04075704917749078 4.690454471152723e-09 0.08885711652010811 0.051548424266801236 2.113099767607112 3.0595329723711986 2.931820651022233 2.1887774603257553 2.5756500716861956 2.3346866252567784 2.962712744233688 2.7025370405517952 3.248131621833469 2.837985958502868 3.3485415712366002 2.897416917663951 3.594331852084732 3.064853526498521 3.094948284148573 3.5556108159153874 2.9293246645576 2.9098261855295333 3.9999232522721235 2.8858017602861588 1.9615925830856438
9.997068876047353 0.04078408576824569 2.2436754869958435e-08 0.08902612700778408 0.05144540646760178 2.1164468147367415 3.0618033610732973 2.934317082004726 2.192070245407551 2.578605668297468 2.337883965017776 2.9651467837863703 2.7053416130660817 3.2500502834695366 2.8405978037589796 3.3502477189220556 2.8999452471543603 3.5955055891503993 3.0671011052357677 3.0971532925405922 3.5568817260813614 2.9318157800228484 2.9123259390784724 3.9999858595357063 2.888346068278338 1.9615806193184373
9.894536380118582 0.040198667815595626 9.625123777019241e-08 0.08612827979873902 0.05339871850998831 2.045104677694873 3.0224700352765757 2.8904083472948248 2.1228211938538735 2.521478238412108 2.273398905674217 2.922233330696409 2.6526840595791112 3.2184608916859654 2.792681908909281 3.322606105649081 2.8543588061140523 3.578444754717971 3.027843581239357 3.059279988941944 3.5383296200763237 2.887659703709022 2.866973001520972 3.9999637644719925 2.8420774490085 1.9615955967056489
9.999930888079394 0.040764989671386996 3.559230144060727e-08 0.08890789302018433 0.05151639205497907 2.1139544065281766 3.060189524409269 2.9325338971408783 2.1896247875916295 2.576450182720116 2.335531068113868 2.9634083705051353 2.703309023280422 3.248706045062547 2.838715574019814 3.34906094289091 2.8981303669458454 3.5947191482447214 3.065502459584871 3.0955898123152767 3.5560255474789275 2.930033943981416 2.910531192852084 3.999999825661976 2.886517313764324 1.9615855260829287
9.999788358954268 0.040716112791998646 2.4730436912733935e-07 0.08868442828483998 0.05166929842668171 2.109131785452164 3.0571627428147115 2.9292666423740474 2.184916545461734 2.5724287285088434 2.331105656695191 2.960189010093024 2.6995409680898974 3.2461135740458222 2.835206500389773 3.346681632620423 2.8947552641297722 3.59292633407849 3.062474703500211 3.092646301772783 3.554159368099164 2.926747296698465 2.9071611003354016 3.99910907106191 2.883096768696279 1.961598630042587
9.999999553645997 0.04094703325495203 3.344985112191664e-10 0.08967994741388247 0.05090367709425863 2.132458925884355 3.070468096744698 2.9439367622855888 2.2076329641229866 2.5913501148616276 2.352256932605824 2.974597301629503 2.7170487949530724 3.256936050867526 2.8512609362992287 3.3562713628934397 2.910049217836369 3.5990798347780446 3.0757961377250225 3.10548374715 3.5607552179770683 2.9415346211494513 2.9224302447010673 3.9999575413522894 2.898647432778431 1.9616151064405123
4.5428160369067045 0.02428112033594 0.0070336651616897256 0.0029390815576944484 0.10009871234292053 0.5008135236818195 2.8302429459652285 1.5587028334740627 0.7122065019288087 1.0137655292090209 0.6825373356829465 3.0009197677890604 1.2004618207988005 2.423076689567702 1.4019149564962534 3.35155221297337 1.4319678711994412 3.529459424601063 3.173184641780705 3.0765494117568197 3.9862295381073616 1.7485724155474183 2.2008316776925216 3.147282708741226 1.4886242206516034 2.263118450623024
9.997927188742384 0.040645602130959656 2.3535551603274343e-07 0.08837540753135398 0.051904032464551386 2.0997420199634393 3.052828789454897 2.9242916923578086 2.175873310183033 2.5653853257119548 2.322886379164801 2.95533736853251 2.693202280204717 3.2428930117628547 2.82958006353608 3.343997494688317 2.88948961926636 3.591719152393553 3.0581270344149787 3.0885235972467746 3.552765595409563 2.921718898034661 2.9019083963779173 3.999986883392648 2.877718085620874 1.9615554283984715
9.996981920357683 0.04089449977132159 1.4116448775365611e-10 0.08948569961335061 0.051081331235354244 2.127977077457011 3.067955457031647 2.9411681077176324 2.2032619753600375 2.587721008135836 2.3482068272106478 2.971869968203678 2.7137004598854606 3.2549252804308533 2.848192355053062 3.3545019832349374 2.907137048528602 3.59801491255483 3.073271509418637 3.1030651086917658 3.5596072832508754 2.938734491574564 2.919512974119221 3.9999268123966907 2.8956758951846986 1.9616072530881594
9.999175242942604 0.0407589922585636 3.4778058536350435e-10 0.08885783878001761 0.0515381081770615 2.1135206250599614 3.05947188740519 2.9318273414612137 2.1891662511045435 2.575853235602523 2.3350029848194627 2.962705456734926 2.7026735947092257 3.2479599859214843 2.838051882724034 3.348312149812584 2.897448663825094 3.5939465661780368 3.0647925664931064 3.0948672830746498 3.555248935139369 2.929335397225885 2.909854148017767 3.9992949972125627 2.885842549154691 1.961606446541278
7.984275433983773 0.01946034156991173 0.006119175113411456 0.02393741300077089 0.1564255037019339 0.6852319995751702 2.4199976374485304 1.9759989034927017 0.7725581286652067 1.26447150332694 0.9481703023964513 2.054728774597072 1.4666105249270793 2.8041676900214036 1.6887750762545515 2.829420285480807 1.8266881257110363 3.8393207504736386 2.32583730706895 2.3269052833301522 3.7667392281861143 1.935749160585241 1.8296342912437615 3.999671003392571 1.840731756094984 2.052881598577842
9.999071908939756 0.04089990352274797 2.3021128645488068e-09 0.08949400359969265 0.05106463220691168 2.128160599890368 3.068046807461699 2.941259700923864 2.2034401906188754 2.587856761334585 2.3483588367331567 2.971965400774814 2.7138223945157596 3.255000742269316 2.848306657295593 3.3545759643990882 2.9072430736657946 3.5980711847216416 3.073367582521082 3.103153393080837 3.5596604985487623 2.9388310664665243 2.9196239335036394 3.9999997021316998 2.8957877405849026 1.9616075042988208
9.999809696766484 0.04073359634488834 2.6283385729124523e-08 0.08872342597082111 0.05162951984171367 2.110247608415628 3.0576359958415704 2.9297647131563287 2.1859795896374856 2.5731884921187436 2.3320100674616815 2.960694884286307 2.7002098310039515 3.2465035681290795 2.8358107283454186 3.347059953266843 2.89531489790389 3.593235357540723 3.0629643115993317 3.0931022821209058 3.55445470845553 2.9272644201948657 2.907735272220358 3.999529890622183 2.8836789724461074 1.9616022350244966
2.501364452104993 0.02798283697189447 0.008235093028757025 0.05942101793580793 0.1435556622505175 0.8838950672013691 2.5146353997778625 2.1531015236748265 0.9746849476820685 1.4852345922204966 1.1593766258364904 2.316629999803441 1.6909248793590577 3.026759142254949 1.9741894930550752 3.1911282595630377 2.11778516858717 3.2273864388816196 2.4925564387176373 2.5902773017794756 3.889879363403036 2.3972531355257254 2.1711941742608816 3.8394927176646916 2.1150677598938277 2.0556114672199435
9.974553836324294 0.04087826963372863 2.372750045521659e-10 0.0894181339448141 0.05113565549802794 2.126757129688414 3.067205343309225 2.940338618419308 2.2020698087166397 2.5866943048080575 2.347073457733926 2.97105975554998 2.712739811279314 3.25430378666386 2.847306683926872 3.353951768437755 2.9062866052067142 3.5976510328341913 3.072524836707966 3.1023386280236753 3.5592134506470146 2.9379034554217114 2.918668542415625 3.999900754860035 2.8948154839365845 1.961610427591619
9.999839613860841 0.04074596662592801 1.0799013599880703e-07 0.08878131104059514 0.05158959938052405 2.111391380963113 3.0584447111749897 2.930617288898051 2.1871028780500095 2.5741842234132912 2.3330790953628067 2.9615393027388737 2.7011580427574544 3.247228449374235 2.8367111111867507 3.347744614114457 2.896189518422402 3.5938075668091254 3.063773893222803 3.0938950566412395 3.5550398576356153 2.9281214804206592 2.9086100448679666 3.9999304018423842 2.884563254198022 1.9615947840635843
9.996845302192657 0.04084340225690788 1.3929722899223587e-08 0.08926802711252976 0.051253204591056534 2.1227405884322215 3.065055144363256 2.9379495434516776 2.198166748593932 2.583510043455973 2.3434768072416547 2.9687117963313394 2.7098189213267125 3.2526047693666094 2.844649410546506 3.352469791892998 2.903771863661879 3.596788720584804 3.0703665549934294 3.1002735898046656 3.5582769905550986 2.9354880611162377 2.916153318085735 3.999942413219431 2.8922507895978122 1.961598202939021
9.927767334322112 0.040880078265808244 1.810766423899955e-08 0.08943412369548223 0.05115265820327509 2.126556429327905 3.0672411277345746 2.9403655161641566 2.20188468581573 2.5866156798705613 2.346947792912915 2.9710786050189095 2.71269458504775 3.2543707165486198 2.8472814690628523 3.3540223309250643 2.9062816372894615 3.597761760553287 3.0725439609424217 3.1023761281771693 3.5593306964732996 2.937918776227809 2.9186524746825224 3.9999842402558783 2.8947979754787423 1.9616090118531049
9.668829017053556 0.040709426162462405 1.1093384008065814e-08 0.08874554053468202 0.05176511559971262 2.1098923223090282 3.0583387774303037 2.930432326577136 2.185722846953562 2.573447179170746 2.332020462509471 2.961339688970893 2.700612436744475 3.247282256361043 2.8363076542536896 3.347831299560149 2.895879723166087 3.594054477360875 3.0636141177817438 3.093806214773004 3.555304691374142 2.9278955646671103 2.9082689157646633 3.9999694904466874 2.8842056803874563 1.9616056125029233
9.999741916858902 0.04079178125431804 4.3491355003411265e-07 0.08906389714090594 0.05140940761925023 2.117628450148924 3.062470210405409 2.935059137143928 2.1932196889547093 2.579562383683767 2.338957505187701 2.9658727152327544 2.706226414225657 3.250588599114947 2.84140540257597 3.3507194338389903 2.9007149102278076 3.595798341323414 3.0677660880123123 3.097795840941509 3.557199647161726 2.9325616833417545 2.913091034107083 3.999985857110559 2.889125660012091 1.9615815847667313
9.999990437244007 0.04092935392066083 2.359629260687049e-09 0.08960939500089612 0.050963723000194805 2.1308971192423094 3.069560848418458 2.9429391994272076 2.2061068917713604 2.5900656125396178 2.3508326549780767 2.9736156438387784 2.7158577022347243 3.2562018208490136 2.850165308979293 3.3556227851627636 2.909005885150839 3.5986773171409756 3.074886338310279 3.104608869977919 3.560321866308288 2.9405276174753676 2.9213866650687157 3.9999333142532336 2.8975848573184604 1.9616133790358787
9.999954684772039 0.04092993015924815 1.1211720358315219e-11 0.0896341858401415 0.05096128648572788 2.1312773772548432 3.069876997307827 2.9432867411967067 2.2064822008751834 2.590430504036751 2.3512205844962426 2.9739496299494186 2.7162149727641527 3.2564896002132855 2.8505019654755492 3.355884432366794 2.9093406399279935 3.59889281072592 3.0751930313404543 3.1049194738723545 3.5605529390232684 2.9408684025603717 2.9217110653188203 3.9999999351787823 2.897914561448984 1.9616094628842244
9.999874780501003 0.04079450261533578 2.0283436172324503e-07 0.08901517090631708 0.05142371936574539 2.1168829853917672 3.061615705040708 2.934131410284109 2.1924530258341943 2.5786742732318593 2.338093549124099 2.9649796306103897 2.7053222932759424 3.2498059402737054 2.840526442752127 3.3500135307586527 2.899830651785159 3.595243793379763 3.066939275351999 3.096954388966932 3.5565948669087386 2.9316547598895517 2.9122352308269543 3.9999813884076763 2.888257518245325 1.9615964529305852
9.998763532515731 0.04073839288027849 4.175452223788369e-07 0.08880979917476604 0.05158913035858115 2.111494050566701 3.0590032788636914 2.9312114869980843 2.1872539211359157 2.5746026961548734 2.33339114843711 2.9621059415703965 2.701640502506312 3.247778794421616 2.8372147868977677 3.3482455633947747 2.896721201799309 3.5942319367060795 3.0643052871517558 3.0944530507685215 3.5555072524425677 2.9286910898015814 2.9091157280782087 3.999883157719477 2.885074002095585 1.9615775447640285
9.547887012601862 0.04028195979331382 1.2284199646956959e-05 0.0866031765720412 0.05319659985848249 2.055530384194241 3.0290907001679637 2.8976875644319837 2.133042881540413 2.5303859766739096 2.283154828215239 2.929333818038668 2.6610549651087627 3.223909153392774 2.8004273392817036 3.3274310912680294 2.861806372503644 3.581612263159029 3.0343868455270444 3.0656494223252277 3.5417637116676373 2.8949439092331475 2.8743639981522104 3.999979195684993 2.8496068378610486 1.9616022537840585
9.38381171552255 0.04036685511397 1.8255272739565795e-08 0.08703994944172848 0.05294319946806046 2.064509149510746 3.034646257247453 2.9038593029742237 2.1418267345519166 2.537995406809667 2.2914946737761013 2.9353624117911123 2.6681920544170312 3.228489668242075 2.806992746916575 3.3314780229724423 2.868117214722311 3.584243318061229 3.039903294507853 3.0710299539400174 3.5446199811919548 2.9011235820128602 2.8806100829002528 3.9999253855540764 2.8559682979150134 1.9615903954085663
9.998243049675908 0.040647346536754024 8.318433590717205e-07 0.08837498027447477 0.051901725626946636 2.1001207207654313 3.0528824087732325 2.924364686080669 2.1762238747502747 2.565584494238241 2.323166167723616 2.9554108295522905 2.6933564885016263 3.242906718270375 2.82969730440509 3.344002439405514 2.8895869779545866 3.59168948805702 3.058190365710754 3.088568498945229 3.5527331204179817 2.921798840409566 2.902013178405289 3.9999996720367443 2.8778264078148794 1.9615612862000276
9.999999047240943 0.04093340170839885 5.889513238988432e-11 0.08962987040141007 0.050950230320509465 2.131307619786212 3.0698215972776555 2.943224523153858 2.2065088281238556 2.5904144328944323 2.3512151659037897 2.9738951593142113 2.7161854029697556 3.2564212798162586 2.8504693114715467 3.3558198027653248 2.909298490458677 3.5988149183002056 3.075146015553948 3.1048618406177653 3.5604685910702436 2.940813677503862 2.9216776219727256 3.9999660802881936 2.8978807378787876 1.9616127544140995
9.995789042321663 0.04058765669980377 4.122495129641023e-07 0.08807793392383752 0.05209340792567425 2.0933175587577435 3.049023789573751 2.9200699927644838 2.1696072273003986 2.560065876425779 2.316974377284692 2.9512127543995703 2.688249469061714 3.239786415400768 2.8250348550078224 3.3412660017744855 2.8851403428634024 3.5899773289813046 3.054342303317485 3.0848487772031974 3.550871889962832 2.9174823010905127 2.8975911880057965 3.9999998517214244 2.8733146652600303 1.9615612455872615
9.99977457971796 0.040777881887124605 4.65474739944829e-09 0.0889349122308582 0.05147703120214188 2.1154148826273045 3.0605121877977237 2.9329752979806583 2.191005597171329 2.577359568742917 2.3367007542224583 2.963834269363015 2.704059796131358 3.248801492271673 2.8393183071090666 3.349058666678875 2.8986514390857403 3.5944254062652834 3.06583593793624 3.095869956564756 3.5557594885198927 2.9304945123415433 2.911056525149231 3.9993883327668294 2.8870673222103176 1.9616084542215146
9.999993040569777 0.04088188149274669 4.763109986440312e-10 0.08943711660846179 0.051124324933847394 2.1267507280707854 3.067252016708503 2.9404008505072907 2.2020666033031984 2.5867276204316254 2.347100379948686 2.9711124183712774 2.712781436089509 3.2543487381753575 2.8473458039249415 3.353984533066387 2.9063313290287307 3.597671238279024 3.0725644335885933 3.102385757460879 3.559244703651806 2.9379585760466123 2.918704859839374 3.9998245200087066 2.8948545861497137 1.961606076531335
9.977417386866618 0.04079655447246595 5.623736158479935e-12 0.08904486765743967 0.051416648506295924 2.1176904005202495 3.0621273612075655 2.9346918144664813 2.1932436243172067 2.5793643859122763 2.338848511363014 2.965529063434384 2.7059695681305036 3.250233105982166 2.8411250395179004 3.3503909514480426 2.9004063511860556 3.595497077674288 3.0674475339137754 3.097449512741573 3.5568687434033723 2.9322158727007936 2.9128069056329124 3.999999086721943 2.8888390279950613 1.961597480767103
9.999972962853374 0.04077644564258333 1.171814937026797e-08 0.08890901667195522 0.051491157392491084 2.1144647109547954 3.060127344373411 2.9324816559723383 2.1900880057322287 2.5766327862170284 2.335839712450445 2.9633698650668627 2.7034110971441616 3.2485801596327293 2.8387661307591916 3.3489349559639785 2.8981407970910893 3.5945472650193615 3.065460186560235 3.095515300041843 3.5558356563050677 2.930002839066623 2.910558878272467 3.9999973929060273 2.8865498167402843 1.9615986399770688
9.999832084746162 0.040922134417413034 2.752674933261378e-12 0.08960830015068241 0.050987105655282236 2.1306601640917293 3.0695480376433935 2.942923887348483 2.205881396303656 2.5899410538407954 2.3506703267648756 2.9735911732951426 2.7157668345249966 3.2562311506306445 2.8500928310790514 3.35565783587657 2.9089546609570847 3.5987635282645276 3.0748608290954236 3.104603718384147 3.5604136327938054 2.940500022920176 2.9213228228265318 3.9999999978772713 2.8975189715457024 1.9616076455995495
9.996068388126455 0.04054809586529434 2.9630981211081143e-07 0.08790195937426744 0.05221304208094978 2.0877761114978024 3.0464649701835578 2.9171646586308846 2.1642836642249565 2.5559568241521036 2.312159968664833 2.9483719934650336 2.6845568177350962 3.237827827650453 2.8217494269886676 3.3395806624886837 2.882062353777808 3.5890494047734602 3.0517648710240692 3.08240577464056 3.5498586882086385 2.91454196390289 2.8945106575357733 3.9999994340445495 2.870167689239869 1.9615419252902433
9.99992801712686 0.04094771592148238 2.267722865963169e-10 0.08968289271509496 0.050900846605496895 2.1325414617241605 3.070516127180961 2.9439891264531237 2.207713752799117 2.5914180349421128 2.3523318915038507 2.974649118909626 2.717111755854395 3.2569749775525714 2.8513190748016597 3.35630601055872 2.9101044825417075 3.5991014937542314 3.075844547357302 3.1055301012669365 3.5607782728014796 2.9415876960278484 2.922485743200854 3.9999609972698735 2.8987038609174904 1.9616152114999506
9.996965675329937 0.04092238450945063 7.672200460884234e-09 0.08959060089619955 0.05098868678830871 2.1303528034764834 3.069305427545487 2.942652903419006 2.205578392996866 2.589649804976153 2.3503574010926718 2.9733316479985574 2.715483480035813 3.256015969172433 2.849828918628755 3.3554665094819165 2.9086932510956807 3.598617556625175 3.0746261137498907 3.1043661848136277 3.5602540148915747 2.9402342746785464 2.921069970485648 3.999993908846692 2.8972615072916734 1.9616103551929807
9.999779881860041 0.04084808479707102 1.3817927160375417e-08 0.08926641215452585 0.05124098496806192 2.1227882437187606 3.0649975078437453 2.937882590987843 2.1982057159737773 2.583490133368054 2.343477127879373 2.968652894307408 2.709783497505122 3.2525427147667147 2.8446098220921328 3.3524170646958487 2.9037238298754904 3.596741712139989 3.070316722861892 3.1002150570464697 3.5582201535381572 2.935428325337101 2.9161129602201323 3.9999891593583734 2.8922096993178465 1.9616008552341493
9.997225047556423 0.04053255050666027 9.518826683129037e-08 0.08776146027570389 0.05231100141156371 2.0863022371590527 3.0445018885352404 2.9150859833444134 2.1627234429543396 2.554010124366905 2.3103660962823462 2.9463456584219894 2.682545414479327 3.2360239440642746 2.819749110676839 3.3379395174789575 2.8800498387786178 3.5877794719329716 3.0498508462306004 3.080469387996573 3.548485229845334 2.912495696707948 2.892540754443016 3.9999999905235004 2.868173668528336 1.961581804384616
9.81436673124547 0.04041915937456819 2.7758950803714482e-09 0.08727333181463862 0.0526809145360944 2.071511487056144 3.037724428202904 2.907385298438421 2.1485325732690477 2.5431087850272505 2.2975607327677365 2.938810199427306 2.6727531056900897 3.230803455881611 2.8110367842466393 3.333420055045452 2.8718857676401495 3.585202947768745 3.04301356781461 3.0739805610262976 3.5456978225411464 2.904700795368478 2.8843779499810664 3.9997010938552986 2.8598301839421096 1.9615582570967212
9.587148054428898 0.04006890397075144 1.4490873379819834e-08 0.08548242604889864 0.05386388300002965 2.0269255848940944 3.0136163965933376 2.8803536224390145 2.1053218651146124 2.5076555433558982 2.257388893323829 2.912422601314814 2.6401634530026827 3.2115508764970238 2.781483621571851 3.316645149207858 2.8438079567818666 3.575012948849384 3.0189471316756924 3.0507755208104563 3.5345739613560485 2.877516604673583 2.8564631832348413 3.9999999357336753 2.831329055383502 1.9616262445771773
9.998278469861901 0.04082477430194413 1.631192757959158e-08 0.08919060385751947 0.0513139455453208 2.1208236046389057 3.064010420523988 2.9367926809406812 2.1963046022655064 2.581985293222161 2.3417568129273074 2.967575108612961 2.7084169446068898 3.2517669894162786 2.843370958541257 3.3517319737159306 2.9025588527551087 3.5963328666204415 3.0693188611478455 3.0992679692729896 3.557786841236399 2.9343198130380532 2.914940970209925 3.999898388459951 2.891015179843669 1.9615947582528375
9.999130077514266 0.04087706071656011 1.4340594451348385e-10 0.0894415817883094 0.05113711641340319 2.1265376824384816 3.067352305532632 2.940489246559638 2.2018751955579616 2.5866806118394203 2.3469881793361553 2.9711951658979854 2.7127798063415756 3.254496853192952 2.847372595116938 3.3541400864578828 2.9063835780488225 3.5978784241573454 3.072651065131078 3.102494526949363 3.5594565590570317 2.9380359909507012 2.9187454525620877 3.999999999990864 2.894891569343759 1.9615966462786587
9.999961395171617 0.04084162470736585 1.695322151081468e-10 0.08922118173180453 0.051263167260406424 2.122053734112199 3.0643738245206418 2.937226841933147 2.1974756185486033 2.582786467981288 2.3427480033417836 2.968007690485728 2.709095581812464 3.2519651614995473 2.8439460071369944 3.351869918696377 2.9030689066584388 3.5962661073763265 3.0696981999185295 3.099600172139344 3.557729711669944 2.9347752282028985 2.915463139012545 3.9996836916008633 2.891553713195439 1.9616094035327625
9.999892749200589 0.04076109040242142 1.36082402176514e-07 0.08887315977270549 0.05153313998597486 2.113350783506969 3.0597204120265262 2.9320201933868586 2.1890249865715408 2.575877279895375 2.3349276182800036 2.9629094047395927 2.7027551828892684 3.2482998063378936 2.8381931391227586 3.34869829386579 2.897619116661926 3.5944594529530023 3.0650405034699655 3.095132478717508 3.55574323540647 2.929524298517382 2.9100275510663725 3.999994170793104 2.8860055816869714 1.9615897379570322
9.998900050953925 0.040652966876167596 3.3580944102872127e-07 0.08836839054367446 0.05190085689157473 2.10067980831128 3.0527264581817843 2.9242359365563897 2.1767176272768887 2.5657302955278136 2.3234881209824976 2.955289280290765 2.6934032489974014 3.24267993994683 2.829672199578443 3.34377154872005 2.8895170082057033 3.591416951113844 3.0580512139058946 3.0883984612714093 3.5524450702458776 2.921688122673433 2.9019561460917545 3.9999241611416347 2.877774852829638 1.961578174950014
9.989970814750778 0.04075192977145599 4.1649441037944027e-07 0.08886980584349677 0.051549941321240335 2.1130696651933283 3.0598415921270607 2.9321380880214174 2.1887797189229623 2.575834548708548 2.334791825820396 2.9630167049782723 2.702768726776644 3.24845534913548 2.83824124268393 3.34884717925408 2.897694162347461 3.5946220290160267 3.065146869385817 3.0952600568678723 3.5559212523148855 2.9296273949077154 2.9100900653445527 3.999989543024731 2.8860651057975675 1.961580775557495
9.999999809375746 0.04092555880737441 6.157677747138356e-10 0.08959735867866203 0.050977042585437664 2.130579109226218 3.0693973088983326 2.9427573353310215 2.205797350744807 2.5898152103754506 2.350550058087157 2.973436013035386 2.715629427223034 3.256076959904085 2.8499581384183412 3.3555156340623404 2.9088112642157733 3.598624237112347 3.0747210874225614 3.104452543955428 3.5602631871247366 2.9403426207838503 2.921190872567164 3.9999537142609642 2.8973850951779094 1.9616120688792134
9.999713603124881 0.040788912832491565 1.0405561095359382e-08 0.08898855368202949 0.051439217088758475 2.116683437948505 3.061237338770453 2.9337811535206924 2.1922411238487345 2.5783938747853536 2.337857947822576 2.9646226506395235 2.7050178549027066 3.249387443436377 2.8401945087472718 3.349572027619788 2.8994868552191395 3.594743070001228 3.066559816830505 3.096568982541628 3.5561052201868018 2.931304757314333 2.911888090491413 3.999379594589534 2.8879150492812045 1.9616093144134428
9.999999489955377 0.04094110397976382 1.5392941338190354e-09 0.08966099178820071 0.05092383218687943 2.1320051421541883 3.0702237824972394 2.943667741350976 2.207190033468517 2.5909865219780706 2.351850756378673 2.9743309753902043 2.7167154204754245 3.2567457543304625 2.8509561224939812 3.356105604578819 2.9097618714453617 3.598990318511558 3.0755491539317044 3.1052494767841408 3.5606579638017264 2.941260953304495 2.9221407984383525 3.9999707940552223 2.89835256172304 1.961613648246251
9.999913344835427 0.040818489112202476 7.335470093108107e-08 0.08909129171962728 0.051348516992843284 2.1189252635931517 3.0625844760941496 2.9352167122184185 2.1944260357310976 2.5802147168364624 2.3398694954405213 2.9660500059539534 2.7067111684592944 3.2505389235692466 2.8417734328598088 3.35064338982175 2.9009966790265365 3.59556325199378 3.067918756535204 3.097878586506924 3.556943450092866 2.932759558730727 2.913407683803783 3.999922619006555 2.889455260075981 1.9616056273374127
9.900582435364973 0.04087467525714419 4.943849132586142e-11 0.08941319405145494 0.05118152600241478 2.125963881861496 3.0669310299638672 2.94001750517151 2.2013097314508734 2.5861482318735725 2.3464181471366743 2.9707364852711136 2.7122665772638506 3.2541258764061434 2.8468929780155423 3.3538099327897255 2.905914604652282 3.5976423008713634 3.072230206424328 3.102076496022267 3.559200171665574 2.9375665029107245 2.918285224574232 3.9999999980735663 2.894423339371656 1.9616102024748698
9.962594671652463 0.04077975010057001 4.5834452711191505e-08 0.08899511830639402 0.05147120762536845 2.1163076395168487 3.0615137511814985 2.9340044372451937 2.1919144921559806 2.5783516157327044 2.337666271822917 2.9648476193112683 2.705066278630412 3.2497719676386754 2.8403198204103965 3.349995514853203 2.899657982388194 3.595297983227213 3.0668231808439046 3.096864017195771 3.556653719126116 2.9315133039970487 2.9120521380154645 3.999999753150322 2.8880676322991765 1.9615917175379762
9.99977854091302 0.04096331615257274 1.2244866718166474e-16 0.0897384323125196 0.05084806490549066 2.133669635383964 3.0711818858986257 2.944716521899868 2.2088180279859553 2.5923525759969293 2.3533624528135864 2.9753667792731076 2.717979530562813 3.257515874323672 2.8521202658575575 3.3567867386143533 2.9108675283002423 3.5994038507571466 3.076513254491086 3.1061723174614184 3.5611019873375414 2.9423229995905387 2.923250766904209 3.9999999999998472 2.8994822307020165 1.9616162028904849
8.293747780401572 0.025033768034605067 0.034780725112482674 0.01563532745004248 0.09173908405006395 0.8192659933937997 2.5881431808129114 1.757368962192682 0.959193078198952 1.597988060971544 1.0732391654303113 2.4384396949456595 1.7416077234065488 2.8158420484045927 1.8887812104191988 3.3597032640851885 2.3097555498050752 3.489132295518682 2.044412060579229 3.0539046554663014 3.2735188810950566 2.0637919418897313 2.74708416542782 3.8519413745945412 2.594867137184945 2.1173800152812117
9.999389778471224 0.04081672291914578 8.053216475322416e-08 0.089140702276547 0.051344367253302846 2.119672617516021 3.0633229101550206 2.936023016298938 2.1951801609825217 2.5810215523912166 2.3406873109416084 2.9668262273433608 2.707517799859355 3.25121098365057 2.8425477991787553 3.351250577816371 2.9017704350538414 3.596043428077958 3.068636540478091 3.0986050228199358 3.557465218701375 2.9335496069847737 2.914160135380488 3.999973281303534 2.890218514931117 1.9615944031020387
5.264440775900301 0.029649732680445302 0.01751574196115795 0.0603141049506278 0.13677184571702877 0.7126613475665294 2.3152567568510958 2.0669734491832297 0.7975946087996596 1.268798496003379 0.9855505646095918 2.129480404322103 1.4634689849147895 2.3725857490939704 1.857096593153244 3.1772594850661733 1.77041548538687 3.4697342483320304 2.3400625669203516 2.2357065546283708 3.4086233221084146 2.061250840681054 1.887336672949679 3.942975992277757 2.1531517704677943 2.0947765448247426
9.99940682041931 0.040636727790171696 3.79120241528331e-08 0.08821778714186691 0.05196948191543409 2.0985921030912453 3.0507648861283534 2.922134249766614 2.1746092757139515 2.5635441997852433 2.321280676556627 2.953239416514014 2.691236928261967 3.2409102453934144 2.8275818865122004 3.3421538343730517 2.887446060280229 3.590151030094192 3.056120556628115 3.0864713350759208 3.5510920919943825 2.919606513625005 2.899914778002462 3.999648568822166 2.875707341337091 1.9616071872422278
9.996626154069764 0.04069017028215315 3.1552908978515777e-07 0.08857056732193952 0.05175664448928225 2.1056582815754274 3.055730269648908 2.927558534579317 2.1815786890725195 2.5698826533900188 2.3280863496633204 2.9585361496112816 2.6972784869756543 3.245150888368045 2.8332388735083507 3.3459544675597366 2.8929342456608667 3.592840582096602 3.061041247164083 3.091301270574713 3.553985323125241 2.9250196665801336 2.9053512968223605 3.9999945888260293 2.8812318464503948 1.9615729535311992
9.971592414918758 0.04081918079405246 1.9162333050301997e-07 0.08916917079421093 0.05133408196871757 2.120840663195464 3.063868861461454 2.9366576222618863 2.196309974063536 2.5819157527009526 2.3417237016698285 2.9674421039899905 2.7083253567667147 3.251602193108987 2.843262867452785 3.3515621444933226 2.902439411213685 3.596139794413625 3.0691807442541506 3.0991212591565427 3.5575921077385733 2.934189603527418 2.9148246550149928 3.9997194093575428 2.8909002470411 1.9616042761560577
9.912512175731761 0.0400704459937311 3.0043935263278437e-07 0.08545970879371026 0.05380474799058242 2.0257215713862546 3.0126435350125713 2.8793200931298446 2.104116702239849 2.5065126668400257 2.2561843795103136 2.9114167079105853 2.6390480705056736 3.2107428244203744 2.7804233988324354 3.315918056637802 2.8427728039325446 3.5745051290379477 3.0180183959638653 3.0498640384902975 3.5340269945139253 2.876497883621179 2.855448763421315 3.999992123085134 2.8303056424266626 1.9615976895712166
2.9959865273040074 0.023831809769435608 0.003819484004307973 0.0434671626797654 0.17684690358694538 0.6305157737955761 2.0050463002910135 1.8628933379921027 0.7124703989592553 1.165854035998823 0.8738005847472793 1.806441734295722 1.3490527617913364 2.6079397308243966 1.9685258871572442 2.7901632513096826 1.702419157685554 3.293326784484362 2.047336058013527 2.0329340525779416 3.6113824311186713 2.069489874708957 1.7440168450962708 3.7634418798429095 1.6605462185460977 2.109178511744722
9.999870930675277 0.040839268751301686 2.4246128381102522e-08 0.08919493607064342 0.05127840140735261 2.1212140362763936 3.0639629879470127 2.936735946930878 2.1966613820746534 2.5821196699080766 2.3419789199122363 2.9675381151637583 2.708488035875106 3.251675301888844 2.843410589745813 3.3516515471127826 2.9025646285777245 3.596226848816451 3.0692937820829256 3.0992117461662874 3.5576578092649416 2.9342855569487862 2.914968281207463 3.9999949614658146 2.8910442801952616 1.9616045193354468
4.5592874321738055 0.020909616226234187 0.006541369173935614 0.0392380930114517 0.18488196555888148 0.5809770315708925 2.098790631149511 1.73286601900621 0.6649457636571465 1.1394414666697457 0.832512599711565 1.876253720765826 1.341059374290398 3.206548847417493 1.5593279286710615 3.2681353054037876 1.9926845182056754 3.3208050873154344 2.1891871564699965 2.1475509319338593 3.6022792049238914 2.138595557731624 1.8994701325080146 3.625409046360537 1.679839122177397 2.1038127942739133
9.994981609175072 0.04076160630239708 8.279935720967747e-07 0.08892090516565498 0.05151037072382093 2.1143111814800126 3.0605975765556157 2.932974874310625 2.1899927552989635 2.5768756437996667 2.3359422637316234 2.9638343053259737 2.7037418097313703 3.249078118416709 2.8391372446779406 3.349396640084229 2.8985534568429543 3.594979657838592 3.0658987809246243 3.0959911753737153 3.5563090532174906 2.930466023176022 2.910941737399356 3.999998583472468 2.8869341639273873 1.9615793607801342
9.999077369026828 0.040921590943731934 9.24138846297088e-12 0.08960303383847387 0.05098938458366283 2.130569602858878 3.069480354487115 2.942848870273891 2.205792278672497 2.589857649300527 2.3505801743921526 2.973518731166346 2.715686316453047 3.2561720617181957 2.8500181452650475 3.3556059179663533 2.908881076660448 3.598725476215255 3.0747953084964283 3.10453768733393 3.5603718650919487 2.940425844177519 2.9212513836937446 3.999999999841242 2.8974461943123364 1.9616082553267213
9.999784607818235 0.04081572869274718 3.7404294278923995e-08 0.08912094387533014 0.051349571100435344 2.11947838762877 3.063028478741628 2.935724968697148 2.1949768220130412 2.580763873598687 2.340452106544462 2.966532968384109 2.707246235275334 3.2509125928951947 2.8422697319388575 3.35095796720582 2.9014856244136573 3.595754242224015 3.068347419733851 3.098309814327416 3.557169951864383 2.9332564511131145 2.9138797763909743 3.9997528419227577 2.8899378793397714 1.9616021443825846
9.999046272817012 0.040887985231199825 3.1130080295205792e-09 0.08946079564713019 0.0511024946213229 2.12729352183264 3.067624762398762 2.9407948876824603 2.2025996904654113 2.5871962879900896 2.3476050081907887 2.9715029962014943 2.71322561853998 3.2546781259193285 2.8477660460354226 3.354293765405978 2.906737967716078 3.597921229984172 3.0729380117756433 3.102749999044349 3.5595009001769258 2.9383552586870048 2.9191124838999762 3.9999901627994845 2.8952666155184104 1.961603610673077
3.038377476709396 0.026180889642487038 0.0055850261961112434 0.05084188415549102 0.1545523426581794 0.6327614852951693 2.4175687490558735 1.9972322393924693 0.7213478773941442 1.2173208141953804 0.8970598854403844 1.931503374261898 1.4219595146824564 3.192376648528582 1.7817550820127765 3.574518517201875 1.8748244998566925 3.9297390895233764 2.3052115211660853 2.398028839340141 2.8107178317596926 2.334630071645002 2.063288270482438 3.9890412266310693 1.8080026717933748 2.103157642252698
9.995299881692775 0.04069428441607728 2.100384547299722e-07 0.08853136881335569 0.05175903911310116 2.106175394466797 3.0550877559657845 2.9269885827274833 2.1819997866453638 2.5697692221340143 2.328248538437187 2.9579684936649144 2.6970051363992344 3.244350746642346 2.832836571440865 3.345112647973164 2.892455647921199 3.59184109614405 3.060420597453411 3.0906286207755955 3.5529818410601153 2.9244760850377 2.9048864591204255 3.999067702801332 2.880783608830776 1.9616122788198032
4.0629499967621285 0.027919442339933095 0.002237984358979968 0.04018185369165924 0.11602329248248781 1.0440276962001587 2.334762574506626 2.1373807816735746 1.1311209666634545 1.607517304181045 1.303803812783457 2.185777379447741 1.788325390105774 2.6578086042267977 1.985192344236252 2.832201242517646 2.0813787738485896 3.4257180079138343 2.3444911491095026 2.4005324700591637 3.340844729988816 2.1308511717762517 2.0924736789113925 3.9451021384587106 2.05858963037687 2.0167786660594214
9.99839500021398 0.04082284168630638 1.9087680845125054e-08 0.08916688885027226 0.05132436103382355 2.1203156918484876 3.063677610090831 2.936415624725023 2.195805161775965 2.581535527334566 2.3412659847797546 2.9672116571673337 2.707991265238243 3.251496551395171 2.8429800061471604 3.3515024076808277 2.9021810622057638 3.5962007996955783 3.0689919489127857 3.098946629177754 3.5576343681042415 2.933945686550204 2.9145703023799903 3.999989709765366 2.8906365238677325 1.9615953739719068
9.999409518382787 0.04072386155798207 2.0810499608039643e-07 0.08875607635944585 0.05162954706731715 2.1099048282131205 3.058215985913269 2.93034472172518 2.1857230246961956 2.5734079610545555 2.332008931152239 2.9612498600221016 2.7005584143681642 3.2471449022103367 2.83623401902522 3.347674745231552 2.8957992128955707 3.593849117902263 3.0635061105720554 3.093695476161211 3.5551093614892677 2.927811475574897 2.908184785522758 3.9996844756241017 2.884126247558678 1.9615736780144812
9.999932289407441 0.04087010669469304 2.865953714705386e-10 0.08934695576737943 0.0511659848895066 2.1250124576106453 3.066068386365351 2.9391005200058857 2.2003592970788266 2.5851985554465045 2.345440557213149 2.9698458745699714 2.7113293534424288 3.253337158852911 2.8459933245874938 3.3530784687755673 2.9050195534122274 3.597022192742499 3.0713933574387142 3.10123419022806 3.5585464671283837 2.93666266185176 2.9174090894989066 3.9997163008936876 2.893536235902513 1.9616120707792566
5.3022454658391505 0.04984860925293736 0.024743060086759222 0.09592765205849388 0.08618608961275291 0.6119751193912046 2.9215529123948607 1.7311731232936602 1.0277475494626254 1.4296691607553988 0.9160672123230098 1.6407726598343015 1.5208845331696386 3.1056631548363196 2.614224895205762 2.600973775227001 1.729308686048158 2.56873298670442 1.5141552121100936 2.6289202207833773 3.4719147316100174 2.1736669420245636 3.208373640518575 3.15476775280153 2.1862842541759795 2.3086333365451073
9.994514378562869 0.04093589673500972 3.977340042305181e-12 0.08964527149756514 0.05093784790064469 2.1318485239017937 3.0701221847798323 2.943554222495731 2.207037242135527 2.5908516804827415 2.351701846886112 2.974221475954548 2.7165883306218994 3.256660290577543 2.8508391541360902 3.3560302303184977 2.9096485508398087 3.5989383192218014 3.0754494411473328 3.1051511103305445 3.560600875956888 2.9411485112577016 2.9220293468323204 3.9999701157075904 2.898238630132758 1.9616145482589546
4.127283642764357 0.02073334182052535 0.02226960465408975 0.0490466805292165 0.1795036288293516 0.6155549870102558 2.6183207756103024 2.4740427384352293 0.7064165811234278 1.2830469766523624 0.8900516677445135 3.117246558721208 1.446743655395723 3.18666929359502 1.5811923344790124 2.8066335122469357 2.173180968415721 3.8596741301354496 2.476203593714121 2.506830400838858 3.557406012825681 2.52759576390699 2.018018481707767 3.655130142035331 2.1926274212133214 2.120555831592398
4.389982492810325 0.02822209634873347 0.00019564273912565957 0.04369735270188812 0.13150285193074387 0.8963702852189261 2.186087840948687 1.970765251985199 0.9800645572885519 1.4408216675786016 1.1462540584480732 2.0215487632962077 1.618314989988356 2.555941815777618 1.8173373708185334 2.757879489901222 1.9135478319007115 3.417906864860861 2.198490549035816 2.2588525109138904 3.222720270828324 1.9687045215587267 1.929009225466028 3.631894216735321 1.8863260248123688 2.039833652130861
6.897350568145907 0.02960327283230754 0.00122669191340142 0.04481112782705276 0.1055789541628535 1.1039963987212267 2.391924855437193 2.1895310316677636 1.1915580207951095 1.6712228720849354 1.3659909058425999 2.242948705813581 1.8500064950806527 2.7114733691951476 2.0472664809437733 2.9021788839909153 2.1407274411075137 3.445513282904217 2.4036889230031413 2.4584833514311133 3.3385841669915104 2.190063069942207 2.1543977792438396 3.99832758752325 2.119026553136814 1.9992218990782173
0.35312563413494963 0.11522498952785983 0.08923174080099254 0.0187973622164931 0.05471424547310671 3.1652049998273557 2.320596451987092 2.49942943163362 0.912536390753292 2.2357045540138962 3.477795014001839 1.6898800007500137 2.2016168940818135 0.7856338572507361 3.864118745943879 3.6860059847613593 3.8469091403623557 1.6803061072983363 1.9958516365026284 2.0313327919905726 2.100074439414881 1.2973746334598666 2.913400574211107 2.5235402178815285 3.3956993584609294 3.9634325012013463
9.999963645800454 0.04064183594001662 1.538831498289256e-07 0.08826426786848955 0.0519401294094768 2.0997407932930505 3.051473374979085 2.922941893512747 2.1757372843897134 2.564540083446267 2.3223785846629728 2.9540191830756473 2.692171502451542 3.2414684447117894 2.8284345854262503 3.3426164166106114 2.888264375597005 3.5903777114519646 3.0568189970587505 3.0871522325486445 3.5513643108725117 2.9204106890246257 2.9007202479811727 3.9993712875500034 2.876531190249794 1.9616069585383986
9.740495089464275 0.03260240164137277 0.010399430089214297 0.08329342187464343 0.1435150437161224 0.6021096259103199 2.037100492627256 2.145857036259858 0.6921798690689804 1.2221141239495312 0.8758550304245559 2.5022050616745246 1.466006680869548 3.3643480044478844 2.3613392102958604 2.4297152108090927 2.163624409907632 3.843252487902746 3.088263258022181 2.879944063468741 3.8770818248289793 2.3956362974920147 2.254827910463517 3.616948531649401 2.4516454890773836 2.108516522472682
3.5119529595723833 0.025228692587314958 0.009599347525363889 0.05440000351413831 0.15102065898620715 0.6251420502684762 2.5793437203210576 2.3118792416058827 0.7180568745164806 1.2387992310892 0.902398397425659 2.314327873192474 1.4706699917552284 3.535248177102333 1.888394857458177 3.813569778823008 2.319656844139545 3.9007633731167224 2.9334095795039663 2.791768732525203 2.6892696797847604 2.333623841281756 2.365893237227672 3.9962489783331296 1.9950350905208143 2.10565232155067
9.999980009121959 0.040872198622112776 6.843527178068193e-10 0.08939577961235472 0.05115651670196213 2.1257425193461867 3.0667159243853415 2.9398008380939036 2.2010870568166947 2.585927362046014 2.3461949834186275 2.9705244059810565 2.7120476524606794 3.253928949018969 2.8466802503140243 3.3536225547384984 2.905701587737235 3.597470967707187 3.072027227312202 3.101871408692221 3.559023518025353 2.9373528102828272 2.9180763176004128 3.9998719118254655 2.8942128664410744 1.9616032294360772
5.472695354596625 0.029776030648611014 0.0006042525096772674 0.048074316023424706 0.11233899137913328 0.9954479748203252 2.3851733581374392 2.1535167637688444 1.0850686030847383 1.582235072816486 1.2634298137894906 2.208416919740741 1.7726068741293983 2.7758889539483493 1.9851106302319992 2.9924543162242063 2.089082530186988 3.593932599916102 2.393112766785291 2.452878556298808 3.5259202973339536 2.151530928840876 2.1068009470240727 3.935071210967235 2.060425273041905 2.0078633143555207
9.993500716607961 0.04093973147286753 6.899743518616663e-13 0.08966171842710512 0.05092473727098653 2.1321936003519144 3.070337199072672 2.9437884479720373 2.2073752031438687 2.5911425099460508 2.3520208686087525 2.9744518274624183 2.716860604935047 3.2568399774482177 2.85109180799841 3.3561918386433294 2.9098909247557 3.5990494427156436 3.0756643607322687 3.10535942231753 3.5607188312562066 2.9413841517206705 2.922271225804846 3.9999999626422684 2.898484480610963 1.9616143360851106
3.0328486383212665 0.026429139053472325 0.0020696512379722275 0.04034668719823833 0.1363066925881618 0.8531381633774601 2.253903084556699 2.010679653799017 0.9408583738066499 1.4249399389254114 1.1125822199060256 2.0603587784692934 1.6163292741293476 2.659493886090899 1.837071169307053 2.916476060981615 1.9427632444924288 3.5139432604809397 2.26530291336392 2.332066484650639 3.58660135462507 2.0053822006727655 1.9576713619531838 3.7190514865896294 1.911218690228137 2.052667197121396
9.996108172131391 0.04084937302514767 2.8853233264361046e-09 0.08927386505350543 0.05123833108009644 2.1229748351468998 3.0650999595207438 2.93799493006915 2.1983872171186634 2.583638563247496 2.343643943058206 2.9687637180601816 2.709920002342484 3.252625290847399 2.844734772743054 3.352490504970106 2.9038423474203543 3.5967884370219836 3.070419739959223 3.100313696056527 3.5582697352884125 2.935542135284019 2.9162318018376165 3.9999991055703883 2.8923308330168167 1.9616015349328906
9.998256519753062 0.04094564390190226 2.147126423819605e-13 0.0896786232262361 0.05090615380507583 2.1325008813966666 3.070504858924665 2.9439736176095757 2.207675026975283 2.591390160541385 2.3522973470176245 2.974634572284429 2.717088084753369 3.2569712213112534 2.8512997906871496 3.3563060656402506 2.9100874053693664 3.5991120623677846 3.0758333985014636 3.105520306319051 3.5607872482705543 2.9415719906355395 2.922468769216004 3.9999892429114725 2.8986859444888173 1.9616147346360375
4.5580485908617705 0.02828465156926257 0.008107737747464145 0.061402810519857826 0.14758546519205426 0.6277594750838478 2.026945314475988 2.0154386666357276 0.7150627559155021 1.2028628921213855 0.88893473736585 2.126219529539552 1.4386542932700785 3.0432657082100425 2.4562446785938055 2.8113647177973453 2.6524343550789578 3.726020292344632 2.276314840501029 2.1314630927759053 3.65213608643711 2.177597109549376 2.0339965353546865 3.6844129329785726 2.0047543350990735 2.1007939703075507
6.741978995138245 0.019078155156143427 0.001616221871826818 0.019863324852945827 0.15719846153966122 0.7508290880156525 2.1486863936200047 1.9081385108359075 0.8365711061213806 1.3188078417712403 1.0086601498370724 1.9678987932426704 1.5135865459134419 2.628070375873917 1.7342624298138791 2.927709791302822 1.8433574144286289 3.561656151964978 2.167171578647668 2.2416280594651297 3.467737667228648 1.9049964700630817 1.858167219188455 3.9995313795498086 1.8055850378363363 2.04250473876568
9.999081892450977 0.04084311291189015 8.50184946492681e-10 0.08926776189983109 0.051254068594114355 2.12262853949232 3.065037440749409 2.937922709253216 2.198061038485926 2.583443801436485 2.3433892655302366 2.968685710451826 2.709765795209276 3.2526059085672854 2.8446082405080038 3.352478737178304 2.903737580833982 3.596821916915578 3.070347611371378 3.100259418157483 3.5583081979358657 2.93545920714038 2.91611835714239 3.999999986771863 2.8922139863802534 1.9615958302455947
7.808283569304193 0.03197490808146585 0.0016369687861147605 0.057341887010026 0.10311840052390114 1.071658782601946 2.472683122859997 2.2441678747647624 1.1625347377638764 1.66560574796062 1.345476460652388 2.2935972515569314 1.8575526826649607 2.8723726108305327 2.0740954500895623 2.991840488953035 2.1800895366024795 3.6616971159971707 2.494462499284746 2.5583985538736225 3.5885874288544843 2.242596137339037 2.197160662028896 3.9838840330328282 2.1531825876748787 1.9953480947738724
9.871686423384705 0.040338331102305884 6.623529798694139e-09 0.08683880529196386 0.052959759875510395 2.0629521998360736 3.032044715187097 2.901152834005195 2.140115523315816 2.5356220340532114 2.289456725254975 2.932719950659024 2.6656727420756527 3.2260639683632144 2.8044484209997282 3.329215011677334 2.8655288333276983 3.5823933275622393 3.037394618106697 3.0684794286935144 3.5426529473897714 2.898465636321701 2.8780821298640498 3.999688048091099 2.853421084868211 1.9615902437181514
5.297618803281593 0.025319775479576388 0.0025916109898342764 0.03445418300977875 0.12861120269427664 0.9288233228300228 2.2715484875185035 2.047563947412937 1.015442153578575 1.494428242438764 1.1871353453971434 2.102484593510402 1.6785804259798542 2.6538859496994585 1.8915883904148056 2.904689867009837 1.9871779172089115 3.4744268126950346 2.2827805219616826 2.3448998853116674 3.363559724200162 2.04454480399448 2.004781631740775 3.813353553983542 1.952849232979535 2.0234818245990676
9.9995362738841 0.040772095291838825 1.8467003260904724e-12 0.08899079148209343 0.05148335520399091 2.115088811857912 3.0612487436850584 2.9336836975696636 2.1907693726435675 2.577647631166512 2.3367390657404545 2.9645228657507783 2.704495811611938 3.2496483973160335 2.8398498922612823 3.3499036509974296 2.899255840135746 3.5953447069184823 3.0665346098626483 3.0966279745603384 3.5567074116916784 2.9311688334330177 2.911629211506815 3.9999943513969853 2.887633204448665 1.9615716550732178
9.337438938848019 0.040380748999599037 2.3081182641875342e-10 0.08712545844565567 0.052936609427136926 2.068696622863745 3.0361144469707937 2.905564713806276 2.145794923163595 2.5407868522948194 2.294981573467818 2.9370255839038215 2.6705940072436403 3.229481202412088 2.8090614152586175 3.332277426699774 2.8699982628237493 3.5845193219775626 3.0413894425258454 3.0723958263388353 3.5449414859838475 2.90286278204517 2.8825110206217555 3.9998450574259405 2.8579243912231913 1.9616261286538481
9.99403329713119 0.04093881371752341 6.858343934486446e-14 0.08965755637623707 0.05092790152950347 2.1320989690804404 3.0702823884109427 2.943727979294871 2.2072827481258543 2.5910646746494126 2.3519344318850357 2.9743924161837447 2.716788438328073 3.256795764111488 2.851025540771911 3.3561529630496447 2.909827806916465 3.5990256828580236 3.0756094791542856 3.1053066009572685 3.560693095061644 2.941323166880498 2.9222081866393674 3.9999998412305846 2.89842028289975 1.961614164864333
